1 75 106 81 25 48 155 1721 64 5 79 0 24 21.5 NA 21.5 NA 6 64 3 2 8 35 0 0 0 0 3 2 8 35 0 0 0 0 0 109
2 72 106 83 23 46 154 1721 82 7 78 0 22.5 21 NA 21 NA 6 82 3 3 8 32 0 0 0 0 3 3 8 32 0 0 0 0 3 110
3 75 102 80 22 43 153 1757 85 9 75 0 22 21 NA 21 NA 12 85 2 4 7 30 0 0 0 0 2 4 7 30 0 0 0 0 1 144
4 100 101 78 23 41 168 1730 91 5 74 0 21 21 NA 21 NA 21 91 1 5 7 28 0 0 0 0 1 5 7 28 0 0 0 0 2 105
5 73 102 81 21 40 159 1748 73 12 72 0 20.5 19 NA 19 NA 5 73 1 7 6 26 0 0 0 0 1 7 6 26 0 0 0 0 1 106
6 71 102 80 22 40 156 1773 67 6 73 0 21 19 NA 19 NA 5 67 1 7 7 25 0 0 0 0 1 7 7 25 0 0 0 0 0 113
7 78 98 77 21 40 157 1765 80 7 70 0 22 19 NA 19 NA 9 80 1 7 7 25 0 0 0 0 1 7 7 25 0 0 0 0 1 101
8 77 95 74 21 41 150 1760 82 11 69 0 22 21 NA 21 NA 7 82 1 8 8 24 0 0 0 0 1 8 8 24 0 0 0 0 0 110
9 74 94 73 21 43 153 1765 79 5 72 0 23.5 21 NA 21 NA 9 79 0 9 7 27 0 0 0 0 0 9 7 27 0 0 0 0 0 113
10 72 94 73 21 44 153 1750 97 9 73 0 23.5 22 NA 22 NA 10 97 0 9 8 27 0 0 0 0 0 9 8 27 0 0 0 0 1 114
11 68 92 72 20 43 149 1776 79 9 72 0 24 22 NA 22 NA 5 79 0 8 9 26 0 0 0 0 0 8 9 26 0 0 0 0 0 125
12 70 92 71 21 42 149 1793 68 8 73 0 25 22 NA 22 NA 9 68 0 6 9 27 0 0 0 0 0 6 9 27 0 0 0 0 1 111
13 77 94 73 21 42 147 1791 86 7 71 0 25 22 NA 22 NA 6 86 0 6 8 28 0 0 0 0 0 6 8 28 0 0 0 0 3 113
14 68 90 71 19 39 142 1797 68 9 71 0 25.5 22 NA 22 NA 7 68 0 4 10 25 0 0 0 0 0 4 10 25 0 0 0 0 0 103
15 73 89 70 19 38 150 1806 86 3 71 0 25 22.5 NA 22.5 NA 12 86 0 3 10 25 0 0 0 0 0 3 10 25 0 0 0 0 0 120
16 65 88 69 19 39 156 1811 78 8 72 0 26 22 NA 22 NA 14 78 0 3 11 25 0 0 0 0 0 3 11 25 0 0 0 0 1 109
17 61 86 67 19 37 156 1816 86 6 74 0 26.5 23 NA 23 NA 8 86 0 3 10 24 0 0 0 0 0 3 10 24 0 0 0 0 2 116
18 88 85 66 19 37 160 1808 94 7 73 0 26 25 NA 25 NA 11 94 0 3 10 24 0 0 0 0 0 3 10 24 0 0 0 0 1 120
19 71 85 67 18 35 163 1818 80 5 71 0 26 25 NA 25 NA 12 80 0 3 10 22 0 0 0 0 0 3 10 22 0 0 0 0 3 113
20 76 88 71 17 36 164 1815 92 6 69 0 24 25 NA 25 NA 7 92 0 4 11 21 0 0 0 0 0 4 11 21 0 0 0 0 4 122
21 72 88 71 17 36 162 1793 87 6 67 0 24.5 25 NA 25 NA 6 87 0 2 12 22 0 0 0 0 0 2 12 22 0 0 0 0 2 95
22 73 91 71 20 35 158 1794 83 7 66 0 24 25 NA 25 NA 6 83 0 3 12 20 0 0 0 0 0 3 12 20 0 0 0 0 3 106
23 77 92 69 23 36 158 1772 89 7 65 0 24.5 25 NA 25 NA 8 89 0 3 10 23 0 0 0 0 0 3 10 23 0 0 0 0 0 100
24 71 93 69 24 37 157 1774 85 9 66 0 24 25 NA 25 NA 9 85 0 3 10 24 0 0 0 0 0 3 10 24 0 0 0 0 1 116
25 69 95 71 24 36 157 1767 74 8 67 0 23 25 NA 25 NA 8 74 0 3 10 23 0 0 0 0 0 3 10 23 0 0 0 0 3 98
26 66 97 72 25 36 160 1741 110 9 66 0 24 25 NA 25 NA 12 110 0 3 7 26 0 0 0 0 0 3 7 26 0 0 0 0 2 104
27 70 96 72 24 37 157 1747 75 9 65 0 24.5 25 NA 25 NA 8 75 0 2 9 26 0 0 0 0 0 2 9 26 0 0 0 0 1 111
28 80 91 66 25 33 164 1762 76 3 59 0 24 25 NA 25 NA 13 76 0 2 9 22 0 0 0 0 0 2 9 22 0 0 0 0 0 123
29 78 88 65 23 30 158 1783 72 7 57 0 24 25 NA 25 NA 6 72 0 0 11 19 0 0 0 0 0 0 11 19 0 0 0 0 1 114
30 92 88 67 21 28 167 1798 73 6 56 0 25 25 NA 25 NA 15 73 0 0 10 18 0 0 0 0 0 0 10 18 0 0 0 0 2 118
31 73 88 66 22 30 161 1797 101 12 58 0 25.5 24.5 NA 24.5 NA 11 101 0 2 9 19 0 0 0 0 0 2 9 19 0 0 0 0 2 131
32 88 91 67 24 31 163 1795 83 10 62 0 25 24 NA 24 NA 13 83 1 2 8 20 0 0 0 0 1 2 8 20 0 0 0 0 1 115
33 80 94 71 23 31 160 1793 80 10 63 0 20.5 25 NA 25 NA 10 80 1 2 6 22 0 0 0 0 1 2 6 22 0 0 0 0 5 108
34 70 95 72 23 33 157 1780 87 10 66 0 21 25 NA 25 NA 9 87 1 3 6 23 0 0 0 0 1 3 6 23 0 0 0 0 2 106
35 82 94 71 23 33 158 1757 98 8 66 0 21 25 NA 25 NA 11 98 1 4 5 23 0 0 0 0 1 4 5 23 0 0 0 0 0 114
36 78 93 69 24 33 161 1755 85 8 64 0 19 25 NA 25 NA 13 85 1 4 5 23 0 0 0 0 1 4 5 23 0 0 0 0 1 111
37 64 89 66 23 32 162 1767 65 7 62 0 19 25 NA 25 NA 10 65 1 5 6 20 0 0 0 0 1 5 6 20 0 0 0 0 0 104
38 80 89 65 24 31 163 1765 74 9 63 0 19 25 NA 25 NA 12 74 1 4 6 20 0 0 0 0 1 4 6 20 0 0 0 0 0 105
39 72 89 65 24 31 165 1768 76 6 64 0 20 25 NA 25 NA 10 76 1 4 5 21 0 0 0 0 1 4 5 21 0 0 0 0 1 106
40 78 89 65 24 29 170 1788 75 4 62 0 20 25 NA 25 NA 11 75 1 5 4 19 0 0 0 0 1 5 4 19 0 0 0 0 2 117
41 79 90 66 24 28 179 1761 86 3 63 0 20.5 25 NA 25 NA 13 86 0 4 3 21 0 0 0 0 0 4 3 21 0 0 0 0 2 94
42 76 93 66 27 28 170 1755 85 12 65 0 21 25 NA 25 NA 6 85 0 3 4 21 0 0 0 0 0 3 4 21 0 0 0 0 0 102
43 72 93 65 28 27 169 1755 88 11 65 0 21 25 NA 25 NA 11 88 0 3 3 21 0 0 0 0 0 3 3 21 0 0 0 0 3 110
44 74 93 65 28 28 169 1744 89 9 67 0 22 25.5 NA 25.5 NA 10 89 0 3 3 22 0 0 0 0 0 3 3 22 0 0 0 0 0 102
45 82 92 65 27 29 165 1738 78 12 66 0 21.5 26 NA 26 NA 9 78 0 4 3 22 0 0 0 0 0 4 3 22 0 0 0 0 1 108
46 85 92 65 27 31 165 1738 82 14 68 0 22 25 NA 25 NA 14 82 0 3 6 22 0 0 0 0 0 3 6 22 0 0 0 0 1 116
47 66 95 67 28 30 160 1777 69 7 66 0 21 25.5 NA 25.5 NA 3 69 0 3 6 21 0 0 0 0 0 3 6 21 0 0 0 0 3 128
48 66 92 64 28 30 165 1797 93 4 65 0 21.5 25.5 NA 25.5 NA 13 93 1 3 5 21 0 0 0 0 1 3 5 21 0 0 0 0 1 137
49 100 92 64 28 30 153 1788 72 10 63 0 21.5 25.5 NA 25.5 NA 5 72 1 3 5 21 0 0 0 0 1 3 5 21 0 0 0 0 1 102
50 82 96 68 28 32 152 1768 89 10 65 0 21.5 25 NA 25 NA 13 89 1 4 6 21 0 0 0 0 1 4 6 21 0 0 0 0 3 101
51 68 97 69 28 33 153 1771 90 10 66 0 22 25 NA 25 NA 13 90 1 4 7 21 0 0 0 0 1 4 7 21 0 0 0 0 0 115
52 93 97 68 29 31 156 1757 84 7 67 0 21 25 NA 25 NA 12 84 0 3 9 19 0 0 0 0 0 3 9 19 0 0 0 0 2 108
53 68 97 68 29 33 151 1784 74 10 69 0 22 25 NA 25 NA 7 74 1 3 8 21 0 0 0 0 1 3 8 21 0 0 0 0 1 134
54 86 96 68 28 35 147 1783 77 11 72 0 23 25 NA 25 NA 8 77 1 4 8 22 0 0 0 0 1 4 8 22 0 0 0 0 1 105
55 86 95 68 27 34 147 1784 92 12 71 0 22 25 NA 25 NA 16 92 1 3 10 20 0 0 0 0 1 3 10 20 0 0 0 0 0 118
56 93 93 68 25 31 152 1754 88 6 68 0 23 24 NA 24 NA 12 88 1 3 10 17 0 0 0 0 1 3 10 17 0 0 0 0 2 95
57 62 93 69 24 33 144 1776 73 9 70 0 23 24 NA 24 NA 2 73 1 5 10 17 0 0 0 0 1 5 10 17 0 0 0 0 0 120
58 73 94 69 25 32 142 1765 94 11 71 0 24 24 NA 24 NA 8 94 1 4 9 18 0 0 0 0 1 4 9 18 0 0 0 0 1 108
59 71 93 68 25 34 142 1762 91 9 74 0 25 24 NA 24 NA 9 91 0 7 9 18 0 0 0 0 0 7 9 18 0 0 0 0 1 114
60 79 94 66 28 32 147 1765 78 4 72 0 23 24.5 NA 24.5 NA 12 78 0 7 8 17 0 0 0 0 0 7 8 17 0 0 0 0 4 108
61 77 91 62 29 32 141 1766 74 5 70 0 23 24.5 NA 24.5 NA 4 74 0 7 8 17 0 0 0 0 0 7 8 17 0 0 0 0 0 105
62 87 86 59 27 30 147 1771 92 6 66 0 23.5 25 NA 25 NA 12 92 0 7 6 17 0 0 0 0 0 7 6 17 0 0 0 0 1 125
63 71 88 61 27 32 146 1781 87 7 68 0 23.5 25 NA 25 NA 7 87 0 8 6 18 0 0 0 0 0 8 6 18 0 0 0 0 2 125
64 70 86 60 26 31 150 1792 73 3 68 0 24 25 NA 25 NA 7 73 0 6 6 19 0 0 0 0 0 6 6 19 0 0 0 0 1 107
65 66 86 61 25 33 148 1802 73 9 68 0 25 25 NA 25 NA 6 73 0 6 7 20 0 0 0 0 0 6 7 20 0 0 0 0 1 103
66 71 86 61 25 33 152 1788 102 8 67 0 26 25 NA 25 NA 13 102 0 6 6 21 0 0 0 0 0 6 6 21 0 0 0 0 1 117
67 74 87 61 26 32 155 1781 89 6 67 0 27 25 NA 25 NA 13 89 0 4 7 21 0 0 0 0 0 4 7 21 0 0 0 0 1 116
68 91 87 62 25 33 152 1785 80 7 66 0 26 25 NA 25 NA 7 80 0 4 8 21 0 0 0 0 0 4 8 21 0 0 0 0 0 121
69 77 89 65 24 32 152 1798 72 7 64 0 26 25 NA 25 NA 12 72 0 4 8 20 0 0 0 0 0 4 8 20 0 0 0 0 3 116
70 83 88 65 23 32 150 1798 82 6 64 0 26 25 NA 25 NA 8 82 0 3 7 22 0 0 0 0 0 3 7 22 0 0 0 0 1 112
71 69 88 65 23 33 148 1820 74 10 65 0 27 25 NA 25 NA 9 74 0 2 9 22 0 0 0 0 0 2 9 22 0 0 0 0 0 123
72 77 90 65 25 34 155 1813 86 6 67 0 26.5 25.5 NA 25.5 NA 14 86 0 2 8 24 0 0 0 0 0 2 8 24 0 0 0 0 1 113
73 66 96 70 26 34 155 1822 77 5 68 0 26 25.5 NA 25.5 NA 8 77 0 1 9 24 0 0 0 0 0 1 9 24 0 0 0 0 4 115
74 66 95 69 26 38 152 1820 102 11 68 0 27 25.5 NA 25.5 NA 9 102 0 3 9 26 0 0 0 0 0 3 9 26 0 0 0 0 0 121
75 66 97 70 27 39 155 1827 85 7 70 0 27 25 NA 25 NA 12 85 0 2 11 26 0 0 0 0 0 2 11 26 0 0 0 0 1 117
76 80 95 69 26 37 149 1823 85 10 66 0 25 25 NA 25 NA 6 85 0 1 10 26 0 0 0 0 0 1 10 26 0 0 0 0 2 105
77 61 96 70 26 37 154 1850 82 7 66 0 25 25 NA 25 NA 12 82 0 1 9 27 0 0 0 0 0 1 9 27 0 0 0 0 1 129
78 75 95 70 25 37 158 1841 108 7 66 0 25 26 NA 26 NA 13 108 0 1 9 27 0 0 0 0 0 1 9 27 0 0 0 0 1 122
79 62 96 72 24 36 152 1837 91 8 67 0 24 25.5 NA 25.5 NA 6 91 0 2 8 26 0 0 0 0 0 2 8 26 0 0 0 0 0 107
80 69 95 72 23 37 147 1876 75 15 67 0 24 25 NA 25 NA 10 75 0 3 8 26 0 0 0 0 0 3 8 26 0 0 0 0 1 141
81 74 95 74 21 37 149 1862 87 5 70 0 23 25 NA 25 NA 11 87 0 4 8 25 0 0 0 0 0 4 8 25 0 0 0 0 2 105
82 80 100 79 21 39 151 1900 70 7 71 0 22 24 NA 24 NA 11 70 0 6 7 26 0 0 0 0 0 6 7 26 0 0 0 0 3 137
83 67 101 77 24 39 157 1887 91 10 69 0 23 24 NA 24 NA 15 91 0 5 7 27 0 0 0 0 0 5 7 27 0 0 0 0 2 112
84 66 101 77 24 41 156 1891 71 8 70 0 22 23 NA 23 NA 9 71 1 4 9 27 0 0 0 0 1 4 9 27 0 0 0 0 1 100
85 82 101 78 23 39 155 1887 76 8 73 0 20 23 NA 23 NA 9 76 1 4 8 26 0 0 0 0 1 4 8 26 0 0 0 0 3 114
86 72 100 77 23 41 153 1891 89 13 71 0 20.5 22 NA 22 NA 13 89 1 6 7 27 0 0 0 0 1 6 7 27 0 0 0 0 1 125
87 84 99 76 23 39 151 1859 92 8 70 0 20 22 NA 22 NA 9 92 1 5 7 26 0 0 0 0 1 5 7 26 0 0 0 0 0 102
88 80 96 73 23 39 153 1852 83 5 70 0 21 22 NA 22 NA 13 83 1 4 6 28 0 0 0 0 1 4 6 28 0 0 0 0 1 110
89 71 94 71 23 38 153 1860 76 10 69 0 22 21.5 NA 21.5 NA 11 76 1 5 6 26 0 0 0 0 1 5 6 26 0 0 0 0 0 111
90 75 94 72 22 42 147 1860 82 15 69 0 22.5 21.5 NA 21.5 NA 10 82 2 6 8 26 0 0 0 0 2 6 8 26 0 0 0 0 1 116
91 99 97 74 23 44 148 1834 103 8 71 0 22 21.5 NA 21.5 NA 11 103 2 7 9 26 0 0 0 0 2 7 9 26 0 0 0 0 2 110
92 64 94 71 23 42 141 1840 91 10 67 0 23 21.5 NA 21.5 NA 6 91 1 7 9 25 0 0 0 0 1 7 9 25 0 0 0 0 1 120
93 79 96 73 23 43 144 1841 85 7 66 0 23.5 23 NA 23 NA 12 85 1 5 12 25 0 0 0 0 1 5 12 25 0 0 0 0 2 120
94 91 94 74 20 43 140 1846 84 13 68 0 21.5 21 NA 21 NA 11 84 2 6 12 23 0 0 0 0 2 6 12 23 0 0 0 0 0 127
95 75 96 76 20 43 145 1836 86 8 72 0 22 21 NA 21 NA 13 86 2 6 11 24 0 0 0 0 2 6 11 24 0 0 0 0 0 112
96 80 96 76 20 43 154 1824 103 8 73 0 23 22 NA 22 NA 20 103 1 6 9 27 0 0 0 0 1 6 9 27 0 0 0 0 0 122
97 65 101 81 20 43 160 1845 86 9 74 0 22 22 NA 22 NA 15 86 1 5 10 27 0 0 0 0 1 5 10 27 0 0 0 0 3 137
98 81 100 80 20 43 162 1844 63 2 73 0 22.5 22 NA 22 NA 6 63 0 6 9 28 0 0 0 0 0 6 9 28 0 0 0 0 1 95
99 69 100 80 20 44 156 1858 74 13 74 0 23 23.5 NA 23.5 NA 8 74 0 5 10 29 0 0 0 0 0 5 10 29 0 0 0 0 0 115
100 91 98 78 20 43 153 1850 84 11 73 0 24 23 NA 23 NA 13 84 0 5 10 28 0 0 0 0 0 5 10 28 0 0 0 0 1 114
101 74 99 79 20 42 154 1842 85 6 73 0 25 23.5 NA 23.5 NA 8 85 0 4 10 28 0 0 0 0 0 4 10 28 0 0 0 0 2 106
102 85 101 81 20 44 150 1833 69 8 74 0 26 23.5 NA 23.5 NA 8 69 1 4 9 30 0 0 0 0 1 4 9 30 0 0 0 0 1 98
103 64 104 82 22 44 152 1813 103 8 76 0 24.5 22.5 NA 22.5 NA 15 103 1 4 10 29 0 0 0 0 1 4 10 29 0 0 0 0 3 105
104 83 104 81 23 44 152 1821 90 15 77 0 24 23.5 NA 23.5 NA 15 90 1 4 10 29 0 0 0 0 1 4 10 29 0 0 0 0 1 118
105 74 103 80 23 46 152 1801 85 5 80 0 24 22 NA 22 NA 9 85 2 6 6 32 0 0 0 0 2 6 6 32 0 0 0 0 0 96
106 72 108 85 23 46 146 1824 73 11 79 0 24 22 NA 22 NA 7 73 1 6 7 32 0 0 0 0 1 6 7 32 0 0 0 0 5 126
107 88 108 85 23 45 152 1805 95 7 79 0 24 21 NA 21 NA 14 95 1 6 7 31 0 0 0 0 1 6 7 31 0 0 0 0 0 115
108 63 108 86 22 44 155 1807 87 2 79 0 25 22 NA 22 NA 7 87 1 4 7 32 0 0 0 0 1 4 7 32 0 0 0 0 1 113
109 74 105 83 22 42 156 1805 93 9 80 0 25 23.5 NA 23.5 NA 14 93 1 3 7 31 0 0 0 0 1 3 7 31 0 0 0 0 1 122
110 81 105 82 23 42 159 1802 99 12 80 0 25 23.5 NA 23.5 NA 13 99 1 3 8 30 0 0 0 0 1 3 8 30 0 0 0 0 1 119
111 72 106 82 24 45 164 1807 88 6 79 0 24.5 24 NA 24 NA 12 88 1 4 10 30 0 0 0 0 1 4 10 30 0 0 0 0 2 124
112 68 108 84 24 45 161 1822 77 9 77 0 23.5 24 NA 24 NA 8 77 1 5 9 30 0 0 0 0 1 5 9 30 0 0 0 0 2 120
113 79 109 85 24 45 163 1811 82 5 77 0 23 25 NA 25 NA 9 82 0 6 9 30 0 0 0 0 0 6 9 30 0 0 0 0 2 103
114 74 111 87 24 46 164 1804 86 11 78 0 23 25.5 NA 25.5 NA 13 86 0 5 10 31 0 0 0 0 0 5 10 31 0 0 0 0 1 104
115 88 111 87 24 47 160 1786 83 9 81 0 24 25 NA 25 NA 9 83 1 4 10 32 0 0 0 0 1 4 10 32 0 0 0 0 0 95
116 84 109 84 25 45 156 1776 81 8 77 0 24 24 NA 24 NA 4 81 1 4 9 31 0 0 0 0 1 4 9 31 0 0 0 0 2 105
117 74 108 83 25 47 166 1771 85 5 77 0 25.5 25 NA 25 NA 15 85 1 3 12 31 0 0 0 0 1 3 12 31 0 0 0 0 1 109
118 80 108 83 25 44 166 1772 84 8 81 0 25.5 25 NA 25 NA 11 84 1 2 7 34 0 0 0 0 1 2 7 34 0 0 0 0 3 110
119 81 104 82 22 43 167 1752 88 9 80 0 26.5 25 NA 25 NA 10 88 1 2 7 33 0 0 0 0 1 2 7 33 0 0 0 0 0 103
120 63 105 82 23 43 170 1752 85 5 79 0 27 25 NA 25 NA 11 85 1 2 6 34 0 0 0 0 1 2 6 34 0 0 0 0 3 106
121 77 100 77 23 39 179 1750 88 7 74 0 26.5 26 NA 26 NA 19 88 1 0 8 30 0 0 0 0 1 0 8 30 0 0 0 0 1 111
122 67 98 75 23 40 181 1751 72 9 73 0 27 25.5 NA 25.5 NA 10 72 1 2 8 29 0 0 0 0 1 2 8 29 0 0 0 0 0 91
123 76 96 71 25 41 171 1779 84 12 71 0 26.5 25 NA 25 NA 9 84 0 4 7 30 0 0 0 0 0 4 7 30 0 0 0 0 1 135
124 64 94 68 26 38 166 1795 77 7 72 0 27 25 NA 25 NA 4 77 0 4 6 28 0 0 0 0 0 4 6 28 0 0 0 0 1 123
125 78 96 68 28 38 171 1792 92 7 71 0 22.5 24.5 NA 24.5 NA 13 92 0 6 6 26 0 0 0 0 0 6 6 26 0 0 0 0 4 117
126 68 97 69 28 39 172 1779 93 9 74 0 23 25 NA 25 NA 14 93 0 6 7 26 0 0 0 0 0 6 7 26 0 0 0 0 1 105
127 81 96 68 28 38 172 1798 76 5 74 0 24 25 NA 25 NA 6 76 0 5 7 26 0 0 0 0 0 5 7 26 0 0 0 0 0 136
128 76 97 68 29 37 172 1811 75 10 76 0 24 25 NA 25 NA 8 75 0 5 5 27 0 0 0 0 0 5 5 27 0 0 0 0 1 114
129 79 98 69 29 38 167 1798 90 10 75 0 23.5 25 NA 25 NA 9 90 0 6 5 27 0 0 0 0 0 6 5 27 0 0 0 0 1 111
130 69 103 74 29 38 165 1776 90 7 77 0 24 25 NA 25 NA 8 90 0 3 8 27 0 0 0 0 0 3 8 27 0 0 0 0 3 98
131 75 102 74 28 38 158 1757 89 13 73 0 24.5 24.5 NA 24.5 NA 10 89 0 4 8 26 0 0 0 0 0 4 8 26 0 0 0 0 1 97
132 72 104 77 27 38 159 1783 78 14 73 0 24.5 23.5 NA 23.5 NA 15 78 0 5 8 25 0 0 0 0 0 5 8 25 0 0 0 0 2 134
133 74 101 74 27 37 159 1788 95 5 72 0 25 23 NA 23 NA 8 95 0 5 5 27 0 0 0 0 0 5 5 27 0 0 0 0 0 122
134 89 102 76 26 37 156 1801 76 7 71 0 23.5 23 NA 23 NA 7 76 0 5 5 27 0 0 0 0 0 5 5 27 0 0 0 0 2 128
135 76 101 75 26 39 158 1802 98 8 73 0 24 21 NA 21 NA 12 98 0 6 6 27 0 0 0 0 0 6 6 27 0 0 0 0 1 131
136 77 98 73 25 41 154 1790 71 14 72 0 24.5 21 NA 21 NA 11 71 0 8 7 26 0 0 0 0 0 8 7 26 0 0 0 0 0 93
137 86 99 73 26 42 158 1768 82 9 72 0 25 21 NA 21 NA 16 82 0 6 9 27 0 0 0 0 0 6 9 27 0 0 0 0 2 98
138 85 100 72 28 44 155 1767 88 9 72 0 25.5 21 NA 21 NA 9 88 1 4 11 28 0 0 0 0 1 4 11 28 0 0 0 0 2 120
139 59 101 74 27 43 156 1771 76 14 71 0 26 21 NA 21 NA 16 76 1 3 10 29 0 0 0 0 1 3 10 29 0 0 0 0 3 105
140 67 100 75 25 44 156 1782 73 7 72 0 26.5 22 NA 22 NA 9 73 0 3 12 29 0 0 0 0 0 3 12 29 0 0 0 0 0 110
141 79 103 79 24 43 151 1779 86 9 71 0 26 23 NA 23 NA 9 86 0 3 12 28 0 0 0 0 0 3 12 28 0 0 0 0 4 100
142 81 103 80 23 42 148 1789 75 10 73 0 26 23.5 NA 23.5 NA 10 75 0 3 8 31 0 0 0 0 0 3 8 31 0 0 0 0 1 120
143 63 105 81 24 41 155 1788 99 4 74 0 25 24 NA 24 NA 11 99 0 3 8 30 0 0 0 0 0 3 8 30 0 0 0 0 2 119
144 95 105 81 24 39 152 1788 90 8 76 0 24 25 NA 25 NA 5 90 0 1 9 29 0 0 0 0 0 1 9 29 0 0 0 0 2 128
145 85 106 84 22 40 146 1788 87 8 73 0 25 25 NA 25 NA 5 87 0 2 9 29 0 0 0 0 0 2 9 29 0 0 0 0 2 124
146 81 103 81 22 37 145 1772 96 7 72 0 21 24 NA 24 NA 10 96 0 2 8 27 0 0 0 0 0 2 8 27 0 0 0 0 1 113
147 74 105 84 21 36 147 1753 91 6 71 0 19 24.5 NA 24.5 NA 10 91 0 2 7 27 0 0 0 0 0 2 7 27 0 0 0 0 2 104
148 67 107 86 21 38 146 1777 73 8 70 0 19 23.5 NA 23.5 NA 7 73 0 4 7 27 0 0 0 0 0 4 7 27 0 0 0 0 2 121
149 90 105 84 21 35 143 1773 84 9 66 0 19 23 NA 23 NA 8 84 0 4 5 26 0 0 0 0 0 4 5 26 0 0 0 0 2 116
150 74 102 84 18 34 141 1784 87 10 65 0 19 22 NA 22 NA 8 87 2 4 3 25 0 0 0 0 2 4 3 25 0 0 0 0 1 126
151 79 104 86 18 36 141 1801 83 10 67 0 19 22 NA 22 NA 11 83 3 4 3 26 0 0 0 0 3 4 3 26 0 0 0 0 1 128
152 70 100 84 16 35 144 1791 94 5 66 0 20 23 NA 23 NA 11 94 3 3 5 24 0 0 0 0 3 3 5 24 0 0 0 0 1 111
153 76 98 83 15 37 144 1810 69 7 69 0 21 21 NA 21 NA 7 69 3 5 5 24 0 0 0 0 3 5 5 24 0 0 0 0 1 114
154 71 101 85 16 37 147 1804 94 8 71 0 20 21 NA 21 NA 13 94 3 5 5 24 0 0 0 0 3 5 5 24 0 0 0 0 3 115
155 71 102 86 16 37 142 1836 85 11 70 0 19 21 NA 21 NA 7 85 3 6 6 22 0 0 0 0 3 6 6 22 0 0 0 0 1 142
156 70 102 85 17 41 136 1854 81 9 69 0 19 20 NA 20 NA 4 81 4 7 5 25 0 0 0 0 4 7 5 25 0 0 0 0 1 131
157 77 106 89 17 40 136 1843 84 7 71 0 19 19.5 NA 19.5 NA 12 84 4 7 5 24 0 0 0 0 4 7 5 24 0 0 0 0 3 103
158 78 108 90 18 40 136 1861 85 8 72 0 19.5 19.5 NA 19.5 NA 11 85 4 6 6 24 0 0 0 0 4 6 6 24 0 0 0 0 2 123
159 81 106 89 17 40 134 1861 82 8 74 0 20 19.5 NA 19.5 NA 8 82 2 8 8 22 0 0 0 0 2 8 8 22 0 0 0 0 1 109
160 90 102 86 16 37 134 1852 87 7 71 0 19.5 19 NA 19 NA 11 87 1 9 7 20 0 0 0 0 1 9 7 20 0 0 0 0 0 112
161 85 100 86 14 36 135 1855 82 4 71 0 20 18.5 NA 18.5 NA 8 82 0 9 6 21 0 0 0 0 0 9 6 21 0 0 0 0 0 114
162 61 102 87 15 37 137 1875 71 4 72 0 21 18 NA 18 NA 6 71 0 10 6 21 0 0 0 0 0 10 6 21 0 0 0 0 1 115
163 75 102 87 15 37 147 1878 95 3 74 0 22 18 NA 18 NA 13 95 0 10 5 22 0 0 0 0 0 10 5 22 0 0 0 0 1 137
164 63 103 88 15 37 152 1869 100 5 75 0 23 18 NA 18 NA 11 100 0 9 6 22 0 0 0 0 0 9 6 22 0 0 0 0 0 121
165 82 101 86 15 34 152 1860 70 4 70 0 22 18.5 NA 18.5 NA 8 70 0 7 7 20 0 0 0 0 0 7 7 20 0 0 0 0 1 98
166 82 101 85 16 33 152 1860 86 10 73 0 21 18 NA 18 NA 8 86 0 6 7 20 0 0 0 0 0 6 7 20 0 0 0 0 1 116
167 82 101 86 15 33 155 1834 90 6 72 0 20 18 NA 18 NA 11 90 0 6 8 19 0 0 0 0 0 6 8 19 0 0 0 0 3 97
168 76 99 84 15 32 157 1840 85 6 71 0 21 19 NA 19 NA 10 85 0 6 8 18 0 0 0 0 0 6 8 18 0 0 0 0 1 120
169 66 102 86 16 34 162 1822 80 9 76 0 21.5 19 NA 19 NA 14 80 0 7 8 19 0 0 0 0 0 7 8 19 0 0 0 0 2 93
170 72 98 83 15 31 167 1844 73 7 74 0 21 18 NA 18 NA 11 73 0 7 6 18 0 0 0 0 0 7 6 18 0 0 0 0 1 118
171 84 99 84 15 31 162 1832 91 9 74 0 22 18 NA 18 NA 4 91 0 6 8 17 0 0 0 0 0 6 8 17 0 0 0 0 1 110
172 88 103 87 16 32 164 1814 98 7 74 0 21 18 NA 18 NA 11 98 0 7 8 17 0 0 0 0 0 7 8 17 0 0 0 0 2 116
173 63 105 89 16 35 166 1808 87 9 75 0 22 20 NA 20 NA 12 87 0 5 10 20 0 0 0 0 0 5 10 20 0 0 0 0 2 104
174 84 102 87 15 36 172 1782 94 8 75 0 22.5 20 NA 20 NA 17 94 0 5 9 22 0 0 0 0 0 5 9 22 0 0 0 0 0 102
175 78 103 89 14 38 172 1771 82 11 76 0 22 20 NA 20 NA 11 82 0 5 11 22 0 0 0 0 0 5 11 22 0 0 0 0 2 104
176 72 107 92 15 40 177 1762 82 7 78 0 22 20.5 NA 20.5 NA 13 82 0 5 12 23 0 0 0 0 0 5 12 23 0 0 0 0 2 99
177 81 109 94 15 43 178 1738 91 9 80 0 23 23 NA 23 NA 10 91 0 5 12 26 0 0 0 0 0 5 12 26 0 0 0 0 1 98
178 81 106 93 13 39 174 1725 80 8 77 0 23.5 21 NA 21 NA 6 80 0 1 13 25 0 0 0 0 0 1 13 25 0 0 0 0 2 101
179 69 103 92 11 38 165 1752 65 11 76 0 24 22 NA 22 NA 7 65 0 1 12 25 0 0 0 0 0 1 12 25 0 0 0 0 1 115
180 87 96 85 11 35 160 1756 72 8 69 0 23 23 NA 23 NA 7 72 0 2 12 21 0 0 0 0 0 2 12 21 0 0 0 0 1 99
181 79 97 85 12 34 168 1743 94 8 68 0 23 23 NA 23 NA 16 94 0 1 13 20 0 0 0 0 0 1 13 20 0 0 0 0 3 106
182 74 99 87 12 35 161 1755 64 15 68 0 21 23 NA 23 NA 11 64 0 2 13 20 0 0 0 0 0 2 13 20 0 0 0 0 2 109
183 71 100 88 12 34 155 1768 82 8 67 0 19.5 23 NA 23 NA 5 82 0 3 11 20 0 0 0 0 0 3 11 20 0 0 0 0 2 121
184 66 97 85 12 32 156 1796 78 7 68 0 20 23 NA 23 NA 9 78 1 3 10 18 0 0 0 0 1 3 10 18 0 0 0 0 0 129
185 75 96 84 12 33 158 1787 91 8 68 0 20 20 NA 20 NA 14 91 1 5 7 20 0 0 0 0 1 5 7 20 0 0 0 0 0 115
186 73 95 82 13 37 157 1788 84 10 66 0 21 20 NA 20 NA 8 84 2 6 8 21 0 0 0 0 2 6 8 21 0 0 0 0 0 116
187 80 97 84 13 38 161 1783 86 6 68 0 22 21.5 NA 21.5 NA 12 86 2 6 9 21 0 0 0 0 2 6 9 21 0 0 0 0 3 111
188 66 97 85 12 38 161 1759 85 9 71 0 22 21 NA 21 NA 8 85 1 8 9 20 0 0 0 0 1 8 9 20 0 0 0 0 1 88
189 84 94 82 12 37 162 1762 74 7 69 0 22 22 NA 22 NA 10 74 1 7 9 20 0 0 0 0 1 7 9 20 0 0 0 0 0 108
190 83 96 82 14 39 160 1760 80 12 70 0 22.5 21 NA 21 NA 14 80 1 8 7 23 0 0 0 0 1 8 7 23 0 0 0 0 3 112
191 86 97 83 14 37 162 1772 75 2 69 0 22 21 NA 21 NA 6 75 1 7 6 23 0 0 0 0 1 7 6 23 0 0 0 0 1 118
192 98 98 84 14 36 160 1742 89 5 70 0 21.5 21.5 NA 21.5 NA 6 89 1 6 6 23 0 0 0 0 1 6 6 23 0 0 0 0 1 104
193 72 94 80 14 34 153 1762 73 14 70 0 21.5 21.5 NA 21.5 NA 11 73 0 6 6 22 0 0 0 0 0 6 6 22 0 0 0 0 0 118
194 84 93 78 15 35 146 1770 69 13 68 0 21 21 NA 21 NA 9 69 0 7 8 20 0 0 0 0 0 7 8 20 0 0 0 0 2 114
195 81 93 80 13 34 144 1779 98 15 68 0 20 20 NA 20 NA 15 98 0 6 9 19 0 0 0 0 0 6 9 19 0 0 0 0 2 129
196 66 93 81 12 33 148 1808 80 4 66 0 20 19 NA 19 NA 11 80 0 4 11 18 0 0 0 0 0 4 11 18 0 0 0 0 1 132
197 72 91 80 11 33 153 1819 81 7 67 0 22 19 NA 19 NA 13 81 0 4 11 18 0 0 0 0 0 4 11 18 0 0 0 0 0 126
198 74 91 80 11 33 160 1811 77 3 66 0 22 21 NA 21 NA 11 77 0 4 12 17 0 0 0 0 0 4 12 17 0 0 0 0 0 103
199 81 93 78 15 34 170 1762 105 9 68 0 23 21.5 NA 21.5 NA 21 105 0 4 13 17 0 0 0 0 0 4 13 17 0 0 0 0 2 93
200 90 100 84 16 35 163 1766 63 7 69 0 22.5 22 NA 22 NA 6 63 0 4 12 19 0 0 0 0 0 4 12 19 0 0 0 0 3 101
201 67 103 88 15 36 161 1737 97 10 72 0 23 21.5 NA 21.5 NA 11 97 0 3 12 21 0 0 0 0 0 3 12 21 0 0 0 0 2 90
202 75 102 86 16 35 159 1739 74 6 74 0 23.5 21 NA 21 NA 5 74 0 2 12 21 0 0 0 0 0 2 12 21 0 0 0 0 1 108
203 85 104 88 16 36 166 1731 90 5 74 0 22.5 20.5 NA 20.5 NA 14 90 0 4 10 22 0 0 0 0 0 4 10 22 0 0 0 0 3 109
204 82 103 87 16 35 165 1730 78 6 73 0 23 20 NA 20 NA 8 78 0 4 9 22 0 0 0 0 0 4 9 22 0 0 0 0 2 108
205 84 104 88 16 37 164 1721 85 5 72 0 23.5 22 NA 22 NA 6 85 0 4 10 23 0 0 0 0 0 4 10 23 0 0 0 0 1 112
206 75 108 90 18 39 160 1724 85 13 74 0 23.5 22 NA 22 NA 12 85 0 4 11 24 0 0 0 0 0 4 11 24 0 0 0 0 2 125
207 75 107 89 18 37 160 1751 75 3 70 0 24 22 NA 22 NA 6 75 0 2 12 23 0 0 0 0 0 2 12 23 0 0 0 0 2 123
208 70 113 95 18 35 155 1753 74 12 69 0 19 22 NA 22 NA 9 74 0 2 10 23 0 0 0 0 0 2 10 23 0 0 0 0 6 104
209 75 114 95 19 36 154 1762 87 11 68 0 20 22.5 NA 22.5 NA 13 87 0 2 10 24 0 0 0 0 0 2 10 24 0 0 0 0 3 121
210 67 114 95 19 37 147 1781 71 11 69 0 20.5 22 NA 22 NA 9 71 1 3 10 23 0 0 0 0 1 3 10 23 0 0 0 0 2 114
211 65 118 98 20 40 151 1766 100 12 74 0 21 22.5 NA 22.5 NA 17 100 2 3 11 24 0 0 0 0 2 3 11 24 0 0 0 0 3 114
212 76 121 101 20 39 152 1767 90 8 80 0 21 22 NA 22 NA 9 90 2 2 10 25 0 0 0 0 2 2 10 25 0 0 0 0 2 123
213 81 118 99 19 38 149 1774 82 8 79 0 20 22.5 NA 22.5 NA 7 82 2 1 7 28 0 0 0 0 2 1 7 28 0 0 0 0 0 122
214 68 114 96 18 38 150 1776 77 12 76 0 20 23.5 NA 23.5 NA 13 77 2 2 7 27 0 0 0 0 2 2 7 27 0 0 0 0 0 108
215 85 111 91 20 39 149 1777 83 10 74 0 17 22 NA 22 NA 15 83 2 4 8 25 0 0 0 0 2 4 8 25 0 0 0 0 1 111
216 75 111 91 20 40 147 1769 93 12 77 0 18 21 NA 21 NA 9 93 2 5 8 25 0 0 0 0 2 5 8 25 0 0 0 0 0 120
217 85 111 91 20 38 145 1766 84 6 76 0 18 21 NA 21 NA 7 84 2 5 6 25 0 0 0 0 2 5 6 25 0 0 0 0 0 107
218 78 112 92 20 39 147 1746 80 4 78 0 19 22 NA 22 NA 8 80 2 5 7 25 0 0 0 0 2 5 7 25 0 0 0 0 3 96
219 76 114 90 24 37 145 1750 87 7 77 0 19 20 NA 20 NA 8 87 2 5 5 25 0 0 0 0 2 5 5 25 0 0 0 0 2 119
220 75 117 94 23 38 147 1745 74 8 84 0 20 21.5 NA 21.5 NA 9 74 1 5 7 25 0 0 0 0 1 5 7 25 0 0 0 0 3 97
221 83 114 90 24 37 145 1765 78 7 83 0 19.5 19 NA 19 NA 11 78 0 7 8 22 0 0 0 0 0 7 8 22 0 0 0 0 1 128
222 65 114 91 23 38 140 1773 88 8 84 0 19.5 17.5 NA 17.5 NA 8 88 1 8 8 21 0 0 0 0 1 8 8 21 0 0 0 0 1 115
223 73 115 90 25 40 137 1780 61 7 88 0 20 17.5 NA 17.5 NA 5 61 0 9 10 21 0 0 0 0 0 9 10 21 0 0 0 0 0 104
224 72 117 91 26 40 141 1774 86 6 92 0 21 17.5 NA 17.5 NA 12 86 0 7 11 22 0 0 0 0 0 7 11 22 0 0 0 0 2 110
225 77 114 88 26 41 137 1775 95 10 88 0 22 17 NA 17 NA 7 95 1 9 8 23 0 0 0 0 1 9 8 23 0 0 0 0 0 120
226 74 120 91 29 42 137 1788 77 4 88 0 22 17.5 NA 17.5 NA 7 77 1 9 8 24 0 0 0 0 1 9 8 24 0 0 0 0 5 120
227 72 118 91 27 41 139 1807 65 5 88 0 22.5 17 NA 17 NA 6 65 1 8 8 24 0 0 0 0 1 8 8 24 0 0 0 0 1 109
228 72 120 93 27 40 142 1814 72 7 88 0 22.5 17 NA 17 NA 11 72 1 8 8 23 0 0 0 0 1 8 8 23 0 0 0 0 0 112
229 84 120 93 27 41 139 1805 77 9 89 0 22.5 17 NA 17 NA 10 77 1 8 9 23 0 0 0 0 1 8 9 23 0 0 0 0 2 96
230 82 121 94 27 41 141 1799 86 6 91 0 23 17 NA 17 NA 11 86 1 8 8 24 0 0 0 0 1 8 8 24 0 0 0 0 1 117
231 74 124 96 28 41 142 1816 65 5 95 0 23 17 NA 17 NA 10 65 1 6 10 24 0 0 0 0 1 6 10 24 0 0 0 0 3 108
232 78 124 96 28 43 145 1803 98 6 96 0 24 17 NA 17 NA 9 98 2 4 12 25 0 0 0 0 2 4 12 25 0 0 0 0 2 121
233 64 127 96 31 45 146 1801 94 5 96 0 25 17 NA 17 NA 8 94 2 4 14 25 0 0 0 0 2 4 14 25 0 0 0 0 2 117
234 72 127 96 31 46 149 1795 79 7 95 0 26 17 NA 17 NA 9 79 2 5 15 24 0 0 0 0 2 5 15 24 0 0 0 0 1 103
235 73 130 97 33 45 155 1784 85 5 94 0 25.5 17 NA 17 NA 12 85 1 5 13 26 0 0 0 0 1 5 13 26 0 0 0 0 3 103
236 69 130 97 33 47 156 1765 89 8 94 0 25.5 17 NA 17 NA 11 89 1 4 12 30 0 0 0 0 1 4 12 30 0 0 0 0 1 99
237 83 128 97 31 49 154 1760 89 11 92 0 26.5 18 NA 18 NA 11 89 1 4 14 30 0 0 0 0 1 4 14 30 0 0 0 0 2 114
238 81 125 95 30 49 156 1768 85 7 96 0 27 19 NA 19 NA 12 85 0 5 14 30 0 0 0 0 0 5 14 30 0 0 0 0 1 129
239 90 124 95 29 48 151 1771 70 11 93 0 28 19.5 NA 19.5 NA 8 70 0 4 14 30 0 0 0 0 0 4 14 30 0 0 0 0 2 105
240 77 122 92 30 47 154 1768 80 9 93 0 28 20 NA 20 NA 12 80 0 4 15 28 0 0 0 0 0 4 15 28 0 0 0 0 1 104
241 74 121 92 29 48 147 1780 74 12 91 0 26 19.5 NA 19.5 NA 8 74 1 4 14 29 0 0 0 0 1 4 14 29 0 0 0 0 2 119
242 70 119 90 29 48 148 1791 71 8 89 0 25 19.5 NA 19.5 NA 10 71 1 4 13 30 0 0 0 0 1 4 13 30 0 0 0 0 2 106
243 73 117 88 29 46 143 1775 95 9 89 0 25 20.5 NA 20.5 NA 7 95 1 5 12 28 0 0 0 0 1 5 12 28 0 0 0 0 0 105
244 83 115 85 30 45 147 1769 84 6 87 0 25 20 NA 20 NA 11 84 1 5 8 31 0 0 0 0 1 5 8 31 0 0 0 0 2 109
245 87 113 84 29 43 143 1782 67 14 86 0 25 21 NA 21 NA 13 67 1 5 9 28 0 0 0 0 1 5 9 28 0 0 0 0 1 113
246 70 117 87 30 43 142 1770 87 7 87 0 26 21 NA 21 NA 6 87 1 5 9 28 0 0 0 0 1 5 9 28 0 0 0 0 3 108
247 89 119 90 29 43 139 1797 66 7 91 0 24 21 NA 21 NA 7 66 1 4 10 28 0 0 0 0 1 4 10 28 0 0 0 0 3 121
248 103 124 94 30 44 141 1794 70 5 90 0 22 21 NA 21 NA 7 70 1 5 9 29 0 0 0 0 1 5 9 29 0 0 0 0 3 108
249 97 120 91 29 42 145 1798 82 5 88 0 23 21 NA 21 NA 11 82 1 4 9 28 0 0 0 0 1 4 9 28 0 0 0 0 0 118
250 82 118 89 29 42 142 1788 79 8 86 0 24 25 NA 25 NA 8 79 1 3 12 26 0 0 0 0 1 3 12 26 0 0 0 0 1 98
251 60 115 88 27 41 153 1741 100 4 87 0 25 25 NA 25 NA 15 100 1 2 10 28 0 0 0 0 1 2 10 28 0 0 0 0 1 84
252 71 117 89 28 41 163 1735 84 9 86 0 24 21 NA 21 NA 19 84 1 4 9 27 0 0 0 0 1 4 9 27 0 0 0 0 3 106
253 83 117 90 27 43 157 1721 85 13 87 0 25 21 NA 21 NA 8 85 0 6 10 27 0 0 0 0 0 6 10 27 0 0 0 0 1 99
254 60 119 93 26 42 157 1720 96 7 87 0 24 21 NA 21 NA 8 96 0 6 9 27 0 0 0 0 0 6 9 27 0 0 0 0 2 119
255 56 121 95 26 43 160 1729 65 6 88 0 24 21 NA 21 NA 9 65 0 5 9 29 0 0 0 0 0 5 9 29 0 0 0 0 1 104
256 71 119 94 25 41 157 1756 77 6 87 0 24 21 NA 21 NA 6 77 0 5 7 29 0 0 0 0 0 5 7 29 0 0 0 0 1 129
257 63 121 96 25 43 155 1766 73 7 90 0 24 21 NA 21 NA 5 73 1 5 6 31 0 0 0 0 1 5 6 31 0 0 0 0 1 110
258 78 119 96 23 42 153 1760 84 5 92 0 25 21 NA 21 NA 5 84 1 4 7 30 0 0 0 0 1 4 7 30 0 0 0 0 2 108
259 85 117 92 25 43 147 1768 80 11 91 0 25 24 NA 24 NA 9 80 1 4 8 30 0 0 0 0 1 4 8 30 0 0 0 0 2 118
260 87 117 92 25 44 143 1772 70 9 95 0 25 24 NA 24 NA 7 70 1 4 9 30 0 0 0 0 1 4 9 30 0 0 0 0 0 108
261 88 117 94 23 44 147 1802 80 5 90 0 26 24.5 NA 24.5 NA 9 80 1 4 9 30 0 0 0 0 1 4 9 30 0 0 0 0 2 142
262 66 119 95 24 44 144 1815 73 7 91 0 26 24.5 NA 24.5 NA 5 73 1 3 8 32 0 0 0 0 1 3 8 32 0 0 0 0 2 115
263 79 122 98 24 44 149 1832 92 7 91 0 24.5 24 NA 24 NA 16 92 1 3 7 33 0 0 0 0 1 3 7 33 0 0 0 0 3 142
264 76 123 99 24 45 152 1838 76 8 93 0 25 24 NA 24 NA 14 76 1 2 9 33 0 0 0 0 1 2 9 33 0 0 0 0 2 117
265 66 125 97 28 46 154 1834 74 7 92 0 26 24 NA 24 NA 10 74 1 2 10 33 0 0 0 0 1 2 10 33 0 0 0 0 2 98
266 76 123 97 26 43 169 1802 104 6 93 0 25 21 NA 21 NA 20 104 1 2 10 30 0 0 0 0 1 2 10 30 0 0 0 0 1 107
267 67 121 95 26 43 160 1803 79 16 92 0 26 21 NA 21 NA 8 79 2 1 10 30 0 0 0 0 2 1 10 30 0 0 0 0 0 102
268 94 122 96 26 45 157 1803 78 11 91 0 26.5 21 NA 21 NA 11 78 1 3 10 31 0 0 0 0 1 3 10 31 0 0 0 0 1 114
269 86 120 96 24 42 150 1799 78 11 88 0 25 21 NA 21 NA 5 78 1 4 9 28 0 0 0 0 1 4 9 28 0 0 0 0 0 100
270 71 118 94 24 42 147 1799 84 10 85 0 25 20.5 NA 20.5 NA 7 84 1 5 8 28 0 0 0 0 1 5 8 28 0 0 0 0 1 112
271 68 119 96 23 44 146 1826 69 7 86 0 26 21 NA 21 NA 9 69 1 4 10 29 0 0 0 0 1 4 10 29 0 0 0 0 1 123
272 72 123 99 24 43 153 1813 94 11 85 0 26 21 NA 21 NA 18 94 1 2 11 29 0 0 0 0 1 2 11 29 0 0 0 0 5 112
273 77 123 99 24 44 149 1809 82 10 89 0 27 21 NA 21 NA 10 82 1 3 11 29 0 0 0 0 1 3 11 29 0 0 0 0 0 108
274 78 121 98 23 45 147 1814 71 11 87 0 27 21 NA 21 NA 12 71 1 4 11 29 0 0 0 0 1 4 11 29 0 0 0 0 1 106
275 61 120 97 23 44 148 1827 86 8 88 0 27 21 NA 21 NA 9 86 0 5 11 28 0 0 0 0 0 5 11 28 0 0 0 0 1 113
276 81 118 96 22 43 155 1806 83 4 88 0 28 21 NA 21 NA 12 83 0 6 10 27 0 0 0 0 0 6 10 27 0 0 0 0 0 95
277 73 114 92 22 44 156 1792 103 9 86 0 26 21 NA 21 NA 11 103 0 7 9 28 0 0 0 0 0 7 9 28 0 0 0 0 1 114
278 96 115 92 23 47 157 1781 90 13 87 0 24 21 NA 21 NA 14 90 1 5 12 29 0 0 0 0 1 5 12 29 0 0 0 0 2 110
279 68 115 91 24 46 153 1792 79 9 85 0 25 21 NA 21 NA 7 79 1 4 11 30 0 0 0 0 1 4 11 30 0 0 0 0 1 123
280 88 115 92 23 46 151 1806 65 9 85 0 23 21 NA 21 NA 9 65 0 5 12 29 0 0 0 0 0 5 12 29 0 0 0 0 3 108
281 81 117 95 22 44 149 1827 66 8 85 0 22 21 NA 21 NA 9 66 0 4 12 28 0 0 0 0 0 4 12 28 0 0 0 0 5 121
282 69 116 94 22 45 149 1813 89 6 87 0 23.5 21 NA 21 NA 8 89 1 4 11 29 0 0 0 0 1 4 11 29 0 0 0 0 0 110
283 80 113 91 22 45 143 1835 58 10 86 0 24 21 NA 21 NA 9 58 1 4 8 32 0 0 0 0 1 4 8 32 0 0 0 0 1 107
284 79 116 93 23 47 148 1832 89 7 91 0 24.5 21 NA 21 NA 12 89 1 5 5 36 0 0 0 0 1 5 5 36 0 0 0 0 2 119
285 67 117 93 24 49 156 1824 78 7 92 0 25 22 NA 22 NA 14 78 1 4 7 37 0 0 0 0 1 4 7 37 0 0 0 0 1 99
286 70 117 93 24 50 151 1844 66 8 93 0 25 21.5 NA 21.5 NA 4 66 0 6 8 36 0 0 0 0 0 6 8 36 0 0 0 0 0 113
287 93 118 93 25 50 150 1843 70 9 92 0 26 21.5 NA 21.5 NA 10 70 0 6 10 34 0 0 0 0 0 6 10 34 0 0 0 0 1 101
288 73 117 93 24 47 157 1829 84 3 89 0 25 21 NA 21 NA 11 84 0 6 10 31 0 0 0 0 0 6 10 31 0 0 0 0 2 108
289 65 117 93 24 46 159 1831 79 6 88 0 26 21 NA 21 NA 13 79 0 5 12 29 0 0 0 0 0 5 12 29 0 0 0 0 1 103
290 82 116 93 23 47 165 1826 89 8 90 0 26.5 21 NA 21 NA 15 89 0 6 10 31 0 0 0 0 0 6 10 31 0 0 0 0 0 113
291 75 116 93 23 46 164 1819 85 6 89 0 26 20 NA 20 NA 7 85 1 7 9 29 0 0 0 0 1 7 9 29 0 0 0 0 1 107
292 76 116 94 22 47 162 1820 70 8 89 0 26.5 20 NA 20 NA 8 70 1 7 9 30 0 0 0 0 1 7 9 30 0 0 0 0 2 107
293 75 112 92 20 47 153 1811 90 10 91 0 27.5 20 NA 20 NA 3 90 0 9 10 28 0 0 0 0 0 9 10 28 0 0 0 0 0 109
294 71 107 89 18 45 156 1813 67 6 87 0 28 20 NA 20 NA 9 67 0 7 12 26 0 0 0 0 0 7 12 26 0 0 0 0 0 92
295 77 108 87 21 45 162 1818 74 2 84 0 26 20 NA 20 NA 9 74 0 7 11 27 0 0 0 0 0 7 11 27 0 0 0 0 1 110
296 69 111 89 22 44 162 1845 72 8 85 0 26 20 NA 20 NA 10 72 0 4 14 26 0 0 0 0 0 4 14 26 0 0 0 0 3 128
297 80 109 88 21 42 160 1851 78 5 82 0 26 20 NA 20 NA 5 78 0 3 14 25 0 0 0 0 0 3 14 25 0 0 0 0 1 117
298 72 114 90 24 43 158 1826 102 9 83 0 26 20 NA 20 NA 10 102 0 3 14 26 0 0 0 0 0 3 14 26 0 0 0 0 3 105
299 85 116 92 24 44 161 1806 84 6 84 0 26.5 20.5 NA 20.5 NA 12 84 0 3 13 28 0 0 0 0 0 3 13 28 0 0 0 0 1 109
300 89 113 88 25 42 166 1791 86 7 82 0 26 20 NA 20 NA 17 86 0 3 13 26 0 0 0 0 0 3 13 26 0 0 0 0 1 102
301 95 114 90 24 40 168 1786 80 7 81 0 25.5 20 NA 20 NA 10 80 0 3 12 25 0 0 0 0 0 3 12 25 0 0 0 0 1 108
302 80 114 92 22 42 169 1807 79 11 81 0 25 20.5 NA 20.5 NA 13 79 0 3 14 25 0 0 0 0 0 3 14 25 0 0 0 0 0 133
303 86 111 88 23 42 167 1807 82 7 77 0 24 20.5 NA 20.5 NA 11 82 0 3 14 25 0 0 0 0 0 3 14 25 0 0 0 0 1 109
304 71 111 86 25 41 165 1791 92 4 78 0 24 20 NA 20 NA 8 92 0 2 15 24 0 0 0 0 0 2 15 24 0 0 0 0 1 112
305 87 113 87 26 42 166 1778 81 7 78 0 24 20.5 NA 20.5 NA 10 81 0 1 15 26 0 0 0 0 0 1 15 26 0 0 0 0 1 100
306 65 114 89 25 43 166 1802 77 9 77 0 25 21 NA 21 NA 10 77 1 1 13 28 0 0 0 0 1 1 13 28 0 0 0 0 2 123
307 65 116 90 26 46 165 1814 69 7 83 0 26 21 NA 21 NA 7 69 1 1 14 30 0 0 0 0 1 1 14 30 0 0 0 0 2 107
308 83 119 93 26 48 162 1822 70 8 86 0 25 21 NA 21 NA 7 70 1 3 11 33 0 0 0 0 1 3 11 33 0 0 0 0 4 111
309 87 117 94 23 48 158 1826 91 11 83 0 25 21 NA 21 NA 7 91 2 4 9 33 0 0 0 0 2 4 9 33 0 0 0 0 1 130
310 79 115 94 21 45 158 1832 81 9 85 0 24 21 NA 21 NA 12 81 1 4 9 31 0 0 0 0 1 4 9 31 0 0 0 0 2 115
311 67 114 92 22 46 154 1839 79 11 86 0 25 21 NA 21 NA 9 79 1 5 7 33 0 0 0 0 1 5 7 33 0 0 0 0 2 111
312 83 112 91 21 44 167 1815 96 4 84 0 25.5 21 NA 21 NA 14 96 1 5 6 32 0 0 0 0 1 5 6 32 0 0 0 0 1 102
313 87 112 91 21 43 173 1806 97 5 85 0 25.5 21 NA 21 NA 12 97 1 4 6 32 0 0 0 0 1 4 6 32 0 0 0 0 2 122
314 80 111 89 22 43 176 1797 81 7 85 0 25 21 NA 21 NA 12 81 1 4 6 32 0 0 0 0 1 4 6 32 0 0 0 0 1 107
315 60 112 90 22 45 180 1794 95 9 86 0 25.5 21 NA 21 NA 14 95 1 6 4 34 0 0 0 0 1 6 4 34 0 0 0 0 2 113
316 76 113 91 22 46 185 1775 83 8 88 0 26 21 NA 21 NA 17 83 1 7 3 35 0 0 0 0 1 7 3 35 0 0 0 0 4 102
317 85 111 90 21 44 185 1743 101 6 85 0 25 21 NA 21 NA 10 101 1 7 1 35 0 0 0 0 1 7 1 35 0 0 0 0 1 100
318 63 113 93 20 46 179 1762 78 13 87 0 26 21 NA 21 NA 10 78 1 7 3 35 0 0 0 0 1 7 3 35 0 0 0 0 1 122
319 79 110 90 20 44 180 1741 90 7 83 0 24 21 NA 21 NA 9 90 1 5 3 35 0 0 0 0 1 5 3 35 0 0 0 0 3 103
320 81 110 89 21 44 185 1735 83 5 85 0 25 21 NA 21 NA 12 83 1 5 3 35 0 0 0 0 1 5 3 35 0 0 0 0 3 110
321 79 108 87 21 45 184 1734 83 11 82 0 25 21 NA 21 NA 12 83 2 5 5 33 0 0 0 0 2 5 5 33 0 0 0 0 1 118
322 79 112 88 24 43 181 1724 88 8 80 0 24 21 NA 21 NA 9 88 1 4 6 32 0 0 0 0 1 4 6 32 0 0 0 0 5 106
323 56 109 86 23 42 179 1743 76 10 79 0 26 21.5 NA 21.5 NA 8 76 1 3 6 32 0 0 0 0 1 3 6 32 0 0 0 0 0 109
324 68 111 86 25 42 187 1744 72 4 78 0 25 21 NA 21 NA 12 72 1 4 5 32 0 0 0 0 1 4 5 32 0 0 0 0 2 99
325 65 112 86 26 40 180 1766 76 12 77 0 24 21.5 NA 21.5 NA 7 76 1 3 7 29 0 0 0 0 1 3 7 29 0 0 0 0 1 119
326 70 113 87 26 41 179 1767 88 13 75 0 24 23 NA 23 NA 13 88 1 3 10 27 0 0 0 0 1 3 10 27 0 0 0 0 1 117
327 63 115 88 27 40 178 1778 80 8 76 0 24 22.5 NA 22.5 NA 7 80 1 2 11 26 0 0 0 0 1 2 11 26 0 0 0 0 3 115
328 70 116 88 28 40 176 1797 75 6 78 0 24.5 23.5 NA 23.5 NA 7 75 1 1 12 26 0 0 0 0 1 1 12 26 0 0 0 0 2 124
329 60 119 91 28 43 177 1802 86 9 80 0 24 24 NA 24 NA 14 86 1 1 14 27 0 0 0 0 1 1 14 27 0 0 0 0 3 120
330 78 120 91 29 44 175 1798 84 12 82 0 24.5 24 NA 24 NA 10 84 1 1 14 28 0 0 0 0 1 1 14 28 0 0 0 0 2 118
331 76 120 90 30 43 165 1788 83 8 82 0 25 24 NA 24 NA 5 83 1 1 11 30 0 0 0 0 1 1 11 30 0 0 0 0 2 102
332 73 125 94 31 44 164 1790 73 7 84 0 25 24 NA 24 NA 6 73 0 2 11 31 0 0 0 0 0 2 11 31 0 0 0 0 3 108
333 87 121 91 30 44 159 1786 84 11 81 0 25 24 NA 24 NA 6 84 0 3 11 30 0 0 0 0 0 3 11 30 0 0 0 0 1 107
334 82 119 89 30 43 158 1794 75 7 85 0 24 24 NA 24 NA 8 75 0 3 12 28 0 0 0 0 0 3 12 28 0 0 0 0 2 109
335 73 119 88 31 42 168 1762 108 4 83 0 23 24 NA 24 NA 16 108 0 3 10 29 0 0 0 0 0 3 10 29 0 0 0 0 2 105
336 73 118 86 32 40 171 1758 75 7 85 0 22.5 23.5 NA 23.5 NA 11 75 0 4 9 27 0 0 0 0 0 4 9 27 0 0 0 0 1 96
337 61 118 85 33 40 175 1739 100 3 89 0 23.5 23.5 NA 23.5 NA 9 100 0 4 8 28 0 0 0 0 0 4 8 28 0 0 0 0 0 106
338 87 119 85 34 40 172 1745 66 6 89 0 23 23.5 NA 23.5 NA 4 66 0 4 7 29 0 0 0 0 0 4 7 29 0 0 0 0 2 108
339 73 120 85 35 43 170 1741 77 11 90 0 22.5 22 NA 22 NA 8 77 0 6 6 31 0 0 0 0 0 6 6 31 0 0 0 0 1 99
340 73 121 85 36 42 173 1751 78 5 91 0 22 22.5 NA 22.5 NA 11 78 0 6 6 30 0 0 0 0 0 6 6 30 0 0 0 0 2 113
341 69 122 89 33 41 169 1763 76 12 90 0 20 22 NA 22 NA 9 76 0 7 7 27 0 0 0 0 0 7 7 27 0 0 0 0 3 114
342 80 121 87 34 40 167 1767 66 6 88 0 20 22.5 NA 22.5 NA 7 66 0 7 7 26 0 0 0 0 0 7 7 26 0 0 0 0 1 98
343 70 120 84 36 39 160 1773 81 13 87 0 21 21 NA 21 NA 7 81 0 8 8 23 0 0 0 0 0 8 8 23 0 0 0 0 1 111
344 75 119 83 36 39 160 1792 73 11 90 0 22 21 NA 21 NA 13 73 1 9 7 22 0 0 0 0 1 9 7 22 0 0 0 0 1 123
345 75 118 83 35 40 158 1776 81 11 88 0 21.5 22 NA 22 NA 9 81 0 10 8 22 0 0 0 0 0 10 8 22 0 0 0 0 1 92
346 93 117 82 35 42 144 1782 78 12 90 0 22 22 NA 22 NA 6 78 0 10 9 23 0 0 0 0 0 10 9 23 0 0 0 0 0 119
347 78 116 82 34 41 138 1769 84 12 89 0 23 21 NA 21 NA 8 84 0 10 10 21 0 0 0 0 0 10 10 21 0 0 0 0 3 101
348 70 118 84 34 40 147 1753 87 5 89 0 23 21 NA 21 NA 12 87 0 7 13 20 0 0 0 0 0 7 13 20 0 0 0 0 1 102
349 79 117 83 34 39 142 1741 76 14 87 0 24 21 NA 21 NA 11 76 0 5 14 20 0 0 0 0 0 5 14 20 0 0 0 0 1 98
350 77 116 83 33 39 145 1731 83 9 88 0 24 21 NA 21 NA 12 83 0 5 14 20 0 0 0 0 0 5 14 20 0 0 0 0 0 103
351 78 117 84 33 41 143 1724 82 9 89 0 24 22 NA 22 NA 9 82 0 5 15 21 0 0 0 0 0 5 15 21 0 0 0 0 1 99
352 55 120 87 33 40 146 1747 72 6 90 0 24.5 21.5 NA 21.5 NA 14 72 0 4 14 22 0 0 0 0 0 4 14 22 0 0 0 0 3 109
353 94 123 90 33 41 142 1741 66 6 95 0 25 22 NA 22 NA 5 66 0 3 15 23 0 0 0 0 0 3 15 23 0 0 0 0 3 106
354 60 124 89 35 42 147 1732 83 6 94 0 25 21.5 NA 21.5 NA 13 83 0 3 14 25 0 0 0 0 0 3 14 25 0 0 0 0 2 101
355 72 125 89 36 44 145 1768 76 9 95 0 25 21 NA 21 NA 6 76 1 3 15 25 0 0 0 0 1 3 15 25 0 0 0 0 1 134
356 77 124 90 34 43 147 1771 72 6 94 0 25 21 NA 21 NA 8 72 1 3 15 24 0 0 0 0 1 3 15 24 0 0 0 0 1 101
357 84 124 90 34 42 141 1758 96 12 93 0 25 20 NA 20 NA 9 96 0 4 13 25 0 0 0 0 0 4 13 25 0 0 0 0 2 114
358 84 121 88 33 39 131 1744 103 15 89 0 25 21 NA 21 NA 9 103 0 3 11 25 0 0 0 0 0 3 11 25 0 0 0 0 1 121
359 70 118 86 32 38 138 1766 91 4 89 0 25 20 NA 20 NA 14 91 0 4 9 25 0 0 0 0 0 4 9 25 0 0 0 0 0 133
360 76 118 87 31 39 135 1755 82 9 91 0 26 21 NA 21 NA 11 82 0 5 6 28 0 0 0 0 0 5 6 28 0 0 0 0 2 102
