1 85 105 81 24 49 159 1716 92 9 80 0 24 21 NA 21 NA 12 92 3 4 8 34 0 0 0 0 3 4 8 34 0 0 0 0 1 136
2 81 105 84 21 45 158 1734 69 4 78 0 23 21 NA 21 NA 5 69 3 4 7 31 0 0 0 0 3 4 7 31 0 0 0 0 0 109
3 102 101 80 21 43 163 1732 84 8 78 0 23 21 NA 21 NA 16 84 2 5 7 29 0 0 0 0 2 5 7 29 0 0 0 0 0 126
4 60 101 81 20 44 161 1747 78 12 79 0 24 21.5 NA 21.5 NA 12 78 1 7 7 29 0 0 0 0 1 7 7 29 0 0 0 0 1 118
5 64 102 81 21 45 163 1749 91 5 79 0 24.5 22 NA 22 NA 12 91 0 8 7 30 0 0 0 0 0 8 7 30 0 0 0 0 1 116
6 73 100 79 21 44 162 1749 84 11 78 0 25 21.5 NA 21.5 NA 12 84 0 9 6 29 0 0 0 0 0 9 6 29 0 0 0 0 1 111
7 90 99 79 20 46 153 1772 74 13 77 0 26 22 NA 22 NA 8 74 1 9 7 29 0 0 0 0 1 9 7 29 0 0 0 0 1 130
8 65 97 79 18 44 153 1792 69 5 74 0 24 22 NA 22 NA 9 69 1 8 8 27 0 0 0 0 1 8 8 27 0 0 0 0 1 113
9 73 97 79 18 44 152 1775 86 7 75 0 24 22.5 NA 22.5 NA 12 86 1 8 7 28 0 0 0 0 1 8 7 28 0 0 0 0 1 98
10 77 99 81 18 45 155 1787 74 9 75 0 24 23 NA 23 NA 13 74 1 9 8 27 0 0 0 0 1 9 8 27 0 0 0 0 4 113
11 80 98 80 18 44 152 1800 70 8 75 0 24 22.5 NA 22.5 NA 9 70 1 6 11 26 0 0 0 0 1 6 11 26 0 0 0 0 1 108
12 70 99 81 18 44 154 1798 92 10 78 0 25 22.5 NA 22.5 NA 13 92 1 5 12 26 0 0 0 0 1 5 12 26 0 0 0 0 1 120
13 70 102 84 18 43 158 1794 90 6 79 0 26 23 NA 23 NA 9 90 0 4 11 28 0 0 0 0 0 4 11 28 0 0 0 0 2 115
14 71 103 84 19 44 159 1778 83 9 83 0 27 22.5 NA 22.5 NA 10 83 0 5 9 30 0 0 0 0 0 5 9 30 0 0 0 0 0 91
15 87 104 85 19 45 160 1763 83 12 80 0 27 23 NA 23 NA 14 83 0 5 12 28 0 0 0 0 0 5 12 28 0 0 0 0 3 106
16 88 104 86 18 43 159 1750 82 9 78 0 26 23 NA 23 NA 11 82 0 5 12 26 0 0 0 0 0 5 12 26 0 0 0 0 2 102
17 73 103 85 18 44 159 1780 67 9 78 0 26 22.5 NA 22.5 NA 12 67 0 6 11 27 0 0 0 0 0 6 11 27 0 0 0 0 1 131
18 63 100 83 17 42 161 1795 83 9 76 0 27 23.5 NA 23.5 NA 11 83 0 5 11 26 0 0 0 0 0 5 11 26 0 0 0 0 0 121
19 104 101 84 17 38 156 1787 83 3 73 0 25 22 NA 22 NA 3 83 0 5 10 23 0 0 0 0 0 5 10 23 0 0 0 0 3 112
20 68 99 84 15 35 157 1766 99 8 68 0 24 22 NA 22 NA 11 99 0 4 9 22 0 0 0 0 0 4 9 22 0 0 0 0 1 111
21 82 103 88 15 37 162 1732 101 7 69 0 24 24 NA 24 NA 12 101 0 2 11 24 0 0 0 0 0 2 11 24 0 0 0 0 3 105
22 70 102 86 16 37 157 1743 77 9 71 0 23.5 25 NA 25 NA 9 77 0 2 12 23 0 0 0 0 0 2 12 23 0 0 0 0 1 112
23 71 106 88 18 36 158 1743 89 4 72 0 22.5 24.5 NA 24.5 NA 8 89 0 2 9 25 0 0 0 0 0 2 9 25 0 0 0 0 4 125
24 67 111 92 19 34 152 1765 85 11 71 0 22 25 NA 25 NA 6 85 0 0 8 26 0 0 0 0 0 0 8 26 0 0 0 0 2 129
25 72 110 92 18 34 154 1786 73 8 75 0 23 25 NA 25 NA 11 73 0 0 7 27 0 0 0 0 0 0 7 27 0 0 0 0 1 127
26 77 110 91 19 34 152 1788 85 5 75 0 23 25 NA 25 NA 5 85 0 0 7 27 0 0 0 0 0 0 7 27 0 0 0 0 0 114
27 83 107 88 19 34 156 1788 76 5 73 0 22 27 NA 27 NA 9 76 0 0 7 27 0 0 0 0 0 0 7 27 0 0 0 0 1 105
28 76 107 88 19 35 150 1795 78 8 73 0 21 27 NA 27 NA 7 78 0 0 7 28 0 0 0 0 0 0 7 28 0 0 0 0 4 109
29 76 106 87 19 33 163 1777 89 6 70 0 19.5 27 NA 27 NA 18 89 0 0 6 27 0 0 0 0 0 0 6 27 0 0 0 0 1 92
30 89 113 87 26 34 159 1773 89 8 70 0 19 27 NA 27 NA 6 89 0 0 5 29 0 0 0 0 0 0 5 29 0 0 0 0 2 113
31 57 115 89 26 34 160 1775 68 7 74 0 19 27 NA 27 NA 9 68 0 0 5 29 0 0 0 0 0 0 5 29 0 0 0 0 3 94
32 84 112 88 24 34 162 1758 79 10 75 0 19.5 27 NA 27 NA 11 79 0 0 7 27 0 0 0 0 0 0 7 27 0 0 0 0 0 101
33 79 114 89 25 35 165 1762 73 3 80 0 20 27 NA 27 NA 5 73 0 1 5 29 0 0 0 0 0 1 5 29 0 0 0 0 1 104
34 62 112 88 24 35 161 1788 85 9 79 0 21 25 NA 25 NA 6 85 1 2 5 27 0 0 0 0 1 2 5 27 0 0 0 0 0 137
35 86 109 86 23 35 151 1797 89 9 78 0 20 27 NA 27 NA 3 89 0 4 6 25 0 0 0 0 0 4 6 25 0 0 0 0 1 129
36 80 107 85 22 34 147 1799 77 12 80 0 21 25 NA 25 NA 10 77 0 4 5 25 0 0 0 0 0 4 5 25 0 0 0 0 0 112
37 80 110 84 26 37 139 1802 89 11 80 0 21 25 NA 25 NA 5 89 1 5 5 26 0 0 0 0 1 5 5 26 0 0 0 0 1 119
38 83 107 82 25 34 140 1798 80 8 77 0 19 25 NA 25 NA 12 80 1 5 5 23 0 0 0 0 1 5 5 23 0 0 0 0 0 107
39 69 105 78 27 33 143 1799 93 5 75 0 20 25 NA 25 NA 12 93 1 5 5 22 0 0 0 0 1 5 5 22 0 0 0 0 0 115
40 94 107 81 26 33 144 1795 82 7 77 0 20 25 NA 25 NA 14 82 1 5 4 23 0 0 0 0 1 5 4 23 0 0 0 0 2 114
41 71 105 79 26 35 147 1800 92 7 79 0 21 26 NA 26 NA 11 92 0 6 6 23 0 0 0 0 0 6 6 23 0 0 0 0 0 134
42 78 107 80 27 36 142 1822 83 10 82 0 21 26 NA 26 NA 8 83 1 6 8 21 0 0 0 0 1 6 8 21 0 0 0 0 4 130
43 74 109 81 28 38 137 1834 74 9 84 0 22 25.5 NA 25.5 NA 5 74 1 7 8 22 0 0 0 0 1 7 8 22 0 0 0 0 1 120
44 87 105 78 27 39 139 1843 81 8 83 0 23 25 NA 25 NA 11 81 1 6 11 21 0 0 0 0 1 6 11 21 0 0 0 0 0 131
45 75 107 78 29 40 137 1819 82 7 85 0 24 25 NA 25 NA 9 82 1 7 11 21 0 0 0 0 1 7 11 21 0 0 0 0 3 85
46 74 106 77 29 43 141 1804 103 11 84 0 25 25 NA 25 NA 17 103 1 7 12 23 0 0 0 0 1 7 12 23 0 0 0 0 2 120
47 69 108 78 30 44 136 1802 86 13 84 0 25.5 25 NA 25 NA 9 86 1 6 12 25 0 0 0 0 1 6 12 25 0 0 0 0 3 114
48 56 108 79 29 44 145 1806 80 5 84 0 25 25 NA 25 NA 12 80 1 5 13 25 0 0 0 0 1 5 13 25 0 0 0 0 0 107
49 73 108 79 29 46 139 1829 79 11 87 0 26 25 NA 25 NA 9 79 1 5 13 27 0 0 0 0 1 5 13 27 0 0 0 0 1 134
50 64 108 79 29 47 140 1811 101 10 87 0 27 25 NA 25 NA 11 101 1 6 13 27 0 0 0 0 1 6 13 27 0 0 0 0 1 108
51 61 111 80 31 49 144 1801 98 7 87 0 27 25 NA 25 NA 12 98 2 6 13 28 0 0 0 0 2 6 13 28 0 0 0 0 3 109
52 88 110 79 31 48 142 1797 84 4 87 0 28 25 NA 25 NA 4 84 1 5 14 28 0 0 0 0 1 5 14 28 0 0 0 0 1 117
53 80 114 83 31 48 149 1794 89 8 86 0 26.5 25 NA 25 NA 16 89 1 4 15 28 0 0 0 0 1 4 15 28 0 0 0 0 3 108
54 65 116 86 30 49 143 1776 93 10 88 0 26 25 NA 25 NA 7 93 1 5 15 28 0 0 0 0 1 5 15 28 0 0 0 0 2 95
55 99 116 87 29 51 139 1750 92 7 87 0 26 25 NA 25 NA 8 92 1 5 14 31 0 0 0 0 1 5 14 31 0 0 0 0 1 102
56 84 115 85 30 52 142 1752 82 11 85 0 27 25 NA 25 NA 16 82 1 6 12 33 0 0 0 0 1 6 12 33 0 0 0 0 2 115
57 70 115 85 30 53 147 1738 92 8 85 0 27 25 NA 25 NA 13 92 1 6 13 33 0 0 0 0 1 6 13 33 0 0 0 0 2 109
58 67 117 87 30 54 142 1748 90 8 86 0 28 25 NA 25 NA 5 90 0 6 13 35 0 0 0 0 0 6 13 35 0 0 0 0 1 127
59 81 116 86 30 54 144 1741 96 10 89 0 29 25 NA 25 NA 15 96 0 7 11 36 0 0 0 0 0 7 11 36 0 0 0 0 0 119
60 65 115 86 29 51 141 1728 89 9 87 0 27 25 NA 25 NA 8 89 0 7 10 34 0 0 0 0 0 7 10 34 0 0 0 0 1 102
61 75 112 83 29 50 137 1750 77 6 84 0 28 24.5 NA 24.5 NA 3 77 0 5 13 32 0 0 0 0 0 5 13 32 0 0 0 0 1 123
62 66 112 83 29 50 142 1747 84 9 81 0 26.5 24 NA 24 NA 15 84 0 6 13 31 0 0 0 0 0 6 13 31 0 0 0 0 2 104
63 80 112 83 29 51 143 1759 64 5 86 0 27.5 24 NA 24 NA 7 64 0 7 12 32 0 0 0 0 0 7 12 32 0 0 0 0 0 112
64 74 111 82 29 50 144 1756 73 6 84 0 27 24.5 NA 24.5 NA 10 73 0 6 12 32 0 0 0 0 0 6 12 32 0 0 0 0 2 98
65 84 113 85 28 50 148 1754 78 9 86 0 28 24 NA 24 NA 14 78 1 6 9 34 0 0 0 0 1 6 9 34 0 0 0 0 2 107
66 73 112 83 29 52 151 1760 86 7 88 0 28.5 23 NA 23 NA 11 86 2 6 10 34 0 0 0 0 2 6 10 34 0 0 0 0 1 116
67 78 115 84 31 54 153 1756 95 9 90 0 28 23 NA 23 NA 13 95 2 6 11 35 0 0 0 0 2 6 11 35 0 0 0 0 2 116
68 76 115 84 31 54 150 1749 89 11 90 0 28 22 NA 22 NA 10 89 2 7 11 34 0 0 0 0 2 7 11 34 0 0 0 0 3 106
69 72 112 82 30 56 158 1757 75 4 89 0 28 22 NA 22 NA 13 75 1 8 11 36 0 0 0 0 1 8 11 36 0 0 0 0 1 114
70 64 110 81 29 57 157 1772 64 9 87 0 29 22 NA 22 NA 8 64 1 7 12 37 0 0 0 0 1 7 12 37 0 0 0 0 2 96
71 70 109 80 29 57 164 1747 88 7 85 0 26 21 NA 21 NA 13 88 1 7 12 37 0 0 0 0 1 7 12 37 0 0 0 0 3 88
72 75 111 83 28 56 164 1757 76 8 84 0 25 20 NA 20 NA 10 76 1 7 13 35 0 0 0 0 1 7 13 35 0 0 0 0 3 119
73 86 110 82 28 57 159 1769 78 15 82 0 25.5 21 NA 21 NA 11 78 1 8 10 38 0 0 0 0 1 8 10 38 0 0 0 0 0 122
74 64 110 81 29 57 158 1775 88 8 82 0 24.5 21 NA 21 NA 11 88 1 9 11 36 0 0 0 0 1 9 11 36 0 0 0 0 2 119
75 68 111 81 30 57 152 1786 65 11 81 0 24 21 NA 21 NA 6 65 1 8 11 37 0 0 0 0 1 8 11 37 0 0 0 0 1 112
76 71 111 82 29 55 154 1769 94 3 81 0 25 21 NA 21 NA 7 94 0 8 10 37 0 0 0 0 0 8 10 37 0 0 0 0 1 108
77 83 113 83 30 55 150 1738 98 12 81 0 26 21 NA 21 NA 13 98 0 6 13 36 0 0 0 0 0 6 13 36 0 0 0 0 4 97
78 78 112 82 30 56 145 1730 77 8 82 0 27 21 NA 21 NA 8 77 0 6 12 38 0 0 0 0 0 6 12 38 0 0 0 0 0 97
79 67 113 81 32 54 152 1733 77 4 83 0 27 21.5 NA 21.5 NA 11 77 0 3 13 38 0 0 0 0 0 3 13 38 0 0 0 0 2 111
80 82 107 77 30 52 158 1736 80 4 81 0 27 21.5 NA 21.5 NA 11 80 0 3 14 35 0 0 0 0 0 3 14 35 0 0 0 0 0 112
81 69 106 78 28 50 155 1746 69 9 80 0 28 21.5 NA 21.5 NA 9 69 0 2 14 34 0 0 0 0 0 2 14 34 0 0 0 0 0 107
82 71 108 80 28 49 158 1766 80 5 78 0 27.5 22 NA 22 NA 10 80 0 2 12 35 0 0 0 0 0 2 12 35 0 0 0 0 3 125
83 79 108 80 28 47 161 1771 97 5 79 0 28 22 NA 22 NA 14 97 0 1 10 36 0 0 0 0 0 1 10 36 0 0 0 0 2 132
84 78 108 78 30 47 162 1761 86 11 81 0 28 22 NA 22 NA 15 86 0 1 11 35 0 0 0 0 0 1 11 35 0 0 0 0 2 118
85 73 106 77 29 46 163 1752 96 7 81 0 28.5 23 NA 23 NA 10 96 0 1 11 34 0 0 0 0 0 1 11 34 0 0 0 0 0 115
86 82 106 76 30 45 165 1753 85 15 79 0 28 22 NA 22 NA 16 85 0 1 11 33 0 0 0 0 0 1 11 33 0 0 0 0 2 119
87 82 106 77 29 47 156 1760 79 13 78 0 27.5 24 NA 24 NA 6 79 1 1 10 35 0 0 0 0 1 1 10 35 0 0 0 0 1 118
88 65 109 79 30 49 152 1754 86 10 82 0 28 24 NA 24 NA 7 86 2 1 11 35 0 0 0 0 2 1 11 35 0 0 0 0 2 108
89 75 106 77 29 45 150 1747 75 10 81 0 24.5 25 NA 25 NA 9 75 0 2 9 34 0 0 0 0 0 2 9 34 0 0 0 0 2 106
90 75 102 74 28 45 149 1736 80 11 78 0 25 25 NA 25 NA 10 80 0 3 10 32 0 0 0 0 0 3 10 32 0 0 0 0 0 101
91 71 101 73 28 45 150 1723 72 7 78 0 25 25 NA 25 NA 10 72 0 5 8 32 0 0 0 0 0 5 8 32 0 0 0 0 0 94
92 76 106 79 27 44 147 1706 87 8 76 0 24 25 NA 25 NA 8 87 0 5 9 30 0 0 0 0 0 5 9 30 0 0 0 0 2 107
93 74 106 81 25 42 150 1702 84 7 73 0 22.5 25 NA 25 NA 12 84 0 6 8 28 0 0 0 0 0 6 8 28 0 0 0 0 1 105
94 69 107 83 24 42 148 1724 82 4 76 0 22 25 NA 25 NA 8 82 0 6 8 28 0 0 0 0 0 6 8 28 0 0 0 0 3 128
95 87 105 81 24 42 148 1732 77 9 75 0 23 24.5 NA 24.5 NA 15 77 0 7 6 29 0 0 0 0 0 7 6 29 0 0 0 0 0 108
96 85 103 80 23 41 141 1729 61 9 76 0 23 25 NA 25 NA 3 61 0 6 7 28 0 0 0 0 0 6 7 28 0 0 0 0 1 100
97 70 103 77 26 41 142 1777 51 2 73 0 23 25 NA 25 NA 4 51 0 5 7 29 0 0 0 0 0 5 7 29 0 0 0 0 1 118
98 77 102 76 26 42 142 1776 81 5 75 0 22.5 25 NA 25 NA 8 81 0 5 8 29 0 0 0 0 0 5 8 29 0 0 0 0 1 110
99 75 100 75 25 42 139 1778 82 9 77 0 24.5 25 NA 25 NA 5 82 0 4 9 29 0 0 0 0 0 4 9 29 0 0 0 0 1 113
100 81 101 76 25 42 130 1762 74 13 77 0 24 25 NA 25 NA 6 74 0 3 10 29 0 0 0 0 0 3 10 29 0 0 0 0 1 86
101 73 100 75 25 40 131 1766 80 5 72 0 24 25 NA 25 NA 9 80 0 1 10 29 0 0 0 0 0 1 10 29 0 0 0 0 4 110
102 75 100 75 25 40 131 1772 75 5 71 0 25 25 NA 25 NA 7 75 0 1 9 30 0 0 0 0 0 1 9 30 0 0 0 0 1 114
103 78 102 74 28 41 142 1771 88 8 69 0 24 25 NA 25 NA 19 88 0 2 9 30 0 0 0 0 0 2 9 30 0 0 0 0 3 115
104 90 102 75 27 42 143 1762 86 12 71 0 22.5 25 NA 25 NA 14 86 0 3 9 30 0 0 0 0 0 3 9 30 0 0 0 0 1 113
105 85 105 79 26 42 142 1771 75 10 72 0 23 25 NA 25 NA 9 75 0 3 10 29 0 0 0 0 0 3 10 29 0 0 0 0 2 116
106 71 107 81 26 42 142 1776 83 7 74 0 23 25 NA 25 NA 9 83 0 2 11 29 0 0 0 0 0 2 11 29 0 0 0 0 2 117
107 88 105 77 28 43 136 1761 84 8 72 0 23 25 NA 25 NA 4 84 0 3 11 29 0 0 0 0 0 3 11 29 0 0 0 0 0 98
108 75 102 75 27 42 135 1743 90 7 71 0 23 25 NA 25 NA 8 90 0 2 12 28 0 0 0 0 0 2 12 28 0 0 0 0 1 103
109 70 100 75 25 43 133 1734 84 5 71 0 23 25 NA 25 NA 3 84 1 3 11 28 0 0 0 0 1 3 11 28 0 0 0 0 0 103
110 65 104 77 27 45 132 1727 93 11 73 0 23.5 25 NA 25 NA 11 93 1 4 11 29 0 0 0 0 1 4 11 29 0 0 0 0 4 110
111 80 105 79 26 48 130 1736 77 10 72 0 24 25 NA 25 NA 9 77 1 5 11 31 0 0 0 0 1 5 11 31 0 0 0 0 1 120
112 64 104 80 24 47 132 1765 66 5 72 0 24.5 25 NA 25 NA 10 66 1 5 9 32 0 0 0 0 1 5 9 32 0 0 0 0 2 114
113 90 104 81 23 47 130 1760 86 7 73 0 24.5 25 NA 25 NA 8 86 1 5 6 35 0 0 0 0 1 5 6 35 0 0 0 0 1 114
114 78 103 80 23 48 130 1761 73 8 75 0 26 25 NA 25 NA 10 73 1 6 6 35 0 0 0 0 1 6 6 35 0 0 0 0 0 101
115 78 106 83 23 48 128 1739 96 8 78 0 23.5 25 NA 25 NA 7 96 1 6 5 36 0 0 0 0 1 6 5 36 0 0 0 0 3 100
116 83 107 86 21 46 131 1733 90 7 76 0 24 25 NA 25 NA 11 90 1 5 6 34 0 0 0 0 1 5 6 34 0 0 0 0 1 114
117 64 108 87 21 45 128 1736 95 10 78 0 24 25 NA 25 NA 8 95 1 5 6 33 0 0 0 0 1 5 6 33 0 0 0 0 1 120
118 80 111 86 25 45 126 1734 76 6 79 0 24 25 NA 25 NA 6 76 0 6 6 33 0 0 0 0 0 6 6 33 0 0 0 0 3 105
119 78 110 84 26 41 128 1735 77 5 76 0 22.5 25 NA 25 NA 7 77 0 6 4 31 0 0 0 0 0 6 4 31 0 0 0 0 1 103
120 56 110 84 26 42 134 1741 94 5 75 0 22.5 25 NA 25 NA 11 94 0 5 6 31 0 0 0 0 0 5 6 31 0 0 0 0 2 125
121 87 112 83 29 44 144 1771 71 5 76 0 22 25 NA 25 NA 15 71 0 6 7 31 0 0 0 0 0 6 7 31 0 0 0 0 0 123
122 84 111 83 28 41 145 1756 85 6 76 0 21 21 NA 21 NA 8 85 0 5 8 28 0 0 0 0 0 5 8 28 0 0 0 0 2 105
123 69 111 83 28 44 146 1783 78 6 79 0 22 23 NA 23 NA 8 78 0 6 7 31 0 0 0 0 0 6 7 31 0 0 0 0 0 126
124 71 109 82 27 45 146 1796 89 9 79 0 23 25 NA 25 NA 9 89 0 5 9 31 0 0 0 0 0 5 9 31 0 0 0 0 0 128
125 62 107 80 27 44 148 1809 76 5 78 0 24 25 NA 25 NA 9 76 0 4 10 30 0 0 0 0 0 4 10 30 0 0 0 0 1 112
126 76 108 81 27 43 152 1809 75 4 78 0 24 25 NA 25 NA 9 75 0 4 9 30 0 0 0 0 0 4 9 30 0 0 0 0 2 101
127 81 109 82 27 44 151 1806 88 7 81 0 24 25 NA 25 NA 8 88 0 3 10 31 0 0 0 0 0 3 10 31 0 0 0 0 0 112
128 74 107 80 27 44 148 1810 90 10 81 0 24 25 NA 25 NA 9 90 0 5 8 31 0 0 0 0 0 5 8 31 0 0 0 0 2 128
129 76 109 82 27 43 147 1820 67 5 82 0 24 25 NA 25 NA 7 67 0 4 9 30 0 0 0 0 0 4 9 30 0 0 0 0 1 107
130 82 108 80 28 43 145 1799 85 8 82 0 24 25 NA 25 NA 6 85 0 3 12 28 0 0 0 0 0 3 12 28 0 0 0 0 1 95
131 69 109 81 28 45 150 1798 80 5 85 0 25 26 NA 26 NA 13 80 0 3 13 29 0 0 0 0 0 3 13 29 0 0 0 0 2 115
132 71 106 79 27 45 151 1809 84 6 82 0 25.5 27 NA 27 NA 11 84 0 3 11 31 0 0 0 0 0 3 11 31 0 0 0 0 1 122
133 65 106 79 27 43 150 1799 73 6 82 0 23.5 27 NA 27 NA 9 73 0 3 8 32 0 0 0 0 0 3 8 32 0 0 0 0 3 92
134 81 105 78 27 41 148 1794 68 5 83 0 23 27 NA 27 NA 6 68 0 2 8 31 0 0 0 0 0 2 8 31 0 0 0 0 1 94
135 90 108 82 26 40 150 1783 83 6 81 0 23 27.5 NA 27.5 NA 9 83 0 0 11 29 0 0 0 0 0 0 11 29 0 0 0 0 2 101
136 74 106 80 26 37 152 1801 63 9 77 0 22.5 27 NA 27 NA 12 63 0 0 10 27 0 0 0 0 0 0 10 27 0 0 0 0 1 111
137 86 105 77 28 36 153 1784 86 5 76 0 22 27 NA 27 NA 7 86 0 1 9 26 0 0 0 0 0 1 9 26 0 0 0 0 0 98
138 84 103 75 28 37 149 1786 90 13 76 0 23 27 NA 27 NA 11 90 0 2 9 26 0 0 0 0 0 2 9 26 0 0 0 0 0 126
139 71 99 70 29 35 149 1782 84 13 74 0 24 26 NA 26 NA 14 84 0 2 9 24 0 0 0 0 0 2 9 24 0 0 0 0 1 105
140 83 98 69 29 35 146 1791 89 8 74 0 25 26 NA 26 NA 11 89 0 2 10 23 0 0 0 0 0 2 10 23 0 0 0 0 1 123
141 93 93 63 30 32 149 1786 84 6 72 0 25 25 NA 25 NA 10 84 0 1 9 22 0 0 0 0 0 1 9 22 0 0 0 0 1 121
142 71 92 62 30 33 153 1798 79 8 73 0 26 26 NA 26 NA 9 79 0 1 7 25 0 0 0 0 0 1 7 25 0 0 0 0 1 116
143 74 89 61 28 34 152 1828 75 12 71 0 26 22 NA 22 NA 15 75 0 3 7 24 0 0 0 0 0 3 7 24 0 0 0 0 0 129
144 80 92 63 29 33 148 1833 80 11 71 0 26 24 NA 24 NA 8 80 0 3 7 23 0 0 0 0 0 3 7 23 0 0 0 0 1 114
145 87 90 61 29 32 148 1843 75 12 71 0 27 25 NA 25 NA 11 75 1 3 7 21 0 0 0 0 1 3 7 21 0 0 0 0 2 119
146 83 89 61 28 33 148 1829 84 7 68 0 27 24 NA 24 NA 12 84 1 5 7 20 0 0 0 0 1 5 7 20 0 0 0 0 1 98
147 72 93 65 28 35 153 1837 93 5 68 0 26 26 NA 26 NA 12 93 2 4 7 22 0 0 0 0 2 4 7 22 0 0 0 0 4 122
148 80 93 65 28 39 148 1831 88 8 69 0 27 27 NA 27 NA 7 88 2 4 9 24 0 0 0 0 2 4 9 24 0 0 0 0 0 114
149 71 95 65 30 36 152 1829 84 3 68 0 27 26.5 NA 26.5 NA 8 84 2 3 8 23 0 0 0 0 2 3 8 23 0 0 0 0 3 112
150 77 96 66 30 38 149 1831 75 8 67 0 26.5 26.5 NA 26.5 NA 7 75 3 3 8 24 0 0 0 0 3 3 8 24 0 0 0 0 1 106
151 64 96 66 30 38 155 1810 83 6 67 0 24.5 26.5 NA 26.5 NA 15 83 2 3 9 24 0 0 0 0 2 3 9 24 0 0 0 0 2 91
152 85 96 66 30 37 155 1785 100 10 66 0 24.5 24 NA 24 NA 11 100 2 4 7 24 0 0 0 0 2 4 7 24 0 0 0 0 1 104
153 75 96 66 30 38 160 1777 85 4 68 0 24.5 21 NA 21 NA 11 85 3 5 7 23 0 0 0 0 3 5 7 23 0 0 0 0 0 106
154 90 99 68 31 38 160 1783 76 7 68 0 24 19 NA 19 NA 8 76 4 4 5 25 0 0 0 0 4 4 5 25 0 0 0 0 3 122
155 87 99 66 33 39 160 1788 97 11 66 0 24 19 NA 19 NA 15 97 4 4 6 25 0 0 0 0 4 4 6 25 0 0 0 0 2 127
156 69 99 65 34 40 160 1764 96 8 70 0 25 19 NA 19 NA 12 96 3 5 7 25 0 0 0 0 3 5 7 25 0 0 0 0 0 96
157 74 101 67 34 41 160 1747 95 8 72 0 25 19 NA 19 NA 9 95 3 4 7 27 0 0 0 0 3 4 7 27 0 0 0 0 3 106
158 81 97 66 31 41 158 1747 96 8 71 0 25 19 NA 19 NA 9 96 4 4 8 25 0 0 0 0 4 4 8 25 0 0 0 0 0 124
159 77 97 66 31 39 154 1759 86 10 71 0 22 19 NA 19 NA 11 86 2 8 8 21 0 0 0 0 2 8 8 21 0 0 0 0 2 123
160 68 96 65 31 40 155 1764 71 4 70 0 23.5 19 NA 19 NA 8 71 2 8 9 21 0 0 0 0 2 8 9 21 0 0 0 0 0 103
161 67 96 66 30 42 148 1768 77 13 73 0 23 19 NA 19 NA 10 77 3 9 9 21 0 0 0 0 3 9 9 21 0 0 0 0 2 109
162 62 94 66 28 42 145 1777 74 11 73 0 23 19 NA 19 NA 11 74 2 10 10 20 0 0 0 0 2 10 10 20 0 0 0 0 0 104
163 79 96 68 28 44 135 1796 61 6 74 0 23.5 19 NA 19 NA 3 61 2 10 9 23 0 0 0 0 2 10 9 23 0 0 0 0 2 104
164 67 96 68 28 44 137 1802 74 13 76 0 23.5 19 NA 19 NA 14 74 2 10 9 23 0 0 0 0 2 10 9 23 0 0 0 0 1 109
165 74 97 70 27 45 135 1791 95 12 75 0 24 19 NA 19 NA 12 95 2 8 13 22 0 0 0 0 2 8 13 22 0 0 0 0 3 115
166 74 96 70 26 45 137 1795 86 4 76 0 24.5 19 NA 19 NA 8 86 0 9 12 24 0 0 0 0 0 9 12 24 0 0 0 0 1 118
167 72 92 68 24 44 137 1807 86 7 75 0 25.5 20 NA 20 NA 8 86 0 8 12 24 0 0 0 0 0 8 12 24 0 0 0 0 1 122
168 68 93 69 24 45 139 1806 71 7 76 0 26 21 NA 21 NA 10 71 0 5 14 26 0 0 0 0 0 5 14 26 0 0 0 0 1 96
169 75 94 69 25 44 139 1826 73 3 77 0 25.5 22 NA 22 NA 8 73 0 5 12 27 0 0 0 0 0 5 12 27 0 0 0 0 1 117
170 67 96 70 26 45 141 1825 80 6 78 0 26 23 NA 23 NA 8 80 0 6 12 27 0 0 0 0 0 6 12 27 0 0 0 0 1 110
171 84 98 72 26 45 144 1829 65 6 81 0 27 23 NA 23 NA 13 65 0 3 15 27 0 0 0 0 0 3 15 27 0 0 0 0 2 106
172 67 95 69 26 45 147 1798 98 5 77 0 28 21 NA 21 NA 9 98 0 5 14 26 0 0 0 0 0 5 14 26 0 0 0 0 1 96
173 76 93 67 26 43 151 1789 78 6 75 0 28 21 NA 21 NA 11 78 0 5 12 26 0 0 0 0 0 5 12 26 0 0 0 0 1 98
174 86 92 66 26 41 152 1789 76 8 73 0 28.5 19 NA 19 NA 10 76 0 4 13 24 0 0 0 0 0 4 13 24 0 0 0 0 2 114
175 80 93 67 26 44 149 1778 83 12 73 0 28 20.5 NA 20.5 NA 14 83 0 5 14 25 0 0 0 0 0 5 14 25 0 0 0 0 2 101
176 72 96 69 27 45 147 1788 76 16 73 0 29 21 NA 21 NA 15 76 0 4 15 26 0 0 0 0 0 4 15 26 0 0 0 0 2 110
177 78 96 70 26 48 150 1783 87 11 76 0 30 21.5 NA 21.5 NA 16 87 0 5 14 29 0 0 0 0 0 5 14 29 0 0 0 0 1 112
178 76 100 74 26 49 148 1797 80 12 78 0 29 21 NA 21 NA 10 80 0 4 15 30 0 0 0 0 0 4 15 30 0 0 0 0 0 122
179 63 104 76 28 52 156 1802 87 8 79 0 30 21.5 NA 21.5 NA 17 87 0 4 16 32 0 0 0 0 0 4 16 32 0 0 0 0 3 116
180 71 105 75 30 52 158 1785 95 9 79 0 31 20.5 NA 20.5 NA 12 95 1 4 13 34 0 0 0 0 1 4 13 34 0 0 0 0 0 108
181 76 105 74 31 49 158 1796 68 8 76 0 30 20 NA 20 NA 9 68 1 4 11 33 0 0 0 0 1 4 11 33 0 0 0 0 3 102
182 77 104 73 31 49 156 1801 90 11 75 0 30 19 NA 19 NA 9 90 1 5 12 31 0 0 0 0 1 5 12 31 0 0 0 0 2 117
183 78 105 74 31 49 161 1797 79 3 75 0 29 19 NA 19 NA 10 79 1 4 11 33 0 0 0 0 1 4 11 33 0 0 0 0 2 108
184 78 104 74 30 48 163 1793 73 8 74 0 29.5 19 NA 19 NA 13 73 1 4 11 32 0 0 0 0 1 4 11 32 0 0 0 0 0 101
185 73 102 72 30 46 166 1792 85 7 71 0 29.5 19.5 NA 19.5 NA 13 85 1 3 8 34 0 0 0 0 1 3 8 34 0 0 0 0 3 109
186 67 103 72 31 46 164 1778 84 9 72 0 30 19.5 NA 19.5 NA 8 84 1 3 6 36 0 0 0 0 1 3 6 36 0 0 0 0 1 100
187 88 101 69 32 46 169 1775 81 7 71 0 29 19.5 NA 19.5 NA 16 81 1 2 7 36 0 0 0 0 1 2 7 36 0 0 0 0 2 111
188 63 100 68 32 45 164 1793 76 11 72 0 29.5 19 NA 19 NA 7 76 1 2 5 37 0 0 0 0 1 2 5 37 0 0 0 0 2 115
189 62 101 69 32 44 166 1786 85 8 72 0 30 19.5 NA 19.5 NA 11 85 0 2 6 36 0 0 0 0 0 2 6 36 0 0 0 0 2 106
190 74 104 70 34 43 164 1784 82 6 75 0 26 19 NA 19 NA 7 82 0 2 5 36 0 0 0 0 0 2 5 36 0 0 0 0 2 108
191 91 108 71 37 44 170 1793 80 8 77 0 25.5 19 NA 19 NA 15 80 0 4 4 36 0 0 0 0 0 4 4 36 0 0 0 0 3 122
192 70 109 72 37 45 163 1786 76 10 79 0 26 19 NA 19 NA 6 76 0 3 6 36 0 0 0 0 0 3 6 36 0 0 0 0 0 98
193 58 110 73 37 45 165 1777 86 6 81 0 24.5 19 NA 19 NA 8 86 0 2 7 36 0 0 0 0 0 2 7 36 0 0 0 0 0 97
194 72 109 73 36 44 151 1788 68 13 77 0 22 20 NA 20 NA 4 68 0 4 7 33 0 0 0 0 0 4 7 33 0 0 0 0 2 111
195 67 105 70 35 42 149 1795 88 6 74 0 21 19.5 NA 19.5 NA 7 88 1 5 6 30 0 0 0 0 1 5 6 30 0 0 0 0 1 114
196 76 108 74 34 41 150 1804 83 8 74 0 21 19 NA 19 NA 12 83 1 5 6 29 0 0 0 0 1 5 6 29 0 0 0 0 2 120
197 58 106 72 34 40 147 1806 90 6 74 0 21 19 NA 19 NA 7 90 1 6 6 27 0 0 0 0 1 6 6 27 0 0 0 0 0 114
198 90 107 74 33 39 142 1818 52 9 75 0 20 19 NA 19 NA 5 52 1 6 7 25 0 0 0 0 1 6 7 25 0 0 0 0 1 100
199 84 104 74 30 39 142 1801 87 10 74 0 21 19 NA 19 NA 13 87 1 5 7 26 0 0 0 0 1 5 7 26 0 0 0 0 1 100
200 82 103 74 29 38 145 1807 81 8 74 0 22 19 NA 19 NA 13 81 1 4 8 25 0 0 0 0 1 4 8 25 0 0 0 0 2 121
201 68 102 73 29 41 148 1821 89 7 76 0 23 19 NA 19 NA 10 89 0 6 7 28 0 0 0 0 0 6 7 28 0 0 0 0 1 131
202 75 98 71 27 40 153 1815 74 7 76 0 24 19 NA 19 NA 13 74 0 4 9 27 0 0 0 0 0 4 9 27 0 0 0 0 1 101
203 74 98 69 29 40 151 1808 89 9 79 0 25 19 NA 19 NA 10 89 0 3 11 26 0 0 0 0 0 3 11 26 0 0 0 0 2 108
204 71 100 70 30 40 154 1813 66 2 79 0 25 19 NA 19 NA 6 66 0 4 10 26 0 0 0 0 0 4 10 26 0 0 0 0 3 97
205 89 98 68 30 40 158 1829 69 6 77 0 26 19 NA 19 NA 10 69 0 4 10 26 0 0 0 0 0 4 10 26 0 0 0 0 1 120
206 86 100 71 29 39 151 1837 91 12 78 0 26 19 NA 19 NA 10 91 0 4 9 26 0 0 0 0 0 4 9 26 0 0 0 0 2 126
207 63 104 75 29 39 155 1832 91 5 78 0 26 19 NA 19 NA 10 91 0 4 9 26 0 0 0 0 0 4 9 26 0 0 0 0 2 113
208 84 101 72 29 38 162 1809 100 5 77 0 26 19.5 NA 19.5 NA 12 100 0 4 9 25 0 0 0 0 0 4 9 25 0 0 0 0 0 105
209 73 101 71 30 37 161 1807 75 6 76 0 26 19 NA 19 NA 8 75 0 3 8 26 0 0 0 0 0 3 8 26 0 0 0 0 1 103
210 68 106 77 29 39 161 1806 81 7 77 0 25 20 NA 20 NA 10 81 0 2 10 27 0 0 0 0 0 2 10 27 0 0 0 0 3 106
211 86 106 78 28 38 162 1793 88 11 76 0 25 19.5 NA 19.5 NA 12 88 0 2 9 27 0 0 0 0 0 2 9 27 0 0 0 0 0 103
212 69 108 80 28 38 164 1796 94 7 76 0 25 20 NA 20 NA 12 94 0 2 8 28 0 0 0 0 0 2 8 28 0 0 0 0 2 122
213 80 105 78 27 43 165 1762 97 10 76 0 26 20 NA 20 NA 13 97 1 5 10 27 0 0 0 0 1 5 10 27 0 0 0 0 0 107
214 73 104 76 28 41 164 1790 76 7 74 0 25 20 NA 20 NA 7 76 0 5 8 28 0 0 0 0 0 5 8 28 0 0 0 0 2 128
215 71 103 75 28 43 160 1808 70 11 74 0 25 20 NA 20 NA 9 70 1 5 9 28 0 0 0 0 1 5 9 28 0 0 0 0 0 114
216 65 104 76 28 43 160 1813 92 7 76 0 26 20 NA 20 NA 8 92 1 5 7 30 0 0 0 0 1 5 7 30 0 0 0 0 1 126
217 81 105 76 29 45 156 1786 90 10 76 0 27 20 NA 20 NA 8 90 2 5 7 31 0 0 0 0 2 5 7 31 0 0 0 0 1 102
218 79 107 77 30 44 156 1782 87 7 77 0 27 19 NA 19 NA 10 87 1 6 8 29 0 0 0 0 1 6 8 29 0 0 0 0 4 111
219 80 105 76 29 45 159 1780 82 8 79 0 28 19 NA 19 NA 13 82 1 8 7 29 0 0 0 0 1 8 7 29 0 0 0 0 1 110
220 82 104 75 29 46 162 1761 96 13 79 0 28 19 NA 19 NA 15 96 0 8 9 29 0 0 0 0 0 8 9 29 0 0 0 0 0 112
221 85 102 76 26 46 155 1775 70 10 78 0 27 19 NA 19 NA 9 70 0 8 10 28 0 0 0 0 0 8 10 28 0 0 0 0 2 110
222 87 102 76 26 47 150 1783 74 9 80 0 28 19 NA 19 NA 5 74 0 8 11 28 0 0 0 0 0 8 11 28 0 0 0 0 2 118
223 84 103 77 26 47 148 1795 74 10 81 0 27 19 NA 19 NA 9 74 0 8 11 28 0 0 0 0 0 8 11 28 0 0 0 0 2 124
224 71 107 81 26 47 149 1820 71 6 83 0 26 19 NA 19 NA 8 71 0 7 13 27 0 0 0 0 0 7 13 27 0 0 0 0 2 124
225 80 106 78 28 44 154 1816 87 5 78 0 24.5 22 NA 22 NA 10 87 0 7 11 26 0 0 0 0 0 7 11 26 0 0 0 0 2 116
226 75 106 78 28 43 162 1812 100 2 78 0 23.5 22 NA 22 NA 12 100 0 5 12 26 0 0 0 0 0 5 12 26 0 0 0 0 1 123
227 73 109 81 28 47 158 1796 96 10 79 0 24 22 NA 22 NA 7 96 0 6 12 29 0 0 0 0 0 6 12 29 0 0 0 0 3 108
228 76 109 80 29 48 153 1780 77 13 78 0 24 22 NA 22 NA 8 77 0 7 13 28 0 0 0 0 0 7 13 28 0 0 0 0 1 95
229 74 110 82 28 49 149 1780 80 12 78 0 23 22 NA 22 NA 10 80 0 7 13 29 0 0 0 0 0 7 13 29 0 0 0 0 0 113
230 83 111 80 31 50 152 1743 106 5 80 0 23 21.5 NA 21.5 NA 10 106 1 7 11 31 0 0 0 0 1 7 11 31 0 0 0 0 1 109
231 89 112 80 32 50 152 1744 91 9 81 0 24 21.5 NA 21.5 NA 10 91 1 5 13 31 0 0 0 0 1 5 13 31 0 0 0 0 0 121
232 79 111 79 32 51 156 1734 89 3 81 0 25 22 NA 22 NA 9 89 1 4 13 33 0 0 0 0 1 4 13 33 0 0 0 0 0 108
233 75 114 81 33 52 159 1724 82 4 82 0 25.5 21.5 NA 21.5 NA 9 82 1 4 15 32 0 0 0 0 1 4 15 32 0 0 0 0 4 97
234 86 116 83 33 48 157 1743 61 5 80 0 24 21.5 NA 21.5 NA 5 61 1 2 14 31 0 0 0 0 1 2 14 31 0 0 0 0 2 105
235 71 116 83 33 49 157 1734 86 7 81 0 25 22 NA 22 NA 11 86 1 2 13 33 0 0 0 0 1 2 13 33 0 0 0 0 1 106
236 69 119 87 32 49 157 1748 72 9 84 0 25 21 NA 21 NA 11 72 1 2 13 33 0 0 0 0 1 2 13 33 0 0 0 0 3 109
237 74 120 88 32 49 156 1738 84 6 86 0 25.5 21 NA 21 NA 6 84 1 3 12 33 0 0 0 0 1 3 12 33 0 0 0 0 1 107
238 81 119 87 32 50 148 1744 74 12 87 0 26 22 NA 22 NA 7 74 1 5 11 33 0 0 0 0 1 5 11 33 0 0 0 0 1 109
239 86 120 89 31 51 140 1761 85 10 88 0 25 23 NA 23 NA 3 85 0 6 13 32 0 0 0 0 0 6 13 32 0 0 0 0 1 132
240 85 117 87 30 50 131 1776 78 9 86 0 26 23 NA 23 NA 4 78 0 5 12 33 0 0 0 0 0 5 12 33 0 0 0 0 0 125
241 60 115 85 30 47 130 1784 83 6 84 0 25 20 NA 20 NA 8 83 0 5 13 29 0 0 0 0 0 5 13 29 0 0 0 0 0 115
242 74 112 84 28 43 128 1793 87 7 85 0 24 20 NA 20 NA 9 87 0 4 11 28 0 0 0 0 0 4 11 28 0 0 0 0 1 126
243 93 111 84 27 44 128 1791 84 3 84 0 25 19.5 NA 19.5 NA 5 84 0 5 10 29 0 0 0 0 0 5 10 29 0 0 0 0 1 119
244 76 109 84 25 40 131 1786 76 5 80 0 23 20.5 NA 20.5 NA 8 76 0 5 8 27 0 0 0 0 0 5 8 27 0 0 0 0 1 93
245 89 111 82 29 39 132 1786 79 5 79 0 24 21 NA 21 NA 9 79 0 4 7 28 0 0 0 0 0 4 7 28 0 0 0 0 1 107
246 76 113 84 29 38 139 1788 81 6 84 0 23 22 NA 22 NA 13 81 0 4 6 28 0 0 0 0 0 4 6 28 0 0 0 0 1 119
247 94 109 81 28 36 143 1776 90 10 82 0 24 23 NA 23 NA 16 90 0 3 6 27 0 0 0 0 0 3 6 27 0 0 0 0 0 108
248 69 111 81 30 36 145 1779 80 3 84 0 24 23 NA 23 NA 6 80 0 2 6 28 0 0 0 0 0 2 6 28 0 0 0 0 1 107
249 80 114 84 30 37 151 1788 67 4 85 0 24.5 23 NA 23 NA 12 67 0 3 6 28 0 0 0 0 0 3 6 28 0 0 0 0 2 109
250 70 114 83 31 40 150 1792 85 9 85 0 25.5 23 NA 23 NA 11 85 0 3 7 30 0 0 0 0 0 3 7 30 0 0 0 0 1 106
251 80 116 85 31 40 149 1806 69 7 88 0 25.5 23 NA 23 NA 10 69 0 3 6 31 0 0 0 0 0 3 6 31 0 0 0 0 0 118
252 71 116 85 31 39 155 1799 96 5 88 0 26 24 NA 24 NA 11 96 0 2 6 31 0 0 0 0 0 2 6 31 0 0 0 0 2 111
253 56 117 86 31 38 159 1821 87 8 87 0 26 24.5 NA 24.5 NA 13 87 0 1 6 31 0 0 0 0 0 1 6 31 0 0 0 0 2 123
254 81 120 87 33 39 162 1832 70 6 86 0 24.5 23 NA 23 NA 7 70 1 2 4 32 0 0 0 0 1 2 4 32 0 0 0 0 2 112
255 79 118 86 32 42 166 1816 86 10 87 0 25 23 NA 23 NA 14 86 0 5 5 32 0 0 0 0 0 5 5 32 0 0 0 0 0 114
256 81 118 86 32 39 169 1807 90 10 85 0 24 21 NA 21 NA 14 90 0 6 5 28 0 0 0 0 0 6 5 28 0 0 0 0 2 119
257 67 118 88 30 40 176 1803 78 8 88 0 23.5 20.5 NA 20.5 NA 15 78 0 7 5 28 0 0 0 0 0 7 5 28 0 0 0 0 2 103
258 63 119 89 30 39 181 1785 87 7 88 0 24 20 NA 20 NA 13 87 0 4 8 27 0 0 0 0 0 4 8 27 0 0 0 0 2 92
259 74 119 89 30 39 183 1795 78 2 87 0 25 20 NA 20 NA 12 78 0 4 8 27 0 0 0 0 0 4 8 27 0 0 0 0 0 112
260 70 115 85 30 38 187 1785 98 8 85 0 25 20 NA 20 NA 13 98 1 3 9 25 0 0 0 0 1 3 9 25 0 0 0 0 0 117
261 81 115 87 28 39 180 1783 78 13 86 0 24 20 NA 20 NA 10 78 1 2 10 26 0 0 0 0 1 2 10 26 0 0 0 0 1 112
262 81 117 89 28 40 181 1782 74 8 86 0 24 20 NA 20 NA 10 74 1 4 9 26 0 0 0 0 1 4 9 26 0 0 0 0 2 100
263 72 117 88 29 41 184 1768 90 12 88 0 24 20 NA 20 NA 16 90 1 3 12 25 0 0 0 0 1 3 12 25 0 0 0 0 0 108
264 91 119 88 31 43 177 1752 82 10 87 0 24 21 NA 21 NA 9 82 1 4 11 27 0 0 0 0 1 4 11 27 0 0 0 0 2 104
265 95 116 84 32 42 170 1741 77 11 86 0 23.5 20.5 NA 20.5 NA 6 77 1 5 11 25 0 0 0 0 1 5 11 25 0 0 0 0 1 97
266 79 112 79 33 40 167 1743 86 7 86 0 23 20.5 NA 20.5 NA 9 86 0 6 9 25 0 0 0 0 0 6 9 25 0 0 0 0 0 119
267 64 113 80 33 40 173 1741 86 4 86 0 24 20.5 NA 20.5 NA 13 86 0 5 10 25 0 0 0 0 0 5 10 25 0 0 0 0 0 105
268 74 115 82 33 42 171 1764 62 7 87 0 23 21 NA 21 NA 9 62 0 4 14 24 0 0 0 0 0 4 14 24 0 0 0 0 1 111
269 70 114 83 31 42 166 1756 84 9 86 0 24 21 NA 21 NA 10 84 0 3 16 23 0 0 0 0 0 3 16 23 0 0 0 0 1 102
270 78 115 87 28 44 169 1764 79 11 85 0 24 22 NA 22 NA 13 79 0 3 15 26 0 0 0 0 0 3 15 26 0 0 0 0 1 113
271 83 119 90 29 42 167 1787 77 12 84 0 22 20.5 NA 20.5 NA 14 77 0 3 14 25 0 0 0 0 0 3 14 25 0 0 0 0 6 123
272 80 123 93 30 42 162 1779 82 8 84 0 23 20 NA 20 NA 7 82 0 4 13 25 0 0 0 0 0 4 13 25 0 0 0 0 2 106
273 66 119 90 29 43 162 1763 94 15 83 0 24 20 NA 20 NA 17 94 0 5 14 24 0 0 0 0 0 5 14 24 0 0 0 0 1 103
274 69 120 90 30 42 169 1756 91 3 84 0 23 20 NA 20 NA 11 91 0 5 14 23 0 0 0 0 0 5 14 23 0 0 0 0 1 114
275 74 123 89 34 41 171 1770 81 10 83 0 22 20 NA 20 NA 15 81 0 4 13 24 0 0 0 0 0 4 13 24 0 0 0 0 1 119
276 89 126 89 37 42 169 1776 74 11 86 0 22 20 NA 20 NA 11 74 0 6 13 23 0 0 0 0 0 6 13 23 0 0 0 0 3 108
277 85 128 92 36 45 165 1744 90 12 85 0 23 20 NA 20 NA 13 90 0 6 13 26 0 0 0 0 0 6 13 26 0 0 0 0 1 92
278 83 127 91 36 44 165 1744 69 8 86 0 24 20 NA 20 NA 9 69 0 5 13 26 0 0 0 0 0 5 13 26 0 0 0 0 1 97
279 94 123 89 34 39 159 1744 77 13 80 0 23 20 NA 20 NA 8 77 0 4 11 24 0 0 0 0 0 4 11 24 0 0 0 0 1 115
280 61 125 90 35 46 149 1763 62 18 83 0 24 19.5 NA 19.5 NA 8 62 1 5 15 25 0 0 0 0 1 5 15 25 0 0 0 0 1 106
281 84 124 92 32 44 146 1778 73 9 83 0 22 19.5 NA 19.5 NA 7 73 0 6 10 28 0 0 0 0 0 6 10 28 0 0 0 0 3 117
282 80 125 94 31 43 146 1800 68 7 84 0 21 20 NA 20 NA 9 68 0 6 9 28 0 0 0 0 0 6 9 28 0 0 0 0 1 123
283 81 127 97 30 43 143 1806 73 7 90 0 21 20 NA 20 NA 10 73 0 6 10 27 0 0 0 0 0 6 10 27 0 0 0 0 2 107
284 69 126 97 29 42 144 1804 89 9 90 0 21.5 20 NA 20 NA 11 89 0 7 9 26 0 0 0 0 0 7 9 26 0 0 0 0 1 112
285 78 126 97 29 42 145 1786 85 9 90 0 21 20 NA 20 NA 12 85 0 5 10 27 0 0 0 0 0 5 10 27 0 0 0 0 1 93
286 72 125 96 29 44 143 1783 77 10 94 0 22 21 NA 21 NA 10 77 1 3 13 27 0 0 0 0 1 3 13 27 0 0 0 0 0 103
287 70 127 93 34 44 144 1759 114 8 95 0 22 20 NA 20 NA 10 114 1 4 11 28 0 0 0 0 1 4 11 28 0 0 0 0 0 120
288 84 126 94 32 43 141 1756 75 10 95 0 22 20 NA 20 NA 9 75 0 4 13 26 0 0 0 0 0 4 13 26 0 0 0 0 1 103
289 71 126 94 32 42 136 1774 73 5 96 0 22 21 NA 21 NA 6 73 0 4 12 26 0 0 0 0 0 4 12 26 0 0 0 0 2 122
290 88 127 94 33 42 141 1774 88 7 96 0 22 21 NA 21 NA 10 88 0 5 8 29 0 0 0 0 0 5 8 29 0 0 0 0 2 121
291 80 130 96 34 47 136 1751 94 16 98 0 22.5 20 NA 20 NA 10 94 0 8 10 29 0 0 0 0 0 8 10 29 0 0 0 0 2 108
292 78 128 96 32 47 138 1774 67 5 97 0 22.5 20 NA 20 NA 7 67 0 8 9 30 0 0 0 0 0 8 9 30 0 0 0 0 1 120
293 82 126 94 32 43 143 1780 80 5 94 0 22 20 NA 20 NA 12 80 0 7 10 26 0 0 0 0 0 7 10 26 0 0 0 0 1 117
294 71 126 93 33 46 145 1789 77 9 95 0 23 19.5 NA 19.5 NA 11 77 0 11 10 25 0 0 0 0 0 11 10 25 0 0 0 0 2 111
295 78 125 93 32 44 152 1802 80 5 93 0 23 19 NA 19 NA 10 80 0 7 13 24 0 0 0 0 0 7 13 24 0 0 0 0 3 127
296 65 125 91 34 45 154 1829 74 11 93 0 23 19 NA 19 NA 12 74 1 9 12 23 0 0 0 0 1 9 12 23 0 0 0 0 1 130
297 78 122 91 31 46 148 1822 88 9 90 0 23 20 NA 20 NA 7 88 1 8 14 23 0 0 0 0 1 8 14 23 0 0 0 0 2 111
298 78 119 88 31 46 149 1807 100 10 89 0 25 20.5 NA 20.5 NA 12 100 1 6 14 25 0 0 0 0 1 6 14 25 0 0 0 0 0 120
299 59 116 85 31 44 151 1823 70 7 89 0 25.5 20.5 NA 20.5 NA 11 70 1 5 14 24 0 0 0 0 1 5 14 24 0 0 0 0 0 110
300 85 115 85 30 42 156 1786 102 6 88 0 25 20 NA 20 NA 12 102 0 4 15 23 0 0 0 0 0 4 15 23 0 0 0 0 1 94
301 85 112 84 28 40 164 1775 98 6 87 0 26.5 20.5 NA 20.5 NA 16 98 0 1 15 24 0 0 0 0 0 1 15 24 0 0 0 0 1 119
302 72 113 84 29 41 166 1791 76 7 89 0 27 21 NA 21 NA 11 76 0 1 13 27 0 0 0 0 0 1 13 27 0 0 0 0 1 119
303 77 115 86 29 41 161 1771 88 9 91 0 27 22 NA 22 NA 8 88 0 1 14 26 0 0 0 0 0 1 14 26 0 0 0 0 3 96
304 58 116 87 29 43 168 1780 82 6 91 0 27 21 NA 21 NA 13 82 1 2 13 27 0 0 0 0 1 2 13 27 0 0 0 0 2 110
305 78 120 87 33 48 160 1778 73 13 95 0 28 21.5 NA 21.5 NA 8 73 1 4 13 30 0 0 0 0 1 4 13 30 0 0 0 0 0 103
306 90 116 85 31 46 161 1771 74 11 92 0 27 22 NA 22 NA 16 74 0 5 13 28 0 0 0 0 0 5 13 28 0 0 0 0 1 100
307 74 112 83 29 43 164 1780 71 5 90 0 26.5 21 NA 21 NA 8 71 0 6 11 26 0 0 0 0 0 6 11 26 0 0 0 0 1 109
308 91 114 83 31 42 170 1760 97 5 89 0 27 21 NA 21 NA 10 97 0 5 12 25 0 0 0 0 0 5 12 25 0 0 0 0 2 109
309 81 112 83 29 42 163 1750 63 15 87 0 27.5 21 NA 21 NA 11 63 0 6 10 26 0 0 0 0 0 6 10 26 0 0 0 0 3 80
310 65 108 80 28 44 148 1755 82 18 84 0 28 21 NA 21 NA 4 82 0 6 11 27 0 0 0 0 0 6 11 27 0 0 0 0 0 113
311 84 107 79 28 45 148 1746 72 6 82 0 29 21 NA 21 NA 7 72 0 5 10 30 0 0 0 0 0 5 10 30 0 0 0 0 1 98
312 71 105 78 27 45 148 1750 77 6 81 0 29 21 NA 21 NA 10 77 0 5 11 29 0 0 0 0 0 5 11 29 0 0 0 0 1 107
313 75 106 79 27 46 152 1760 92 5 82 0 29.5 21.5 NA 21.5 NA 8 92 0 4 10 32 0 0 0 0 0 4 10 32 0 0 0 0 0 127
314 81 105 78 27 49 143 1755 73 9 82 0 31 22 NA 22 NA 5 73 0 3 13 33 0 0 0 0 0 3 13 33 0 0 0 0 1 103
315 79 107 79 28 50 137 1772 82 14 84 0 31 22 NA 22 NA 9 82 0 2 14 34 0 0 0 0 0 2 14 34 0 0 0 0 2 121
316 70 106 78 28 50 142 1780 61 3 84 0 29.5 22.5 NA 22.5 NA 8 61 0 2 13 35 0 0 0 0 0 2 13 35 0 0 0 0 0 95
317 92 108 80 28 50 135 1787 78 5 84 0 28.5 23.5 NA 23.5 NA 3 78 0 2 11 37 0 0 0 0 0 2 11 37 0 0 0 0 2 123
318 87 106 79 27 47 133 1777 86 10 80 0 28 22 NA 22 NA 13 86 0 1 11 35 0 0 0 0 0 1 11 35 0 0 0 0 3 117
319 75 105 78 27 47 142 1770 94 5 80 0 29 22 NA 22 NA 16 94 0 1 13 33 0 0 0 0 0 1 13 33 0 0 0 0 1 112
320 71 104 75 29 46 150 1761 102 5 81 0 29.5 22 NA 22 NA 14 102 0 1 11 34 0 0 0 0 0 1 11 34 0 0 0 0 1 115
321 76 106 75 31 49 149 1750 78 13 83 0 29 22 NA 22 NA 11 78 0 2 12 35 0 0 0 0 0 2 12 35 0 0 0 0 1 100
322 59 107 75 32 48 154 1752 98 2 81 0 29 22.5 NA 22.5 NA 9 98 0 2 11 35 0 0 0 0 0 2 11 35 0 0 0 0 1 124
323 86 109 74 35 49 152 1753 80 7 80 0 29 22 NA 22 NA 7 80 0 4 9 36 0 0 0 0 0 4 9 36 0 0 0 0 2 113
324 89 109 74 35 49 146 1753 82 11 80 0 29 21 NA 21 NA 8 82 0 6 8 35 0 0 0 0 0 6 8 35 0 0 0 0 2 121
325 77 109 75 34 48 148 1774 77 6 79 0 28 21 NA 21 NA 12 77 0 5 7 36 0 0 0 0 0 5 7 36 0 0 0 0 2 120
326 71 109 74 35 47 148 1770 82 8 77 0 26 21 NA 21 NA 11 82 0 6 5 36 0 0 0 0 0 6 5 36 0 0 0 0 2 104
327 64 106 73 33 48 146 1769 83 10 77 0 26.5 21 NA 21 NA 7 83 0 5 8 35 0 0 0 0 0 5 8 35 0 0 0 0 0 105
328 61 108 75 33 47 143 1761 81 7 77 0 25 20 NA 20 NA 8 81 0 5 9 33 0 0 0 0 0 5 9 33 0 0 0 0 3 99
329 70 106 74 32 45 148 1752 95 7 78 0 25.5 20 NA 20 NA 14 95 1 5 7 32 0 0 0 0 1 5 7 32 0 0 0 0 0 119
330 65 105 73 32 46 145 1759 90 7 78 0 26 21 NA 21 NA 11 90 0 6 8 32 0 0 0 0 0 6 8 32 0 0 0 0 2 122
331 78 102 71 31 43 145 1787 74 9 75 0 25.5 21 NA 21 NA 11 74 0 5 8 30 0 0 0 0 0 5 8 30 0 0 0 0 0 126
332 80 103 73 30 42 147 1780 73 3 77 0 26 21.5 NA 21.5 NA 6 73 0 3 10 29 0 0 0 0 0 3 10 29 0 0 0 0 1 96
333 72 99 69 30 42 152 1782 85 7 77 0 26 21 NA 21 NA 13 85 0 3 12 27 0 0 0 0 0 3 12 27 0 0 0 0 0 114
334 78 101 71 30 41 156 1785 62 3 77 0 26 21 NA 21 NA 7 62 0 3 13 25 0 0 0 0 0 3 13 25 0 0 0 0 3 97
335 72 100 71 29 39 151 1794 72 5 75 0 26 21 NA 21 NA 2 72 0 3 13 23 0 0 0 0 0 3 13 23 0 0 0 0 2 109
336 78 99 71 28 39 159 1798 79 6 76 0 27 21 NA 21 NA 15 79 0 3 12 24 0 0 0 0 0 3 12 24 0 0 0 0 0 117
337 81 101 71 30 40 155 1796 72 11 77 0 25 21.5 NA 21.5 NA 9 72 0 3 13 24 0 0 0 0 0 3 13 24 0 0 0 0 1 107
338 78 103 74 29 40 157 1788 93 5 78 0 23 21 NA 21 NA 11 93 1 2 13 24 0 0 0 0 1 2 13 24 0 0 0 0 3 110
339 63 104 76 28 39 148 1786 80 12 76 0 23.5 21 NA 21 NA 6 80 1 1 11 26 0 0 0 0 1 1 11 26 0 0 0 0 2 94
340 88 106 78 28 41 144 1795 80 14 79 0 23 22 NA 22 NA 12 80 1 1 13 26 0 0 0 0 1 1 13 26 0 0 0 0 0 121
341 84 104 76 28 38 149 1798 77 6 78 0 24 22 NA 22 NA 11 77 1 1 12 24 0 0 0 0 1 1 12 24 0 0 0 0 1 112
342 68 107 79 28 40 147 1793 75 11 78 0 24 23.5 NA 23.5 NA 10 75 1 1 12 26 0 0 0 0 1 1 12 26 0 0 0 0 2 106
343 85 108 80 28 40 151 1788 76 6 75 0 22.5 23.5 NA 23.5 NA 10 76 1 1 12 26 0 0 0 0 1 1 12 26 0 0 0 0 2 108
344 81 111 83 28 42 146 1792 90 13 76 0 23 22.5 NA 22.5 NA 8 90 2 2 10 28 0 0 0 0 2 2 10 28 0 0 0 0 2 122
345 65 112 85 27 43 147 1784 84 7 73 0 22.5 23 NA 23 NA 12 84 2 1 11 29 0 0 0 0 2 1 11 29 0 0 0 0 4 109
346 79 114 88 26 41 151 1785 88 9 74 0 22 23 NA 23 NA 13 88 1 1 11 28 0 0 0 0 1 1 11 28 0 0 0 0 2 116
347 86 118 93 25 41 149 1812 66 8 74 0 21.5 23 NA 23 NA 9 66 0 2 12 27 0 0 0 0 0 2 12 27 0 0 0 0 3 124
348 82 115 92 23 39 145 1807 93 12 70 0 22 23 NA 23 NA 10 93 0 2 10 27 0 0 0 0 0 2 10 27 0 0 0 0 0 122
349 76 115 92 23 38 147 1814 76 5 71 0 21 23 NA 23 NA 9 76 0 2 10 26 0 0 0 0 0 2 10 26 0 0 0 0 2 115
350 74 113 90 23 36 148 1802 88 8 73 0 22 22.5 NA 22.5 NA 10 88 0 1 9 26 0 0 0 0 0 1 9 26 0 0 0 0 1 109
351 63 117 94 23 35 152 1800 82 7 75 0 21 22 NA 22 NA 10 82 0 1 7 27 0 0 0 0 0 1 7 27 0 0 0 0 2 104
352 68 116 91 25 34 149 1844 70 8 77 0 19 22.5 NA 22.5 NA 4 70 0 1 7 26 0 0 0 0 0 1 7 26 0 0 0 0 0 138
353 79 116 92 24 35 140 1852 79 9 78 0 19 22 NA 22 NA 2 79 0 2 5 28 0 0 0 0 0 2 5 28 0 0 0 0 1 118
354 86 116 90 26 33 138 1840 101 9 79 0 18 22 NA 22 NA 8 101 0 3 4 26 0 0 0 0 0 3 4 26 0 0 0 0 1 117
355 75 117 90 27 31 145 1828 82 3 79 0 17 22 NA 22 NA 10 82 0 3 4 24 0 0 0 0 0 3 4 24 0 0 0 0 2 101
356 77 118 91 27 30 152 1812 94 7 81 0 18 21 NA 21 NA 13 94 0 4 3 23 0 0 0 0 0 4 3 23 0 0 0 0 3 107
357 93 115 90 25 30 154 1786 91 5 79 0 19 21 NA 21 NA 10 91 0 4 3 23 0 0 0 0 0 4 3 23 0 0 0 0 2 97
358 68 114 90 24 30 148 1785 88 10 80 0 19 21.5 NA 21.5 NA 8 88 0 3 4 23 0 0 0 0 0 3 4 23 0 0 0 0 2 107
359 83 116 92 24 30 147 1797 79 7 87 0 19 21.5 NA 21.5 NA 9 79 0 3 3 24 0 0 0 0 0 3 3 24 0 0 0 0 0 114
360 81 116 92 24 31 150 1830 71 11 85 0 19.5 21 NA 21 NA 15 71 1 3 3 24 0 0 0 0 1 3 3 24 0 0 0 0 2 134
