1 69 108 81 27 50 152 1704 79 8 82 0 24.5 21.5 NA 21.5 NA 6 79 3 2 8 37 0 0 0 0 3 2 8 37 0 0 0 0 1 101
2 73 109 82 27 50 160 1717 85 2 85 0 25 21.5 NA 21.5 NA 12 85 2 3 8 37 0 0 0 0 2 3 8 37 0 0 0 0 1 125
3 78 107 81 26 50 163 1731 69 7 86 0 26 22 NA 22 NA 12 69 1 5 8 36 0 0 0 0 1 5 8 36 0 0 0 0 0 112
4 74 107 82 25 53 161 1750 73 8 88 0 27 22 NA 22 NA 10 73 0 7 9 37 0 0 0 0 0 7 9 37 0 0 0 0 0 120
5 64 108 83 25 57 161 1770 81 11 89 0 27.5 22 NA 22 NA 12 81 0 7 12 38 0 0 0 0 0 7 12 38 0 0 0 0 1 129
6 86 108 83 25 56 159 1744 97 10 89 0 28 22 NA 22 NA 10 97 0 7 10 39 0 0 0 0 0 7 10 39 0 0 0 0 1 108
7 77 108 82 26 57 158 1735 80 8 89 0 29 22 NA 22 NA 9 80 0 7 8 42 0 0 0 0 0 7 8 42 0 0 0 0 1 107
8 59 108 80 28 56 158 1704 97 8 89 0 28.5 22 NA 22 NA 9 97 1 7 8 40 0 0 0 0 1 7 8 40 0 0 0 0 1 91
9 82 113 83 30 56 158 1710 75 7 92 0 29 22 NA 22 NA 7 75 0 7 7 42 0 0 0 0 0 7 7 42 0 0 0 0 3 111
10 72 112 83 29 56 157 1715 81 10 90 0 29 22 NA 22 NA 12 81 0 8 8 40 0 0 0 0 0 8 8 40 0 0 0 0 1 112
11 77 111 82 29 55 165 1730 72 4 89 0 27 22 NA 22 NA 12 72 0 7 10 38 0 0 0 0 0 7 10 38 0 0 0 0 1 122
12 81 112 83 29 55 166 1731 88 10 89 0 28 22 NA 22 NA 12 88 0 7 10 38 0 0 0 0 0 7 10 38 0 0 0 0 3 122
13 70 108 80 28 53 157 1714 87 14 86 0 28 22 NA 22 NA 11 87 0 7 8 38 0 0 0 0 0 7 8 38 0 0 0 0 1 95
14 69 110 81 29 54 155 1732 79 5 85 0 27 22 NA 22 NA 7 79 1 5 11 37 0 0 0 0 1 5 11 37 0 0 0 0 3 128
15 80 111 82 29 54 157 1742 79 6 83 0 27 22 NA 22 NA 8 79 1 6 11 36 0 0 0 0 1 6 11 36 0 0 0 0 2 127
16 75 114 85 29 55 154 1734 79 6 84 0 28 22 NA 22 NA 6 79 1 4 13 37 0 0 0 0 1 4 13 37 0 0 0 0 3 103
17 73 112 83 29 55 154 1752 79 6 85 0 29 22 NA 22 NA 6 79 1 4 13 37 0 0 0 0 1 4 13 37 0 0 0 0 0 125
18 91 117 86 31 57 154 1722 92 7 86 0 29 22 NA 22 NA 7 92 1 3 16 37 0 0 0 0 1 3 16 37 0 0 0 0 4 102
19 95 119 87 32 57 153 1738 70 8 86 0 29 22 NA 22 NA 8 70 1 4 15 37 0 0 0 0 1 4 15 37 0 0 0 0 2 120
20 68 118 86 32 57 153 1746 72 10 86 0 29.5 22 NA 22 NA 13 72 1 4 15 37 0 0 0 0 1 4 15 37 0 0 0 0 1 110
21 87 114 84 30 53 154 1752 80 8 86 0 29 22 NA 22 NA 12 80 1 2 15 35 0 0 0 0 1 2 15 35 0 0 0 0 0 120
22 73 111 82 29 52 153 1758 86 10 85 0 30 22 NA 22 NA 11 86 1 1 15 35 0 0 0 0 1 1 15 35 0 0 0 0 0 123
23 81 110 81 29 52 153 1747 83 9 84 0 30.5 22 NA 22 NA 10 83 1 2 12 37 0 0 0 0 1 2 12 37 0 0 0 0 1 107
24 80 110 80 30 48 154 1736 84 6 84 0 28.5 22 NA 22 NA 10 84 1 2 8 37 0 0 0 0 1 2 8 37 0 0 0 0 3 103
25 91 102 75 27 45 146 1753 67 12 79 0 28 22 NA 22 NA 9 67 1 2 9 33 0 0 0 0 1 2 9 33 0 0 0 0 1 115
26 74 100 72 28 45 144 1747 75 7 80 0 29 22 NA 22 NA 6 75 0 3 9 33 0 0 0 0 0 3 9 33 0 0 0 0 0 99
27 89 98 72 26 45 146 1745 85 7 80 0 30 23 NA 23 NA 11 85 0 2 9 34 0 0 0 0 0 2 9 34 0 0 0 0 1 114
28 78 100 74 26 46 145 1756 85 6 82 0 31 22.5 NA 22.5 NA 7 85 0 3 7 36 0 0 0 0 0 3 7 36 0 0 0 0 2 126
29 61 102 76 26 46 147 1777 63 8 81 0 30.5 22.5 NA 22.5 NA 11 63 0 2 8 36 0 0 0 0 0 2 8 36 0 0 0 0 1 110
30 77 102 77 25 43 148 1754 98 6 81 0 29.5 22 NA 22 NA 7 98 0 2 8 33 0 0 0 0 0 2 8 33 0 0 0 0 2 110
31 81 101 75 26 45 140 1760 76 15 81 0 30 21 NA 21 NA 6 76 0 6 8 31 0 0 0 0 0 6 8 31 0 0 0 0 1 111
32 69 101 74 27 46 145 1764 94 9 79 0 28 21.5 NA 21.5 NA 14 94 0 6 10 30 0 0 0 0 0 6 10 30 0 0 0 0 1 119
33 62 97 70 27 45 136 1802 74 9 76 0 27 22 NA 22 NA 1 74 0 5 9 31 0 0 0 0 0 5 9 31 0 0 0 0 0 131
34 71 96 70 26 43 147 1793 94 3 73 0 25 22 NA 22 NA 13 94 0 6 8 29 0 0 0 0 0 6 8 29 0 0 0 0 1 108
35 76 98 69 29 44 144 1793 78 9 73 0 26 23.5 NA 23.5 NA 8 78 0 6 8 30 0 0 0 0 0 6 8 30 0 0 0 0 1 109
36 88 98 69 29 42 144 1782 100 8 74 0 26.5 23.5 NA 23.5 NA 12 100 0 6 6 30 0 0 0 0 0 6 6 30 0 0 0 0 2 125
37 67 98 71 27 40 138 1809 78 13 72 0 25 23.5 NA 23.5 NA 10 78 0 5 6 29 0 0 0 0 0 5 6 29 0 0 0 0 2 126
38 73 101 70 31 40 144 1779 96 6 71 0 25 25 NA 25 NA 12 96 0 3 9 28 0 0 0 0 0 3 9 28 0 0 0 0 1 100
39 64 101 71 30 41 141 1805 81 10 71 0 25 26 NA 26 NA 8 81 0 2 12 27 0 0 0 0 0 2 12 27 0 0 0 0 1 132
40 81 103 71 32 40 143 1778 84 7 72 0 25 25.5 NA 25.5 NA 10 84 0 1 12 27 0 0 0 0 0 1 12 27 0 0 0 0 1 90
41 62 106 74 32 43 138 1779 69 11 75 0 25.5 26 NA 26 NA 6 69 0 2 12 29 0 0 0 0 0 2 12 29 0 0 0 0 2 101
42 75 102 73 29 39 137 1765 86 9 73 0 24 25 NA 25 NA 10 86 0 2 12 25 0 0 0 0 0 2 12 25 0 0 0 0 2 107
43 78 102 73 29 40 140 1795 72 7 71 0 24.5 25 NA 25 NA 12 72 0 2 12 26 0 0 0 0 0 2 12 26 0 0 0 0 1 129
44 72 99 71 28 38 144 1790 78 3 72 0 25 25 NA 25 NA 7 78 0 1 12 25 0 0 0 0 0 1 12 25 0 0 0 0 0 103
45 89 101 73 28 40 132 1780 77 14 69 0 21 26 NA 26 NA 3 77 1 2 10 27 0 0 0 0 1 2 10 27 0 0 0 0 3 103
46 67 102 74 28 38 131 1788 89 9 67 0 21.5 26 NA 26 NA 10 89 1 2 9 26 0 0 0 0 1 2 9 26 0 0 0 0 1 127
47 72 104 75 29 38 128 1777 86 7 69 0 20.5 25 NA 25 NA 7 86 1 3 9 25 0 0 0 0 1 3 9 25 0 0 0 0 2 100
48 72 107 78 29 37 135 1766 97 3 71 0 20 25 NA 25 NA 12 97 1 2 9 25 0 0 0 0 1 2 9 25 0 0 0 0 1 123
49 69 107 79 28 35 134 1754 100 6 72 0 20 23 NA 23 NA 6 100 1 2 7 25 0 0 0 0 1 2 7 25 0 0 0 0 3 118
50 71 107 80 27 35 131 1762 79 6 74 0 20 21 NA 21 NA 3 79 2 3 6 24 0 0 0 0 2 3 6 24 0 0 0 0 3 116
51 87 108 81 27 35 123 1748 80 13 76 0 21 21 NA 21 NA 6 80 2 3 5 25 0 0 0 0 2 3 5 25 0 0 0 0 0 105
52 81 107 81 26 35 121 1743 91 7 75 0 20 21 NA 21 NA 12 91 1 3 6 25 0 0 0 0 1 3 6 25 0 0 0 0 2 116
53 61 113 85 28 37 133 1736 97 4 78 0 18 21 NA 21 NA 17 97 0 6 6 25 0 0 0 0 0 6 6 25 0 0 0 0 3 115
54 66 117 89 28 40 138 1733 88 5 80 0 19 21.5 NA 21.5 NA 10 88 0 6 7 27 0 0 0 0 0 6 7 27 0 0 0 0 3 111
55 102 116 87 29 39 142 1756 74 10 78 0 19 21 NA 21 NA 12 74 0 8 5 26 0 0 0 0 0 8 5 26 0 0 0 0 1 124
56 75 118 89 29 41 141 1771 75 8 78 0 19.5 21 NA 21 NA 11 75 0 7 6 28 0 0 0 0 0 7 6 28 0 0 0 0 0 123
57 74 124 93 31 44 143 1765 80 9 81 0 19.5 22.5 NA 22.5 NA 14 80 0 7 8 29 0 0 0 0 0 7 8 29 0 0 0 0 4 108
58 65 125 95 30 45 143 1758 67 6 83 0 20 22 NA 22 NA 6 67 0 8 8 29 0 0 0 0 0 8 8 29 0 0 0 0 1 85
59 70 128 98 30 46 139 1768 91 9 84 0 21 22 NA 22 NA 6 91 0 8 9 29 0 0 0 0 0 8 9 29 0 0 0 0 0 127
60 61 126 96 30 46 143 1777 77 9 84 0 22 21.5 NA 21.5 NA 14 77 0 7 10 29 0 0 0 0 0 7 10 29 0 0 0 0 0 110
61 78 123 93 30 46 140 1800 81 9 85 0 23 21.5 NA 21.5 NA 8 81 0 6 11 29 0 0 0 0 0 6 11 29 0 0 0 0 0 125
62 67 124 94 30 48 144 1810 72 7 89 0 24 22 NA 22 NA 14 72 0 7 10 31 0 0 0 0 0 7 10 31 0 0 0 0 1 110
63 78 119 90 29 46 146 1803 92 6 86 0 24 22 NA 22 NA 7 92 0 7 10 29 0 0 0 0 0 7 10 29 0 0 0 0 0 116
64 80 120 91 29 48 148 1772 87 7 87 0 24.5 21.5 NA 21.5 NA 8 87 0 7 11 30 0 0 0 0 0 7 11 30 0 0 0 0 1 93
65 75 119 90 29 49 151 1788 68 7 91 0 25 21 NA 21 NA 11 68 0 8 12 29 0 0 0 0 0 8 12 29 0 0 0 0 1 114
66 67 122 94 28 51 151 1808 84 12 92 0 25.5 22 NA 22 NA 14 84 0 8 14 29 0 0 0 0 0 8 14 29 0 0 0 0 4 130
67 78 120 91 29 50 147 1791 88 8 91 0 26 21.5 NA 21.5 NA 7 88 0 7 15 28 0 0 0 0 0 7 15 28 0 0 0 0 1 98
68 96 123 93 30 51 140 1773 80 8 91 0 25 22 NA 22 NA 2 80 0 8 13 30 0 0 0 0 0 8 13 30 0 0 0 0 5 101
69 77 120 90 30 52 139 1755 73 10 94 0 26.5 21.5 NA 21.5 NA 10 73 0 8 14 30 0 0 0 0 0 8 14 30 0 0 0 0 0 88
70 71 122 91 31 53 146 1769 88 6 96 0 25 21 NA 21 NA 14 88 0 8 14 31 0 0 0 0 0 8 14 31 0 0 0 0 2 129
71 75 124 93 31 52 148 1747 86 9 97 0 24.5 21 NA 21 NA 10 86 0 7 15 30 0 0 0 0 0 7 15 30 0 0 0 0 1 90
72 76 118 88 30 51 137 1752 78 10 91 0 25 19 NA 19 NA 2 78 0 7 15 29 0 0 0 0 0 7 15 29 0 0 0 0 1 106
73 76 113 85 28 52 139 1755 91 8 88 0 26 20 NA 20 NA 12 91 0 7 15 30 0 0 0 0 0 7 15 30 0 0 0 0 0 118
74 72 112 84 28 51 140 1754 78 5 89 0 26.5 19 NA 19 NA 8 78 0 6 15 30 0 0 0 0 0 6 15 30 0 0 0 0 1 108
75 80 109 81 28 49 147 1791 61 5 86 0 27 19 NA 19 NA 11 61 0 6 12 31 0 0 0 0 0 6 12 31 0 0 0 0 0 125
76 83 109 81 28 50 149 1792 80 8 88 0 28 20 NA 20 NA 9 80 0 5 11 34 0 0 0 0 0 5 11 34 0 0 0 0 0 123
77 83 111 84 27 50 153 1764 94 7 86 0 28 21.5 NA 21.5 NA 12 94 0 4 12 34 0 0 0 0 0 4 12 34 0 0 0 0 4 99
78 70 111 85 26 51 149 1762 79 7 87 0 29 21 NA 21 NA 7 79 0 5 11 35 0 0 0 0 0 5 11 35 0 0 0 0 1 101
79 62 111 85 26 52 144 1789 73 9 86 0 29 21.5 NA 21.5 NA 7 73 0 4 13 35 0 0 0 0 0 4 13 35 0 0 0 0 2 128
80 80 107 83 24 50 137 1799 70 10 87 0 30 22 NA 22 NA 7 70 0 5 12 33 0 0 0 0 0 5 12 33 0 0 0 0 0 106
81 78 106 82 24 51 140 1768 91 7 85 0 30.5 22 NA 22 NA 11 91 0 3 14 34 0 0 0 0 0 3 14 34 0 0 0 0 1 88
82 65 107 83 24 51 142 1781 82 9 85 0 30 22 NA 22 NA 14 82 0 2 14 35 0 0 0 0 0 2 14 35 0 0 0 0 1 109
83 80 108 84 24 50 138 1775 87 9 88 0 30 22 NA 22 NA 10 87 0 1 13 36 0 0 0 0 0 1 13 36 0 0 0 0 2 110
84 90 107 83 24 49 138 1761 84 7 87 0 31 22 NA 22 NA 9 84 0 0 12 37 0 0 0 0 0 0 12 37 0 0 0 0 1 109
85 75 106 83 23 47 140 1756 75 2 84 0 31 22 NA 22 NA 9 75 0 0 12 35 0 0 0 0 0 0 12 35 0 0 0 0 2 98
86 62 103 80 23 45 149 1741 103 7 81 0 29 22 NA 22 NA 18 103 0 0 9 36 0 0 0 0 0 0 9 36 0 0 0 0 1 108
87 85 100 78 22 46 147 1734 87 6 80 0 31 22.5 NA 22.5 NA 5 87 0 1 9 36 0 0 0 0 0 1 9 36 0 0 0 0 0 104
88 97 102 82 20 42 149 1735 78 3 75 0 29.5 22 NA 22 NA 7 78 0 0 9 33 0 0 0 0 0 0 9 33 0 0 0 0 3 116
89 86 100 80 20 42 149 1730 92 8 80 0 30.5 22 NA 22 NA 11 92 0 0 8 34 0 0 0 0 0 0 8 34 0 0 0 0 0 122
90 77 99 78 21 40 147 1743 79 6 77 0 30 22.5 NA 22.5 NA 7 79 0 0 8 32 0 0 0 0 0 0 8 32 0 0 0 0 2 122
91 76 99 78 21 41 146 1747 78 5 77 0 31 23 NA 23 NA 8 78 0 0 8 33 0 0 0 0 0 0 8 33 0 0 0 0 2 107
92 81 100 79 21 43 144 1750 72 8 75 0 29 22 NA 22 NA 7 72 0 2 8 33 0 0 0 0 0 2 8 33 0 0 0 0 1 105
93 79 100 79 21 45 141 1759 74 9 72 0 25 22 NA 22 NA 8 74 0 4 6 35 0 0 0 0 0 4 6 35 0 0 0 0 2 113
94 84 100 79 21 44 137 1746 82 9 72 0 26 22 NA 22 NA 7 82 0 4 4 36 0 0 0 0 0 4 4 36 0 0 0 0 1 102
95 93 103 77 26 43 148 1747 84 2 73 0 25 22 NA 22 NA 15 84 0 2 6 35 0 0 0 0 0 2 6 35 0 0 0 0 1 116
96 84 103 77 26 44 143 1739 82 11 72 0 26 22.5 NA 22.5 NA 7 82 0 3 6 35 0 0 0 0 0 3 6 35 0 0 0 0 1 103
97 77 103 76 27 42 146 1734 84 7 71 0 26 22 NA 22 NA 11 84 0 3 6 33 0 0 0 0 0 3 6 33 0 0 0 0 2 113
98 79 107 81 26 41 144 1720 75 8 70 0 24 22 NA 22 NA 7 75 1 1 7 32 0 0 0 0 1 1 7 32 0 0 0 0 3 94
99 81 108 81 27 41 152 1722 74 4 69 0 23 22 NA 22 NA 13 74 1 1 7 32 0 0 0 0 1 1 7 32 0 0 0 0 2 111
100 79 105 80 25 41 152 1724 68 4 73 0 23 22 NA 22 NA 7 68 1 2 6 32 0 0 0 0 1 2 6 32 0 0 0 0 0 105
101 81 106 80 26 41 158 1734 73 5 72 0 24 22 NA 22 NA 12 73 1 1 6 33 0 0 0 0 1 1 6 33 0 0 0 0 1 110
102 79 107 80 27 42 149 1733 92 10 74 0 24 22 NA 22 NA 4 92 1 2 7 32 0 0 0 0 1 2 7 32 0 0 0 0 1 122
103 85 104 80 24 39 155 1715 82 4 71 0 24.5 22 NA 22 NA 14 82 1 1 6 31 0 0 0 0 1 1 6 31 0 0 0 0 2 100
104 85 105 81 24 39 150 1743 67 3 73 0 23 22 NA 22 NA 3 67 1 2 5 31 0 0 0 0 1 2 5 31 0 0 0 0 3 120
105 76 111 86 25 41 150 1737 87 10 77 0 22 22 NA 22 NA 11 87 1 3 6 31 0 0 0 0 1 3 6 31 0 0 0 0 4 104
106 82 112 87 25 43 149 1725 93 9 77 0 21 22 NA 22 NA 10 93 0 5 6 32 0 0 0 0 0 5 6 32 0 0 0 0 4 113
107 66 112 88 24 43 147 1737 71 9 79 0 19 22 NA 22 NA 8 71 1 4 4 34 0 0 0 0 1 4 4 34 0 0 0 0 3 111
108 68 110 88 22 44 150 1740 84 10 79 0 21 22 NA 22 NA 14 84 1 2 6 35 0 0 0 0 1 2 6 35 0 0 0 0 0 108
109 72 110 89 21 43 152 1759 82 10 78 0 21 22 NA 22 NA 11 82 1 1 6 35 0 0 0 0 1 1 6 35 0 0 0 0 3 128
110 66 111 91 20 42 156 1775 77 5 83 0 22 22 NA 22 NA 7 77 1 2 5 34 0 0 0 0 1 2 5 34 0 0 0 0 2 115
111 69 110 91 19 40 161 1787 88 5 79 0 20.5 22 NA 22 NA 9 88 1 3 5 31 0 0 0 0 1 3 5 31 0 0 0 0 2 120
112 81 108 90 18 39 156 1784 73 15 77 0 21 22 NA 22 NA 11 73 1 3 5 30 0 0 0 0 1 3 5 30 0 0 0 0 1 94
113 69 109 89 20 40 151 1786 74 9 78 0 22 22 NA 22 NA 8 74 1 4 4 31 0 0 0 0 1 4 4 31 0 0 0 0 2 105
114 81 108 88 20 40 153 1783 81 7 79 0 22.5 22 NA 22 NA 11 81 1 4 5 30 0 0 0 0 1 4 5 30 0 0 0 0 0 110
115 77 100 81 19 38 155 1771 84 5 74 0 22.5 22 NA 22 NA 10 84 1 4 5 28 0 0 0 0 1 4 5 28 0 0 0 0 0 99
116 80 103 81 22 38 158 1785 83 4 76 0 23 22 NA 22 NA 11 83 0 5 5 28 0 0 0 0 0 5 5 28 0 0 0 0 1 129
117 76 100 78 22 34 163 1793 83 6 77 0 23 22 NA 22 NA 14 83 0 3 5 26 0 0 0 0 0 3 5 26 0 0 0 0 1 118
118 83 98 76 22 34 164 1798 74 11 79 0 23.5 22 NA 22 NA 14 74 0 3 7 24 0 0 0 0 0 3 7 24 0 0 0 0 0 114
119 75 102 80 22 36 167 1789 77 10 80 0 24 22 NA 22 NA 15 77 1 2 8 25 0 0 0 0 1 2 8 25 0 0 0 0 6 106
120 95 101 80 21 38 158 1788 83 12 78 0 25 22.5 NA 22.5 NA 8 83 1 3 8 26 0 0 0 0 1 3 8 26 0 0 0 0 1 106
121 80 104 83 21 38 157 1806 86 8 77 0 24.5 22 NA 22 NA 9 86 1 4 8 25 0 0 0 0 1 4 8 25 0 0 0 0 4 132
122 77 104 83 21 36 152 1812 77 10 76 0 24 22 NA 22 NA 6 77 1 4 8 23 0 0 0 0 1 4 8 23 0 0 0 0 2 109
123 71 108 85 23 36 155 1817 94 8 79 0 24.5 22 NA 22 NA 13 94 1 5 8 22 0 0 0 0 1 5 8 22 0 0 0 0 5 128
124 79 110 86 24 38 154 1799 87 8 78 0 22.5 22.5 NA 22.5 NA 12 87 1 6 8 23 0 0 0 0 1 6 8 23 0 0 0 0 3 103
125 67 108 85 23 40 154 1821 79 8 77 0 22.5 23 NA 23 NA 11 79 1 5 10 24 0 0 0 0 1 5 10 24 0 0 0 0 1 130
126 79 104 81 23 38 159 1822 86 6 74 0 23 23 NA 23 NA 15 86 1 5 7 25 0 0 0 0 1 5 7 25 0 0 0 0 0 118
127 70 106 81 25 40 159 1821 77 7 73 0 23 23 NA 23 NA 8 77 1 6 7 26 0 0 0 0 1 6 7 26 0 0 0 0 1 108
128 73 105 80 25 40 156 1808 88 8 76 0 24 22.5 NA 22.5 NA 7 88 0 7 8 25 0 0 0 0 0 7 8 25 0 0 0 0 1 106
129 86 102 77 25 40 158 1787 89 7 73 0 24.5 22.5 NA 22.5 NA 13 89 0 6 8 26 0 0 0 0 0 6 8 26 0 0 0 0 3 105
130 80 102 78 24 39 153 1792 92 7 71 0 25 22 NA 22 NA 5 92 0 5 8 26 0 0 0 0 0 5 8 26 0 0 0 0 2 122
131 76 100 77 23 37 157 1821 72 7 75 0 25.5 22 NA 22 NA 14 72 0 4 6 27 0 0 0 0 0 4 6 27 0 0 0 0 0 125
132 77 101 79 22 38 164 1822 74 3 74 0 26 22.5 NA 22.5 NA 11 74 0 4 6 28 0 0 0 0 0 4 6 28 0 0 0 0 1 102
133 85 101 79 22 39 159 1823 81 8 77 0 27 23 NA 23 NA 6 81 0 4 7 28 0 0 0 0 0 4 7 28 0 0 0 0 2 113
134 72 104 80 24 40 164 1792 91 9 79 0 28 22.5 NA 22.5 NA 16 91 0 4 8 28 0 0 0 0 0 4 8 28 0 0 0 0 3 93
135 70 106 81 25 40 169 1797 78 9 81 0 26.5 21.5 NA 21.5 NA 14 78 0 5 9 26 0 0 0 0 0 5 9 26 0 0 0 0 3 111
136 86 102 77 25 42 170 1799 79 7 81 0 29 22 NA 22 NA 11 79 0 4 10 28 0 0 0 0 0 4 10 28 0 0 0 0 1 107
137 73 102 75 27 41 178 1794 80 6 78 0 25.5 21 NA 21 NA 15 80 0 5 9 27 0 0 0 0 0 5 9 27 0 0 0 0 2 107
138 82 103 75 28 41 173 1783 93 10 76 0 24 21 NA 21 NA 9 93 0 6 7 28 0 0 0 0 0 6 7 28 0 0 0 0 2 119
139 67 104 76 28 42 164 1805 69 10 77 0 23 21 NA 21 NA 5 69 1 7 7 27 0 0 0 0 1 7 7 27 0 0 0 0 0 114
140 77 104 75 29 41 165 1817 90 5 75 0 23.5 21 NA 21 NA 7 90 1 6 7 27 0 0 0 0 1 6 7 27 0 0 0 0 2 131
141 66 102 74 28 39 162 1811 74 10 73 0 22 18 NA 18 NA 10 74 1 7 5 26 0 0 0 0 1 7 5 26 0 0 0 0 2 100
142 64 101 73 28 39 164 1780 101 7 74 0 23 18 NA 18 NA 10 101 1 8 4 26 0 0 0 0 1 8 4 26 0 0 0 0 1 96
143 84 103 74 29 38 166 1747 86 9 72 0 24 18 NA 18 NA 13 86 1 8 5 24 0 0 0 0 1 8 5 24 0 0 0 0 4 87
144 83 102 71 31 38 168 1772 80 8 69 0 22.5 17.5 NA 17.5 NA 11 80 2 9 5 22 0 0 0 0 2 9 5 22 0 0 0 0 2 137
145 80 102 72 30 36 174 1757 80 7 69 0 22 17 NA 17 NA 18 80 2 7 7 20 0 0 0 0 2 7 7 20 0 0 0 0 1 90
146 80 105 75 30 38 169 1753 64 9 72 0 23 17.5 NA 17.5 NA 7 64 1 8 7 22 0 0 0 0 1 8 7 22 0 0 0 0 1 94
147 82 107 76 31 38 171 1745 88 4 74 0 23 17.5 NA 17.5 NA 10 88 1 5 9 23 0 0 0 0 1 5 9 23 0 0 0 0 3 108
148 69 108 78 30 39 165 1722 103 10 73 0 22.5 18 NA 18 NA 8 103 1 5 9 24 0 0 0 0 1 5 9 24 0 0 0 0 3 104
149 91 102 76 26 35 163 1737 64 4 67 0 20.5 18 NA 18 NA 5 64 1 4 9 21 0 0 0 0 1 4 9 21 0 0 0 0 0 107
150 77 106 80 26 35 161 1753 80 6 68 0 20 18 NA 18 NA 5 80 0 5 9 21 0 0 0 0 0 5 9 21 0 0 0 0 3 118
151 82 106 80 26 36 161 1752 83 6 69 0 19 17.5 NA 17.5 NA 9 83 1 4 11 20 0 0 0 0 1 4 11 20 0 0 0 0 1 110
152 74 107 81 26 36 162 1774 86 7 69 0 18 18 NA 18 NA 15 86 2 4 10 20 0 0 0 0 2 4 10 20 0 0 0 0 1 131
153 70 108 82 26 37 159 1773 91 13 70 0 19 18 NA 18 NA 9 91 2 4 9 22 0 0 0 0 2 4 9 22 0 0 0 0 1 120
154 77 101 76 25 34 168 1762 93 7 65 0 20 17.5 NA 17.5 NA 19 93 2 4 9 19 0 0 0 0 2 4 9 19 0 0 0 0 0 117
155 89 99 74 25 34 172 1748 95 8 65 0 21 17.5 NA 17.5 NA 17 95 1 6 7 20 0 0 0 0 1 6 7 20 0 0 0 0 0 125
156 65 95 71 24 34 173 1743 92 11 63 0 21 17 NA 17 NA 13 92 1 6 9 18 0 0 0 0 1 6 9 18 0 0 0 0 0 114
157 76 93 69 24 34 167 1751 71 9 63 0 22 16 NA 16 NA 8 71 2 6 7 19 0 0 0 0 2 6 7 19 0 0 0 0 1 112
158 86 94 71 23 34 171 1752 92 4 65 0 21.5 16 NA 16 NA 11 92 2 4 8 20 0 0 0 0 2 4 8 20 0 0 0 0 1 121
159 81 97 73 24 36 167 1765 81 10 69 0 21 17 NA 17 NA 10 81 2 4 8 22 0 0 0 0 2 4 8 22 0 0 0 0 1 124
160 78 97 73 24 36 159 1776 69 9 71 0 21 17 NA 17 NA 5 69 1 6 7 22 0 0 0 0 1 6 7 22 0 0 0 0 3 103
161 74 99 74 25 37 160 1772 87 11 73 0 22 18 NA 18 NA 11 87 1 6 7 23 0 0 0 0 1 6 7 23 0 0 0 0 1 108
162 68 101 76 25 36 168 1764 94 6 76 0 22 17 NA 17 NA 13 94 0 6 8 22 0 0 0 0 0 6 8 22 0 0 0 0 1 108
163 79 96 74 22 35 161 1783 66 10 74 0 20.5 19 NA 19 NA 6 66 0 6 9 20 0 0 0 0 0 6 9 20 0 0 0 0 0 115
164 79 94 72 22 34 159 1803 68 10 75 0 20 19 NA 19 NA 9 68 0 7 10 17 0 0 0 0 0 7 10 17 0 0 0 0 0 121
165 72 97 73 24 35 157 1806 77 9 75 0 20 19 NA 19 NA 8 77 0 6 11 18 0 0 0 0 0 6 11 18 0 0 0 0 2 112
166 73 101 73 28 33 158 1818 89 6 74 0 20 19 NA 19 NA 10 89 0 6 10 17 0 0 0 0 0 6 10 17 0 0 0 0 3 124
167 58 99 70 29 34 160 1842 79 8 72 0 21 19 NA 19 NA 10 79 0 7 11 16 0 0 0 0 0 7 11 16 0 0 0 0 0 119
168 86 101 70 31 33 154 1828 92 7 71 0 21 19 NA 19 NA 4 92 0 5 11 17 0 0 0 0 0 5 11 17 0 0 0 0 3 105
169 76 104 72 32 36 150 1815 83 9 71 0 21 19 NA 19 NA 8 83 1 6 12 17 0 0 0 0 1 6 12 17 0 0 0 0 3 102
170 89 104 72 32 37 147 1795 80 7 72 0 22 19 NA 19 NA 7 80 1 5 12 19 0 0 0 0 1 5 12 19 0 0 0 0 1 102
171 76 105 71 34 37 146 1788 89 9 73 0 23 19 NA 19 NA 7 89 1 5 11 20 0 0 0 0 1 5 11 20 0 0 0 0 0 116
172 77 105 71 34 37 144 1770 82 13 75 0 24 19 NA 19 NA 12 82 1 4 11 21 0 0 0 0 1 4 11 21 0 0 0 0 1 96
173 79 110 77 33 39 140 1775 80 8 75 0 23 19 NA 19 NA 10 80 1 3 15 20 0 0 0 0 1 3 15 20 0 0 0 0 1 110
174 83 110 77 33 38 143 1771 90 9 73 0 22.5 21 NA 21 NA 11 90 1 4 12 21 0 0 0 0 1 4 12 21 0 0 0 0 2 116
175 80 110 75 35 38 151 1764 84 5 71 0 23 20 NA 20 NA 14 84 2 3 11 22 0 0 0 0 2 3 11 22 0 0 0 0 1 105
176 75 113 78 35 39 151 1763 83 7 71 0 23 19 NA 19 NA 10 83 2 2 13 22 0 0 0 0 2 2 13 22 0 0 0 0 0 112
177 68 111 75 36 39 153 1768 86 6 73 0 20 21 NA 21 NA 9 86 2 1 13 23 0 0 0 0 2 1 13 23 0 0 0 0 0 113
178 77 111 75 36 40 154 1777 78 9 78 0 20 20 NA 20 NA 10 78 2 2 13 23 0 0 0 0 2 2 13 23 0 0 0 0 0 115
179 58 108 73 35 37 155 1795 70 7 76 0 20.5 19 NA 19 NA 11 70 2 2 12 21 0 0 0 0 2 2 12 21 0 0 0 0 1 112
180 97 110 75 35 37 160 1780 85 8 77 0 20 19 NA 19 NA 15 85 2 3 10 22 0 0 0 0 2 3 10 22 0 0 0 0 0 104
181 80 113 78 35 38 162 1774 80 11 80 0 20 20 NA 20 NA 13 80 0 5 10 23 0 0 0 0 0 5 10 23 0 0 0 0 2 112
182 73 111 76 35 39 162 1760 89 9 77 0 20 21 NA 21 NA 11 89 1 5 9 24 0 0 0 0 1 5 9 24 0 0 0 0 1 107
183 79 111 75 36 39 158 1793 62 8 79 0 19 21 NA 21 NA 4 62 1 4 8 26 0 0 0 0 1 4 8 26 0 0 0 0 1 129
184 69 112 77 35 41 164 1801 82 6 79 0 19 23 NA 23 NA 13 82 0 5 7 29 0 0 0 0 0 5 7 29 0 0 0 0 2 121
185 82 112 78 34 42 165 1789 91 8 84 0 20 22.5 NA 22.5 NA 12 91 0 6 7 29 0 0 0 0 0 6 7 29 0 0 0 0 1 104
186 79 113 78 35 41 162 1807 78 8 85 0 21 22 NA 22 NA 6 78 0 6 6 29 0 0 0 0 0 6 6 29 0 0 0 0 3 123
187 61 113 78 35 41 158 1830 70 8 83 0 21 21 NA 21 NA 8 70 0 7 6 28 0 0 0 0 0 7 6 28 0 0 0 0 0 113
188 77 112 77 35 41 158 1831 83 8 83 0 22 22 NA 22 NA 11 83 0 7 5 29 0 0 0 0 0 7 5 29 0 0 0 0 0 107
189 86 108 74 34 39 157 1807 86 9 80 0 23 21 NA 21 NA 10 86 0 7 4 28 0 0 0 0 0 7 4 28 0 0 0 0 1 101
190 71 106 74 32 41 158 1784 95 14 79 0 22.5 22 NA 22 NA 17 95 0 6 9 26 0 0 0 0 0 6 9 26 0 0 0 0 1 98
191 70 106 76 30 42 159 1775 75 6 76 0 22 22.5 NA 22.5 NA 6 75 0 7 10 25 0 0 0 0 0 7 10 25 0 0 0 0 3 103
192 71 108 78 30 43 156 1782 70 8 78 0 23 23 NA 23 NA 10 70 0 7 12 24 0 0 0 0 0 7 12 24 0 0 0 0 3 102
193 78 110 81 29 45 162 1793 70 6 81 0 23 23 NA 23 NA 13 70 0 6 12 27 0 0 0 0 0 6 12 27 0 0 0 0 1 107
194 64 104 78 26 40 164 1785 81 7 76 0 21.5 22.5 NA 22.5 NA 9 81 0 6 11 23 0 0 0 0 0 6 11 23 0 0 0 0 2 99
195 72 108 82 26 43 162 1795 84 11 78 0 21.5 22 NA 22 NA 13 84 0 7 12 24 0 0 0 0 0 7 12 24 0 0 0 0 2 112
196 83 108 82 26 43 164 1798 73 5 78 0 22 21 NA 21 NA 6 73 0 7 11 25 0 0 0 0 0 7 11 25 0 0 0 0 1 107
197 78 104 79 25 43 160 1772 87 9 75 0 22 21 NA 21 NA 6 87 0 7 12 24 0 0 0 0 0 7 12 24 0 0 0 0 0 94
198 76 109 85 24 42 157 1784 75 6 76 0 22 20.5 NA 20.5 NA 3 75 0 6 12 24 0 0 0 0 0 6 12 24 0 0 0 0 4 117
199 89 109 86 23 42 153 1765 83 10 78 0 22 21 NA 21 NA 7 83 0 5 14 23 0 0 0 0 0 5 14 23 0 0 0 0 0 111
200 75 108 84 24 43 150 1749 95 14 79 0 23.5 21 NA 21 NA 15 95 0 6 13 24 0 0 0 0 0 6 13 24 0 0 0 0 0 112
201 92 111 86 25 41 156 1737 82 5 77 0 22 20 NA 20 NA 13 82 0 5 14 22 0 0 0 0 0 5 14 22 0 0 0 0 2 109
202 85 112 84 28 39 154 1750 69 8 76 0 22 20 NA 20 NA 9 69 0 3 12 24 0 0 0 0 0 3 12 24 0 0 0 0 0 113
203 74 110 83 27 37 146 1751 78 12 78 0 23 21 NA 21 NA 7 78 0 3 12 22 0 0 0 0 0 3 12 22 0 0 0 0 0 104
204 85 108 81 27 35 145 1769 67 2 80 0 23.5 20 NA 20 NA 2 67 0 3 11 21 0 0 0 0 0 3 11 21 0 0 0 0 1 113
205 79 114 85 29 35 146 1788 87 8 82 0 24 20 NA 20 NA 11 87 0 2 9 24 0 0 0 0 0 2 9 24 0 0 0 0 3 127
206 88 113 85 28 36 145 1796 72 5 82 0 24 20 NA 20 NA 4 72 0 2 10 24 0 0 0 0 0 2 10 24 0 0 0 0 1 115
207 77 113 85 28 37 144 1799 78 8 84 0 24 20 NA 20 NA 7 78 0 2 10 25 0 0 0 0 0 2 10 25 0 0 0 0 0 117
208 69 111 84 27 37 147 1805 89 11 82 0 24 20 NA 20 NA 11 89 0 2 11 24 0 0 0 0 0 2 11 24 0 0 0 0 1 121
209 72 108 84 24 39 144 1805 89 14 80 0 25 20 NA 20 NA 11 89 1 3 10 25 0 0 0 0 1 3 10 25 0 0 0 0 0 119
210 72 107 83 24 40 140 1825 66 13 84 0 26 21.5 NA 21.5 NA 9 66 1 4 10 25 0 0 0 0 1 4 10 25 0 0 0 0 2 114
211 64 109 86 23 40 149 1847 72 5 85 0 25 21.5 NA 21.5 NA 14 72 1 2 11 26 0 0 0 0 1 2 11 26 0 0 0 0 2 120
212 68 109 86 23 43 141 1848 69 14 84 0 25 22 NA 22 NA 10 69 1 3 13 26 0 0 0 0 1 3 13 26 0 0 0 0 1 102
213 71 110 88 22 45 137 1852 79 11 85 0 25 23 NA 23 NA 11 79 1 5 14 25 0 0 0 0 1 5 14 25 0 0 0 0 2 113
214 75 108 86 22 46 138 1847 68 4 86 0 26 22.5 NA 22.5 NA 7 68 1 5 14 26 0 0 0 0 1 5 14 26 0 0 0 0 0 92
215 72 106 86 20 44 139 1836 75 5 83 0 24.5 22.5 NA 22.5 NA 11 75 2 5 14 23 0 0 0 0 2 5 14 23 0 0 0 0 1 94
216 70 106 87 19 44 149 1817 85 6 82 0 25 22.5 NA 22.5 NA 16 85 2 5 13 24 0 0 0 0 2 5 13 24 0 0 0 0 0 98
217 83 103 83 20 42 142 1838 69 9 82 0 26 22 NA 22 NA 5 69 1 7 10 24 0 0 0 0 1 7 10 24 0 0 0 0 0 122
218 64 102 82 20 41 145 1841 82 7 82 0 26.5 22 NA 22 NA 11 82 0 6 11 24 0 0 0 0 0 6 11 24 0 0 0 0 0 111
219 61 103 83 20 41 143 1831 83 8 80 0 27 22 NA 22 NA 9 83 0 6 10 25 0 0 0 0 0 6 10 25 0 0 0 0 3 95
220 92 104 84 20 41 141 1843 86 7 81 0 27 22 NA 22 NA 10 86 0 7 9 25 0 0 0 0 0 7 9 25 0 0 0 0 2 129
221 64 101 82 19 38 143 1849 85 4 78 0 28 22.5 NA 22.5 NA 8 85 0 6 9 23 0 0 0 0 0 6 9 23 0 0 0 0 1 117
222 69 104 85 19 37 146 1869 75 6 79 0 27.5 22 NA 22 NA 9 75 0 5 9 23 0 0 0 0 0 5 9 23 0 0 0 0 1 124
223 63 103 86 17 35 153 1886 83 3 78 0 27 22 NA 22 NA 12 83 0 5 7 23 0 0 0 0 0 5 7 23 0 0 0 0 2 124
224 91 96 81 15 34 153 1868 85 4 74 0 26 21 NA 21 NA 8 85 1 4 6 23 0 0 0 0 1 4 6 23 0 0 0 0 0 100
225 58 97 81 16 33 154 1890 74 5 77 0 27 22 NA 22 NA 7 74 1 2 9 21 0 0 0 0 1 2 9 21 0 0 0 0 2 118
226 74 95 80 15 33 157 1881 81 6 73 0 26 22 NA 22 NA 11 81 2 2 8 21 0 0 0 0 2 2 8 21 0 0 0 0 0 97
227 86 94 80 14 36 152 1865 89 11 72 0 27.5 22.5 NA 22.5 NA 10 89 2 2 8 24 0 0 0 0 2 2 8 24 0 0 0 0 1 110
228 71 90 77 13 38 144 1878 73 9 68 0 27 23.5 NA 23.5 NA 4 73 2 3 7 26 0 0 0 0 2 3 7 26 0 0 0 0 1 111
229 73 90 75 15 37 145 1894 66 4 67 0 26.5 23 NA 23 NA 5 66 2 1 10 24 0 0 0 0 2 1 10 24 0 0 0 0 0 109
230 86 89 74 15 36 138 1889 81 7 64 0 26 23 NA 23 NA 3 81 2 0 9 25 0 0 0 0 2 0 9 25 0 0 0 0 3 106
231 79 90 73 17 35 140 1873 82 5 66 0 26 23 NA 23 NA 12 82 2 0 9 24 0 0 0 0 2 0 9 24 0 0 0 0 1 100
232 64 88 71 17 33 138 1869 80 8 64 0 25 24 NA 24 NA 6 80 1 1 10 21 0 0 0 0 1 1 10 21 0 0 0 0 2 101
233 94 87 68 19 31 143 1825 96 7 60 0 22 23 NA 23 NA 13 96 0 2 10 19 0 0 0 0 0 2 10 19 0 0 0 0 1 94
234 73 85 66 19 32 133 1830 87 16 60 0 23 24.5 NA 24.5 NA 7 87 0 2 8 22 0 0 0 0 0 2 8 22 0 0 0 0 0 118
235 63 79 61 18 30 137 1845 73 4 57 0 24 24.5 NA 24.5 NA 9 73 0 2 8 20 0 0 0 0 0 2 8 20 0 0 0 0 0 115
236 80 81 63 18 33 139 1831 98 5 57 0 23 25 NA 25 NA 7 98 0 2 8 23 0 0 0 0 0 2 8 23 0 0 0 0 4 107
237 78 79 62 17 32 138 1825 77 6 57 0 24 24.5 NA 24.5 NA 6 77 0 3 6 23 0 0 0 0 0 3 6 23 0 0 0 0 1 107
238 84 76 59 17 30 133 1808 79 10 55 0 25 23 NA 23 NA 6 79 0 4 6 20 0 0 0 0 0 4 6 20 0 0 0 0 1 98
239 59 78 61 17 31 129 1798 94 7 56 0 25 23 NA 23 NA 6 94 1 4 6 20 0 0 0 0 1 4 6 20 0 0 0 0 1 110
240 73 77 59 18 31 123 1800 80 12 56 0 24 22 NA 22 NA 6 80 1 5 6 19 0 0 0 0 1 5 6 19 0 0 0 0 1 118
241 79 74 56 18 29 124 1810 76 7 54 0 24.5 22 NA 22 NA 10 76 0 5 5 19 0 0 0 0 0 5 5 19 0 0 0 0 0 112
242 69 70 51 19 29 127 1808 89 5 52 0 26.5 22 NA 22 NA 8 89 0 4 5 20 0 0 0 0 0 4 5 20 0 0 0 0 0 111
243 73 70 51 19 30 123 1809 71 11 53 0 26.5 23 NA 23 NA 6 71 0 3 7 20 0 0 0 0 0 3 7 20 0 0 0 0 1 111
244 74 74 54 20 31 125 1838 76 7 53 0 25.5 23 NA 23 NA 12 76 0 4 6 21 0 0 0 0 0 4 6 21 0 0 0 0 3 130
245 77 77 55 22 32 119 1841 72 10 57 0 26 22.5 NA 22.5 NA 6 72 0 4 7 21 0 0 0 0 0 4 7 21 0 0 0 0 3 106
246 81 76 53 23 29 116 1842 82 4 55 0 24 23 NA 23 NA 4 82 0 4 5 20 0 0 0 0 0 4 5 20 0 0 0 0 2 113
247 78 73 50 23 28 119 1862 76 6 51 0 24 23 NA 23 NA 12 76 1 1 7 19 0 0 0 0 1 1 7 19 0 0 0 0 2 126
248 71 74 51 23 28 116 1851 88 9 53 0 24.5 23 NA 23 NA 8 88 1 1 6 20 0 0 0 0 1 1 6 20 0 0 0 0 0 103
249 75 74 51 23 26 116 1835 88 7 51 0 24 23 NA 23 NA 7 88 1 1 6 18 0 0 0 0 1 1 6 18 0 0 0 0 1 107
250 83 75 52 23 25 124 1822 84 6 50 0 22 23 NA 23 NA 14 84 1 1 6 17 0 0 0 0 1 1 6 17 0 0 0 0 2 106
251 77 76 53 23 27 129 1833 73 5 51 0 22.5 24 NA 24 NA 13 73 1 1 6 19 0 0 0 0 1 1 6 19 0 0 0 0 1 111
252 84 75 53 22 26 133 1832 82 6 48 0 22 23.5 NA 23.5 NA 10 82 0 2 5 19 0 0 0 0 0 2 5 19 0 0 0 0 0 107
253 74 77 55 22 28 125 1837 77 13 50 0 22 23 NA 23 NA 7 77 0 4 5 19 0 0 0 0 0 4 5 19 0 0 0 0 0 111
254 76 78 56 22 27 121 1836 75 9 51 0 21 23 NA 23 NA 7 75 0 4 4 19 0 0 0 0 0 4 4 19 0 0 0 0 1 105
255 63 75 54 21 27 125 1850 76 6 51 0 22 23 NA 23 NA 11 76 0 3 4 20 0 0 0 0 0 3 4 20 0 0 0 0 0 120
256 73 74 54 20 23 125 1849 75 3 46 0 17.5 22 NA 22 NA 5 75 0 3 3 17 0 0 0 0 0 3 3 17 0 0 0 0 4 106
257 79 75 54 21 24 132 1861 78 5 48 0 17 20.5 NA 20.5 NA 12 78 0 3 4 17 0 0 0 0 0 3 4 17 0 0 0 0 1 121
258 72 77 55 22 24 133 1856 74 7 50 0 17 20.5 NA 20.5 NA 10 74 0 3 4 17 0 0 0 0 0 3 4 17 0 0 0 0 2 100
259 105 77 55 22 25 140 1832 93 7 53 0 18 22 NA 22 NA 14 93 0 4 3 18 0 0 0 0 0 4 3 18 0 0 0 0 0 111
260 74 76 54 22 26 136 1854 77 10 53 0 19 19 NA 19 NA 8 77 0 5 3 18 0 0 0 0 0 5 3 18 0 0 0 0 0 131
261 76 76 55 21 26 136 1836 87 5 53 0 20 21 NA 21 NA 11 87 0 5 3 18 0 0 0 0 0 5 3 18 0 0 0 0 0 100
262 85 77 55 22 26 146 1841 83 3 55 0 21 21 NA 21 NA 13 83 0 4 4 18 0 0 0 0 0 4 4 18 0 0 0 0 1 120
263 69 78 56 22 25 154 1812 107 8 54 0 20.5 23 NA 23 NA 15 107 0 4 4 17 0 0 0 0 0 4 4 17 0 0 0 0 1 109
264 76 82 57 25 28 154 1787 89 8 57 0 19.5 22.5 NA 22.5 NA 8 89 0 5 5 18 0 0 0 0 0 5 5 18 0 0 0 0 2 98
265 82 82 57 25 27 148 1794 76 10 59 0 20 22 NA 22 NA 6 76 0 4 6 17 0 0 0 0 0 4 6 17 0 0 0 0 0 107
266 77 82 59 23 26 152 1788 94 7 57 0 20 19 NA 19 NA 15 94 1 3 5 17 0 0 0 0 1 3 5 17 0 0 0 0 1 117
267 76 87 64 23 26 154 1774 82 5 58 0 20 19 NA 19 NA 9 82 1 3 5 17 0 0 0 0 1 3 5 17 0 0 0 0 2 95
268 85 89 66 23 26 149 1752 87 3 62 0 20 20.5 NA 20.5 NA 3 87 1 3 5 17 0 0 0 0 1 3 5 17 0 0 0 0 2 99
269 80 90 67 23 24 147 1744 85 6 61 0 19 19 NA 19 NA 8 85 1 3 3 17 0 0 0 0 1 3 3 17 0 0 0 0 2 104
270 65 91 65 26 28 140 1769 72 14 62 0 20 22.5 NA 22.5 NA 10 72 0 4 6 18 0 0 0 0 0 4 6 18 0 0 0 0 1 118
271 96 92 65 27 29 140 1770 69 11 62 0 20 22 NA 22 NA 13 69 0 3 8 18 0 0 0 0 0 3 8 18 0 0 0 0 1 115
272 85 96 69 27 29 146 1749 87 4 61 0 19 22 NA 22 NA 13 87 0 4 8 17 0 0 0 0 0 4 8 17 0 0 0 0 4 100
273 83 94 68 26 30 137 1764 72 9 59 0 20 20.5 NA 20.5 NA 4 72 1 4 8 17 0 0 0 0 1 4 8 17 0 0 0 0 0 115
274 68 97 71 26 31 137 1736 98 6 60 0 20 22 NA 22 NA 8 98 1 3 10 17 0 0 0 0 1 3 10 17 0 0 0 0 1 97
275 103 101 75 26 32 138 1736 68 6 61 0 19 22.5 NA 22.5 NA 9 68 1 4 11 16 0 0 0 0 1 4 11 16 0 0 0 0 3 108
276 82 103 75 28 31 145 1729 84 6 63 0 19 23 NA 23 NA 17 84 1 2 12 16 0 0 0 0 1 2 12 16 0 0 0 0 3 104
277 81 102 75 27 33 151 1706 86 6 61 0 18.5 23 NA 23 NA 15 86 1 4 10 18 0 0 0 0 1 4 10 18 0 0 0 0 2 97
278 73 101 76 25 31 147 1726 78 9 61 0 16 22 NA 22 NA 8 78 1 3 9 18 0 0 0 0 1 3 9 18 0 0 0 0 1 129
279 90 101 76 25 30 144 1727 68 9 64 0 16 23 NA 23 NA 9 68 1 3 10 16 0 0 0 0 1 3 10 16 0 0 0 0 2 97
280 82 98 74 24 30 151 1739 76 5 64 0 17 23 NA 23 NA 14 76 1 4 10 15 0 0 0 0 1 4 10 15 0 0 0 0 1 114
281 75 96 72 24 32 156 1745 87 8 66 0 17.5 23 NA 23 NA 13 87 1 5 10 16 0 0 0 0 1 5 10 16 0 0 0 0 0 125
282 68 97 73 24 33 150 1774 70 8 68 0 18 23 NA 23 NA 6 70 1 5 10 17 0 0 0 0 1 5 10 17 0 0 0 0 1 122
283 76 97 73 24 34 152 1771 80 10 69 0 19 22.5 NA 22.5 NA 14 80 1 6 9 18 0 0 0 0 1 6 9 18 0 0 0 0 0 104
284 76 99 75 24 34 150 1766 69 4 75 0 19 22.5 NA 22.5 NA 4 69 0 7 9 18 0 0 0 0 0 7 9 18 0 0 0 0 1 94
285 81 104 79 25 34 152 1780 78 9 74 0 18.5 20 NA 20 NA 13 78 0 8 9 17 0 0 0 0 0 8 9 17 0 0 0 0 2 118
286 72 103 79 24 34 152 1768 98 6 76 0 19 20 NA 20 NA 9 98 0 8 8 18 0 0 0 0 0 8 8 18 0 0 0 0 0 117
287 80 101 77 24 35 154 1740 90 9 80 0 20 21 NA 21 NA 11 90 0 7 11 17 0 0 0 0 0 7 11 17 0 0 0 0 0 88
288 66 98 75 23 36 153 1744 82 12 79 0 21.5 19.5 NA 19.5 NA 12 82 0 7 9 20 0 0 0 0 0 7 9 20 0 0 0 0 0 109
289 70 100 77 23 38 157 1756 79 6 81 0 22 21.5 NA 21.5 NA 14 79 0 6 10 22 0 0 0 0 0 6 10 22 0 0 0 0 0 121
290 67 98 75 23 37 154 1761 78 7 79 0 23 18 NA 18 NA 5 78 0 5 11 21 0 0 0 0 0 5 11 21 0 0 0 0 1 109
291 88 98 75 23 41 148 1765 86 9 81 0 24 21 NA 21 NA 10 86 0 8 12 21 0 0 0 0 0 8 12 21 0 0 0 0 1 115
292 81 103 77 26 41 151 1756 86 6 82 0 24 21 NA 21 NA 13 86 0 7 10 24 0 0 0 0 0 7 10 24 0 0 0 0 2 111
293 71 102 76 26 42 141 1774 63 9 78 0 24 20.5 NA 20.5 NA 2 63 0 7 9 26 0 0 0 0 0 7 9 26 0 0 0 0 3 112
294 63 98 73 25 41 135 1781 85 7 76 0 25 21 NA 21 NA 5 85 0 6 10 25 0 0 0 0 0 6 10 25 0 0 0 0 0 110
295 84 99 74 25 42 139 1766 82 8 75 0 25 21 NA 21 NA 14 82 0 5 11 26 0 0 0 0 0 5 11 26 0 0 0 0 2 102
296 72 96 71 25 44 137 1763 86 9 74 0 26 20.5 NA 20.5 NA 9 86 1 3 15 25 0 0 0 0 1 3 15 25 0 0 0 0 0 110
297 77 98 72 26 44 131 1759 88 9 80 0 27 20.5 NA 20.5 NA 6 88 1 3 15 25 0 0 0 0 1 3 15 25 0 0 0 0 1 123
298 81 100 74 26 44 129 1757 84 11 79 0 27.5 20.5 NA 20.5 NA 11 84 1 3 15 25 0 0 0 0 1 3 15 25 0 0 0 0 2 114
299 86 99 75 24 45 125 1771 70 9 78 0 28 21 NA 21 NA 7 70 1 3 16 25 0 0 0 0 1 3 16 25 0 0 0 0 0 112
300 86 100 75 25 47 134 1755 87 6 79 0 28.5 21 NA 21 NA 16 87 1 1 18 27 0 0 0 0 1 1 18 27 0 0 0 0 0 104
301 87 98 75 23 48 131 1732 88 11 76 0 29 21 NA 21 NA 10 88 1 2 18 27 0 0 0 0 1 2 18 27 0 0 0 0 0 94
302 88 96 74 22 45 136 1729 80 3 75 0 30 21 NA 21 NA 8 80 1 1 16 27 0 0 0 0 1 1 16 27 0 0 0 0 1 107
303 88 97 72 25 45 144 1701 77 6 74 0 29 21 NA 21 NA 16 77 1 2 14 28 0 0 0 0 1 2 14 28 0 0 0 0 1 84
304 82 97 72 25 44 142 1687 83 12 76 0 30 22.5 NA 22.5 NA 11 83 0 3 14 27 0 0 0 0 0 3 14 27 0 0 0 0 0 102
305 74 99 75 24 44 144 1727 64 4 77 0 30 22.5 NA 22.5 NA 7 64 0 3 13 28 0 0 0 0 0 3 13 28 0 0 0 0 3 125
306 78 101 77 24 44 141 1720 77 7 76 0 30 24 NA 24 NA 9 77 0 3 11 30 0 0 0 0 0 3 11 30 0 0 0 0 2 101
307 84 100 77 23 45 144 1729 83 5 75 0 30.5 24 NA 24 NA 8 83 0 4 11 30 0 0 0 0 0 4 11 30 0 0 0 0 0 118
308 78 98 75 23 42 149 1740 83 9 71 0 29.5 22.5 NA 22.5 NA 14 83 0 4 7 31 0 0 0 0 0 4 7 31 0 0 0 0 2 122
309 85 100 77 23 43 151 1746 83 12 73 0 29.5 24 NA 24 NA 17 83 0 3 9 31 0 0 0 0 0 3 9 31 0 0 0 0 1 124
310 80 100 76 24 44 145 1762 77 10 75 0 29 22.5 NA 22.5 NA 6 77 0 4 9 31 0 0 0 0 0 4 9 31 0 0 0 0 0 125
311 84 99 75 24 47 138 1766 69 7 74 0 27 24 NA 24 NA 1 69 0 4 8 35 0 0 0 0 0 4 8 35 0 0 0 0 1 105
312 77 100 75 25 47 129 1761 81 8 74 0 27.5 24 NA 24 NA 1 81 0 4 7 36 0 0 0 0 0 4 7 36 0 0 0 0 1 99
313 77 106 79 27 46 132 1751 87 3 75 0 27 24.5 NA 24.5 NA 9 87 0 3 8 35 0 0 0 0 0 3 8 35 0 0 0 0 5 109
314 83 108 81 27 45 142 1741 85 3 76 0 25.5 25 NA 25 NA 17 85 0 2 8 35 0 0 0 0 0 2 8 35 0 0 0 0 3 116
315 65 107 80 27 45 148 1748 84 7 78 0 26 25 NA 25 NA 13 84 0 1 9 35 0 0 0 0 0 1 9 35 0 0 0 0 0 116
316 95 103 76 27 43 146 1734 79 9 75 0 27 25 NA 25 NA 8 79 1 0 8 34 0 0 0 0 1 0 8 34 0 0 0 0 0 109
317 61 100 74 26 43 147 1745 77 10 76 0 27.5 25 NA 25 NA 12 77 0 2 8 33 0 0 0 0 0 2 8 33 0 0 0 0 0 105
318 81 99 72 27 43 143 1759 75 9 77 0 27 25 NA 25 NA 9 75 0 3 8 32 0 0 0 0 0 3 8 32 0 0 0 0 2 114
319 68 100 74 26 44 149 1758 86 4 77 0 26.5 25 NA 25 NA 9 86 0 4 8 32 0 0 0 0 0 4 8 32 0 0 0 0 1 112
320 88 99 73 26 43 148 1762 83 8 76 0 26 25 NA 25 NA 7 83 0 5 7 31 0 0 0 0 0 5 7 31 0 0 0 0 1 121
321 98 100 74 26 43 152 1761 85 8 77 0 25.5 25 NA 25 NA 14 85 0 4 6 33 0 0 0 0 0 4 6 33 0 0 0 0 0 121
322 82 103 76 27 44 150 1764 76 11 78 0 25 25 NA 25 NA 10 76 0 4 7 33 0 0 0 0 0 4 7 33 0 0 0 0 1 110
323 77 104 74 30 43 153 1782 80 5 78 0 25.5 25 NA 25 NA 11 80 0 3 8 32 0 0 0 0 0 3 8 32 0 0 0 0 2 124
324 86 105 74 31 44 157 1769 92 11 79 0 26 23 NA 23 NA 14 92 0 4 8 32 0 0 0 0 0 4 8 32 0 0 0 0 0 114
325 67 108 76 32 45 162 1763 86 5 86 0 27 21 NA 21 NA 11 86 1 4 7 33 0 0 0 0 1 4 7 33 0 0 0 0 2 106
326 80 111 79 32 46 164 1765 71 5 87 0 26 21 NA 21 NA 7 71 1 5 5 35 0 0 0 0 1 5 5 35 0 0 0 0 2 99
327 71 112 81 31 45 161 1780 70 7 85 0 25.5 21 NA 21 NA 6 70 1 6 4 34 0 0 0 0 1 6 4 34 0 0 0 0 3 114
328 89 113 82 31 43 160 1758 97 10 82 0 25 21 NA 21 NA 13 97 1 6 3 33 0 0 0 0 1 6 3 33 0 0 0 0 3 113
329 78 116 85 31 44 160 1758 91 12 82 0 25 21 NA 21 NA 12 91 1 6 4 33 0 0 0 0 1 6 4 33 0 0 0 0 3 128
330 73 115 84 31 43 159 1768 75 8 81 0 25 21 NA 21 NA 8 75 0 6 5 32 0 0 0 0 0 6 5 32 0 0 0 0 1 114
331 79 116 86 30 45 147 1772 83 16 81 0 25.5 21 NA 21 NA 7 83 1 6 6 32 0 0 0 0 1 6 6 32 0 0 0 0 2 122
332 86 112 82 30 44 143 1783 88 9 79 0 26 21 NA 21 NA 7 88 1 5 9 29 0 0 0 0 1 5 9 29 0 0 0 0 0 134
333 74 112 82 30 42 144 1790 80 7 78 0 26.5 21 NA 21 NA 10 80 1 5 8 28 0 0 0 0 1 5 8 28 0 0 0 0 2 109
334 76 108 81 27 38 143 1792 71 5 76 0 26 23 NA 23 NA 6 71 0 5 6 27 0 0 0 0 0 5 6 27 0 0 0 0 1 105
335 74 107 80 27 38 139 1811 78 7 77 0 27 23 NA 23 NA 4 78 0 5 5 28 0 0 0 0 0 5 5 28 0 0 0 0 0 119
336 82 105 79 26 37 136 1812 75 8 74 0 27 25 NA 25 NA 8 75 0 5 5 27 0 0 0 0 0 5 5 27 0 0 0 0 1 103
337 58 105 80 25 38 138 1795 98 6 75 0 24 25 NA 25 NA 8 98 0 2 9 27 0 0 0 0 0 2 9 27 0 0 0 0 2 104
338 74 105 81 24 39 139 1791 93 6 77 0 25 24 NA 24 NA 12 93 0 3 10 26 0 0 0 0 0 3 10 26 0 0 0 0 1 120
339 70 109 86 23 38 136 1793 83 6 77 0 21 24.5 NA 24.5 NA 6 83 0 3 8 27 0 0 0 0 0 3 8 27 0 0 0 0 4 114
340 78 103 81 22 36 145 1807 79 4 77 0 21 24 NA 24 NA 15 79 0 4 7 25 0 0 0 0 0 4 7 25 0 0 0 0 0 126
341 99 104 80 24 35 146 1779 90 10 77 0 20.5 25 NA 25 NA 13 90 0 3 5 27 0 0 0 0 0 3 5 27 0 0 0 0 1 105
342 88 106 83 23 38 148 1775 95 8 80 0 21 24.5 NA 24.5 NA 10 95 0 3 7 28 0 0 0 0 0 3 7 28 0 0 0 0 2 129
343 86 105 82 23 38 149 1785 78 6 81 0 22 24.5 NA 24.5 NA 8 78 0 3 7 28 0 0 0 0 0 3 7 28 0 0 0 0 2 116
344 81 106 85 21 37 145 1766 79 9 77 0 21 24 NA 24 NA 6 79 0 5 6 26 0 0 0 0 0 5 6 26 0 0 0 0 4 94
345 79 105 82 23 34 152 1773 83 4 76 0 20 22 NA 22 NA 16 83 0 5 5 24 0 0 0 0 0 5 5 24 0 0 0 0 0 114
346 57 105 82 23 35 153 1783 87 7 75 0 21 21 NA 21 NA 9 87 0 6 5 24 0 0 0 0 0 6 5 24 0 0 0 0 1 117
347 72 103 81 22 35 149 1824 54 4 73 0 21 21 NA 21 NA 2 54 0 6 6 23 0 0 0 0 0 6 6 23 0 0 0 0 1 121
348 61 104 81 23 36 153 1822 95 9 73 0 22 22 NA 22 NA 15 95 0 6 7 23 0 0 0 0 0 6 7 23 0 0 0 0 1 115
349 87 99 77 22 35 153 1809 79 9 72 0 22 23 NA 23 NA 10 79 0 6 5 24 0 0 0 0 0 6 5 24 0 0 0 0 0 101
350 75 98 76 22 35 153 1827 68 5 73 0 23 23 NA 23 NA 9 68 0 4 7 24 0 0 0 0 0 4 7 24 0 0 0 0 0 111
351 67 98 77 21 36 157 1848 71 10 76 0 24 23 NA 23 NA 16 71 0 2 10 24 0 0 0 0 0 2 10 24 0 0 0 0 2 123
352 65 96 75 21 39 153 1847 82 7 76 0 25.5 23 NA 23 NA 6 82 0 3 11 25 0 0 0 0 0 3 11 25 0 0 0 0 0 107
353 80 92 70 22 36 157 1817 105 3 73 0 25.5 24.5 NA 24.5 NA 6 105 0 3 11 22 0 0 0 0 0 3 11 22 0 0 0 0 1 112
354 86 92 71 21 36 152 1796 86 11 71 0 26 25 NA 25 NA 7 86 0 3 12 21 0 0 0 0 0 3 12 21 0 0 0 0 2 103
355 74 94 71 23 37 151 1795 92 12 71 0 26.5 25 NA 25 NA 12 92 0 1 15 21 0 0 0 0 0 1 15 21 0 0 0 0 2 116
356 77 92 71 21 37 153 1790 81 6 72 0 27 25 NA 25 NA 8 81 0 2 16 19 0 0 0 0 0 2 16 19 0 0 0 0 1 109
357 100 94 72 22 36 153 1794 72 8 71 0 27 25.5 NA 25.5 NA 11 72 0 1 16 19 0 0 0 0 0 1 16 19 0 0 0 0 2 112
358 54 101 79 22 37 154 1817 78 8 72 0 27 26 NA 26 NA 10 78 0 1 15 21 0 0 0 0 0 1 15 21 0 0 0 0 4 120
359 76 99 77 22 36 154 1808 79 8 68 0 26 25 NA 25 NA 10 79 0 2 12 22 0 0 0 0 0 2 12 22 0 0 0 0 2 102
360 52 99 77 22 35 153 1823 69 5 68 0 24 25 NA 25 NA 6 69 0 1 13 21 0 0 0 0 0 1 13 21 0 0 0 0 1 106
