1 76 122 104 18 50 173 1748 126 370 98 474 29 23 42 23 6 22 126 0 4 12 34 0 0 0 2 0 4 12 31 0 0 0 1
2 70 120 102 18 50 179 1702 143 377 95 792 29 23 43 23 6 18 143 0 5 11 34 0 0 0 1 0 5 11 32 0 0 0 1
3 65 121 103 18 52 179 1655 154 382 96 1052 30 23 37.5 23 20.5 13 154 0 5 12 35 0 0 1 1 0 5 11 32 0 0 0 2
4 73 117 100 17 53 186 1634 153 381 94 1252 30 23 31.5 23 11 21 153 0 6 14 33 0 2 2 2 0 3 12 29 0 1 0 2
5 75 119 101 18 51 189 1597 171 388 94 1416 28 23 31.5 23 23 18 171 0 6 12 33 0 2 2 2 0 3 10 28 0 1 0 3
6 84 117 99 18 52 184 1562 179 402 95 1560 29 23 28.5 22.5 23 21 179 1 6 13 32 1 2 3 2 0 3 10 27 0 1 0 3
1 87 121 103 18 51 158 1760 104 378 99 439 29 23 17.5 22.5 27 16 104 0 5 13 33 0 1 0 1 0 4 12 30 0 0 1 2
2 63 121 102 19 48 162 1735 135 380 95 742 29 22.5 17.5 22 27 18 135 0 6 11 31 0 1 0 1 0 5 10 28 0 0 1 2
3 73 124 107 17 50 160 1710 137 387 95 1018 28.5 23 27 23 12 14 137 0 6 11 33 0 1 1 2 0 4 9 28 0 1 1 3
4 71 123 106 17 52 167 1659 165 389 94 1210 29 23 24 23 12 22 165 0 6 13 33 0 2 1 2 0 3 11 28 0 1 1 3
5 74 122 105 17 56 164 1620 159 396 94 1409 28.5 23 24 23 12 15 159 0 8 11 37 0 3 1 3 0 4 9 31 0 1 1 3
6 70 121 103 18 56 167 1591 175 400 95 1533 29 23 30 22.5 12 22 175 0 8 11 37 0 3 1 5 0 4 9 29 0 1 1 3
7 82 122 105 17 57 173 1557 182 405 95 1641 28.5 23 28.5 22.5 12 23 182 0 6 14 37 0 1 4 5 0 4 9 29 0 1 1 3
8 77 120 104 16 57 178 1533 175 410 93 1756 29 23 27 22 12 23 175 0 6 14 37 0 2 4 5 0 3 9 29 0 1 1 3
9 84 119 101 18 60 177 1548 171 418 93 1834 29 22 23 20 19.5 20 171 1 8 14 37 1 5 4 6 0 2 9 27 0 1 1 4
10 77 118 100 18 62 189 1545 159 428 93 1909 30 22 23 20 25.5 33 159 1 6 16 39 1 5 5 7 0 0 10 28 0 1 1 4
11 61 120 102 18 64 188 1536 181 439 94 1985 31 22 23 20 25.5 25 181 2 5 15 42 2 4 6 8 0 0 9 29 0 1 0 5
12 83 118 99 19 63 192 1511 192 450 93 2034 30 21 22 19.5 25.5 28 192 2 6 14 41 2 5 6 8 0 0 8 28 0 1 0 5
13 87 120 102 18 62 194 1499 194 456 89 2083 29.5 21.5 23 19.5 25.5 21 194 2 6 13 41 2 5 7 8 0 0 6 28 0 1 0 5
14 72 117 99 18 61 191 1528 178 462 88 2132 30 21 24 19 25.5 19 178 2 6 14 39 2 5 8 8 0 0 6 26 0 1 0 5
15 83 114 96 18 62 197 1521 218 471 89 2191 29.5 21 23 19 25.5 28 218 0 9 15 38 0 9 9 8 0 0 5 25 0 0 1 5
16 67 118 99 19 62 217 1492 223 481 91 2235 30 21 23 19 25.5 39 223 0 9 13 40 0 9 8 9 0 0 4 26 0 0 1 5
17 85 118 100 18 65 212 1462 207 488 90 2255 30.5 21 22 19 25.5 21 207 1 8 15 41 1 8 10 9 0 0 4 27 0 0 1 5
18 61 114 96 18 61 212 1511 184 494 89 2293 30 20 22 19 12 21 184 0 8 15 38 0 8 10 9 0 0 4 25 0 0 1 4
19 65 117 97 20 62 215 1509 194 499 90 2350 30 20 21.5 19 12 28 194 1 7 13 41 1 7 8 12 0 0 4 25 0 0 1 4
20 69 121 101 20 63 221 1502 206 502 91 2379 29 20 21 19 12 23 206 1 7 13 42 1 7 9 12 0 0 3 26 0 0 1 4
21 91 117 100 17 60 227 1519 213 509 87 2396 28 20 21 20 12 29 213 1 5 14 40 1 5 11 11 0 0 2 25 0 0 1 4
22 82 118 102 16 60 235 1506 211 518 85 2422 28 20 21 19.5 12 30 211 2 4 12 42 2 4 11 12 0 0 0 26 0 0 1 4
23 66 120 102 18 62 233 1538 190 529 87 2476 29 20 21 20 12 23 190 2 6 12 42 2 6 11 13 0 0 0 25 0 0 1 4
24 85 118 100 18 64 231 1556 201 545 88 2511 30 20 21 19.5 12 27 201 3 6 14 41 3 6 13 13 0 0 0 24 0 0 1 4
25 72 117 100 17 64 235 1536 233 555 89 2537 29 20 21 19 12 32 233 2 8 11 43 2 8 10 16 0 0 0 23 0 0 1 4
26 80 117 100 17 64 230 1529 213 564 86 2560 29 19.5 20.5 19 12 29 213 2 9 12 41 2 9 11 16 0 0 0 21 0 0 1 4
27 62 114 98 16 63 222 1552 226 571 81 2587 27.5 19 19.5 19 12 20 226 4 6 14 39 4 6 14 14 0 0 0 20 0 0 0 5
28 73 114 98 16 64 221 1558 224 585 84 2617 28 19 19 19 12 27 224 4 7 14 39 4 7 14 14 0 0 0 20 0 0 0 5
29 94 116 100 16 63 219 1548 218 585 85 2624 26.5 19 19 19 9 17 218 3 8 12 40 3 8 12 16 0 0 0 20 0 0 0 4
30 74 112 96 16 60 225 1496 262 592 81 2642 27 18.5 19.5 18.5 9 28 262 3 5 13 39 3 5 13 17 0 0 0 18 0 0 0 4
31 67 112 96 16 60 215 1554 183 598 81 2658 26.5 17.5 19 18 9 19 183 1 8 12 39 1 8 12 18 0 0 0 17 0 0 0 4
32 81 108 92 16 58 210 1570 183 604 81 2681 26 17 18 17 9 21 183 1 8 12 37 1 7 12 18 0 1 0 15 0 0 0 4
33 78 112 93 19 56 211 1579 248 612 80 2694 25 16.5 17 17 9 27 248 2 8 9 37 2 7 9 20 0 1 0 13 0 0 0 4
34 82 118 92 26 54 208 1566 220 608 81 2694 21.5 16 17 16 9 14 220 1 9 8 36 1 8 8 20 0 1 0 12 0 0 0 4
35 77 118 93 25 55 219 1552 230 612 84 2713 22.5 16 16.5 16 9 31 230 2 9 8 36 2 8 8 20 0 1 0 12 0 0 0 4
36 63 120 94 26 57 218 1548 233 625 84 2738 23 16 16.5 17 12 23 233 3 10 9 35 3 8 9 20 0 2 0 12 0 0 0 3
37 73 120 94 26 58 218 1521 218 632 86 2747 24 16.5 17 17 12 28 218 2 10 12 34 2 8 12 19 0 2 0 12 0 0 0 3
38 71 119 94 25 59 218 1516 222 641 87 2758 23 16 17 16 12 25 222 3 10 12 34 3 8 12 20 0 2 0 11 0 0 0 3
39 73 124 98 26 61 215 1525 232 657 88 2762 21 16 15.5 16 12.5 32 232 4 11 11 35 4 9 10 21 0 1 1 11 0 1 0 3
40 59 120 95 25 62 207 1509 229 672 87 2779 23 16 17 16 12.5 22 229 4 10 13 35 4 9 11 21 0 0 2 11 0 1 0 3
41 77 121 97 24 64 208 1509 228 673 88 2780 22 16 17 16 12.5 26 228 2 13 15 34 2 12 13 21 0 0 2 10 0 1 0 3
42 81 122 98 24 64 220 1506 245 670 87 2785 23 16 17 16 12.5 27 245 3 13 12 36 3 12 10 23 0 0 2 10 0 1 0 3
43 81 120 96 24 63 226 1508 232 667 85 2802 23 17 18 16 12.5 28 232 3 10 15 35 3 9 13 23 0 0 2 9 0 1 0 3
44 81 120 97 23 62 221 1506 206 672 85 2812 24 17 19 16 12.5 18 206 2 10 14 36 2 9 12 24 0 0 2 9 0 1 0 3
45 75 123 99 24 62 218 1524 213 675 90 2808 25 17 18 16 12 20 213 0 11 15 36 0 11 13 24 0 0 2 9 0 0 0 3
46 81 126 102 24 65 221 1539 197 682 95 2815 25 18 19 17 12 25 197 0 12 17 36 0 11 15 24 0 1 2 9 0 0 0 3
47 79 122 99 23 64 218 1533 204 681 92 2807 25 19 19 17 63 21 204 2 12 16 34 2 11 14 24 0 1 2 9 0 0 0 1
48 82 121 98 23 60 219 1548 231 689 90 2818 25 18.5 18 18 63 30 231 1 13 16 30 1 12 14 21 0 1 2 8 0 0 0 1
49 80 121 97 24 63 207 1542 206 693 89 2828 25 19 19 18 63 20 206 1 13 16 33 1 12 14 24 0 1 2 8 0 0 0 1
50 74 121 95 26 65 210 1542 223 701 88 2832 25 19 19.5 17 63 32 223 3 12 18 32 2 12 15 23 1 0 3 8 0 0 0 1
51 77 118 93 25 64 206 1571 207 711 90 2833 25 18.5 19 17 63 20 207 3 10 20 31 2 10 18 21 1 0 2 9 0 0 0 1
52 78 117 92 25 64 200 1586 232 710 89 2851 25 17.5 17 17 63 18 232 2 11 18 33 1 11 17 22 1 0 1 10 0 0 0 1
53 70 113 90 23 59 207 1558 243 710 86 2878 25 17 17 18 63 34 243 2 9 17 31 1 9 16 21 1 0 1 9 0 0 0 1
54 82 113 88 25 59 211 1562 224 713 86 2899 23 17 17 17 63 26 224 1 11 17 30 1 9 16 20 0 2 1 9 0 0 0 1
55 91 114 89 25 59 209 1542 228 710 87 2880 22 17 17 17 63 22 228 1 11 15 32 1 9 14 22 0 2 1 9 0 0 0 1
56 68 116 90 26 58 207 1564 219 712 87 2891 23 17.5 17 17 63 26 219 1 10 13 34 1 9 12 25 0 1 1 8 0 0 0 1
57 76 113 88 25 58 203 1560 210 720 86 2895 24 18 18 18 63 21 210 0 12 14 32 0 11 13 24 0 1 1 7 0 0 0 1
58 74 113 88 25 59 202 1539 247 733 89 2902 24 18 18 18 63 29 247 0 9 15 35 0 8 14 27 0 1 1 7 0 0 0 1
59 78 113 88 25 60 195 1554 218 742 87 2918 25 18 18 18 63 22 218 2 8 16 34 2 7 15 26 0 1 1 7 0 0 0 1
60 74 115 90 25 60 202 1559 227 741 89 2916 25 18 18 17 63 30 227 1 7 18 34 1 5 17 26 0 2 1 7 0 0 0 1
61 65 111 86 25 64 200 1596 214 743 87 2924 26 18 18 17 63 20 214 1 10 19 34 1 8 18 26 0 2 1 7 0 0 0 1
62 74 109 85 24 62 203 1588 230 744 85 2928 27 18 18.5 16 63 22 230 1 10 16 35 1 8 16 27 0 2 0 7 0 0 0 1
63 74 108 84 24 62 199 1573 240 753 83 2937 27 18 19 16 NA 21 240 0 8 19 35 0 6 19 28 0 2 0 7 0 0 0 0
64 72 109 85 24 63 189 1608 222 766 82 2954 26 18 19 17 NA 20 222 0 9 19 35 0 7 19 29 0 2 0 6 0 0 0 0
65 73 108 85 23 61 192 1608 232 765 83 2956 26 19 19 17 NA 26 232 0 9 17 35 0 7 17 29 0 2 0 6 0 0 0 0
66 74 108 85 23 58 193 1615 218 756 80 2953 25.5 19 20 17 NA 20 218 0 7 20 31 0 6 19 25 0 1 1 6 0 0 0 0
67 75 106 85 21 57 186 1628 208 759 78 2946 25.5 19 21 17 NA 22 208 1 7 20 29 1 6 19 23 0 1 1 6 0 0 0 0
68 87 103 82 21 54 182 1611 222 756 77 2939 25 19 19.5 17 NA 21 222 1 9 19 25 1 8 18 21 0 1 1 4 0 0 0 0
69 80 102 80 22 53 180 1645 215 761 73 2952 24 19 20 17 NA 27 215 1 8 17 27 1 7 16 23 0 1 1 4 0 0 0 0
70 85 98 76 22 51 185 1619 237 763 71 2956 25.5 20 20.5 18 NA 23 237 1 6 14 30 1 6 12 27 0 0 2 3 0 0 0 0
71 72 98 77 21 52 192 1607 244 772 72 2949 26 19.5 20.5 16 NA 37 244 0 9 12 31 0 8 10 28 0 1 2 3 0 0 0 0
72 89 98 77 21 50 190 1580 232 769 73 2926 26.5 19.5 20.5 16 NA 24 232 0 5 12 33 0 4 10 30 0 1 2 3 0 0 0 0
73 80 97 76 21 49 210 1570 250 754 72 2930 27 19 20.5 14 NA 32 250 0 4 13 32 0 3 11 30 0 1 2 2 0 0 0 0
74 87 90 69 21 46 212 1532 251 755 67 2911 27.5 21 21 14 NA 33 251 0 4 13 29 0 3 10 28 0 1 3 1 0 0 0 0
75 77 90 69 21 47 216 1539 219 759 66 2897 27 20 20.5 14 NA 31 219 1 4 11 31 1 3 8 30 0 1 3 1 0 0 0 0
76 76 88 68 20 46 204 1539 246 769 66 2903 27.5 20.5 20.5 20 NA 22 246 2 4 11 29 2 3 9 28 0 1 2 1 0 0 0 0
77 70 88 69 19 47 201 1545 211 773 63 2912 24.5 19 19 17.5 NA 25 211 3 6 11 27 3 3 10 25 0 3 1 2 0 0 0 0
78 80 89 70 19 47 195 1561 208 776 67 2911 25 19 19 17.5 NA 20 208 2 8 9 28 2 5 8 26 0 3 1 2 0 0 0 0
79 90 88 70 18 46 206 1552 236 775 66 2920 24.5 18.5 19 14 NA 33 236 2 7 10 27 2 4 9 26 0 3 1 1 0 0 0 0
80 78 93 74 19 46 206 1569 218 765 67 2909 24 18.5 19 14 NA 20 218 2 6 11 27 2 4 9 26 0 2 2 1 0 0 0 0
81 81 94 76 18 46 212 1560 208 761 71 2905 25 18.5 19 14 NA 24 208 0 9 9 28 0 7 7 27 0 2 2 1 0 0 0 0
82 76 93 77 16 44 208 1572 212 766 68 2918 23 17.5 18 13.5 NA 25 212 0 10 8 26 0 9 6 25 0 1 2 1 0 0 0 0
83 62 94 79 15 43 210 1545 234 766 67 2939 20.5 16 17 13.5 NA 33 234 0 10 10 23 0 9 8 22 0 1 2 1 0 0 0 0
84 88 94 78 16 44 207 1535 221 767 67 2938 20.5 16.5 17.5 13.5 NA 23 221 1 9 10 24 1 8 8 23 0 1 2 1 0 0 0 0
85 86 96 79 17 44 211 1550 221 765 66 2931 20.5 16.5 17.5 13.5 NA 23 221 1 10 9 24 1 9 7 23 0 1 2 1 0 0 0 0
86 76 94 77 17 41 225 1569 203 752 62 2920 20 17 18 13.5 NA 31 203 1 10 8 22 1 9 6 21 0 1 2 1 0 0 0 0
87 86 96 79 17 43 221 1537 242 755 63 2909 21 18 18 13.5 NA 30 242 1 11 8 23 1 10 6 22 0 1 2 1 0 0 0 0
88 59 98 81 17 44 220 1561 225 759 63 2924 22 18 18 13.5 NA 22 225 1 10 8 25 1 9 6 24 0 1 2 1 0 0 0 0
89 98 100 83 17 44 219 1533 249 759 66 2911 21.5 17.5 18 13.5 NA 21 249 2 9 8 25 2 9 5 24 0 0 3 1 0 0 0 0
90 73 98 80 18 45 220 1526 234 769 66 2914 22.5 18 18 13.5 NA 29 234 2 6 13 24 2 6 10 23 0 0 3 1 0 0 0 0
91 83 98 81 17 45 218 1562 213 776 65 2917 22.5 18 18 13.5 NA 28 213 1 6 14 24 1 6 11 23 0 0 3 1 0 0 0 0
92 81 99 80 19 43 229 1585 225 775 70 2910 23 18 18 13.5 NA 34 225 1 6 12 24 1 6 10 22 0 0 2 2 0 0 0 0
93 77 104 84 20 44 224 1593 211 778 72 2915 22.5 18 18 13 NA 17 211 1 4 15 24 1 3 13 22 0 1 2 2 0 0 0 0
94 74 102 82 20 43 233 1577 224 787 72 2918 23 17 18 13 NA 40 224 2 4 13 24 2 3 12 21 0 1 1 3 0 0 0 0
95 63 105 83 22 43 226 1558 213 794 75 2930 20 17 18 13 NA 15 213 2 2 15 24 2 1 14 21 0 1 1 3 0 0 0 0
96 67 103 81 22 44 222 1572 185 793 74 2939 21 16.5 18 13 NA 17 185 2 3 14 25 2 2 13 22 0 1 1 3 0 0 0 0
97 91 105 80 25 45 212 1583 215 798 76 2948 20 16 17.5 13 21 24 215 3 3 15 24 3 2 14 21 0 1 1 2 0 0 0 1
98 80 107 82 25 45 221 1568 241 788 77 2942 21 16 17.5 13 21 28 241 2 4 14 25 2 3 13 22 0 1 1 2 0 0 0 1
99 83 105 77 28 42 221 1596 213 785 72 2953 20 16.5 17.5 13 21 20 213 2 4 12 24 2 3 11 22 0 1 1 1 0 0 0 1
100 78 106 78 28 42 218 1602 217 789 72 2959 20 17.5 18 13 21 25 217 2 4 10 26 2 3 9 24 0 1 1 1 0 0 0 1
101 81 106 79 27 42 231 1590 243 783 71 2963 21 18 18.5 13 21 38 243 1 5 10 26 1 4 10 23 0 1 0 2 0 0 0 1
102 99 105 78 27 42 232 1583 220 787 73 2944 22 18 18.5 13 21 26 220 0 6 8 28 0 5 8 25 0 1 0 2 0 0 0 1
103 73 105 77 28 43 233 1548 248 785 74 2950 23 18 18 13 21 24 248 1 6 7 29 1 5 7 26 0 1 0 2 0 0 0 1
104 73 103 75 28 42 236 1517 228 790 73 2943 22 18.5 19.5 13 21 29 228 0 4 11 27 0 4 10 24 0 0 1 2 0 0 0 1
105 82 101 74 27 46 222 1504 230 796 74 2930 23 18 19 13 21 21 230 2 5 9 30 2 4 8 27 0 1 1 2 0 0 0 1
106 77 101 74 27 44 218 1535 204 794 73 2925 23 17.5 18 13 21 23 204 2 5 8 29 2 4 7 26 0 1 1 2 0 0 0 1
107 66 104 74 30 44 222 1520 212 793 74 2927 22.5 16.5 17 13 21 27 212 2 7 7 28 2 6 6 25 0 1 1 2 0 0 0 1
108 90 104 75 29 47 208 1522 206 808 74 2913 23 17 18 13.5 21 21 206 2 8 9 28 2 6 8 26 0 2 1 1 0 0 0 1
109 74 107 78 29 49 210 1528 227 803 77 2915 23 17 18 13.5 21 21 227 1 9 11 28 1 7 10 26 0 2 1 1 0 0 0 1
110 70 109 80 29 51 220 1515 225 797 78 2913 24 18 18.5 13.5 21 28 225 1 9 13 28 1 7 12 26 0 2 1 1 0 0 0 1
111 81 107 80 27 52 222 1541 200 794 79 2909 23 18 19 13.5 21 23 200 1 9 13 29 1 7 12 27 0 2 1 1 0 0 0 1
112 90 106 79 27 50 222 1520 213 788 80 2889 24 18 19 13.5 21 23 213 1 8 13 28 1 6 12 26 0 2 1 1 0 0 0 1
113 63 108 80 28 50 218 1513 197 803 83 2889 23.5 18 19 13.5 21 24 197 0 9 12 29 0 7 11 27 0 2 1 1 0 0 0 1
114 87 105 78 27 48 216 1511 209 802 82 2895 24 18 19 13.5 21 25 209 0 9 10 29 0 7 9 27 0 2 1 1 0 0 0 1
115 74 103 76 27 46 206 1476 245 816 80 2889 24 18.5 20 13.5 21 30 245 0 8 12 26 0 8 9 24 0 0 3 1 0 0 0 1
116 54 103 77 26 46 207 1490 220 812 81 2901 24 19.5 21 13.5 21 19 220 0 6 10 30 0 6 8 27 0 0 2 2 0 0 0 1
117 72 99 72 27 44 221 1472 225 808 76 2907 24 19.5 20.5 14 21 30 225 0 7 11 26 0 7 9 24 0 0 2 1 0 0 0 1
118 90 102 74 28 47 213 1462 228 809 78 2892 24.5 20 22.5 13.5 21 20 228 0 8 11 28 0 7 9 26 0 1 2 1 0 0 0 1
119 74 106 78 28 48 212 1485 224 815 83 2893 24 19.5 21 13.5 21 22 224 0 8 10 30 0 7 8 28 0 1 2 1 0 0 0 1
120 83 110 81 29 50 204 1480 229 812 83 2898 23.5 18.5 20.5 14 21 18 229 0 10 11 29 0 8 9 27 0 2 2 1 0 0 0 1
121 88 109 81 28 49 204 1477 193 806 81 2880 23 18 19.5 15 21 22 193 0 11 11 27 0 9 8 25 0 2 3 1 0 0 0 1
122 64 110 83 27 51 207 1485 231 808 83 2883 23 18 19 14 21 29 231 0 13 11 27 0 10 8 25 0 3 3 1 0 0 0 1
123 88 109 82 27 53 210 1525 202 808 82 2889 24 18 20 14 21 26 202 0 13 13 27 0 10 10 25 0 3 3 1 0 0 0 1
124 76 105 79 26 52 209 1525 195 802 78 2890 25 19.5 20.5 14 21 19 195 0 10 17 25 0 7 14 23 0 3 3 1 0 0 0 1
125 85 105 79 26 49 210 1553 207 799 77 2897 25 20 20.5 15 21 24 207 0 7 17 25 0 5 14 23 0 2 3 1 0 0 0 1
126 95 101 75 26 45 204 1559 237 792 72 2896 25 20 22 15 21 26 237 0 7 16 22 0 5 14 19 0 2 2 2 0 0 0 1
127 86 101 75 26 46 205 1555 223 790 70 2898 25 19.5 21 15 21 27 223 0 9 15 22 0 7 15 17 0 2 0 4 0 0 0 1
128 86 100 73 27 46 191 1530 225 809 68 2899 24.5 18.5 20 15 21 25 225 1 8 17 20 1 6 16 16 0 2 1 3 0 0 0 1
129 85 100 70 30 46 197 1537 215 805 67 2902 23 18.5 20 15 21 20 215 1 8 15 22 1 6 14 18 0 2 1 3 0 0 0 1
130 68 100 70 30 46 192 1506 240 817 68 2922 23 18 18.5 14 21 30 240 1 10 14 21 1 8 13 18 0 2 1 2 0 0 0 1
131 68 101 70 31 47 194 1532 215 819 71 2929 24 18 18 14 21 25 215 1 8 15 23 1 6 14 20 0 2 1 2 0 0 0 1
132 54 98 68 30 47 185 1533 228 819 74 2923 25 18 18 14 21 13 228 0 11 14 22 0 9 13 19 0 2 1 2 0 0 0 1
133 73 94 67 27 43 195 1538 209 811 73 2932 24 18 18 13 21 26 209 0 10 13 20 0 8 12 18 0 2 1 1 0 0 0 1
134 72 96 68 28 47 195 1541 210 812 74 2935 24.5 18 18 13 21 17 210 1 9 16 21 1 8 14 19 0 1 2 1 0 0 0 1
135 69 95 67 28 45 199 1550 231 812 73 2936 25 17 18 13 NA 25 231 1 9 14 21 1 8 12 20 0 1 2 1 0 0 0 0
136 85 96 67 29 45 214 1581 222 809 73 2956 25 17 18 13 NA 27 222 1 8 14 22 1 7 12 21 0 1 2 1 0 0 0 0
137 92 95 66 29 43 221 1547 244 809 72 2948 24 17 18 12 NA 37 244 1 7 12 23 1 6 11 22 0 1 1 1 0 0 0 0
138 74 98 70 28 45 225 1539 216 814 73 2960 21 18 18 12 NA 31 216 1 8 12 24 1 7 11 23 0 1 1 1 0 0 0 0
139 70 101 73 28 44 218 1576 210 820 72 2973 21 18 18 12 NA 16 210 1 7 12 24 1 6 11 23 0 1 1 1 0 0 0 0
140 89 98 71 27 43 221 1539 239 829 71 2990 22 18 18 12 NA 35 239 0 6 13 24 0 6 11 23 0 0 2 1 0 0 0 0
141 82 97 69 28 44 207 1518 248 843 70 2987 22 17 18 12 NA 19 248 1 7 15 21 1 7 13 20 0 0 2 1 0 0 0 0
142 74 96 67 29 44 209 1507 221 839 68 2983 23 17 17 12 NA 32 221 2 5 17 20 2 5 15 19 0 0 2 1 0 0 0 0
143 89 95 66 29 43 214 1503 225 831 68 2979 23 17 17.5 12 NA 32 225 1 6 13 23 1 6 11 22 0 0 2 1 0 0 0 0
144 68 97 67 30 43 230 1511 219 824 67 2980 24 17 17 12 NA 39 219 1 7 13 22 1 7 11 21 0 0 2 1 0 0 0 0
145 75 100 70 30 42 235 1522 214 822 67 2976 24 17 17 12 NA 25 214 1 5 12 24 1 5 10 23 0 0 2 1 0 0 0 0
146 75 104 73 31 46 224 1513 230 836 68 2980 23 17 18 12 NA 21 230 1 7 11 27 1 7 10 25 0 0 1 2 0 0 0 0
147 75 102 71 31 44 226 1523 200 836 66 2988 22.5 17.5 18 13 NA 28 200 0 8 11 25 0 8 10 24 0 0 1 1 0 0 0 0
148 79 100 69 31 45 229 1529 204 829 66 2981 22.5 17 17 13 NA 26 204 2 7 11 25 2 7 10 24 0 0 1 1 0 0 0 0
149 75 101 68 33 46 229 1520 227 834 67 2993 23 17 17.5 13 NA 27 227 2 8 10 26 2 8 9 25 0 0 1 1 0 0 0 0
150 81 99 67 32 46 239 1511 226 835 67 2978 22 17 17.5 13 NA 34 226 2 8 11 25 2 8 10 24 0 0 1 1 0 0 0 0
151 69 99 66 33 46 242 1525 229 840 70 2978 23 17 17 13 NA 30 229 3 8 11 24 3 8 10 23 0 0 1 1 0 0 0 0
152 93 100 68 32 45 240 1533 202 836 69 2978 23 17 17 13 NA 26 202 2 8 11 24 2 8 11 22 0 0 0 2 0 0 0 0
153 85 100 65 35 44 234 1543 197 829 70 2964 22 17 17 13 NA 22 197 2 7 13 22 2 7 13 20 0 0 0 2 0 0 0 0
154 64 103 67 36 44 235 1536 218 833 71 2978 21 17 17 13 NA 28 218 2 8 11 23 2 7 11 21 0 1 0 2 0 0 0 0
155 70 100 65 35 43 243 1537 201 831 70 2973 21.5 17 18 12.5 NA 30 201 1 6 13 23 1 5 13 22 0 1 0 1 0 0 0 0
156 77 97 65 32 42 239 1534 239 836 70 2965 22 17 17.5 12.5 NA 29 239 1 7 11 23 1 6 11 22 0 1 0 1 0 0 0 0
157 85 101 66 35 43 228 1544 216 838 72 2966 19 17 18 12.5 NA 22 216 2 8 10 23 2 7 10 22 0 1 0 1 0 0 0 0
158 89 100 64 36 44 232 1508 235 829 77 2943 20.5 17.5 18 12.5 NA 29 235 1 7 13 23 1 6 13 22 0 1 0 1 0 0 0 0
159 64 98 63 35 43 225 1515 216 834 75 2947 21 17 17 12.5 NA 22 216 1 7 13 22 1 6 13 21 0 1 0 1 0 0 0 0
160 71 101 66 35 46 227 1527 207 840 75 2954 21 17.5 18 12.5 NA 25 207 1 10 12 23 1 9 12 22 0 1 0 1 0 0 0 0
161 76 102 67 35 43 235 1541 225 831 74 2951 21 18 18 12.5 NA 37 225 1 9 12 21 1 8 12 20 0 1 0 1 0 0 0 0
162 73 103 68 35 45 234 1562 197 824 74 2962 21 17 18 12.5 NA 21 197 2 10 11 22 2 9 11 21 0 1 0 1 0 0 0 0
163 65 105 69 36 51 232 1547 216 839 76 2967 22 18 18 12.5 NA 30 216 4 10 15 22 4 9 15 21 0 1 0 1 0 0 0 0
164 80 102 67 35 51 224 1555 220 840 77 2975 23 18 18 12.5 NA 21 220 3 11 14 23 3 10 14 22 0 1 0 1 0 0 0 0
165 57 101 67 34 52 213 1581 211 847 77 2986 24 18 18 12.5 NA 13 211 3 10 15 24 3 10 14 23 0 0 1 1 0 0 0 0
166 77 98 67 31 53 209 1575 210 851 78 2981 25 18 18 12.5 NA 26 210 2 12 15 24 2 12 14 23 0 0 1 1 0 0 0 0
167 83 96 66 30 51 208 1580 204 854 74 2976 24.5 18 18 13 NA 25 204 2 11 14 24 2 11 13 24 0 0 1 0 0 0 0 0
168 66 96 67 29 51 211 1577 221 852 74 2976 25 18 18.5 13 NA 29 221 2 10 15 24 2 10 14 24 0 0 1 0 0 0 0 0
169 71 96 65 31 51 224 1560 216 851 77 2976 25 18 19 14.5 NA 38 216 0 12 15 24 0 11 14 24 0 1 1 0 0 0 0 0
170 76 95 66 29 51 219 1536 236 854 75 2977 26 18 19 14.5 NA 24 236 0 10 17 24 0 9 16 24 0 1 1 0 0 0 0 0
171 95 95 66 29 49 225 1564 205 845 73 2969 26 18 18 16 NA 29 205 0 11 14 24 0 10 14 24 0 1 0 0 0 0 0 0
172 73 93 63 30 48 234 1534 237 840 71 2971 26 17.5 18 16 NA 34 237 0 12 14 22 0 11 14 22 0 1 0 0 0 0 0 0
173 71 93 62 31 49 226 1542 206 848 74 2980 27 19 19 17.5 NA 21 206 0 12 14 23 0 10 14 23 0 2 0 0 0 0 0 0
174 61 92 62 30 49 232 1542 223 849 75 2995 28 19 19 17.5 NA 27 223 0 11 13 25 0 9 13 25 0 2 0 0 0 0 0 0
175 70 88 59 29 50 234 1548 205 845 72 3005 29 19 19 17.5 NA 31 205 0 11 14 25 0 9 14 25 0 2 0 0 0 0 0 0
176 62 89 60 29 52 236 1549 232 855 72 3020 30 19 19 19 NA 34 232 0 9 16 27 0 7 16 26 0 2 0 1 0 0 0 0
177 79 91 62 29 52 233 1553 212 851 72 3029 28 19 19 19 NA 21 212 0 8 15 29 0 7 14 28 0 1 1 1 0 0 0 0
178 75 91 63 28 51 227 1544 226 853 67 3021 27 19 19 19 NA 18 226 0 7 18 26 0 7 16 25 0 0 2 1 0 0 0 0
179 77 93 66 27 52 231 1542 221 850 68 3017 27 19 19 19 NA 21 221 1 8 17 26 1 8 15 25 0 0 2 1 0 0 0 0
180 82 96 69 27 57 239 1539 228 855 69 3011 27 19 19 17.5 NA 38 228 3 9 18 27 2 9 16 26 1 0 2 1 0 0 0 0
181 94 98 68 30 56 244 1507 234 840 68 2997 27 19 19 17.5 NA 33 234 2 5 19 30 1 5 17 29 1 0 2 1 0 0 0 0
182 85 99 69 30 56 253 1486 228 823 69 2995 28 19 19 17.5 NA 22 228 2 5 15 34 1 5 13 33 1 0 2 1 0 0 0 0
183 89 99 70 29 54 242 1507 218 830 70 2998 26 19 19.5 17.5 NA 22 218 2 4 16 32 1 4 14 31 1 0 2 1 0 0 0 0
184 71 101 74 27 54 242 1501 207 833 68 3002 27 19 19 16 NA 30 207 2 5 16 31 1 4 14 30 1 1 2 1 0 0 0 0
185 69 103 76 27 53 251 1484 256 828 67 3002 24 19 19 16 NA 36 256 1 7 15 30 0 6 13 29 1 1 2 1 0 0 0 0
186 71 103 75 28 54 240 1511 210 842 67 3016 25 19 19 16 NA 21 210 1 7 14 32 0 6 12 31 1 1 2 1 0 0 0 0
187 87 99 70 29 50 248 1520 230 832 62 3004 20 17.5 18 16 NA 28 230 1 7 13 29 1 5 11 28 0 2 2 1 0 0 0 0
188 64 95 67 28 48 260 1516 227 827 62 3018 21 17.5 17.5 17.5 NA 30 227 1 6 11 30 1 5 9 29 0 1 2 1 0 0 0 0
189 82 99 71 28 48 254 1510 215 827 64 3007 20 17.5 17.5 17.5 NA 16 215 2 5 10 31 2 4 9 29 0 1 1 2 0 0 0 0
190 85 101 72 29 47 241 1486 215 822 66 2997 19 17 17 17.5 NA 25 215 2 5 8 32 2 4 8 29 0 1 0 3 0 0 0 0
191 68 102 73 29 48 237 1510 212 825 68 2984 19.5 16.5 16.5 17.5 NA 21 212 1 6 10 31 1 5 10 28 0 1 0 3 0 0 0 0
192 62 101 72 29 48 239 1509 214 823 68 2994 20 16 16 16 NA 26 214 2 6 9 31 2 4 9 28 0 2 0 3 0 0 0 0
193 73 100 70 30 46 231 1510 231 822 69 2996 18.5 16.5 17 16 NA 24 231 1 7 6 32 1 5 6 29 0 2 0 3 0 0 0 0
194 75 102 73 29 45 219 1538 213 824 67 3007 17 17 17.5 16 NA 18 213 2 7 7 29 2 5 7 26 0 2 0 3 0 0 0 0
195 77 104 76 28 45 221 1535 224 819 68 3007 17.5 18 18.5 16 NA 21 224 2 8 6 29 2 6 6 26 0 2 0 3 0 0 0 0
196 75 102 73 29 43 214 1537 219 817 68 3010 18 17 17.5 16 NA 23 219 3 8 6 26 3 6 6 23 0 2 0 3 0 0 0 0
197 74 101 73 28 45 225 1568 211 819 70 3002 18 16 16.5 16 NA 34 211 3 10 7 25 3 8 7 22 0 2 0 3 0 0 0 0
198 73 106 76 30 45 214 1550 217 831 70 2995 17.5 16 15.5 16 NA 19 217 3 11 7 24 3 9 7 21 0 2 0 3 0 0 0 0
199 80 103 73 30 44 218 1586 213 825 70 2999 19 16 15 16 NA 29 213 2 11 7 24 2 10 6 21 0 1 1 3 0 0 0 0
200 78 103 73 30 45 233 1590 235 816 69 2996 19 16 15 16 NA 41 235 2 10 10 23 2 9 8 20 0 1 2 3 0 0 0 0
201 66 107 77 30 45 248 1568 220 818 74 2991 20 16 15 16 NA 37 220 2 9 10 24 2 8 8 21 0 1 2 3 0 0 0 0
202 73 106 77 29 45 249 1557 231 821 75 2984 21 16 15 16 NA 26 231 2 10 10 23 2 9 8 20 0 1 2 3 0 0 0 0
203 75 105 76 29 50 252 1538 222 816 76 2976 22 16 15.5 16 NA 34 222 3 12 10 25 3 11 8 22 0 1 2 3 0 0 0 0
204 68 103 75 28 47 244 1535 221 825 76 2982 23 16 15 16 NA 24 221 1 12 11 23 1 11 9 20 0 1 2 3 0 0 0 0
205 74 101 74 27 51 238 1538 223 840 76 2988 24 16 17 16 NA 24 223 1 13 14 23 1 10 12 20 0 3 2 3 0 0 0 0
206 81 101 75 26 50 237 1524 206 840 79 2979 24 16 17.5 16 NA 22 206 1 13 13 23 1 10 11 20 0 3 2 3 0 0 0 0
207 72 103 76 27 51 234 1529 220 839 83 2960 24 16 17.5 16 NA 27 220 0 14 14 23 0 11 11 20 0 3 3 3 0 0 0 0
208 85 106 78 28 52 233 1527 220 841 82 2963 24 16.5 18 16 NA 35 220 0 12 17 23 0 10 13 20 0 2 4 3 0 0 0 0
209 87 102 75 27 50 235 1530 210 837 79 2946 24.5 16 17 16 NA 23 210 0 11 16 23 0 9 12 20 0 2 4 3 0 0 0 0
210 94 105 78 27 50 233 1512 218 842 81 2939 23 16 17 16 NA 28 218 0 12 17 21 0 10 13 18 0 2 4 3 0 0 0 0
211 76 108 80 28 51 231 1497 231 845 81 2949 23 17 17.5 16 NA 23 231 0 11 19 21 0 9 16 17 0 2 3 4 0 0 0 0
212 79 109 80 29 54 228 1532 191 848 82 2943 23 17 17 16 NA 16 191 0 14 17 23 0 12 15 18 0 2 2 5 0 0 0 0
213 99 112 84 28 57 228 1540 233 831 85 2926 23.5 17 17 16 NA 27 233 1 15 17 24 1 14 14 19 0 1 3 5 0 0 0 0
214 71 115 84 31 59 225 1547 228 825 85 2923 24 17 17.5 16 NA 20 228 1 12 18 28 1 11 15 23 0 1 3 5 0 0 0 0
215 73 118 87 31 62 226 1564 226 828 84 2933 23.5 17 17 16 NA 36 226 2 12 20 28 2 12 16 24 0 0 4 4 0 0 0 0
216 83 115 85 30 62 224 1553 228 831 82 2942 24 17 17.5 16 NA 19 228 3 11 21 27 3 11 17 23 0 0 4 4 0 0 0 0
217 62 117 87 30 61 230 1530 249 841 81 2942 24 17 17 16 NA 33 249 2 11 19 29 2 11 15 25 0 0 4 4 0 0 0 0
218 72 119 88 31 61 230 1530 214 840 83 2968 24 17 17 16 NA 23 214 2 9 20 30 2 9 17 25 0 0 3 5 0 0 0 0
219 77 119 87 32 62 236 1555 188 834 85 2962 25 17 17.5 16 NA 24 188 2 8 22 30 2 8 19 25 0 0 3 5 0 0 0 0
220 79 120 88 32 64 233 1546 224 842 85 2955 25.5 17.5 18 16 NA 23 224 2 9 21 32 2 9 19 26 0 0 2 6 0 0 0 0
221 83 119 86 33 63 228 1487 234 850 83 2951 26 17 17 16 NA 28 234 2 10 18 33 2 10 16 27 0 0 2 6 0 0 0 0
222 67 121 89 32 66 216 1528 205 853 87 2957 27 17.5 18 16 NA 19 205 2 9 21 34 2 9 19 28 0 0 2 6 0 0 0 0
223 80 123 91 32 65 219 1523 221 852 85 2953 25 17 18 16 NA 23 221 2 9 19 35 2 9 17 29 0 0 2 6 0 0 0 0
224 74 122 91 31 66 225 1522 213 855 85 2943 25.5 17 17.5 16 NA 33 213 2 9 22 33 2 9 20 27 0 0 2 6 0 0 0 0
225 85 122 92 30 65 217 1550 206 858 85 2937 24.5 17 18 16 NA 19 206 2 8 20 35 2 8 19 28 0 0 1 7 0 0 0 0
226 88 122 93 29 62 214 1558 214 849 86 2934 24.5 17.5 18 16 NA 20 214 2 7 18 35 2 7 17 29 0 0 1 6 0 0 0 0
227 73 124 94 30 62 225 1524 224 845 88 2938 22.5 18 18 17.5 NA 35 224 1 9 16 36 1 9 16 30 0 0 0 6 0 0 0 0
228 71 122 93 29 59 221 1494 219 853 85 2937 22 18 18 17.5 NA 28 219 1 9 16 33 1 9 16 27 0 0 0 6 0 0 0 0
229 76 124 92 32 61 226 1481 225 852 87 2940 22.5 18 18 19 NA 25 225 0 10 17 34 0 10 17 29 0 0 0 5 0 0 0 0
230 77 124 92 32 61 218 1486 205 858 91 2942 23.5 18 18 19 NA 25 205 0 8 14 39 0 8 14 34 0 0 0 5 0 0 0 0
231 65 119 89 30 57 222 1511 215 852 89 2951 24 18 18 22 NA 23 215 0 5 13 39 0 5 13 35 0 0 0 4 0 0 0 0
232 73 118 90 28 57 219 1487 228 862 86 2954 22 18 18 22 NA 28 228 1 8 12 36 1 8 12 32 0 0 0 4 0 0 0 0
233 66 120 92 28 59 226 1507 207 855 84 2966 23 18 18 22 NA 31 207 2 8 12 37 2 8 12 33 0 0 0 4 0 0 0 0
234 69 119 91 28 60 234 1526 215 853 85 2967 24 18 17.5 22 NA 31 215 3 7 11 39 3 7 11 35 0 0 0 4 0 0 0 0
235 84 120 89 31 60 238 1517 238 849 88 2963 24.5 18 17.5 22 NA 33 238 3 6 12 39 3 6 12 35 0 0 0 4 0 0 0 0
236 66 117 86 31 59 239 1528 216 856 86 2970 25 18 17.5 25 NA 27 216 3 6 11 39 3 6 11 36 0 0 0 3 0 0 0 0
237 74 112 83 29 58 234 1562 207 861 83 2984 25 18 18 25 NA 27 207 3 8 10 37 3 8 10 34 0 0 0 3 0 0 0 0
238 83 109 78 31 58 234 1570 214 863 80 2983 24 18 17 25 NA 27 214 3 9 11 35 3 9 11 32 0 0 0 3 0 0 0 0
239 69 110 80 30 60 233 1578 221 862 83 3004 25 18 18 25 NA 24 221 3 9 13 35 3 9 13 32 0 0 0 3 0 0 0 0
240 86 110 81 29 60 238 1587 215 855 83 3005 25.5 18 17 25 NA 28 215 2 11 13 34 2 11 13 31 0 0 0 3 0 0 0 0
241 79 110 81 29 59 235 1606 228 864 84 3014 25 17 17 25 NA 27 228 2 10 14 33 2 10 14 30 0 0 0 3 0 0 0 0
242 78 107 78 29 59 239 1590 227 849 82 3026 25 17 17 25 NA 21 227 2 10 15 32 2 10 15 29 0 0 0 3 0 0 0 0
243 73 102 75 27 58 234 1576 223 859 78 3037 25.5 17 17 25 NA 27 223 1 11 14 32 1 11 14 29 0 0 0 3 0 0 0 0
244 73 103 76 27 58 227 1564 214 862 81 3026 26 17.5 17 25 NA 20 214 0 13 13 32 0 13 13 29 0 0 0 3 0 0 0 0
245 71 101 75 26 56 223 1565 213 870 82 3036 27 17.5 17 25 NA 20 213 0 12 14 30 0 12 14 27 0 0 0 3 0 0 0 0
246 73 101 77 24 59 229 1553 244 873 81 3051 27 18 17 25 NA 36 244 1 13 14 31 1 13 14 28 0 0 0 3 0 0 0 0
247 77 102 78 24 58 225 1575 234 882 81 3053 24.5 18 17 25 NA 27 234 0 13 15 30 0 13 15 27 0 0 0 3 0 0 0 0
248 64 102 77 25 58 222 1586 217 892 80 3064 25 17.5 17 25 NA 22 217 0 14 15 29 0 14 15 26 0 0 0 3 0 0 0 0
249 74 100 75 25 55 219 1600 211 879 76 3061 24.5 17 17 25 NA 23 211 0 14 15 26 0 14 15 23 0 0 0 3 0 0 0 0
250 78 101 76 25 52 223 1545 241 872 74 3054 24 17.5 17 25 NA 23 241 0 12 14 26 0 12 14 23 0 0 0 3 0 0 0 0
251 74 99 76 23 50 225 1572 229 879 75 3058 24 17.5 17 25 NA 32 229 0 11 15 24 0 11 15 21 0 0 0 3 0 0 0 0
252 80 100 77 23 48 219 1536 256 881 74 3051 24.5 17 17 27.5 NA 28 256 1 9 16 22 1 9 16 20 0 0 0 2 0 0 0 0
253 71 100 78 22 48 227 1548 230 873 75 3057 24.5 17.5 17 27.5 NA 30 230 0 9 15 24 0 9 15 22 0 0 0 2 0 0 0 0
254 77 98 77 21 49 237 1550 206 863 74 3049 25 18 17 36 19 24 206 0 9 15 25 0 9 15 23 0 0 0 1 0 0 0 1
255 68 96 75 21 48 226 1553 232 868 72 3060 26 17.5 17 36 19 20 232 0 9 14 25 0 9 14 23 0 0 0 1 0 0 0 1
256 74 94 73 21 47 224 1554 237 867 71 3064 27 18 17 36 19 28 237 0 6 17 24 0 6 17 22 0 0 0 1 0 0 0 1
257 81 95 74 21 48 226 1561 224 870 70 3068 25 17.5 17 36 19 29 224 1 5 18 24 1 5 18 22 0 0 0 1 0 0 0 1
258 80 95 74 21 47 232 1626 189 867 69 3056 26 17 17 36 19 29 189 0 7 16 24 0 7 16 22 0 0 0 1 0 0 0 1
259 74 90 71 19 42 228 1612 248 869 66 3062 25 18 18 36 19 24 248 0 6 15 21 0 6 15 19 0 0 0 1 0 0 0 1
260 82 89 66 23 41 235 1604 227 862 63 3048 25 18 18 36 19 37 227 0 5 16 20 0 5 16 18 0 0 0 1 0 0 0 1
261 75 87 64 23 39 235 1623 220 853 61 3043 23 18 18 36 NA 25 220 1 5 16 17 1 5 16 16 0 0 0 1 0 0 0 0
262 63 89 65 24 39 226 1632 218 855 64 3045 23 18 18 36 NA 18 218 1 5 14 19 1 5 14 18 0 0 0 1 0 0 0 0
263 84 88 64 24 39 229 1615 231 843 62 3033 22.5 18 18 36 NA 22 231 1 6 13 19 1 6 13 18 0 0 0 1 0 0 0 0
264 80 94 67 27 39 232 1593 231 835 64 3024 21.5 18 18 36 NA 27 231 1 6 12 20 1 6 12 19 0 0 0 1 0 0 0 0
265 71 97 69 28 40 235 1613 207 831 65 3032 19 18 18 36 NA 22 207 1 5 11 23 1 5 11 22 0 0 0 1 0 0 0 0
266 66 96 68 28 40 230 1632 217 830 64 3034 20 18 18 36 NA 19 217 1 5 11 23 1 5 11 22 0 0 0 1 0 0 0 0
267 71 96 68 28 40 221 1604 222 828 64 3033 20 18 18 36 NA 15 222 1 6 10 23 1 6 10 22 0 0 0 1 0 0 0 0
268 80 96 67 29 42 222 1602 213 832 63 3032 21 18 18 36 NA 27 213 2 5 10 25 2 5 10 24 0 0 0 1 0 0 0 0
269 69 96 66 30 45 219 1580 221 832 64 3020 22 18 17.5 36 NA 23 221 3 7 8 27 3 7 8 26 0 0 0 1 0 0 0 0
270 83 97 68 29 46 226 1548 214 832 66 3012 22 17.5 17 36 NA 33 214 4 6 10 26 4 6 10 25 0 0 0 1 0 0 0 0
271 75 100 70 30 45 216 1543 236 838 66 3021 21 17 17 NA NA 21 236 3 7 7 28 3 7 7 28 0 0 0 0 0 0 0 0
272 64 99 69 30 45 223 1542 230 837 68 3030 22 17 17 NA NA 31 230 3 7 6 29 3 7 6 29 0 0 0 0 0 0 0 0
273 66 102 73 29 45 216 1542 235 844 67 3038 21 17 17 NA NA 21 235 3 7 7 28 3 7 7 28 0 0 0 0 0 0 0 0
274 89 103 74 29 44 194 1547 239 849 68 3025 21 17 17 NA NA 21 239 4 6 8 26 4 6 8 26 0 0 0 0 0 0 0 0
275 85 97 71 26 43 198 1545 236 840 65 3015 20 17 17 22 NA 29 236 5 7 7 24 5 6 7 24 0 1 0 0 0 0 0 0
276 81 97 70 27 43 211 1545 230 833 70 3011 20 17 17 22 NA 36 230 3 7 9 24 3 6 9 24 0 1 0 0 0 0 0 0
277 70 96 69 27 44 207 1554 239 841 71 3010 19.5 17 17 22 NA 29 239 1 7 13 23 1 7 12 23 0 0 1 0 0 0 0 0
278 77 96 69 27 43 217 1564 204 836 69 3018 19.5 17 17 22 NA 32 204 2 7 12 22 2 7 11 22 0 0 1 0 0 0 0 0
279 83 97 71 26 42 209 1588 208 844 67 3006 20 17 17 22 NA 19 208 2 7 12 21 2 7 11 21 0 0 1 0 0 0 0 0
280 77 98 73 25 42 223 1568 233 836 67 3010 20 17 17 22 NA 28 233 2 6 12 22 2 6 11 22 0 0 1 0 0 0 0 0
281 73 97 73 24 44 236 1572 202 820 68 3009 21 17 17 22 NA 34 202 3 7 12 22 3 7 11 22 0 0 1 0 0 0 0 0
282 70 97 72 25 49 237 1568 230 825 70 3005 22 17 17 22 NA 32 230 4 10 11 24 4 9 9 24 0 1 2 0 0 0 0 0
283 71 97 72 25 49 235 1569 228 830 71 3015 23 17 17 22 NA 24 228 5 8 12 24 5 7 10 24 0 1 2 0 0 0 0 0
284 92 96 71 25 46 238 1539 238 833 68 3004 22 18 17 22 NA 36 238 5 8 10 23 5 7 8 23 0 1 2 0 0 0 0 0
285 79 96 69 27 45 237 1545 215 837 70 2995 21.5 17 17 22 NA 31 215 2 12 9 22 2 11 7 22 0 1 2 0 0 0 0 0
286 74 98 71 27 46 231 1582 178 837 71 2989 22 17 17 22 NA 21 178 3 11 8 24 3 10 6 24 0 1 2 0 0 0 0 0
287 68 98 70 28 49 234 1566 219 841 69 3019 23 17 17 22 NA 24 219 3 12 10 24 3 11 8 24 0 1 2 0 0 0 0 0
288 81 96 68 28 47 228 1569 221 845 65 3010 22 17 17 22 NA 30 221 5 9 12 21 5 9 9 21 0 0 3 0 0 0 0 0
289 80 96 70 26 48 228 1550 236 836 63 3010 21 17 17 24.5 NA 26 236 5 8 14 21 5 8 13 20 0 0 1 1 0 0 0 0
290 76 96 70 26 49 229 1546 202 835 64 3003 21.5 17 16 24.5 NA 29 202 5 10 14 20 5 10 13 19 0 0 1 1 0 0 0 0
291 86 97 71 26 50 223 1537 207 830 68 2987 22 16.5 15 24.5 NA 19 207 5 10 14 21 5 10 14 19 0 0 0 2 0 0 0 0
292 90 96 71 25 50 216 1552 210 827 70 2969 22.5 16.5 16 22 NA 22 210 1 15 14 20 1 15 14 19 0 0 0 1 0 0 0 0
293 89 96 69 27 50 203 1532 212 833 69 2943 22.5 17 17 22 NA 22 212 1 14 16 19 1 14 16 18 0 0 0 1 0 0 0 0
294 79 94 67 27 48 207 1542 219 828 65 2931 23 17 17 22 NA 25 219 1 13 17 17 1 13 17 16 0 0 0 1 0 0 0 0
295 80 96 68 28 46 215 1548 203 820 65 2941 21.5 17 17 22 NA 26 203 1 11 17 17 1 11 17 16 0 0 0 1 0 0 0 0
296 75 95 66 29 46 209 1579 209 829 66 2959 22 17 17 22 NA 24 209 0 12 14 20 0 12 14 19 0 0 0 1 0 0 0 0
297 73 93 64 29 45 213 1598 217 827 66 2977 23 17 17 25 NA 26 217 0 10 16 19 0 10 15 18 0 0 1 1 0 0 0 0
298 78 94 65 29 45 206 1596 224 830 67 2993 23 17 17 25 NA 18 224 0 8 17 20 0 8 16 19 0 0 1 1 0 0 0 0
299 86 95 66 29 44 206 1623 222 823 68 2989 23 17.5 17 25 NA 19 222 0 7 15 22 0 7 14 21 0 0 1 1 0 0 0 0
300 85 100 70 30 44 210 1624 233 819 72 3000 21 17 17 25 NA 29 233 0 7 14 23 0 7 13 22 0 0 1 1 0 0 0 0
301 65 98 69 29 45 206 1610 226 826 71 3018 22 17 17 25 NA 23 226 0 8 11 26 0 8 10 25 0 0 1 1 0 0 0 0
302 83 97 68 29 46 213 1589 239 823 71 3010 23 17 17 25 NA 33 239 1 7 12 26 1 7 11 25 0 0 1 1 0 0 0 0
303 84 97 68 29 46 217 1577 245 827 71 3006 23 17 17 25 NA 27 245 1 6 12 27 1 6 11 26 0 0 1 1 0 0 0 0
304 66 94 67 27 47 230 1537 242 825 70 3012 24 17 17 25 NA 40 242 2 5 13 27 2 5 12 26 0 0 1 1 0 0 0 0
305 88 97 70 27 47 240 1526 250 825 72 3017 22 17 16.5 22 NA 40 250 2 6 12 27 2 5 12 25 0 1 0 2 0 0 0 0
306 72 100 74 26 49 240 1545 217 829 72 3013 22 17 16.5 22 NA 28 217 2 7 12 28 2 6 12 26 0 1 0 2 0 0 0 0
307 97 96 70 26 47 247 1541 231 815 72 3004 22.5 17 16 22 NA 27 231 1 8 11 27 1 7 11 25 0 1 0 2 0 0 0 0
308 72 97 71 26 44 245 1578 204 815 71 3012 22 16 16 21.5 NA 25 204 0 7 12 25 0 7 11 24 0 0 1 1 0 0 0 0
309 78 96 70 26 44 243 1558 206 810 71 3004 23 16 16 22 NA 21 206 0 6 11 27 0 6 11 26 0 0 0 1 0 0 0 0
310 79 97 73 24 45 238 1556 225 814 71 3016 23 16 16 22 NA 27 225 0 6 11 28 0 6 11 27 0 0 0 1 0 0 0 0
311 87 98 74 24 46 237 1562 220 810 71 3026 23 17 17 22 NA 23 220 0 7 13 26 0 7 13 25 0 0 0 1 0 0 0 0
312 82 97 72 25 46 239 1538 248 805 70 3024 24 17 17 22 NA 27 248 0 5 15 26 0 5 15 25 0 0 0 1 0 0 0 0
313 86 96 71 25 46 231 1508 240 806 66 3009 22.5 16.5 16 22 NA 26 240 1 5 16 24 1 5 16 23 0 0 0 1 0 0 0 0
314 75 99 74 25 47 231 1507 249 813 66 3014 22 16 16 22 NA 27 249 2 5 15 25 2 5 15 24 0 0 0 1 0 0 0 0
315 104 94 70 24 45 224 1522 209 819 63 2987 22.5 16 16 22 NA 30 209 2 6 12 25 2 6 12 24 0 0 0 1 0 0 0 0
316 85 96 72 24 46 223 1520 226 824 62 2975 22.5 16.5 16 22 NA 27 226 2 6 11 27 2 6 11 26 0 0 0 1 0 0 0 0
317 74 98 74 24 46 215 1549 207 829 64 2970 22 17 17 22 NA 23 207 1 8 11 26 1 8 11 25 0 0 0 1 0 0 0 0
318 72 101 76 25 46 203 1533 234 843 66 2978 22 16.5 16 22 NA 24 234 1 8 11 26 1 8 11 25 0 0 0 1 0 0 0 0
319 70 104 79 25 46 204 1543 228 851 68 2987 21.5 16.5 16 22 NA 28 228 1 6 13 26 1 6 13 25 0 0 0 1 0 0 0 0
320 84 106 82 24 45 204 1517 198 855 70 2987 21.5 17 16.5 22 NA 30 198 1 5 13 26 1 5 13 25 0 0 0 1 0 0 0 0
321 65 107 82 25 45 215 1529 209 850 70 2995 22 16 16 22 NA 30 209 1 6 11 27 1 6 11 26 0 0 0 1 0 0 0 0
322 82 103 79 24 43 229 1507 235 845 68 2983 19 16 16 22 NA 43 235 1 5 12 25 1 5 12 24 0 0 0 1 0 0 0 0
323 68 104 80 24 45 232 1527 211 847 70 2994 19 16 16 19.5 NA 28 211 1 7 12 25 1 6 12 24 0 1 0 1 0 0 0 0
324 81 101 79 22 43 226 1572 197 849 69 2990 19 16 16 19.5 NA 21 197 1 7 9 26 1 6 9 25 0 1 0 1 0 0 0 0
325 90 101 79 22 46 227 1585 218 849 72 2978 20 16.5 16 22 NA 25 218 0 10 10 26 0 9 9 25 0 1 1 1 0 0 0 0
326 82 101 78 23 47 228 1576 217 846 73 2976 21 17 16 22 NA 22 217 0 11 10 26 0 10 9 25 0 1 1 1 0 0 0 0
327 76 103 78 25 48 217 1552 228 856 73 2983 21 16.5 16 22 NA 24 228 1 10 11 26 1 9 10 25 0 1 1 1 0 0 0 0
328 66 102 77 25 48 229 1593 218 851 75 3003 22 17 16 24 NA 28 218 1 10 10 27 1 9 8 26 0 1 2 1 0 0 0 0
329 78 105 80 25 51 224 1564 223 854 78 3001 22 17 16 24 NA 23 223 1 11 11 28 1 10 9 27 0 1 2 1 0 0 0 0
330 75 108 81 27 53 222 1527 241 854 80 3002 22.5 17 17 24 NA 25 241 1 9 14 29 1 9 11 28 0 0 3 1 0 0 0 0
331 67 111 86 25 57 217 1535 209 858 83 3007 22 17 16.5 22 NA 25 209 0 12 13 32 0 11 10 31 0 1 3 1 0 0 0 0
332 83 111 86 25 56 226 1554 215 849 83 3005 23 17 17 22 NA 24 215 0 10 13 33 0 9 10 32 0 1 3 1 0 0 0 0
333 76 112 86 26 57 230 1573 228 852 84 3010 23 17 17 22 NA 29 228 1 10 14 32 1 9 11 31 0 1 3 1 0 0 0 0
334 75 111 87 24 57 224 1565 255 862 81 3022 24 17 17 22 NA 23 255 1 9 14 33 1 8 11 32 0 1 3 1 0 0 0 0
335 61 111 87 24 57 219 1583 238 874 81 3038 23 17 17 19.5 NA 22 238 1 10 11 35 1 8 10 32 0 2 1 3 0 0 0 0
336 88 112 86 26 57 221 1581 239 876 82 3039 24 17 17 19.5 NA 25 239 2 9 12 34 2 7 11 31 0 2 1 3 0 0 0 0
337 81 108 82 26 55 231 1589 219 867 79 3045 24.5 17 17 17 NA 29 219 3 8 13 31 2 6 12 28 1 2 1 3 0 0 0 0
338 90 113 86 27 57 230 1572 233 868 81 3035 25 17 17 17 NA 28 233 4 8 14 31 3 6 13 28 1 2 1 3 0 0 0 0
339 62 113 86 27 59 232 1557 237 869 83 3041 26 17 17 17 NA 28 237 3 10 14 32 3 7 13 29 0 3 1 3 0 0 0 0
340 93 114 86 28 58 227 1519 246 865 81 3023 24 17 17 17 NA 31 246 3 7 18 30 3 4 17 27 0 3 1 3 0 0 0 0
341 70 115 88 27 60 229 1542 215 868 82 3024 24 17 17 19.5 NA 24 215 4 8 17 31 4 5 15 28 0 3 2 3 0 0 0 0
342 82 117 89 28 63 233 1565 214 867 84 3030 24 17 17 17 NA 30 214 4 8 19 32 4 5 17 28 0 3 2 4 0 0 0 0
343 91 119 91 28 62 231 1564 239 861 87 3022 24 17 17 17 NA 27 239 3 6 20 33 3 4 17 29 0 2 3 4 0 0 0 0
344 80 123 94 29 64 225 1549 220 870 88 3018 25 17 17 17 NA 22 220 4 7 18 35 4 5 15 31 0 2 3 4 0 0 0 0
345 82 122 91 31 62 226 1521 229 869 87 3025 23.5 17 17 17 NA 29 229 4 7 19 32 4 5 16 28 0 2 3 4 0 0 0 0
346 80 123 92 31 62 234 1536 225 864 86 3009 23 17 17 17 NA 33 225 2 11 17 32 2 9 14 28 0 2 3 4 0 0 0 0
347 86 122 93 29 62 228 1517 232 872 86 2999 23 17 17 17 NA 26 232 2 10 18 32 2 8 15 28 0 2 3 4 0 0 0 0
348 73 121 93 28 61 235 1544 200 864 85 2999 23 17 17 19.5 NA 30 200 1 11 17 32 1 9 13 28 0 2 4 4 0 0 0 0
349 88 121 93 28 59 240 1522 225 848 83 2992 22 17 17 19.5 NA 29 225 1 12 14 32 1 10 11 27 0 2 3 5 0 0 0 0
350 63 119 90 29 59 242 1531 211 853 85 2992 22 17 17 17 NA 29 211 1 13 14 31 1 11 11 27 0 2 3 4 0 0 0 0
351 78 120 91 29 62 239 1518 226 857 84 2980 22 17 17 17 NA 21 226 3 13 15 31 3 12 11 27 0 1 4 4 0 0 0 0
352 95 118 89 29 62 240 1496 226 850 84 2960 22 16.5 16 19.5 NA 32 226 5 13 12 32 5 12 9 28 0 1 3 4 0 0 0 0
353 70 115 86 29 58 243 1497 222 845 81 2990 22 16 15 19.5 NA 25 222 5 11 12 30 5 10 9 26 0 1 3 4 0 0 0 0
354 89 115 86 29 58 248 1499 226 839 84 2968 23 16 15 19.5 NA 27 226 4 10 13 31 4 10 9 27 0 0 4 4 0 0 0 0
355 75 114 86 28 58 242 1491 236 846 86 2957 23.5 15.5 15 19.5 NA 28 236 1 14 12 31 1 14 9 26 0 0 3 5 0 0 0 0
356 72 112 85 27 58 249 1471 217 841 86 2949 23.5 16 15 17 NA 28 217 1 14 13 30 1 13 10 25 0 1 3 5 0 0 0 0
357 63 111 84 27 57 242 1492 236 850 87 2952 24 16 14.5 17 NA 27 236 1 13 12 31 1 12 9 26 0 1 3 5 0 0 0 0
358 80 111 84 27 56 238 1493 222 858 87 2956 24 15.5 14.5 16.5 NA 28 222 0 13 15 28 0 12 12 24 0 1 3 4 0 0 0 0
359 81 112 83 29 55 231 1518 217 853 86 2959 23.5 15 14 16.5 NA 17 217 1 13 13 28 1 12 11 23 0 1 2 5 0 0 0 0
360 80 112 83 29 57 230 1553 226 853 86 2945 23.5 15 14 16.5 NA 30 226 1 15 13 28 1 14 11 23 0 1 2 5 0 0 0 0
