1 86 118 101 17 53 151 1763 99 381 96 468 29 23 33.5 22 NA 13 99 0 6 15 32 0 0 0 2 0 6 15 30 0 0 0 0
2 69 115 98 17 53 156 1713 135 380 93 763 29 23 30 22 NA 16 135 0 6 16 31 0 0 1 2 0 6 15 29 0 0 0 0
3 73 115 96 19 53 149 1685 139 394 91 1012 30 22 30 22 6 17 139 0 7 15 31 0 0 1 2 0 7 14 28 0 0 0 1
4 79 116 97 19 53 166 1635 165 399 92 1196 30.5 23 31.5 21 6 32 165 0 6 17 30 0 0 2 2 0 6 15 27 0 0 0 1
5 71 117 97 20 57 173 1598 159 406 93 1393 30 23 31.5 22.5 2 25 159 2 6 15 34 2 0 3 3 0 6 11 31 0 0 1 0
6 75 117 98 19 57 175 1579 168 412 94 1531 29 23 31.5 22 20.5 17 168 2 6 15 34 2 0 4 4 0 6 10 29 0 0 1 1
1 85 123 101 22 50 166 1754 114 372 97 481 28 22.5 19 23 NA 16 114 0 5 13 32 0 1 1 0 0 4 12 32 0 0 0 0
2 75 123 101 22 53 160 1726 127 379 96 780 29 23 19 23 NA 15 127 0 6 14 33 0 1 1 0 0 5 13 33 0 0 0 0
3 81 123 102 21 53 160 1690 139 386 94 1050 29 23 21 23 NA 18 139 0 6 13 34 0 1 2 0 0 5 11 34 0 0 0 0
4 90 121 98 23 53 158 1652 157 393 92 1253 29 24 22.5 24 24.5 23 157 0 4 17 32 0 0 4 0 0 4 12 29 0 0 1 3
5 90 121 98 23 56 160 1612 162 406 92 1430 28 24.5 31 24.5 22 23 162 0 5 17 34 0 1 6 2 0 3 11 28 0 1 0 4
6 80 117 95 22 57 160 1575 159 404 90 1557 28 24 31 24 22 18 159 0 7 16 34 0 3 6 4 0 3 10 26 0 1 0 4
7 90 119 96 23 59 154 1511 201 420 88 1639 27 24 24 24.5 22 20 201 2 8 12 37 1 4 5 6 1 3 7 27 0 1 0 4
8 69 117 94 23 59 149 1514 174 429 85 1745 28 24 24 25 30 14 174 3 7 11 38 1 4 4 7 2 2 7 28 0 1 0 3
9 66 116 92 24 57 145 1501 169 436 85 1831 26 24 24 25 30 14 169 3 6 10 38 1 4 3 8 2 1 7 27 0 1 0 3
10 77 113 89 24 55 150 1476 192 431 82 1916 27 24 21 25 30 19 192 3 5 12 35 1 5 4 6 2 0 7 26 0 0 1 3
11 82 113 90 23 53 157 1446 205 434 78 1970 27 24 21 24.5 30 29 205 3 4 11 35 1 4 4 6 2 0 6 26 0 0 1 3
12 76 105 86 19 48 164 1435 197 437 73 2022 26 24 21 24.5 11 25 197 2 6 10 30 1 5 4 5 1 1 5 23 0 0 1 2
13 74 107 88 19 48 159 1454 166 444 75 2092 27 24 21 25 17 16 166 1 5 11 31 1 3 6 5 0 2 4 23 0 0 1 3
14 70 107 90 17 47 164 1470 203 455 74 2151 25 24 21 25 23 26 203 1 6 9 31 1 3 6 5 0 3 3 23 0 0 0 3
15 80 108 91 17 47 173 1477 180 454 76 2193 25.5 24 21 24.5 31 22 180 1 6 8 32 1 3 6 5 0 3 2 23 0 0 0 4
16 65 111 93 18 48 168 1498 179 463 77 2240 24 24 24 24.5 39 15 179 1 6 8 33 1 3 6 7 0 3 2 23 0 0 0 3
17 61 111 95 16 49 166 1508 195 469 79 2281 24 25 27.5 24.5 39 19 195 1 4 11 33 1 2 8 7 0 2 3 23 0 0 0 3
18 68 110 94 16 49 175 1470 213 478 78 2327 24.5 25 25 25 39 28 213 1 4 13 31 1 2 10 6 0 2 3 22 0 0 0 3
19 85 110 93 17 50 184 1452 209 476 82 2356 25 24.5 24 25 39 25 209 0 7 10 33 0 5 7 8 0 2 3 22 0 0 0 3
20 69 111 94 17 52 170 1471 201 493 83 2388 26 24 22.5 25 39 20 201 0 9 9 34 0 7 6 9 0 2 3 22 0 0 0 3
21 73 113 93 20 48 186 1462 198 489 82 2413 22 24 17 25 44 29 198 0 8 8 32 0 6 6 7 0 2 2 23 0 0 0 2
22 73 110 91 19 47 182 1492 207 494 80 2441 22 24 17 24.5 44 20 207 0 7 8 32 0 5 7 7 0 2 1 23 0 0 0 2
23 83 107 90 17 46 177 1506 196 503 79 2473 22 24 17 24 44 22 196 0 7 9 30 0 5 8 6 0 2 1 22 0 0 0 2
24 72 109 91 18 49 173 1508 205 515 80 2499 22 24 16.5 24 44 22 205 0 8 11 30 0 7 9 6 0 1 2 22 0 0 0 2
25 94 107 90 17 50 177 1538 186 521 80 2498 22 22.5 16.5 24 44 18 186 0 8 9 33 0 7 6 9 0 1 3 22 0 0 0 2
26 74 105 88 17 52 178 1530 213 529 82 2524 23 21 16 24 44 23 213 1 10 9 32 1 9 6 9 0 1 3 21 0 0 0 2
27 70 104 88 16 54 172 1532 214 537 84 2558 24.5 22 17 24 28 17 214 1 8 11 34 1 7 8 11 0 1 3 19 0 0 0 4
28 79 106 89 17 55 193 1511 224 541 85 2573 24.5 21 18 24 28 42 224 2 10 11 32 2 9 8 10 0 1 3 18 0 0 0 4
29 72 105 89 16 57 205 1492 216 551 84 2584 25 21 18 24 28 33 216 2 10 10 35 2 9 7 12 0 1 3 19 0 0 0 4
30 67 106 90 16 58 205 1503 202 557 84 2587 25.5 21 18 24 28 19 202 2 12 9 35 2 10 6 12 0 2 3 19 0 0 0 4
31 103 102 86 16 56 214 1498 210 554 81 2580 26.5 21 17.5 24 28 29 210 2 8 12 34 2 7 8 11 0 1 4 19 0 0 0 4
32 91 103 86 17 52 205 1510 202 563 76 2594 25 20.5 17 24 31 26 202 2 8 11 31 2 7 8 9 0 1 3 17 0 0 0 5
33 79 102 85 17 51 216 1496 223 556 79 2620 26 21 17 24 31 30 223 1 9 9 32 1 8 6 10 0 1 3 17 0 0 0 5
34 64 106 87 19 52 204 1509 209 577 79 2642 25.5 21 17 24 35 21 209 2 7 11 32 2 7 6 11 0 0 5 17 0 0 0 4
35 80 105 85 20 50 197 1511 230 584 78 2668 25 20.5 16 24 35 17 230 2 4 13 31 2 4 8 11 0 0 5 16 0 0 0 4
36 70 103 84 19 49 194 1538 206 594 75 2684 25 20 16.5 24 35 27 206 2 4 13 30 2 4 9 11 0 0 4 15 0 0 0 4
37 87 102 83 19 47 196 1492 230 597 72 2689 26 20 17 24 31 27 230 2 4 11 30 2 4 8 11 0 0 2 15 0 0 1 4
38 72 101 83 18 47 188 1497 210 615 72 2706 26 18 16 24 31 23 210 3 2 13 29 3 2 10 10 0 0 2 15 0 0 1 4
39 76 99 82 17 48 185 1528 221 625 69 2705 25 18 15.5 22.5 35 31 221 5 4 12 27 5 3 9 11 0 1 2 13 0 0 1 3
40 64 97 81 16 47 190 1531 209 628 68 2719 25 18 14.5 22.5 39 30 209 3 7 11 26 3 6 9 10 0 1 2 13 0 0 0 3
41 74 97 81 16 48 196 1535 228 641 69 2735 26 18 15 22.5 39 36 228 3 7 11 27 3 6 10 10 0 1 1 14 0 0 0 3
42 76 98 82 16 47 200 1558 206 643 70 2738 26.5 18 15 24 39 23 206 3 7 11 26 3 6 10 10 0 1 1 13 0 0 0 3
43 68 101 82 19 49 193 1562 217 652 70 2744 27 18 15.5 22 39 18 217 3 9 9 28 3 7 8 12 0 2 1 13 0 0 0 3
44 65 102 83 19 49 203 1547 225 646 75 2766 26 18 15 24 39 26 225 4 9 8 28 4 7 7 13 0 2 1 12 0 0 0 3
45 76 102 84 18 47 196 1530 206 653 72 2764 24 18 16 24 39 22 206 4 6 9 28 4 5 7 14 0 1 2 11 0 0 0 3
46 87 100 82 18 47 208 1541 211 655 76 2766 25 18 16 24 39 34 211 2 9 7 29 2 8 6 15 0 1 1 11 0 0 0 3
47 84 97 80 17 47 212 1539 221 658 76 2763 26 18 16 24 39 27 221 2 10 5 30 2 9 4 16 0 1 1 11 0 0 0 3
48 84 95 78 17 44 213 1527 222 668 77 2761 26 18 14.5 24 39 29 222 1 11 4 28 1 10 3 14 0 1 1 11 0 0 0 3
49 76 94 73 21 42 212 1525 216 667 75 2771 23.5 17.5 15 19 39 19 216 1 11 5 25 1 9 4 13 0 2 1 9 0 0 0 3
50 74 91 72 19 40 207 1540 220 679 73 2769 24 17.5 15.5 18 39 31 220 0 9 6 25 0 7 5 14 0 2 1 8 0 0 0 3
51 89 93 73 20 40 215 1528 221 675 72 2769 23 17.5 15 18.5 39 28 221 0 10 6 24 0 8 4 13 0 2 2 8 0 0 0 3
52 82 95 76 19 39 217 1559 216 669 69 2768 22 17 14.5 18.5 39 20 216 1 8 8 22 1 6 6 11 0 2 2 8 0 0 0 3
53 83 94 75 19 39 217 1553 200 680 67 2775 21.5 18 15 19 39 23 200 1 8 8 22 1 6 6 12 0 2 2 7 0 0 0 3
54 70 96 77 19 38 215 1542 222 688 67 2784 22 17.5 14.5 19 39 26 222 1 8 8 21 1 6 6 11 0 2 2 7 0 0 0 3
55 74 96 77 19 38 217 1538 214 692 70 2784 23 17.5 14.5 19 39 26 214 1 8 8 21 1 6 6 11 0 2 2 7 0 0 0 3
56 59 95 76 19 40 221 1542 221 699 70 2793 24 17.5 14.5 19 39 31 221 2 8 9 21 2 7 6 11 0 1 3 7 0 0 0 3
57 66 95 76 19 42 229 1549 218 706 72 2817 25 18 15.5 19 39 35 218 2 8 8 24 2 7 6 13 0 1 2 8 0 0 0 3
58 80 97 74 23 42 226 1532 220 708 71 2827 24 17.5 15.5 18.5 40 20 220 3 5 11 23 2 5 8 13 1 0 3 8 0 0 0 2
59 83 97 74 23 41 228 1526 240 717 69 2821 25 17 15 18.5 40 36 240 3 3 14 21 2 3 11 11 1 0 3 8 0 0 0 2
60 78 98 75 23 41 225 1511 224 728 68 2823 25 17 15 18.5 40 34 224 3 2 16 20 2 2 13 10 1 0 3 8 0 0 0 2
61 92 101 79 22 44 224 1527 205 726 71 2813 25 17.5 15 19 40 23 205 3 3 17 21 3 2 14 12 0 1 3 7 0 0 0 2
62 78 103 80 23 42 239 1519 224 718 69 2811 25 17.5 15.5 18.5 40 33 224 3 3 15 21 3 2 12 13 0 1 3 6 0 0 0 2
63 60 101 78 23 40 243 1503 218 728 70 2830 25 17.5 14.5 18.5 40 30 218 2 4 13 21 2 3 11 12 0 1 2 7 0 0 0 2
64 63 107 79 28 41 245 1470 244 736 73 2849 22 17 14 18.5 40 30 244 2 5 11 23 2 4 9 14 0 1 2 7 0 0 0 2
65 83 106 78 28 42 246 1499 205 742 71 2851 20.5 17.5 14.5 18.5 40 32 205 2 6 11 23 2 5 9 14 0 1 2 7 0 0 0 2
66 82 111 82 29 44 243 1467 240 740 73 2852 20 17.5 14.5 18.5 40 24 240 1 7 13 23 1 6 11 14 0 1 2 7 0 0 0 2
67 65 114 84 30 42 244 1471 231 743 70 2858 18 17.5 14.5 18.5 40 27 231 2 7 11 22 2 6 10 14 0 1 1 6 0 0 0 2
68 83 117 86 31 41 249 1472 229 744 69 2858 17 17 14.5 18 40 31 229 2 6 10 23 2 5 10 15 0 1 0 6 0 0 0 2
69 78 118 87 31 41 238 1454 234 751 69 2836 18 17 14.5 18 40 18 234 2 6 10 23 2 5 10 15 0 1 0 6 0 0 0 2
70 80 119 88 31 44 237 1439 216 754 72 2823 18 17.5 15.5 18.5 40 26 216 1 10 7 26 1 9 7 19 0 1 0 5 0 0 0 2
71 80 121 91 30 45 221 1467 196 765 73 2834 19 17 15 18.5 40 17 196 1 11 6 27 1 10 6 20 0 1 0 5 0 0 0 2
72 77 123 92 31 44 234 1458 216 754 75 2830 18 17.5 16 18 40 35 216 1 11 5 27 1 10 5 21 0 1 0 4 0 0 0 2
73 64 124 93 31 46 244 1456 228 756 78 2842 19 18 16.5 21.5 40 29 228 1 9 8 28 1 9 6 22 0 0 2 4 0 0 0 2
74 85 121 90 31 46 242 1445 220 753 78 2837 18 18 17 25 40 24 220 1 8 9 28 1 8 7 23 0 0 2 3 0 0 0 2
75 87 119 88 31 45 248 1460 190 747 74 2818 17 18 17 25 31 27 190 2 7 10 26 2 6 8 21 0 0 2 3 0 1 0 2
76 66 118 86 32 43 249 1473 230 750 76 2827 16 18 17 21.5 31 30 230 3 6 10 24 3 5 8 20 0 0 2 2 0 1 0 2
77 69 118 85 33 45 238 1467 217 771 78 2830 17 17 16.5 21.5 31 25 217 4 7 10 24 4 6 8 20 0 0 2 2 0 1 0 2
78 60 115 81 34 46 232 1478 208 782 79 2829 18 17 15 21.5 31 26 208 3 8 10 25 3 7 8 21 0 0 2 2 0 1 0 2
79 71 112 79 33 45 240 1497 219 786 82 2834 20.5 17 16 21.5 31 29 219 2 8 10 25 2 7 8 21 0 0 2 2 0 1 0 2
80 80 114 78 36 50 239 1482 238 794 85 2844 20 17 16 21.5 31 37 238 1 11 12 26 1 10 10 22 0 0 2 2 0 1 0 2
81 79 112 76 36 45 240 1492 218 794 81 2840 19.5 15 14.5 25 23 28 218 1 11 10 23 1 10 8 19 0 0 1 2 0 1 1 2
82 77 108 73 35 43 235 1504 216 796 79 2849 20 17 15.5 25 23 26 216 1 10 12 20 1 9 10 16 0 0 1 2 0 1 1 2
83 74 106 72 34 43 235 1481 234 800 80 2863 20.5 17 16 25 15 24 234 1 11 12 19 1 10 10 16 0 0 1 2 0 1 1 1
84 80 108 74 34 44 228 1495 204 811 84 2872 20.5 17 16.5 25 15 29 204 1 10 13 20 1 10 11 16 0 0 0 3 0 0 2 1
85 88 112 77 35 46 224 1502 203 819 85 2863 21 16.5 16 25 15 24 203 2 11 12 21 2 11 11 16 0 0 0 3 0 0 1 2
86 83 111 77 34 48 221 1450 237 820 85 2867 22 16.5 16 21.5 15 28 237 2 12 13 21 2 11 12 16 0 1 0 3 0 0 1 2
87 66 110 77 33 47 238 1478 220 818 87 2870 23 16 16 21.5 15 34 220 2 12 11 22 2 11 10 17 0 1 0 3 0 0 1 2
88 80 109 76 33 44 233 1440 233 813 86 2855 24 15.5 15 25 15 24 233 2 8 12 22 2 7 11 17 0 0 0 3 0 1 1 2
89 71 106 70 36 47 230 1467 208 811 84 2858 24.5 18 17.5 25 15 22 208 0 10 15 22 0 9 14 17 0 0 0 3 0 1 1 2
90 78 107 71 36 50 219 1495 209 819 83 2867 24 18 18 18 15 19 209 0 12 17 21 0 9 16 16 0 2 0 3 0 1 1 2
91 74 108 72 36 50 228 1493 222 824 83 2878 25 17.5 17.5 21.5 15 34 222 1 11 18 20 1 8 17 16 0 2 0 2 0 1 1 2
92 70 108 72 36 55 231 1505 206 828 85 2881 26 18 18.5 25 15 28 206 1 10 22 22 1 7 20 18 0 2 1 2 0 1 1 2
93 81 109 73 36 55 236 1514 225 825 86 2895 27 19 19 22 15 24 225 1 11 21 22 1 7 19 18 0 3 1 2 0 1 1 2
94 66 110 73 37 56 228 1506 201 831 88 2909 27 19 19 22 15 19 201 1 9 21 25 1 5 19 21 0 3 1 2 0 1 1 2
95 82 103 69 34 52 231 1499 233 824 80 2904 25 19 19 22 15 26 233 1 10 19 22 1 7 16 18 0 3 1 2 0 0 2 2
96 81 103 68 35 54 222 1509 187 822 81 2909 26 18.5 18.5 22 15 21 187 1 9 22 22 1 7 19 17 0 2 2 2 0 0 1 3
97 101 105 69 36 55 225 1512 222 825 83 2898 26 18 18 22 15 36 222 0 10 22 23 0 8 19 18 0 2 2 2 0 0 1 3
98 77 106 71 35 58 222 1533 202 833 80 2898 27 18.5 18.5 22 15 26 202 0 10 22 26 0 9 18 21 0 1 3 2 0 0 1 3
99 80 108 73 35 58 215 1533 199 840 79 2886 27 19 19 22 15 22 199 0 9 24 25 0 9 19 20 0 0 4 2 0 0 1 3
100 71 108 74 34 57 219 1510 221 838 78 2895 28 19 19 22 15 25 221 0 9 18 30 0 9 14 25 0 0 4 2 0 0 0 3
101 86 109 75 34 61 217 1524 207 841 80 2889 28 19 19 22 15 28 207 1 10 18 32 1 10 14 27 0 0 4 2 0 0 0 3
102 73 108 74 34 62 227 1520 239 845 81 2894 29 19 19 22 15 34 239 2 9 17 34 2 9 13 29 0 0 4 2 0 0 0 3
103 72 111 76 35 61 227 1521 228 844 83 2900 28 19 19 22 15 30 228 1 9 16 35 1 9 13 29 0 0 3 3 0 0 0 3
104 67 110 75 35 60 223 1529 202 847 81 2893 27 18.5 18.5 19 15 23 202 2 8 16 34 2 8 13 29 0 0 3 2 0 0 0 3
105 86 109 75 34 57 218 1530 210 840 78 2887 25 18 18 19 15 18 210 1 8 18 30 1 8 15 25 0 0 3 2 0 0 0 3
106 69 109 76 33 57 231 1547 206 830 77 2898 25 18 18 19 20 35 206 2 7 17 31 2 7 14 27 0 0 3 2 0 0 0 2
107 72 111 80 31 56 226 1560 216 831 74 2911 25 18.5 18 19 31 24 216 3 7 17 29 3 7 14 26 0 0 3 2 0 0 0 1
108 82 109 80 29 56 219 1571 225 839 74 2913 26 18 16 19 31 22 225 4 7 15 30 4 7 13 26 0 0 2 3 0 0 0 1
109 97 108 81 27 51 221 1561 199 822 71 2900 24 18 17 21.5 31 26 199 3 4 15 29 3 4 14 25 0 0 1 3 0 0 0 1
110 80 110 82 28 52 214 1569 205 823 75 2901 24 18 16 21.5 31 21 205 2 7 15 28 2 7 14 24 0 0 1 3 0 0 0 1
111 75 113 84 29 51 201 1595 197 830 77 2887 22 18 16 21.5 31 15 197 0 9 13 29 0 9 13 24 0 0 0 4 0 0 0 1
112 81 113 85 28 50 208 1574 231 824 73 2882 22 17 16 21.5 NA 30 231 1 8 14 27 1 8 14 23 0 0 0 4 0 0 0 0
113 77 111 84 27 50 214 1567 237 825 72 2870 22 18 16 24 NA 43 237 1 9 13 27 1 9 12 23 0 0 1 4 0 0 0 0
114 73 111 84 27 49 215 1578 190 825 70 2872 20 18 17 24 NA 24 190 1 7 13 28 1 7 12 24 0 0 1 4 0 0 0 0
115 80 113 85 28 47 220 1560 234 821 72 2884 18 18 17 24 NA 29 234 1 6 13 27 1 6 12 23 0 0 1 4 0 0 0 0
116 65 114 85 29 49 218 1559 211 826 74 2895 18.5 18 17 24 NA 27 211 1 7 13 28 1 7 12 24 0 0 1 4 0 0 0 0
117 64 112 84 28 46 223 1576 223 817 74 2918 19 19 18.5 24.5 NA 25 223 1 7 10 28 1 7 9 25 0 0 1 3 0 0 0 0
118 74 114 86 28 46 228 1564 224 818 74 2921 19 18.5 17.5 24.5 NA 30 224 1 9 7 29 1 9 6 26 0 0 1 3 0 0 0 0
119 65 117 88 29 47 242 1557 237 811 78 2930 18 17 16 24.5 NA 32 237 0 12 7 28 0 12 6 25 0 0 1 3 0 0 0 0
120 63 120 89 31 50 246 1544 231 814 78 2953 17.5 16.5 16 24.5 NA 34 231 2 14 6 28 2 14 5 25 0 0 1 3 0 0 0 0
121 79 117 87 30 54 248 1543 208 802 82 2947 19 16.5 16 24 NA 26 208 3 14 8 29 3 13 7 26 0 1 1 3 0 0 0 0
122 70 121 91 30 54 240 1571 216 815 84 2957 19 16 16 24 NA 24 216 4 11 11 28 4 10 10 25 0 1 1 3 0 0 0 0
123 78 120 92 28 50 232 1594 209 815 82 2955 18 16 16 24 NA 20 209 3 11 11 25 3 10 10 22 0 1 1 3 0 0 0 0
124 90 119 91 28 52 239 1569 221 805 82 2949 18 16.5 16 24 21 31 221 3 14 11 24 3 12 10 21 0 1 1 3 0 1 0 0
125 81 117 90 27 52 242 1549 215 801 82 2957 19 17.5 16.5 24 21 24 215 2 15 12 23 2 13 12 19 0 1 0 4 0 1 0 0
126 72 114 88 26 51 247 1541 234 801 81 2966 19 16 16 24 21 24 234 2 17 9 23 2 15 9 19 0 1 0 4 0 1 0 0
127 90 110 86 24 52 239 1552 201 805 80 2942 20 16 16 19.5 21 24 201 4 14 11 23 3 13 10 19 1 1 0 4 0 0 1 0
128 85 111 88 23 52 248 1538 217 798 78 2936 19 18 17 24 21 30 217 4 14 12 22 3 13 11 19 1 1 0 3 0 0 1 0
129 74 116 91 25 54 245 1531 226 803 78 2952 19.5 17 16 24 21 23 226 5 13 14 22 4 12 13 19 1 1 0 3 0 0 1 0
130 78 116 91 25 55 226 1527 231 823 80 2947 20.5 18 16 24 21 20 231 5 13 15 22 4 12 14 19 1 1 0 3 0 0 1 0
131 86 113 87 26 57 215 1531 208 823 79 2942 21 16 16 24 21 23 208 6 12 19 20 5 11 18 17 1 1 0 3 0 0 1 0
132 76 115 88 27 57 209 1544 215 820 82 2933 21 16 16 24 21 18 215 5 13 19 20 4 12 18 17 1 1 0 3 0 0 1 0
133 68 111 85 26 56 215 1530 246 823 79 2941 22 16 15.5 24 21 29 246 4 12 21 19 4 11 19 16 0 1 1 3 0 0 1 0
134 64 112 86 26 57 228 1545 220 817 84 2952 23 16 15 24 21 33 220 4 12 19 22 4 11 17 19 0 1 1 3 0 0 1 0
135 65 109 84 25 57 231 1593 210 814 86 2960 23 16 16 24 21 23 210 1 14 20 22 1 13 18 19 0 1 1 3 0 0 1 0
136 61 107 82 25 56 235 1592 228 813 84 2979 24 16 16 24.5 21 27 228 1 11 23 21 1 11 21 18 0 0 1 3 0 0 1 0
137 69 108 83 25 53 232 1548 240 818 81 2991 23.5 16 16 24.5 21 25 240 0 10 22 21 0 10 20 18 0 0 1 3 0 0 1 0
138 72 108 83 25 53 234 1547 232 806 79 3004 23.5 16 16 24.5 21 21 232 0 9 24 20 0 9 22 17 0 0 1 3 0 0 1 0
139 61 106 82 24 53 236 1575 221 813 78 3012 24.5 17 16 24.5 21 31 221 0 8 22 23 0 8 21 19 0 0 1 3 0 0 0 1
140 82 104 80 24 50 239 1568 211 802 77 3005 23.5 17.5 16 24.5 21 30 211 0 8 21 21 0 8 20 17 0 0 1 3 0 0 0 1
141 66 104 80 24 52 237 1564 213 802 81 3012 22 17.5 16 24.5 21 22 213 1 9 19 23 1 9 18 19 0 0 1 3 0 0 0 1
142 88 101 78 23 49 231 1556 243 807 78 2999 23 16 15.5 25 NA 24 243 1 10 18 20 1 10 17 18 0 0 1 2 0 0 0 0
143 88 104 77 27 50 234 1548 218 806 77 2995 23 15.5 15 25 NA 29 218 2 9 15 24 2 9 14 22 0 0 1 2 0 0 0 0
144 83 106 79 27 50 239 1546 213 802 80 2991 24 15.5 15 25 NA 21 213 1 9 16 24 1 9 15 22 0 0 1 2 0 0 0 0
145 73 105 78 27 49 240 1550 215 800 79 3003 23 16 16 28 NA 22 215 1 10 13 25 1 10 13 23 0 0 0 2 0 0 0 0
146 83 107 80 27 51 235 1585 187 808 79 3002 24 17 16 28 NA 23 187 1 9 15 26 1 9 15 24 0 0 0 2 0 0 0 0
147 83 103 75 28 47 243 1583 214 802 75 2996 24 16 16 28 NA 30 214 1 5 16 25 1 5 16 23 0 0 0 2 0 0 0 0
148 81 105 77 28 46 234 1568 235 806 73 2980 25 16 16 28 NA 23 235 1 5 16 24 1 5 16 22 0 0 0 2 0 0 0 0
149 72 107 80 27 46 231 1574 232 806 75 2990 22 16 16 28 NA 28 232 1 5 14 26 1 5 14 24 0 0 0 2 0 0 0 0
150 78 106 79 27 44 222 1598 207 802 74 2989 22 16 15.5 28 NA 20 207 1 5 13 25 1 5 13 23 0 0 0 2 0 0 0 0
151 75 107 80 27 45 230 1603 193 797 74 2975 23 16 16 28 NA 24 193 1 5 13 26 1 5 13 24 0 0 0 2 0 0 0 0
152 72 102 76 26 42 223 1618 210 793 71 2980 23 16 16 25 NA 14 210 0 7 14 21 0 7 14 20 0 0 0 1 0 0 0 0
153 88 99 72 27 41 213 1591 235 803 67 2957 22 16 15.5 25 NA 32 235 0 6 17 18 0 6 17 17 0 0 0 1 0 0 0 0
154 75 99 71 28 41 218 1602 231 802 67 2962 22 15 15 NA NA 29 231 2 6 17 16 2 6 17 16 0 0 0 0 0 0 0 0
155 76 97 68 29 43 208 1588 218 805 69 2959 23 14 14 NA NA 22 218 3 8 14 18 3 8 14 18 0 0 0 0 0 0 0 0
156 76 97 68 29 43 212 1573 230 797 70 2957 24 14 14 NA NA 21 230 2 6 16 19 2 6 16 19 0 0 0 0 0 0 0 0
157 76 98 69 29 45 205 1562 221 805 70 2957 23.5 14 14 NA NA 19 221 2 9 16 18 2 9 16 18 0 0 0 0 0 0 0 0
158 79 100 72 28 45 205 1552 217 794 70 2958 21 15 15 NA NA 20 217 2 9 14 20 2 9 14 20 0 0 0 0 0 0 0 0
159 62 101 73 28 46 199 1570 202 791 71 2973 22 15 15 NA NA 16 202 3 9 10 24 3 9 10 24 0 0 0 0 0 0 0 0
160 92 96 69 27 42 207 1546 229 786 70 2959 21 15 15 17 NA 34 229 2 10 8 22 2 9 8 22 0 1 0 0 0 0 0 0
161 59 97 70 27 43 192 1579 222 802 73 2975 21 15 14.5 17 NA 19 222 1 11 9 22 1 10 9 22 0 1 0 0 0 0 0 0
162 68 99 72 27 45 204 1589 208 799 76 2984 22 14 14 15 NA 29 208 1 12 9 23 1 10 9 23 0 2 0 0 0 0 0 0
163 66 98 71 27 46 201 1581 219 800 74 2992 20.5 14.5 15 13 NA 20 219 1 13 10 22 1 10 10 22 0 3 0 0 0 0 0 0
164 76 96 71 25 50 203 1591 225 801 73 3011 21.5 14.5 15 13 NA 27 225 2 13 12 23 2 10 12 23 0 3 0 0 0 0 0 0
165 81 97 71 26 52 207 1568 241 797 75 3009 22 14.5 15 13 NA 27 241 2 15 12 23 2 12 12 23 0 3 0 0 0 0 0 0
166 90 94 68 26 52 206 1567 225 806 75 2995 23 15 15 13 NA 25 225 1 16 12 23 1 13 12 23 0 3 0 0 0 0 0 0
167 62 96 68 28 53 210 1566 213 816 75 3015 23.5 15 15 13 NA 29 213 2 14 15 22 2 11 15 22 0 3 0 0 0 0 0 0
168 83 94 68 26 52 207 1557 211 820 70 3033 22.5 15 15 13 NA 24 211 2 13 14 23 2 10 14 23 0 3 0 0 0 0 0 0
169 68 96 70 26 53 208 1550 222 823 71 3039 23 15 15.5 13 NA 26 222 2 13 14 24 2 10 14 24 0 3 0 0 0 0 0 0
170 62 95 71 24 50 208 1563 221 825 71 3054 23 15.5 16 13 NA 20 221 1 10 14 25 1 7 14 25 0 3 0 0 0 0 0 0
171 69 96 72 24 51 209 1572 216 823 73 3042 24 16 16 13 NA 20 216 1 10 14 26 1 8 13 26 0 2 1 0 0 0 0 0
172 75 96 73 23 51 216 1579 221 822 72 3044 24.5 16 16 13 NA 27 221 1 8 17 25 1 6 16 25 0 2 1 0 0 0 0 0
173 72 97 75 22 50 225 1605 213 815 72 3053 25 15.5 16 13 NA 29 213 1 5 20 24 1 4 18 24 0 1 2 0 0 0 0 0
174 63 96 74 22 50 220 1566 236 817 73 3075 26 15.5 16 13 NA 16 236 0 4 21 25 0 3 19 25 0 1 2 0 0 0 0 0
175 77 98 77 21 50 216 1575 220 824 73 3066 26 15 15 13 NA 25 220 1 4 22 23 1 4 19 23 0 0 3 0 0 0 0 0
176 65 97 75 22 51 210 1588 214 824 71 3073 26 14 14.5 13 NA 17 214 3 5 20 23 3 5 17 23 0 0 3 0 0 0 0 0
177 67 97 74 23 52 209 1598 220 831 72 3076 27 14 14 13 NA 26 220 3 7 20 22 3 7 17 22 0 0 3 0 0 0 0 0
178 62 97 74 23 54 205 1565 239 842 70 3072 27 15 15 13 NA 27 239 3 8 19 24 3 8 16 24 0 0 3 0 0 0 0 0
179 75 101 76 25 54 208 1560 236 832 74 3060 26 15 15 13 NA 23 236 2 9 15 28 2 9 12 28 0 0 3 0 0 0 0 0
180 88 104 78 26 57 206 1576 200 830 77 3040 26.5 14 14.5 13 NA 27 200 4 10 15 28 4 10 12 28 0 0 3 0 0 0 0 0
181 73 106 80 26 60 206 1576 240 834 79 3048 27 14.5 14.5 15 NA 26 240 4 11 16 29 4 11 12 29 0 0 4 0 0 0 0 0
182 83 105 79 26 59 201 1588 215 832 80 3036 27 14 14 15 NA 25 215 3 11 15 30 3 11 11 30 0 0 4 0 0 0 0 0
183 67 102 77 25 57 205 1574 246 827 78 3053 25.5 14 14 13 27 29 246 3 11 15 28 3 11 12 27 0 0 2 1 0 0 1 0
184 83 103 78 25 57 207 1567 227 824 78 3047 26 14 14 13 27 25 227 2 11 12 32 2 11 9 31 0 0 2 1 0 0 1 0
185 86 104 79 25 58 205 1566 219 818 79 3043 26.5 14.5 14.5 13 27 24 219 3 12 10 33 3 12 8 31 0 0 1 2 0 0 1 0
186 81 104 79 25 60 221 1580 215 804 78 3040 27 15 15 13 27 32 215 2 12 10 36 2 12 8 34 0 0 1 2 0 0 1 0
187 65 104 79 25 58 219 1573 243 815 80 3045 27 15 15 13 27 26 243 1 11 11 35 1 11 10 32 0 0 0 3 0 0 1 0
188 75 103 77 26 58 216 1568 235 816 80 3048 27 15 15 13 27 30 235 1 11 12 34 1 11 11 31 0 0 0 3 0 0 1 0
189 82 106 77 29 59 213 1544 212 817 80 3046 26 17 16 15 27 31 212 1 9 14 35 1 9 12 32 0 0 1 3 0 0 1 0
190 80 104 77 27 57 220 1548 209 811 76 3044 24 15 15 14 NA 26 209 1 11 12 33 1 10 11 31 0 1 1 2 0 0 0 0
191 78 106 79 27 57 218 1545 220 818 77 3041 24 15 14.5 15 NA 27 220 2 10 13 32 2 9 12 31 0 1 1 1 0 0 0 0
192 70 106 80 26 56 217 1560 206 821 77 3043 24.5 15 15 15 NA 24 206 1 9 15 31 1 8 14 30 0 1 1 1 0 0 0 0
193 95 106 81 25 54 227 1552 212 817 77 3028 25 15 15 15 NA 34 212 1 8 15 30 1 7 14 29 0 1 1 1 0 0 0 0
194 61 109 83 26 55 234 1518 235 820 79 3041 25 15 14.5 15 NA 33 235 0 8 16 31 0 7 15 30 0 1 1 1 0 0 0 0
195 80 110 82 28 55 239 1515 216 822 78 3031 25.5 15 14.5 15 NA 28 216 0 8 14 33 0 7 13 32 0 1 1 1 0 0 0 0
196 71 111 81 30 55 242 1524 209 821 78 3024 26 15 16 15 NA 26 209 0 9 14 32 0 8 13 31 0 1 1 1 0 0 0 0
197 87 108 78 30 55 235 1522 203 830 77 3005 26.5 15 14.5 15 NA 26 203 1 8 14 32 1 7 13 31 0 1 1 1 0 0 0 0
198 77 110 79 31 56 236 1517 201 817 79 2998 26.5 15 15 15 NA 19 201 0 9 14 33 0 8 13 32 0 1 1 1 0 0 0 0
199 75 108 77 31 54 225 1536 200 826 77 3005 26.5 16 17 15 NA 19 200 0 5 16 33 0 5 15 31 0 0 1 2 0 0 0 0
200 75 104 75 29 54 223 1531 213 837 73 3003 25 16 17.5 14 NA 31 213 1 6 15 32 0 6 14 30 1 0 1 2 0 0 0 0
201 74 105 75 30 55 226 1544 237 840 76 2993 26 17 18 14 NA 28 237 1 7 14 33 0 7 13 31 1 0 1 2 0 0 0 0
202 74 106 79 27 51 237 1517 219 838 75 3000 23.5 17 18 14 NA 35 219 1 5 14 31 0 5 13 29 1 0 1 2 0 0 0 0
203 72 110 80 30 53 240 1522 241 842 78 3001 23.5 17 17.5 15 NA 35 241 2 6 13 32 1 5 12 30 1 1 1 2 0 0 0 0
204 57 111 80 31 52 232 1551 215 847 77 3002 23 17.5 19 15 NA 22 215 1 5 12 34 1 3 11 32 0 2 1 2 0 0 0 0
205 81 113 80 33 53 233 1557 213 841 80 2994 24 18 19 16.5 NA 21 213 1 6 11 35 1 3 10 33 0 3 1 2 0 0 0 0
206 73 111 78 33 54 233 1558 210 843 79 3002 24 17 17 16.5 NA 28 210 1 7 12 34 1 4 11 32 0 3 1 2 0 0 0 0
207 85 111 79 32 51 232 1509 240 833 77 2991 21 15 16 15 NA 21 240 1 7 11 32 1 5 10 30 0 2 1 2 0 0 0 0
208 79 110 79 31 54 242 1525 218 826 79 2999 21.5 15 15 14 NA 32 218 2 10 10 32 2 7 9 30 0 3 1 2 0 0 0 0
209 66 105 75 30 54 253 1498 245 825 75 3013 22 14.5 14 15 NA 30 245 4 11 8 31 4 7 7 29 0 4 1 2 0 0 0 0
210 83 102 72 30 53 252 1495 217 826 74 3003 22.5 15 14.5 15 NA 32 217 3 12 9 29 3 9 7 27 0 3 2 2 0 0 0 0
211 71 101 71 30 53 244 1511 210 827 75 3004 23 15 14.5 15 NA 24 210 2 12 8 31 2 9 7 28 0 3 1 3 0 0 0 0
212 73 99 71 28 52 235 1532 209 828 71 3009 23 15 14.5 15.5 NA 19 209 3 14 7 28 3 10 6 25 0 4 1 3 0 0 0 0
213 73 98 70 28 53 220 1543 189 839 72 3001 24 15 15 15.5 NA 19 189 3 13 9 28 3 9 8 25 0 4 1 3 0 0 0 0
214 66 99 70 29 53 222 1540 226 835 76 3024 24 15 14 15.5 NA 26 226 3 14 8 28 3 10 7 25 0 4 1 3 0 0 0 0
215 80 101 72 29 53 232 1518 246 823 77 3009 24 15 14 15.5 NA 30 246 2 14 10 27 2 11 8 24 0 3 2 3 0 0 0 0
216 88 100 68 32 51 221 1550 196 822 76 3002 23 15 15 15.5 NA 17 196 1 15 9 26 1 13 6 23 0 2 3 3 0 0 0 0
217 81 103 71 32 52 216 1550 217 826 78 2986 23 15 14.5 15.5 NA 23 217 2 13 11 26 2 11 8 23 0 2 3 3 0 0 0 0
218 89 103 72 31 51 229 1524 222 810 78 2979 24 15 15 15.5 NA 32 222 1 11 13 26 1 9 10 23 0 2 3 3 0 0 0 0
219 90 107 76 31 51 228 1568 198 802 81 2967 23 15 15 15.5 NA 21 198 0 11 15 25 0 9 12 22 0 2 3 3 0 0 0 0
220 72 105 73 32 49 224 1560 232 800 77 2976 22 15 15 15.5 NA 25 232 0 9 18 22 0 9 13 19 0 0 5 3 0 0 0 0
221 79 106 73 33 48 235 1560 228 787 75 2977 21.5 15 15 15 NA 27 228 0 9 16 23 0 9 12 20 0 0 4 3 0 0 0 0
222 79 108 72 36 46 239 1545 241 789 72 2972 20 15 15 15 NA 32 241 0 9 16 21 0 9 12 18 0 0 4 3 0 0 0 0
223 68 108 74 34 45 250 1522 260 788 70 2981 21 15 15 15 NA 33 260 0 8 14 23 0 8 10 20 0 0 4 3 0 0 0 0
224 72 105 73 32 44 258 1518 239 784 70 2995 22 15 15 15 NA 27 239 0 8 14 22 0 8 10 19 0 0 4 3 0 0 0 0
225 69 105 71 34 44 260 1521 225 782 69 2980 22 15 15 15 NA 30 225 1 7 15 21 1 7 11 18 0 0 4 3 0 0 0 0
226 75 106 72 34 46 249 1535 225 799 71 2984 23 15 15 15 NA 27 225 3 6 16 21 3 6 12 18 0 0 4 3 0 0 0 0
227 79 102 70 32 44 251 1528 218 799 69 2991 22.5 14 14 14 NA 31 218 3 5 17 19 3 5 14 16 0 0 3 3 0 0 0 0
228 67 104 74 30 43 250 1537 221 797 69 3005 21 14 14 13.5 NA 21 221 2 6 16 19 2 6 15 16 0 0 1 3 0 0 0 0
229 85 102 72 30 43 250 1534 221 801 68 2988 22 14 14 13.5 NA 25 221 2 5 16 20 2 5 15 17 0 0 1 3 0 0 0 0
230 70 105 75 30 43 248 1511 241 802 69 2976 22 14 14 13.5 NA 28 241 3 4 15 21 3 4 14 18 0 0 1 3 0 0 0 0
231 85 107 76 31 45 249 1509 222 803 74 2970 19 15 15 13.5 NA 26 222 0 6 17 22 0 6 16 19 0 0 1 3 0 0 0 0
232 74 109 78 31 47 231 1550 201 820 75 2978 19 15 15 15 NA 20 201 0 8 15 24 0 8 14 20 0 0 1 4 0 0 0 0
233 67 110 80 30 47 235 1560 215 820 76 2993 19 15 15 15 NA 26 215 0 9 15 23 0 9 14 19 0 0 1 4 0 0 0 0
234 77 109 78 31 46 232 1530 211 817 79 2986 19 15 15 15 NA 22 211 1 9 12 24 1 9 11 20 0 0 1 4 0 0 0 0
235 90 107 78 29 45 234 1562 214 808 77 2984 20 15 14 20 NA 20 214 1 9 11 24 1 9 10 19 0 0 1 5 0 0 0 0
236 79 109 80 29 46 238 1585 221 805 77 2988 20 14.5 14 20 NA 25 221 2 9 10 25 2 9 9 20 0 0 1 5 0 0 0 0
237 73 107 80 27 44 242 1534 238 799 76 2994 20 14.5 14 25 NA 29 238 2 8 9 25 2 8 8 21 0 0 1 4 0 0 0 0
238 84 107 80 27 44 235 1556 219 805 74 3009 21 14.5 14 25 NA 25 219 3 7 9 25 3 7 8 21 0 0 1 4 0 0 0 0
239 94 106 81 25 45 232 1562 230 799 74 2998 21 15 15 24 NA 24 230 3 8 8 26 3 7 7 22 0 1 1 4 0 0 0 0
240 82 104 80 24 44 236 1577 218 788 73 3003 20 15 15 25 NA 22 218 3 8 8 25 3 8 6 22 0 0 2 3 0 0 0 0
241 73 107 81 26 44 242 1587 221 787 74 3007 21 15 15 25 NA 27 221 4 7 6 27 4 7 4 24 0 0 2 3 0 0 0 0
242 86 104 80 24 45 236 1569 209 788 73 2983 20.5 15 15 25.5 NA 21 209 4 11 6 24 4 11 4 22 0 0 2 2 0 0 0 0
243 88 104 81 23 46 229 1528 247 798 74 2987 21 16.5 15 25.5 NA 27 247 4 11 5 26 4 11 4 23 0 0 1 3 0 0 0 0
244 71 108 84 24 47 228 1522 226 797 78 2990 21.5 17 15 25.5 NA 24 226 3 12 7 25 3 12 6 22 0 0 1 3 0 0 0 0
245 86 107 83 24 52 227 1526 194 800 78 2976 22 15.5 15 25.5 NA 26 194 4 15 8 25 4 15 7 22 0 0 1 3 0 0 0 0
246 78 105 81 24 49 230 1511 229 799 77 2969 23 15 15 25.5 NA 29 229 3 12 11 23 3 12 10 20 0 0 1 3 0 0 0 0
247 68 104 80 24 49 241 1539 232 799 78 2979 23 16 15 25.5 NA 33 232 3 12 12 22 3 12 11 19 0 0 1 3 0 0 0 0
248 89 103 80 23 49 241 1518 237 794 79 2980 23 16 15 25.5 NA 30 237 3 13 9 24 3 13 8 21 0 0 1 3 0 0 0 0
249 66 101 78 23 51 236 1541 238 798 79 2990 24 16 15 25.5 NA 24 238 3 13 13 22 3 13 12 19 0 0 1 3 0 0 0 0
250 84 104 81 23 54 232 1519 214 805 79 2996 22 16 15.5 25.5 NA 25 214 3 15 14 22 3 15 13 19 0 0 1 3 0 0 0 0
251 75 103 81 22 58 229 1536 224 809 78 3006 23 16 16 25.5 NA 23 224 3 17 16 22 3 17 15 19 0 0 1 3 0 0 0 0
252 82 104 82 22 58 232 1536 211 805 80 2997 24 16 16 26 NA 26 211 1 16 18 23 1 16 18 20 0 0 0 3 0 0 0 0
253 77 102 80 22 58 232 1532 225 807 81 3005 25 16 16 26 NA 29 225 0 16 18 24 0 16 18 21 0 0 0 3 0 0 0 0
254 83 102 80 22 56 237 1488 241 808 79 3003 25 16 16 26 NA 30 241 1 12 20 23 1 12 20 20 0 0 0 3 0 0 0 0
255 80 100 79 21 58 238 1534 204 812 76 2986 25.5 16 16 26 NA 27 204 2 13 20 23 2 13 20 20 0 0 0 3 0 0 0 0
256 73 103 84 19 56 250 1524 247 807 77 2993 25 16 16 34 NA 35 247 2 12 17 25 2 12 17 23 0 0 0 2 0 0 0 0
257 74 98 80 18 53 247 1546 218 811 73 3014 25.5 16 16 34 NA 26 218 2 11 17 23 2 11 17 21 0 0 0 2 0 0 0 0
258 80 97 77 20 53 248 1576 216 808 72 3011 26 16 16 34 NA 26 216 1 12 15 25 1 12 15 23 0 0 0 2 0 0 0 0
259 71 94 75 19 50 259 1593 226 801 68 3025 26.5 15.5 15 34 NA 36 226 1 10 16 23 1 10 16 21 0 0 0 2 0 0 0 0
260 81 94 75 19 49 250 1575 236 807 67 3028 26 16 15 34 NA 22 236 2 10 15 22 2 10 15 20 0 0 0 2 0 0 0 0
261 80 95 76 19 49 242 1582 223 806 66 3032 26 16 15 34 NA 22 223 2 9 15 23 2 9 15 21 0 0 0 2 0 0 0 0
262 55 94 75 19 49 229 1592 227 819 69 3035 27 16 15.5 26 NA 17 227 1 10 16 22 1 9 16 20 0 1 0 2 0 0 0 0
263 78 93 74 19 50 244 1607 225 807 69 3041 28 16 16 26 NA 32 225 1 10 16 23 1 9 16 21 0 1 0 2 0 0 0 0
264 85 96 77 19 49 244 1582 239 809 69 3030 25 16 16 26 NA 26 239 1 8 15 25 1 7 15 23 0 1 0 2 0 0 0 0
265 79 95 76 19 46 242 1560 223 810 66 3026 25 16 16 26 NA 26 223 1 7 14 24 1 6 14 22 0 1 0 2 0 0 0 0
266 75 95 76 19 45 248 1569 236 810 68 3011 24 16 16 21 NA 36 236 0 7 13 25 0 6 13 24 0 1 0 1 0 0 0 0
267 70 94 76 18 45 249 1591 200 810 65 3018 23 16 15 20.5 NA 29 200 0 9 13 23 0 8 12 23 0 1 1 0 0 0 0 0
268 88 95 78 17 45 254 1548 260 816 68 3015 22 16 15 20.5 NA 34 260 0 7 15 23 0 6 14 23 0 1 1 0 0 0 0 0
269 65 95 79 16 46 239 1563 200 826 66 3023 21 15.5 15 20.5 NA 16 200 0 9 13 24 0 8 12 24 0 1 1 0 0 0 0 0
270 68 94 79 15 47 235 1551 219 829 67 3026 20.5 15 15 20.5 NA 22 219 2 8 13 24 2 8 11 24 0 0 2 0 0 0 0 0
271 89 94 80 14 47 238 1564 218 822 66 3011 21 15 15 20.5 NA 27 218 1 10 11 25 1 10 9 25 0 0 2 0 0 0 0 0
272 80 92 78 14 47 240 1581 214 818 68 3000 22 15 15 20.5 NA 25 214 2 11 10 24 2 11 8 24 0 0 2 0 0 0 0 0
273 73 92 78 14 48 237 1610 206 823 70 3019 22.5 15.5 15 20.5 NA 19 206 2 12 10 24 2 12 8 24 0 0 2 0 0 0 0 0
274 73 92 78 14 46 244 1603 236 821 68 3032 22.5 15.5 15 20.5 NA 33 236 2 8 12 24 2 8 10 24 0 0 2 0 0 0 0 0
275 67 93 78 15 45 246 1570 249 826 66 3020 21 15 15 20.5 NA 32 249 2 8 13 22 2 8 11 22 0 0 2 0 0 0 0 0
276 78 95 80 15 46 248 1570 226 834 70 3016 21 16 15.5 20.5 NA 33 226 2 8 14 22 2 8 12 22 0 0 2 0 0 0 0 0
277 77 98 83 15 47 245 1571 232 837 72 3017 21 16 16 20.5 NA 29 232 2 9 13 23 2 9 11 23 0 0 2 0 0 0 0 0
278 82 96 81 15 45 249 1588 221 834 70 3033 22 16 16 16 NA 32 221 2 8 13 22 2 8 12 22 0 0 1 0 0 0 0 0
279 70 96 81 15 43 250 1595 232 838 71 3036 22.5 16 15.5 16 NA 24 232 1 8 14 20 1 8 13 20 0 0 1 0 0 0 0 0
280 88 98 84 14 45 253 1604 224 836 70 3049 22 15 15 15.5 NA 30 224 0 11 11 23 0 10 10 23 0 1 1 0 0 0 0 0
281 81 95 81 14 45 252 1590 240 841 66 3047 21 15 15 15.5 NA 28 240 0 10 12 23 0 9 11 23 0 1 1 0 0 0 0 0
282 102 93 79 14 44 249 1558 228 841 64 3025 22 15.5 15.5 15.5 NA 27 228 1 10 10 23 1 9 10 22 0 1 0 1 0 0 0 0
283 60 95 81 14 46 248 1540 238 846 66 3033 22 15.5 15.5 15.5 NA 20 238 2 9 11 24 2 8 11 23 0 1 0 1 0 0 0 0
284 92 96 82 14 47 256 1519 245 836 65 3023 23 16 16 15.5 NA 29 245 3 7 13 24 3 6 13 23 0 1 0 1 0 0 0 0
285 78 97 84 13 45 246 1555 205 840 63 3031 20 16 16 15.5 NA 26 205 3 6 13 23 3 5 13 22 0 1 0 1 0 0 0 0
286 63 99 85 14 46 255 1542 244 834 65 3042 21 15.5 15.5 15.5 NA 34 244 3 7 11 25 3 6 11 24 0 1 0 1 0 0 0 0
287 68 99 85 14 49 254 1548 199 840 67 3042 21 16 16 15.5 NA 26 199 3 9 11 26 3 8 11 25 0 1 0 1 0 0 0 0
288 80 99 83 16 50 249 1553 229 843 68 3032 22 16 16 16 NA 25 229 3 9 10 28 3 8 9 27 0 1 1 1 0 0 0 0
289 79 98 83 15 49 253 1552 221 831 68 3022 22 16 16 16 NA 22 221 3 7 12 27 3 7 10 26 0 0 2 1 0 0 0 0
290 99 96 82 14 51 256 1542 231 836 69 3016 22.5 16 16 16 NA 27 231 2 10 11 28 2 10 9 27 0 0 2 1 0 0 0 0
291 95 98 85 13 51 256 1514 226 828 70 2995 23 16 16 16 NA 28 226 2 9 11 29 2 9 9 28 0 0 2 1 0 0 0 0
292 66 100 88 12 50 257 1539 225 821 73 3017 21.5 16 16 16 NA 24 225 2 7 13 28 2 7 11 27 0 0 2 1 0 0 0 0
293 78 102 88 14 49 255 1508 222 827 72 3017 19 16 17 16 NA 24 222 2 5 14 28 2 5 12 27 0 0 2 1 0 0 0 0
294 88 102 88 14 50 250 1520 229 838 73 3000 19 17 18 16 NA 36 229 2 7 14 27 2 7 12 26 0 0 2 1 0 0 0 0
295 78 100 86 14 47 245 1526 217 836 71 3004 19.5 18 18 16 NA 17 217 2 6 14 25 2 6 12 24 0 0 2 1 0 0 0 0
296 68 100 86 14 48 247 1490 249 839 71 2993 20 18 18 16 NA 32 249 1 8 12 27 1 8 11 25 0 0 1 2 0 0 0 0
297 85 98 85 13 45 253 1491 243 834 70 2992 20 18 18 16 NA 38 243 1 8 10 26 1 8 9 24 0 0 1 2 0 0 0 0
298 85 94 81 13 43 240 1475 232 839 67 2986 20 18 18 16 NA 24 232 1 8 12 22 1 8 11 20 0 0 1 2 0 0 0 0
299 57 93 81 12 42 241 1512 198 847 66 2995 20 17 18 16 NA 26 198 0 9 13 20 0 9 12 18 0 0 1 2 0 0 0 0
300 72 90 78 12 40 227 1523 223 860 65 2983 20.5 17 17 22 NA 15 223 0 9 12 19 0 9 12 17 0 0 0 2 0 0 0 0
301 66 89 79 10 40 231 1568 208 864 64 3000 21 18 18 22 NA 33 208 0 8 14 18 0 8 14 16 0 0 0 2 0 0 0 0
302 84 93 82 11 40 229 1554 232 863 65 3000 22 18 18 22 NA 29 232 0 6 16 18 0 6 16 16 0 0 0 2 0 0 0 0
303 84 94 82 12 39 227 1562 219 855 67 2990 23 18 18 22 NA 22 219 0 5 15 19 0 5 15 17 0 0 0 2 0 0 0 0
304 79 94 82 12 37 227 1577 215 854 68 2996 23 18 18 22 NA 25 215 0 3 14 20 0 3 14 18 0 0 0 2 0 0 0 0
305 75 100 86 14 40 224 1577 230 854 72 2999 22.5 18 18 22 NA 24 230 0 5 13 22 0 5 13 20 0 0 0 2 0 0 0 0
306 66 99 85 14 41 232 1546 258 861 73 3019 23 18 18 21 NA 36 258 0 6 13 22 0 5 13 20 0 1 0 2 0 0 0 0
307 67 97 84 13 37 222 1551 223 873 70 3009 22 18 18 21 NA 22 223 0 5 13 19 0 4 13 17 0 1 0 2 0 0 0 0
308 73 96 83 13 39 215 1553 235 876 69 3013 22.5 18 18 24.5 NA 24 235 1 4 16 18 1 3 15 16 0 1 1 2 0 0 0 0
309 67 98 86 12 36 218 1559 226 868 67 3027 19.5 18 18 24.5 NA 25 226 2 2 16 16 2 2 14 14 0 0 2 2 0 0 0 0
310 70 100 87 13 39 212 1516 243 879 68 3031 19.5 18 18 24.5 NA 25 243 2 4 16 17 2 4 14 15 0 0 2 2 0 0 0 0
311 75 107 94 13 41 221 1526 224 869 69 3037 19 18 18 22 NA 29 224 2 6 14 19 2 5 12 17 0 1 2 2 0 0 0 0
312 81 109 98 11 41 215 1532 218 878 69 3031 20 18 18 21.5 NA 24 218 2 6 12 21 2 4 11 18 0 2 1 3 0 0 0 0
313 73 112 101 11 45 214 1544 228 882 71 3033 20.5 18 18 21.5 NA 22 228 2 7 13 23 2 6 11 20 0 1 2 3 0 0 0 0
314 86 113 102 11 45 208 1538 231 885 73 3035 21 18 18 21 NA 21 231 1 10 11 23 1 8 9 20 0 2 2 3 0 0 0 0
315 80 114 102 12 44 213 1562 239 881 74 3027 21.5 18.5 18 21 NA 30 239 1 9 10 24 1 8 7 21 0 1 3 3 0 0 0 0
316 94 110 97 13 41 213 1558 218 869 70 3012 19.5 20 18.5 21 NA 26 218 1 9 10 21 1 8 7 18 0 1 3 3 0 0 0 0
317 77 109 96 13 39 209 1536 244 871 73 2999 19 20 19 21.5 NA 20 244 1 6 12 20 1 6 9 17 0 0 3 3 0 0 0 0
318 94 108 95 13 40 207 1560 196 873 69 2990 17 20 18.5 22 21 26 196 2 7 12 19 2 7 9 16 0 0 2 3 0 0 1 0
319 87 109 96 13 41 203 1586 213 868 67 2976 17 21 20 22 21 22 213 2 6 14 19 2 6 11 16 0 0 2 3 0 0 1 0
320 83 107 94 13 39 205 1555 260 868 65 2978 16 20 19 22 21 32 260 2 5 15 17 2 5 12 14 0 0 2 3 0 0 1 0
321 87 103 89 14 38 219 1580 211 855 67 2971 17 20 18.5 22 21 36 211 1 6 14 17 1 6 12 13 0 0 1 4 0 0 1 0
322 69 103 89 14 40 231 1560 242 845 68 2977 18 19.5 18 22 NA 31 242 1 9 12 18 1 9 11 14 0 0 1 4 0 0 0 0
323 85 106 93 13 39 228 1561 224 846 72 2971 18 20 18.5 22 NA 26 224 1 10 10 18 1 10 9 14 0 0 1 4 0 0 0 0
324 78 108 94 14 42 223 1534 239 854 74 2956 18 19.5 18.5 21.5 NA 31 239 2 11 11 18 2 10 10 14 0 1 1 4 0 0 0 0
325 83 114 99 15 42 232 1532 224 855 77 2951 16.5 19.5 18.5 21.5 NA 36 224 1 12 10 19 1 11 10 14 0 1 0 5 0 0 0 0
326 69 115 100 15 43 239 1539 212 856 80 2954 17 19 18 21.5 NA 30 212 1 11 12 19 1 10 12 14 0 1 0 5 0 0 0 0
327 66 114 99 15 42 230 1550 219 867 79 2953 18 19 18 21.5 NA 23 219 1 11 11 19 1 10 11 14 0 1 0 5 0 0 0 0
328 66 111 96 15 43 223 1563 195 875 76 2968 18 18 17 21.5 NA 22 195 3 11 10 19 3 10 10 14 0 1 0 5 0 0 0 0
329 63 114 97 17 44 230 1584 226 872 79 2983 18.5 18 17 21.5 NA 27 226 2 9 13 20 2 9 12 15 0 0 1 5 0 0 0 0
330 87 115 98 17 43 234 1568 238 857 81 2989 19 18 17 21.5 NA 26 238 1 10 12 20 1 10 11 15 0 0 1 5 0 0 0 0
331 83 116 95 21 42 245 1549 247 844 81 2979 20 17.5 17 21 NA 37 247 1 11 10 20 1 11 9 16 0 0 1 4 0 0 0 0
332 90 113 93 20 45 247 1512 237 834 80 2979 20 18 17 21 NA 33 237 1 13 10 21 1 13 9 17 0 0 1 4 0 0 0 0
333 73 113 94 19 46 248 1530 225 837 79 2970 21 17.5 17 21 NA 26 225 2 12 12 20 2 12 11 16 0 0 1 4 0 0 0 0
334 78 115 96 19 49 227 1554 199 848 77 2971 21 18 18 21 NA 15 199 2 13 14 20 2 13 13 16 0 0 1 4 0 0 0 0
335 80 112 94 18 48 230 1551 229 850 79 2961 21 18 17 21 NA 30 229 2 12 16 18 2 12 15 14 0 0 1 4 0 0 0 0
336 81 108 91 17 48 236 1549 223 852 79 2963 22 18 17.5 23.5 NA 32 223 2 11 17 18 2 11 16 15 0 0 1 3 0 0 0 0
337 70 111 94 17 50 246 1534 237 835 82 2956 21 18 17.5 23.5 NA 29 237 2 11 20 17 2 11 19 14 0 0 1 3 0 0 0 0
338 93 104 87 17 47 226 1553 200 841 77 2957 21 18 18 19 NA 17 200 2 9 19 17 2 9 18 15 0 0 1 2 0 0 0 0
339 71 105 86 19 47 222 1532 238 840 77 2965 22 18 18 19 NA 23 238 2 8 19 18 2 8 18 16 0 0 1 2 0 0 0 0
340 66 105 86 19 46 224 1516 228 846 78 2964 22 18 18 19 NA 30 228 2 7 18 19 2 7 17 17 0 0 1 2 0 0 0 0
341 81 101 83 18 47 219 1551 215 840 79 2960 23 18 18 19 NA 27 215 2 9 14 22 2 9 14 19 0 0 0 3 0 0 0 0
342 71 98 81 17 46 201 1554 235 858 76 2975 23 18 18 19 NA 23 235 1 11 14 20 1 11 14 17 0 0 0 3 0 0 0 0
343 90 95 80 15 46 203 1546 228 854 74 2965 23 18.5 18 19 NA 26 228 1 11 15 19 1 11 15 16 0 0 0 3 0 0 0 0
344 71 95 79 16 47 210 1538 221 860 72 2984 24 19 18 19 NA 32 221 1 10 16 20 1 9 16 17 0 1 0 3 0 0 0 0
345 84 96 80 16 48 208 1548 214 869 75 2992 24.5 18.5 18 19 NA 25 214 2 9 16 21 2 8 16 18 0 1 0 3 0 0 0 0
346 87 97 83 14 46 192 1541 212 871 76 2982 23 19.5 20 19 NA 13 212 1 8 16 21 1 7 16 18 0 1 0 3 0 0 0 0
347 72 98 84 14 47 193 1504 238 870 74 2975 23.5 18 18 19 NA 27 238 3 5 19 20 3 4 19 18 0 1 0 2 0 0 0 0
348 65 99 84 15 47 194 1527 214 871 71 2970 24 18 18 19 NA 26 214 3 6 17 21 3 5 17 19 0 1 0 2 0 0 0 0
349 65 103 85 18 50 191 1541 213 866 77 2987 24 18 18 19 NA 22 213 1 8 18 23 1 8 17 21 0 0 1 2 0 0 0 0
350 70 103 86 17 50 194 1557 236 862 75 2992 25 18.5 18 23.5 NA 26 236 1 8 16 25 1 8 15 24 0 0 1 1 0 0 0 0
351 88 103 89 14 48 198 1528 234 857 74 2982 24 18.5 18 23.5 NA 24 234 1 8 15 24 1 8 14 23 0 0 1 1 0 0 0 0
352 74 100 86 14 46 211 1506 230 857 72 2994 24 19.5 19 23.5 NA 39 230 1 7 15 23 1 7 14 22 0 0 1 1 0 0 0 0
353 55 98 85 13 47 216 1504 235 852 70 2999 25 18 18 23.5 NA 29 235 3 7 14 23 3 7 13 22 0 0 1 1 0 0 0 0
354 71 99 86 13 48 211 1528 199 860 71 3013 26 19.5 19 23.5 NA 21 199 2 7 15 24 2 7 14 23 0 0 1 1 0 0 0 0
355 78 102 88 14 48 202 1542 215 863 71 3014 24 18.5 18 23.5 NA 15 215 2 8 13 25 2 8 12 24 0 0 1 1 0 0 0 0
356 73 103 89 14 47 206 1552 215 855 69 3017 23 18 18 23.5 NA 24 215 2 8 12 25 2 8 11 24 0 0 1 1 0 0 0 0
357 86 105 90 15 48 216 1561 226 855 70 3016 23 18 18 23.5 NA 33 226 3 8 11 26 3 8 10 25 0 0 1 1 0 0 0 0
358 80 100 85 15 48 209 1571 226 857 69 3013 24.5 18 18 23.5 NA 21 226 4 6 13 25 4 6 12 24 0 0 1 1 0 0 0 0
359 76 106 91 15 50 211 1555 232 858 73 3009 25 18 18 23.5 NA 28 232 2 9 10 29 2 9 9 28 0 0 1 1 0 0 0 0
360 71 106 90 16 50 212 1563 219 860 76 3001 24.5 18 18 23.5 NA 25 219 2 9 8 31 2 9 7 30 0 0 1 1 0 0 0 0
