1 73 122 103 19 52 155 1774 102 380 99 464 29 23 7 23 11 10 102 1 4 14 33 1 0 0 0 0 3 14 33 0 1 0 0
2 70 117 99 18 50 157 1729 148 381 94 802 29 23 7 23 23 18 148 1 5 13 31 1 0 0 0 0 4 12 30 0 1 1 1
3 78 116 98 18 50 154 1685 144 386 92 1049 30 22.5 12 24 22 12 144 1 6 12 31 1 1 0 0 0 4 10 27 0 1 2 4
4 86 118 100 18 49 160 1624 176 387 92 1241 29 23 17 23.5 16.5 18 176 1 5 13 30 1 1 0 1 0 3 11 26 0 1 2 3
5 73 121 103 18 51 167 1597 162 393 95 1396 29 22 19 23.5 16.5 19 162 1 7 11 32 1 3 0 1 0 3 9 28 0 1 2 3
6 75 122 104 18 51 166 1568 187 404 96 1552 28.5 22 22 23 16.5 23 187 0 9 11 31 0 5 1 2 0 3 8 26 0 1 2 3
7 68 125 107 18 55 166 1567 179 413 96 1673 27 23 22 23 22 16 179 0 9 12 34 0 5 3 3 0 3 8 28 0 1 1 3
8 77 129 106 23 57 165 1577 166 422 94 1768 27 23 23 23 22.5 22 166 0 8 14 35 0 5 5 4 0 2 8 27 0 1 1 4
9 77 127 104 23 61 163 1574 186 432 95 1859 28 24 34 23.5 22.5 13 186 0 7 13 41 0 5 4 10 0 1 8 27 0 1 1 4
10 79 124 104 20 59 166 1512 197 429 89 1933 27 24 31 21.5 23 21 197 0 6 14 39 0 4 6 10 0 2 6 26 0 0 2 3
11 74 124 104 20 59 176 1521 197 432 87 2002 26.5 23 27 20 23 29 197 0 7 14 38 0 5 7 9 0 2 6 25 0 0 1 4
12 75 123 104 19 57 177 1521 169 437 88 2076 26 23 25.5 21.5 22 20 169 0 7 13 37 0 5 7 8 0 2 5 27 0 0 1 2
13 87 120 101 19 58 185 1492 214 434 88 2137 27.5 22.5 25 21.5 16.5 21 214 1 5 13 39 0 4 8 8 0 1 4 29 1 0 1 2
14 63 119 99 20 58 183 1475 205 447 86 2186 28 22.5 24 23 16.5 20 205 2 5 13 38 1 4 8 8 0 1 4 28 1 0 1 2
15 77 117 97 20 59 186 1480 192 461 84 2227 28 23 24 23 15 27 192 2 5 14 38 1 4 8 8 0 1 4 28 1 0 2 2
16 72 118 98 20 60 195 1476 206 468 87 2273 27 22.5 23 23 15 26 206 2 5 14 39 1 5 8 8 0 0 4 29 1 0 2 2
17 63 119 99 20 61 197 1485 203 476 89 2317 27 23 23.5 23.5 15 24 203 2 4 15 40 1 4 10 9 0 0 3 29 1 0 2 2
18 62 117 97 20 62 189 1499 201 497 90 2345 27 23 24 23.5 15 25 201 2 3 16 41 1 3 11 10 0 0 3 29 1 0 2 2
19 83 117 96 21 63 189 1513 211 504 93 2362 27 23 24 23 15 25 211 2 3 16 42 1 3 11 12 0 0 3 28 1 0 2 2
20 80 118 98 20 63 189 1504 202 510 95 2391 26.5 22 22.5 23 15 28 202 2 6 12 43 2 5 8 13 0 0 2 28 0 1 2 2
21 69 118 98 20 60 193 1487 211 521 90 2419 26.5 22 22 23 15 32 211 2 6 11 41 2 5 8 12 0 0 2 26 0 1 1 3
22 85 115 95 20 58 206 1494 205 520 89 2451 25 22 22 23 16.5 32 205 1 7 8 42 1 6 6 14 0 0 2 25 0 1 0 3
23 76 116 97 19 59 209 1467 216 526 90 2471 25.5 22 22 21.5 16.5 24 216 2 7 8 42 2 5 6 14 0 1 2 25 0 1 0 3
24 76 116 97 19 59 213 1466 212 532 88 2500 23.5 20 22 20 11 19 212 3 8 8 40 3 5 6 13 0 2 2 25 0 1 0 2
25 69 124 105 19 64 217 1474 212 541 88 2507 22 19.5 19.5 20 11 28 212 4 11 8 41 4 8 7 13 0 2 1 26 0 1 0 2
26 74 124 105 19 62 217 1473 207 545 87 2511 22 20 21 20 11 16 207 3 11 8 40 3 8 7 14 0 2 1 24 0 1 0 2
27 77 122 102 20 62 213 1437 227 555 86 2531 22.5 20 20 21.5 11 21 227 2 12 10 38 2 9 9 13 0 2 1 23 0 1 0 2
28 75 122 102 20 61 206 1485 189 567 85 2558 22.5 20 20 23 11 18 189 2 11 12 36 2 8 12 11 0 2 0 23 0 1 0 2
29 69 119 100 19 60 205 1463 225 577 83 2581 24 21 21 21.5 37 28 225 2 9 11 38 2 7 11 14 0 2 0 22 0 0 0 2
30 75 119 100 19 59 217 1459 224 593 80 2590 24 22 21 23 37 39 224 2 7 11 39 2 6 10 16 0 1 1 21 0 0 0 2
31 83 116 98 18 59 213 1459 209 603 78 2593 24 22 22 25 13 30 209 2 8 13 36 2 7 12 14 0 0 1 20 0 1 0 2
32 80 114 95 19 56 215 1486 194 605 81 2587 24 21 21 23 13 22 194 1 6 16 33 1 5 15 13 0 0 1 18 0 1 0 2
33 83 111 92 19 55 205 1482 199 607 83 2595 25 20 20 23 13 18 199 1 7 15 32 1 6 14 12 0 0 1 18 0 1 0 2
34 62 110 92 18 56 205 1522 200 615 82 2608 25 20 20 20.5 13 24 200 0 6 18 32 0 6 16 13 0 0 1 17 0 0 1 2
35 76 111 93 18 58 205 1499 217 621 83 2637 25 20 20 20.5 13 26 217 0 6 20 32 0 6 18 13 0 0 1 17 0 0 1 2
36 84 109 91 18 59 205 1529 198 625 84 2652 26 19 19.5 20.5 13 24 198 1 7 19 32 1 7 17 13 0 0 1 17 0 0 1 2
37 69 109 92 17 59 202 1523 203 637 89 2672 26 19 19 20.5 38 31 203 1 8 18 32 1 8 16 14 0 0 1 17 0 0 1 1
38 74 107 90 17 59 189 1530 219 645 91 2694 26 18 18.5 18 38 15 219 1 9 18 31 1 9 16 14 0 0 1 16 0 0 1 1
39 71 105 88 17 58 179 1564 197 654 87 2713 25 19.5 19 26 38 19 197 1 9 18 30 1 9 16 15 0 0 1 14 0 0 1 1
40 77 104 86 18 58 188 1555 231 650 87 2722 24.5 19.5 18.5 26.5 38 26 231 1 10 15 32 1 10 13 18 0 0 1 13 0 0 1 1
41 75 102 85 17 58 186 1608 187 652 86 2739 24.5 18.5 17.5 26.5 38 20 187 0 12 13 33 0 12 11 19 0 0 1 13 0 0 1 1
42 81 102 86 16 59 186 1608 195 654 86 2732 24 18 17.5 26 38 27 195 1 14 11 33 1 14 10 19 0 0 0 13 0 0 1 1
43 82 102 87 15 59 191 1589 204 655 86 2735 25 19 19 22 38 33 204 1 13 11 34 1 12 10 20 0 1 0 13 0 0 1 1
44 69 105 90 15 58 197 1574 221 663 85 2750 24 19.5 19 26 38 29 221 1 10 12 35 1 9 11 22 0 1 0 12 0 0 1 1
45 73 108 93 15 58 206 1555 232 669 85 2765 25 20 19.5 26.5 38 32 232 0 9 14 35 0 8 13 23 0 1 0 11 0 0 1 1
46 76 106 92 14 56 209 1531 233 667 83 2781 25.5 21 19 27 38 23 233 0 8 12 36 0 7 12 24 0 1 0 10 0 0 0 2
47 87 106 93 13 57 204 1519 214 677 81 2777 26 20 19 26.5 38 26 214 0 9 12 36 0 8 12 25 0 1 0 9 0 0 0 2
48 63 110 97 13 58 207 1506 223 688 82 2789 25.5 21 19.5 26.5 38 30 223 0 8 13 37 0 7 13 26 0 1 0 9 0 0 0 2
49 74 110 97 13 57 216 1499 236 689 82 2799 25.5 20 19.5 27 38 36 236 0 6 16 35 0 6 15 25 0 0 1 8 0 0 0 2
50 93 113 100 13 57 211 1515 195 699 82 2776 26 20 19.5 27 38 22 195 0 4 18 35 0 4 17 25 0 0 1 8 0 0 0 2
51 71 114 99 15 57 215 1516 213 707 82 2781 26 20 19.5 27 38 32 213 0 4 18 35 0 4 17 25 0 0 1 8 0 0 0 2
52 82 116 101 15 58 209 1536 199 710 81 2774 27 21 21 22.5 38 21 199 0 5 18 35 0 5 17 26 0 0 1 7 0 0 0 2
53 76 117 102 15 58 200 1542 244 721 81 2790 28 22 22 22.5 38 17 244 0 4 19 35 0 4 18 26 0 0 1 7 0 0 0 2
54 95 116 101 15 57 195 1515 222 721 80 2783 28 22 22 22.5 13 14 222 0 4 21 32 0 3 19 24 0 1 2 7 0 0 0 1
55 80 116 100 16 56 199 1514 212 717 81 2783 28 21 22 22.5 13 22 212 0 3 20 33 0 2 18 25 0 1 2 7 0 0 0 1
56 76 114 98 16 53 195 1520 213 715 78 2781 26 22 21 28 13 19 213 0 4 17 32 0 3 14 25 0 1 3 6 0 0 0 1
57 71 118 102 16 56 193 1518 218 726 82 2791 26.5 21 20 28 13 25 218 1 4 17 34 1 3 14 27 0 1 3 6 0 0 0 1
58 75 116 101 15 55 195 1555 213 727 80 2806 27 20 19.5 28 13 25 213 0 6 16 33 0 5 13 26 0 1 3 6 0 0 0 1
59 79 114 99 15 55 204 1537 217 730 82 2791 28 20 19 28 13 32 217 0 7 15 33 0 6 12 26 0 1 3 6 0 0 0 1
60 76 115 100 15 53 194 1537 228 748 83 2798 26 20 19 28 13 22 228 0 6 14 33 0 6 10 26 0 0 4 6 0 0 0 1
61 74 115 101 14 54 194 1512 211 752 82 2821 26 19 18 28 13 25 211 0 5 11 38 0 5 9 29 0 0 2 8 0 0 0 1
62 63 115 99 16 54 209 1516 237 752 83 2835 25 18 17 28 13 37 237 1 6 8 39 1 6 7 29 0 0 1 9 0 0 0 1
63 77 116 100 16 55 212 1526 230 754 85 2852 25 18 16.5 28 13 23 230 2 6 9 38 2 6 8 28 0 0 1 9 0 0 0 1
64 75 114 98 16 54 220 1557 201 747 89 2862 26 18 16.5 29 13 25 201 2 6 9 37 2 6 8 28 0 0 1 8 0 0 0 1
65 87 111 95 16 54 222 1559 210 747 87 2869 26 18 16 28 13 24 210 2 7 8 37 2 6 7 28 0 1 1 8 0 0 0 1
66 68 110 91 19 51 224 1540 232 741 84 2873 23.5 18 16 29 13 20 232 2 8 7 34 2 7 6 26 0 1 1 7 0 0 0 1
67 90 109 90 19 50 215 1540 229 746 81 2866 23 18 16 28 NA 29 229 1 10 6 33 1 8 5 26 0 2 1 7 0 0 0 0
68 62 111 91 20 50 216 1584 224 747 85 2890 24 18 16 28 NA 21 224 1 8 8 33 1 6 7 26 0 2 1 7 0 0 0 0
69 78 107 87 20 49 209 1575 222 749 84 2902 24 18 16 28 NA 26 222 0 7 10 32 0 6 8 25 0 1 2 7 0 0 0 0
70 86 112 93 19 51 203 1581 213 754 84 2903 23 18 16 28 NA 22 213 0 9 11 31 0 8 9 24 0 1 2 7 0 0 0 0
71 66 107 90 17 48 211 1580 215 758 79 2907 24 17.5 16 23.5 NA 33 215 0 7 13 28 0 6 11 23 0 1 2 5 0 0 0 0
72 87 109 92 17 49 209 1555 218 755 81 2900 24 17 16 23.5 NA 23 218 0 9 12 28 0 8 11 22 0 1 1 6 0 0 0 0
73 79 110 94 16 48 194 1553 215 765 81 2903 24 16.5 15.5 23.5 NA 16 215 0 9 10 29 0 8 9 23 0 1 1 6 0 0 0 0
74 76 109 94 15 49 195 1567 221 766 80 2902 24 17 15 23.5 NA 24 221 0 9 11 29 0 8 10 23 0 1 1 6 0 0 0 0
75 85 108 94 14 49 189 1575 205 774 78 2891 23.5 18 15 23.5 NA 25 205 0 9 11 29 0 8 10 23 0 1 1 6 0 0 0 0
76 72 105 90 15 46 193 1602 209 777 74 2915 24 18 17.5 23.5 NA 34 209 0 8 13 25 0 8 11 19 0 0 2 6 0 0 0 0
77 69 105 91 14 45 199 1604 223 770 72 2927 22 18 18 20 NA 30 223 0 9 13 23 0 9 11 18 0 0 2 5 0 0 0 0
78 82 104 89 15 45 215 1597 243 765 74 2938 22.5 18 18 18 NA 33 243 1 9 12 23 0 9 10 19 1 0 2 4 0 0 0 0
79 68 105 89 16 44 220 1605 234 770 78 2946 23 18 18 18 NA 27 234 1 7 13 23 0 7 11 19 1 0 2 4 0 0 0 0
80 78 106 89 17 41 224 1604 222 761 76 2957 23.5 18 17.5 18 NA 25 222 1 6 11 23 0 6 9 19 1 0 2 4 0 0 0 0
81 74 107 90 17 44 229 1557 245 769 77 2960 24 18 17.5 19 NA 31 245 2 4 11 27 1 4 10 21 1 0 1 6 0 0 0 0
82 72 108 89 19 44 224 1576 210 773 82 2961 25 18 17.5 19 NA 20 210 0 4 12 28 0 3 11 22 0 1 1 6 0 0 0 0
83 71 110 91 19 46 220 1600 223 782 80 2961 25.5 18 18 19 NA 25 223 0 6 12 28 0 5 11 22 0 1 1 6 0 0 0 0
84 78 108 91 17 44 222 1621 209 772 82 2962 26 18 18 19 NA 17 209 0 5 9 30 0 4 8 24 0 1 1 6 0 0 0 0
85 62 109 91 18 46 210 1623 218 787 83 2963 25 18 18 19 NA 22 218 0 7 10 29 0 6 9 23 0 1 1 6 0 0 0 0
86 79 107 87 20 44 210 1610 224 788 80 2970 25 18 18 18 NA 26 224 1 6 9 28 1 5 8 23 0 1 1 5 0 0 0 0
87 68 105 85 20 42 226 1602 244 787 82 2968 26 18 17.5 19 NA 33 244 1 4 9 28 1 4 8 23 0 0 1 5 0 0 0 0
88 71 105 85 20 43 219 1639 198 795 81 2984 25 18 18 19 NA 20 198 1 7 8 27 1 7 8 21 0 0 0 6 0 0 0 0
89 71 102 83 19 43 209 1656 218 799 77 2991 23 18 18 19 NA 17 218 1 8 9 25 1 8 9 19 0 0 0 6 0 0 0 0
90 73 101 82 19 47 210 1613 245 804 76 2999 23 18 18 18 NA 30 245 2 10 9 26 2 9 9 20 0 1 0 6 0 0 0 0
91 72 101 82 19 51 201 1656 209 809 77 3005 24 18 17.5 18 18 24 209 3 10 13 25 3 8 13 20 0 1 0 5 0 1 0 0
92 61 99 81 18 50 204 1636 219 814 77 3014 25 18 17 18 18 26 219 3 10 11 26 3 9 11 21 0 0 0 5 0 1 0 0
93 75 97 79 18 47 203 1624 229 817 74 3010 24 18 17 18 18 26 229 3 9 10 25 3 8 10 20 0 0 0 5 0 1 0 0
94 77 94 76 18 47 199 1586 239 818 74 3010 24.5 17 16.5 18 18 23 239 3 9 10 25 3 8 10 21 0 0 0 4 0 1 0 0
95 82 94 77 17 49 204 1569 231 816 75 3002 24 17 16.5 18 18 26 231 3 12 9 25 3 11 9 21 0 0 0 4 0 1 0 0
96 78 93 76 17 47 204 1542 237 820 71 2992 24 18 16.5 18 18 28 237 3 10 8 26 3 9 8 22 0 0 0 4 0 1 0 0
97 80 96 77 19 47 196 1553 233 824 73 2969 24 18 16.5 18 18 17 233 0 11 10 26 0 11 9 22 0 0 0 4 0 0 1 0
98 75 95 77 18 47 199 1563 225 830 74 2966 25 18 16.5 18 18 33 225 0 11 9 27 0 11 8 23 0 0 0 4 0 0 1 0
99 80 92 75 17 43 200 1583 207 828 68 2964 24 18 17.5 18 18 23 207 0 8 11 24 0 8 10 20 0 0 0 4 0 0 1 0
100 87 95 75 20 45 192 1593 230 827 68 2955 25 18 18 18 NA 24 230 0 8 13 24 0 8 12 20 0 0 1 4 0 0 0 0
101 70 93 75 18 43 197 1612 204 818 66 2964 26 18 18 18 NA 27 204 0 7 13 23 0 7 12 19 0 0 1 4 0 0 0 0
102 81 93 75 18 42 189 1616 202 820 64 2961 24 18 18 18 NA 17 202 1 7 12 22 1 7 11 18 0 0 1 4 0 0 0 0
103 85 93 76 17 41 191 1586 238 822 61 2959 23 18 18 18 NA 30 238 1 8 9 23 1 8 8 19 0 0 1 4 0 0 0 0
104 86 96 79 17 41 191 1537 257 830 59 2939 23 18 18 18 NA 31 257 1 5 13 22 0 5 12 18 1 0 1 4 0 0 0 0
105 66 93 77 16 41 189 1531 232 834 59 2941 23 18 18 18 NA 21 232 1 5 14 21 0 5 13 17 1 0 1 4 0 0 0 0
106 58 94 78 16 39 200 1513 237 828 58 2968 23 18 19 18 NA 31 237 1 3 13 22 0 3 12 19 1 0 1 3 0 0 0 0
107 70 92 76 16 39 197 1565 198 822 58 2954 22 18 20 18 NA 16 198 1 3 14 21 0 3 13 18 1 0 1 3 0 0 0 0
108 75 94 78 16 40 209 1567 243 813 60 2962 23 18 20 18 NA 28 243 1 4 14 21 0 4 13 18 1 0 1 3 0 0 0 0
109 78 94 78 16 42 212 1583 202 816 64 2963 24 18 20 18 NA 29 202 2 1 16 23 1 1 16 19 1 0 0 4 0 0 0 0
110 84 93 79 14 41 212 1610 199 808 62 2962 21 18 19 18 NA 17 199 3 1 15 22 2 1 15 18 1 0 0 4 0 0 0 0
111 77 93 77 16 40 225 1600 237 804 63 2962 21 18 19 16.5 NA 31 237 3 1 13 23 2 1 13 20 1 0 0 3 0 0 0 0
112 98 95 79 16 39 218 1594 207 804 64 2951 17 18 18 16.5 NA 21 207 2 3 11 23 1 3 11 20 1 0 0 3 0 0 0 0
113 68 96 80 16 40 206 1563 228 811 65 2953 18 18 18 16.5 NA 18 228 3 3 10 24 2 3 10 21 1 0 0 3 0 0 0 0
114 80 96 80 16 42 208 1561 223 809 65 2935 18.5 18 18 16.5 NA 26 223 3 4 11 24 3 3 11 21 0 1 0 3 0 0 0 0
115 68 97 81 16 44 222 1538 230 803 68 2946 19 18 18 16.5 NA 30 230 3 5 10 26 3 4 10 23 0 1 0 3 0 0 0 0
116 74 92 78 14 43 214 1536 215 805 68 2950 19.5 18 18 16.5 NA 23 215 5 5 7 26 5 4 7 23 0 1 0 3 0 0 0 0
117 80 93 79 14 42 210 1543 221 808 68 2962 20 18 18 16.5 NA 26 221 5 5 7 25 5 4 7 22 0 1 0 3 0 0 0 0
118 77 95 77 18 42 215 1561 205 808 69 2973 19 18 18 16.5 NA 23 205 5 5 5 27 5 4 5 24 0 1 0 3 0 0 0 0
119 90 99 80 19 43 198 1576 216 823 69 2961 19 18 18 16.5 NA 28 216 4 8 4 27 4 7 4 24 0 1 0 3 0 0 0 0
120 79 101 78 23 46 197 1574 235 817 71 2956 19 18 18 16.5 NA 23 235 1 13 5 27 1 12 5 24 0 1 0 3 0 0 0 0
121 71 98 75 23 46 189 1600 211 823 68 2974 18.5 18 18 16.5 NA 23 211 1 12 7 26 1 11 7 23 0 1 0 3 0 0 0 0
122 72 100 77 23 46 192 1601 201 818 69 2981 19 18 18 16.5 NA 16 201 0 12 8 26 0 11 8 23 0 1 0 3 0 0 0 0
123 80 97 75 22 43 203 1590 235 814 67 2979 19 18 18 16.5 NA 35 235 0 11 9 23 0 10 9 20 0 1 0 3 0 0 0 0
124 77 97 75 22 43 209 1607 221 813 70 2991 20 18 18 16.5 16 27 221 0 10 10 23 0 8 10 20 0 1 0 3 0 1 0 0
125 73 98 76 22 42 224 1613 226 794 70 2983 21 17.5 18 16.5 16 35 226 0 9 10 23 0 7 10 20 0 1 0 3 0 1 0 0
126 66 100 77 23 44 217 1635 206 792 70 2991 22 17.5 18 16.5 16 22 206 1 9 10 24 1 8 9 21 0 0 1 3 0 1 0 0
127 86 97 73 24 44 213 1617 201 789 68 2978 23 17.5 18 15 16 26 201 2 9 12 21 2 8 11 19 0 0 1 2 0 1 0 0
128 73 96 69 27 49 208 1626 213 795 67 2979 24 18 18 16.5 16 26 213 4 9 15 21 4 8 13 19 0 0 2 2 0 1 0 0
129 57 100 73 27 49 209 1643 220 798 69 2998 23.5 18 18 16.5 16 23 220 4 8 16 21 4 7 14 19 0 0 2 2 0 1 0 0
130 68 102 75 27 49 215 1643 221 793 73 3016 24 18 18 16.5 16 24 221 3 8 16 22 3 7 14 20 0 0 2 2 0 1 0 0
131 92 100 74 26 49 219 1635 212 791 74 3004 23.5 17 17.5 16.5 16 23 212 2 9 15 23 2 8 13 21 0 0 2 2 0 1 0 0
132 80 102 75 27 51 229 1623 232 787 77 2994 24 17 17 18 16 31 232 1 7 19 24 1 7 16 21 0 0 2 3 0 0 1 0
133 87 103 75 28 51 227 1623 210 788 77 2993 25 17 17 18 16 20 210 1 7 18 25 1 7 15 22 0 0 2 3 0 0 1 0
134 80 104 76 28 49 217 1606 227 789 77 2990 22 17 17 15 16 22 227 0 8 17 24 0 8 15 22 0 0 1 2 0 0 1 0
135 68 102 74 28 49 219 1597 231 791 75 2987 23 16 17 15 16 26 231 0 9 16 24 0 9 14 22 0 0 1 2 0 0 1 0
136 94 100 73 27 48 216 1597 222 799 72 2988 24 16 16.5 15 16 31 222 0 7 15 26 0 7 13 24 0 0 1 2 0 0 1 0
137 61 101 72 29 48 218 1608 209 806 71 3011 23 16 17 15 16 25 209 0 7 15 26 0 7 13 24 0 0 1 2 0 0 1 0
138 69 99 68 31 46 241 1591 232 791 71 2998 23 16 17 15 16 37 232 0 7 12 27 0 7 11 24 0 0 0 3 0 0 1 0
139 81 97 65 32 43 238 1576 219 784 69 2991 22 18 18 15 16 19 219 0 7 11 25 0 7 10 22 0 0 0 3 0 0 1 0
140 85 101 67 34 45 250 1544 234 776 72 2998 22 18 18 15 16 27 234 0 9 8 28 0 9 7 25 0 0 0 3 0 0 1 0
141 68 101 68 33 45 247 1539 216 783 75 3009 23 18 18 15 16 21 216 0 9 8 28 0 9 7 25 0 0 0 3 0 0 1 0
142 79 101 69 32 48 251 1517 234 780 75 3010 24 18 21 15 16 27 234 0 8 12 28 0 8 11 25 0 0 0 3 0 0 1 0
143 72 102 70 32 50 237 1521 213 800 75 3011 24 18 19.5 15 16 19 213 1 7 14 28 1 7 13 25 0 0 0 3 0 0 1 0
144 78 102 70 32 49 242 1524 223 798 77 3025 25 18 18 15 16 25 223 1 3 13 32 1 3 13 28 0 0 0 3 0 0 0 1
145 72 100 69 31 50 236 1525 205 804 79 3019 26 18 19.5 16.5 9 22 205 1 4 14 31 1 4 14 27 0 0 0 2 0 0 0 2
146 82 103 72 31 52 230 1516 228 820 79 3006 26 18 19.5 17.5 9 30 228 1 4 17 30 1 3 16 26 0 1 1 2 0 0 0 2
147 73 102 71 31 52 231 1530 207 819 78 3013 27 16.5 17 17.5 9 26 207 2 5 17 28 2 4 16 24 0 1 1 2 0 0 0 2
148 71 108 75 33 54 235 1537 236 821 79 3015 26.5 17.5 18 17.5 9 30 236 2 7 13 32 2 6 12 28 0 1 1 2 0 0 0 2
149 70 111 75 36 57 245 1541 216 821 82 3023 27 18 18 17.5 9 32 216 1 9 15 32 1 8 14 28 0 1 1 2 0 0 0 2
150 60 110 74 36 59 239 1556 228 831 84 3030 27.5 18 18 17.5 9 18 228 3 8 14 34 3 7 14 29 0 1 0 3 0 0 0 2
151 75 110 74 36 60 250 1555 220 823 84 3031 26.5 18 18 17.5 9 32 220 3 8 14 35 3 7 14 30 0 1 0 3 0 0 0 2
152 96 106 72 34 59 241 1560 219 818 84 3012 26 18 18 17.5 9 24 219 2 9 13 35 2 8 13 30 0 1 0 3 0 0 0 2
153 74 107 72 35 60 238 1562 215 823 84 3011 26 18 18 17.5 9 28 215 3 7 15 35 3 7 14 30 0 0 1 3 0 0 0 2
154 81 105 70 35 61 229 1532 226 831 83 3001 26 18 18 17.5 9 24 226 3 7 16 35 3 7 15 30 0 0 1 3 0 0 0 2
155 74 107 72 35 63 227 1522 245 842 85 2996 26 18 18.5 18 9 27 245 1 10 14 38 1 9 13 33 0 1 1 3 0 0 0 2
156 83 106 70 36 61 224 1553 213 841 83 2992 27 18 18.5 18 9 24 213 1 9 11 40 1 9 9 35 0 0 2 3 0 0 0 2
157 74 109 74 35 61 218 1533 222 849 81 2988 26 19 19.5 18 9 25 222 1 9 11 40 1 9 9 35 0 0 2 3 0 0 0 2
158 61 113 79 34 62 227 1567 218 853 84 3012 26 18.5 19 18 9 29 218 1 10 10 41 1 10 8 36 0 0 2 3 0 0 0 2
159 78 112 80 32 59 228 1552 239 854 79 3011 25 18 19 18 9 30 239 2 10 10 37 2 10 8 32 0 0 2 3 0 0 0 2
160 78 109 78 31 61 230 1560 222 853 84 3016 27 19 19.5 18 9 22 222 3 9 11 38 3 9 9 33 0 0 2 3 0 0 0 2
161 84 107 77 30 62 230 1563 219 852 84 3016 27 18 19 18 9 27 219 2 10 12 38 2 10 10 33 0 0 2 3 0 0 0 2
162 79 109 79 30 61 234 1560 232 836 83 3019 27 18 19 17.5 9 30 232 2 9 12 38 2 8 10 33 0 1 2 3 0 0 0 2
163 78 107 77 30 62 223 1571 204 835 81 3019 26 18 19 17.5 9 14 204 4 9 13 36 4 8 11 31 0 1 2 3 0 0 0 2
164 80 107 77 30 58 227 1579 224 825 77 3012 26 17.5 18.5 17.5 9 25 224 4 9 13 32 4 8 11 27 0 1 2 3 0 0 0 2
165 80 105 75 30 56 230 1554 225 825 75 3013 26 17 17.5 17.5 9 25 225 4 8 10 34 4 7 9 28 0 1 1 4 0 0 0 2
166 74 105 75 30 57 230 1581 218 828 74 3031 26 17 17.5 18 9 26 218 4 7 11 35 4 6 9 29 0 1 2 4 0 0 0 2
167 71 106 77 29 57 232 1610 201 826 75 3030 26.5 17 17.5 18 9 26 201 3 6 13 35 3 5 11 29 0 1 2 4 0 0 0 2
168 69 107 79 28 59 237 1589 256 825 77 3028 26 18 18.5 18 9 30 256 2 8 13 36 2 7 12 29 0 1 1 5 0 0 0 2
169 75 111 83 28 61 238 1574 240 824 79 3028 26 18 19.5 18 9 30 240 2 8 14 37 2 7 13 30 0 1 1 5 0 0 0 2
170 72 114 86 28 63 228 1567 210 831 83 3037 24 18 19.5 18 9 22 210 2 10 14 37 2 9 13 30 0 1 1 5 0 0 0 2
171 72 115 86 29 63 219 1564 201 835 85 3036 23 18 19.5 18 9 19 201 1 12 12 38 1 11 12 30 0 1 0 6 0 0 0 2
172 74 113 84 29 61 234 1565 218 827 82 3041 24 19 20 18 2 32 218 0 9 15 37 0 9 14 30 0 0 1 6 0 0 0 1
173 73 107 79 28 57 234 1530 232 831 75 3039 25 18 19 18 2 27 232 0 7 16 34 0 7 15 27 0 0 1 6 0 0 0 1
174 78 105 78 27 55 238 1525 233 823 73 3037 25 19 19.5 20.5 2 23 233 0 8 14 33 0 8 13 27 0 0 1 5 0 0 0 1
175 83 106 80 26 55 236 1548 188 825 74 3030 24.5 20 20 20.5 2 25 188 0 7 15 33 0 7 14 27 0 0 1 5 0 0 0 1
176 80 107 81 26 57 236 1539 233 827 77 3033 22 19 19.5 20.5 2 28 233 1 8 14 34 1 8 13 28 0 0 1 5 0 0 0 1
177 95 105 79 26 57 226 1507 225 823 75 3007 23 20 20 23 2 19 225 1 8 14 34 1 8 12 28 0 0 2 5 0 0 0 1
178 73 102 77 25 56 220 1479 211 829 76 3000 25.5 19.5 19.5 23 2 18 211 1 8 13 34 1 8 11 28 0 0 2 5 0 0 0 1
179 68 106 77 29 55 228 1505 192 822 76 3007 23 19 19 23 2 27 192 1 7 13 34 1 7 11 28 0 0 2 5 0 0 0 1
180 75 102 73 29 54 228 1499 225 824 74 3000 23.5 18 17.5 23 2 33 225 2 7 13 32 2 7 11 26 0 0 2 5 0 0 0 1
181 81 103 70 33 53 223 1506 216 824 75 2998 23 18 18.5 20.5 2 19 216 2 6 16 29 2 6 14 24 0 0 2 4 0 0 0 1
182 78 105 73 32 53 226 1534 205 819 78 2992 24 18 18.5 20.5 2 23 205 2 3 17 31 2 3 15 26 0 0 2 4 0 0 0 1
183 70 107 75 32 51 229 1515 255 827 76 3006 24 19 19 20.5 2 32 255 2 2 17 30 2 2 15 25 0 0 2 4 0 0 0 1
184 80 105 73 32 52 220 1552 209 831 76 2998 25 18.5 19 18 2 22 209 1 4 13 34 1 4 13 28 0 0 0 5 0 0 0 1
185 86 107 74 33 53 227 1563 208 829 75 3003 26 18 18 16.5 16.5 31 208 2 5 11 35 2 5 11 29 0 0 0 4 0 0 0 2
186 73 104 73 31 54 235 1579 214 820 74 3013 24 17.5 17.5 16.5 16.5 25 214 2 6 12 34 2 6 12 28 0 0 0 4 0 0 0 2
187 84 106 72 34 55 231 1574 219 817 74 3021 24 18 18 16.5 15 23 219 3 6 13 33 3 6 12 28 0 0 0 4 0 0 1 1
188 80 110 76 34 56 220 1568 202 822 77 3031 24 18 18 18 15 19 202 1 7 15 33 1 7 13 28 0 0 1 4 0 0 1 1
189 82 108 74 34 56 216 1583 211 822 74 3020 24 18 18 18 15 19 211 2 8 14 32 2 8 12 27 0 0 1 4 0 0 1 1
190 77 111 79 32 55 207 1587 219 829 72 3014 21 18 18.5 18 15 23 219 2 8 14 31 2 8 12 26 0 0 1 4 0 0 1 1
191 72 111 79 32 54 207 1606 205 832 77 3019 22 18.5 19 18 15 21 205 2 7 14 31 2 7 12 26 0 0 1 4 0 0 1 1
192 68 113 81 32 54 215 1600 237 824 77 3023 23 18.5 19 18 15 26 237 1 8 13 32 1 8 11 27 0 0 1 4 0 0 1 1
193 72 111 81 30 54 221 1582 244 824 77 3023 23 18 18.5 16.5 15 35 244 1 8 13 32 1 8 11 28 0 0 1 3 0 0 1 1
194 88 111 82 29 50 227 1571 234 820 75 3011 21 17.5 17.5 16.5 15 32 234 0 8 10 32 0 8 8 28 0 0 1 3 0 0 1 1
195 80 112 82 30 54 223 1520 244 830 78 3000 21.5 18 18.5 16.5 15 21 244 1 10 8 35 1 10 7 30 0 0 1 3 0 0 0 2
196 80 112 84 28 56 225 1529 211 837 77 3003 22.5 17.5 17.5 16.5 15 35 211 2 9 10 35 2 9 9 30 0 0 1 3 0 0 0 2
197 91 113 84 29 56 238 1546 233 834 80 3007 23 16.5 16.5 16.5 15 33 233 1 11 10 34 1 11 9 29 0 0 1 3 0 0 0 2
198 87 111 82 29 55 225 1547 210 841 78 2985 23 16 16 16.5 15 17 210 1 9 9 36 1 9 8 31 0 0 1 3 0 0 0 2
199 67 114 84 30 57 214 1566 211 853 82 2987 23.5 16 16 16.5 15 22 211 2 10 7 38 2 10 7 32 0 0 0 4 0 0 0 2
200 78 114 84 30 59 217 1523 233 857 83 2992 24 16 16 16.5 15 23 233 3 6 12 38 3 6 12 32 0 0 0 4 0 0 0 2
201 71 114 86 28 59 216 1530 219 863 81 3008 22 16 16 15 15 24 219 4 7 11 37 4 7 11 32 0 0 0 3 0 0 0 2
202 66 117 89 28 59 218 1547 222 859 85 3010 21 16 16 15 15 22 222 4 7 11 37 4 7 11 32 0 0 0 3 0 0 0 2
203 81 115 88 27 59 203 1578 204 865 83 3017 22 15 15.5 15 15 23 204 4 10 10 35 4 10 10 30 0 0 0 3 0 0 0 2
204 82 115 88 27 60 205 1602 190 860 84 3004 23 15.5 16 15 15 21 190 5 11 10 34 5 11 10 29 0 0 0 3 0 0 0 2
205 78 115 88 27 61 209 1588 220 859 84 3000 23 15 15.5 15 15 27 220 5 13 9 34 5 13 9 29 0 0 0 3 0 0 0 2
206 71 118 92 26 62 225 1555 242 858 87 3012 23 15 15 15 15 37 242 3 15 9 35 3 15 9 30 0 0 0 3 0 0 0 2
207 88 120 92 28 62 226 1550 233 852 88 2999 23 15 15 15 15 25 233 1 16 10 35 1 16 10 30 0 0 0 3 0 0 0 2
208 75 126 96 30 65 233 1557 206 847 91 3016 23 15 15 15 15 23 206 3 17 8 37 3 17 8 32 0 0 0 3 0 0 0 2
209 75 126 96 30 65 242 1544 226 840 92 3023 24 15 15 15 15 32 226 3 15 10 37 3 15 10 32 0 0 0 3 0 0 0 2
210 84 125 95 30 63 236 1557 198 846 89 3011 23 15 15 15 15 27 198 3 17 9 34 3 17 9 29 0 0 0 3 0 0 0 2
211 69 125 94 31 64 237 1559 217 848 91 3014 23 15 15 15 15 27 217 2 18 10 34 2 18 10 29 0 0 0 3 0 0 0 2
212 82 123 92 31 62 241 1577 225 837 91 3021 23 15 15 16.5 15 24 225 3 18 9 32 3 18 9 28 0 0 0 2 0 0 0 2
213 72 123 90 33 62 239 1594 202 841 93 3024 23 15 15 16.5 15 21 202 3 18 10 31 3 18 10 27 0 0 0 2 0 0 0 2
214 84 127 94 33 63 247 1594 244 836 96 3021 24 15 15 16.5 15 37 244 3 15 14 31 3 15 14 27 0 0 0 2 0 0 0 2
215 83 122 92 30 67 245 1563 224 828 92 3002 24.5 15 15 16.5 15 28 224 4 18 16 29 4 18 16 25 0 0 0 2 0 0 0 2
216 81 124 93 31 68 243 1546 241 820 92 3002 23.5 14.5 14 16.5 2 24 241 6 17 17 28 6 17 17 25 0 0 0 2 0 0 0 1
217 67 126 93 33 66 241 1553 196 823 92 3009 23 14 14 16.5 2 19 196 6 15 17 28 6 15 17 25 0 0 0 2 0 0 0 1
218 83 127 93 34 68 244 1540 229 816 94 3013 24 14 14 15 2 28 229 6 13 20 29 6 12 20 26 0 1 0 2 0 0 0 1
219 85 125 93 32 71 230 1522 227 826 94 2997 25 14 14 15 2 20 227 7 13 20 31 7 12 20 28 0 1 0 2 0 0 0 1
220 74 125 94 31 71 218 1504 245 837 99 2994 25 14 14 15 2 24 245 3 15 23 30 3 14 23 27 0 1 0 2 0 0 0 1
221 90 123 94 29 72 209 1533 211 843 95 2985 25 13.5 13.5 15 2 22 211 4 17 18 33 4 16 18 30 0 1 0 2 0 0 0 1
222 78 124 93 31 71 209 1580 170 847 97 2995 26 14 14 15 2 17 170 4 16 18 33 4 15 18 30 0 1 0 2 0 0 0 1
223 85 126 94 32 71 212 1587 220 839 99 2994 26.5 14 14 15 2 22 220 4 14 19 34 4 13 19 31 0 1 0 2 0 0 0 1
224 85 124 93 31 69 216 1602 216 834 98 2991 26.5 13 13 15 2 24 216 4 13 20 32 4 12 20 29 0 1 0 2 0 0 0 1
225 70 125 94 31 69 222 1610 227 835 100 2998 27 13 13 15 2 26 227 3 12 21 33 3 11 21 30 0 1 0 2 0 0 0 1
226 72 123 92 31 67 213 1584 221 835 101 3002 27 13 13 16.5 7 22 221 1 13 19 34 1 12 19 31 0 0 0 2 0 1 0 1
227 81 117 88 29 67 210 1599 224 829 98 2982 27 13 13 17 7 18 224 2 15 19 31 2 13 19 28 0 1 0 2 0 1 0 1
228 97 114 86 28 66 208 1567 246 827 94 2991 27.5 13 13 16 7 26 246 2 17 18 29 2 15 18 27 0 1 0 1 0 1 0 1
229 67 114 86 28 66 210 1570 208 826 93 3001 28 13 13 16 7 26 208 1 17 19 29 1 15 19 27 0 1 0 1 0 1 0 1
230 80 114 86 28 67 209 1527 228 829 94 3001 28.5 13 13 16 7 24 228 3 15 18 31 3 14 17 29 0 1 0 1 0 0 1 1
231 89 112 84 28 67 213 1545 209 823 91 2990 29 13 13 16 7 31 209 4 15 17 31 4 14 16 29 0 1 0 1 0 0 1 1
232 83 111 83 28 67 207 1569 198 822 91 2983 29 13 13 16 7 25 198 4 11 19 33 4 10 18 31 0 1 0 1 0 0 1 1
233 79 112 84 28 67 205 1564 208 813 91 2969 28.5 13 13 16 7 18 208 4 12 19 32 4 11 18 30 0 1 0 1 0 0 1 1
234 80 113 85 28 66 210 1577 230 797 91 2970 29 13 13 16 12 29 230 4 9 22 31 4 9 20 30 0 0 1 1 0 0 1 0
235 82 109 83 26 63 212 1565 253 794 89 2966 29 13 13 16 12 30 253 3 9 21 30 3 9 19 29 0 0 1 1 0 0 1 0
236 69 110 82 28 61 220 1583 228 785 87 2980 29.5 13 13 16 12 25 228 2 7 21 31 2 7 19 30 0 0 1 1 0 0 1 0
237 95 108 79 29 61 224 1576 211 777 85 2969 30 13 13 15 12 22 211 2 7 19 33 2 6 17 32 0 1 1 1 0 0 1 0
238 70 108 79 29 61 217 1556 225 787 86 2969 31 13 13 15 12 19 225 2 6 18 35 2 5 16 34 0 1 1 1 0 0 1 0
239 81 106 77 29 58 218 1541 224 788 82 2965 31 13 13 17 12 29 224 2 6 19 31 2 5 16 31 0 1 2 0 0 0 1 0
240 75 106 77 29 59 215 1576 217 784 81 2967 31 14 13 17 12 22 217 2 7 21 29 2 6 18 29 0 1 2 0 0 0 1 0
241 78 107 79 28 59 222 1539 235 778 79 2961 30 14 13 17 12 28 235 2 6 21 30 2 5 18 30 0 1 2 0 0 0 1 0
242 82 106 78 28 58 218 1547 222 779 78 2973 30.5 14 13.5 17 12 22 222 2 5 20 31 2 4 18 30 0 1 2 0 0 0 0 1
243 69 108 79 29 57 227 1532 228 774 80 2981 30.5 14 14 17 12 31 228 0 7 18 32 0 6 16 31 0 1 2 0 0 0 0 1
244 83 101 76 25 55 221 1541 229 773 73 2986 30 16 16 17 12 20 229 1 9 14 31 1 8 12 30 0 1 2 0 0 0 0 1
245 75 103 78 25 55 223 1533 219 773 73 2992 29 16 16 17 12 25 219 1 9 14 31 1 8 12 30 0 1 2 0 0 0 0 1
246 70 103 78 25 53 220 1512 215 778 72 3006 29 16 16 17 12 22 215 0 9 13 31 0 8 12 29 0 1 1 1 0 0 0 1
247 72 101 76 25 51 227 1504 240 773 71 3016 27 16 16 17 12 30 240 0 7 14 30 0 7 12 28 0 0 2 1 0 0 0 1
248 76 104 79 25 51 214 1497 235 780 77 3014 26.5 16 16 17 12 18 235 0 6 14 31 0 6 12 29 0 0 2 1 0 0 0 1
249 74 104 79 25 51 221 1509 220 783 76 3002 26.5 16 16 17 12 33 220 1 6 12 32 1 6 11 29 0 0 1 2 0 0 0 1
250 77 102 78 24 50 227 1504 205 781 72 2993 26.5 15.5 15.5 17 12 34 205 1 6 11 32 1 6 10 29 0 0 1 2 0 0 0 1
251 74 101 77 24 51 223 1518 228 782 72 2987 26 15 15 17 12 21 228 2 8 9 32 2 6 8 29 0 2 1 2 0 0 0 1
252 92 96 75 21 52 221 1527 221 778 70 2978 27.5 15 15 15.5 12 21 221 3 7 11 31 3 5 10 29 0 2 1 1 0 0 0 1
253 71 92 72 20 50 214 1551 198 776 66 2969 26 15 15 15.5 12 20 198 3 9 8 30 3 7 7 28 0 2 1 1 0 0 0 1
254 84 89 69 20 48 214 1518 229 770 64 2970 28 15 15 15.5 12 28 229 3 9 7 29 3 7 6 27 0 2 1 1 0 0 0 1
255 88 90 70 20 48 201 1512 227 778 65 2972 28 15 15 15.5 12 22 227 3 7 9 29 3 5 8 27 0 2 1 1 0 0 0 1
256 69 93 72 21 49 199 1522 218 781 68 2974 26 15 15 17 12 17 218 2 8 8 31 2 6 6 29 0 2 2 1 0 0 0 1
257 79 91 70 21 50 195 1535 220 782 68 2969 26 14.5 14.5 17 12 24 220 2 9 9 30 2 8 6 28 0 1 3 1 0 0 0 1
258 93 89 69 20 49 202 1497 223 775 68 2954 25 14 14 17 12 21 223 1 9 10 29 1 8 7 27 0 1 3 1 0 0 0 1
259 80 90 70 20 50 210 1506 235 769 68 2944 24.5 14 14 16 12 30 235 1 10 10 29 1 9 8 27 0 1 2 1 0 0 0 1
260 78 90 70 20 49 215 1495 210 770 70 2947 24.5 14 14.5 16 12 26 210 1 9 10 29 1 8 8 27 0 1 2 1 0 0 0 1
261 75 90 71 19 51 218 1482 231 767 71 2940 25 14 14.5 16 12 24 231 1 11 9 30 1 10 7 28 0 1 2 1 0 0 0 1
262 80 89 71 18 52 221 1510 207 774 71 2938 26 14.5 14.5 18 12 32 207 1 12 8 31 1 10 6 29 0 2 2 1 0 0 0 1
263 80 86 69 17 50 213 1487 222 770 69 2942 27 14.5 15 16 12 18 222 1 10 9 30 1 10 6 28 0 0 3 1 0 0 0 1
264 78 84 69 15 48 210 1494 221 775 66 2945 25 14.5 15 14 12 28 221 1 11 6 30 0 11 3 28 1 0 3 1 0 0 0 1
265 80 84 69 15 47 207 1483 212 771 67 2934 25 14 15 14 12 27 212 1 11 7 28 1 10 4 26 0 1 3 1 0 0 0 1
266 71 86 71 15 47 209 1535 208 780 67 2949 25.5 14 15 14 12 20 208 1 11 7 28 1 10 4 26 0 1 3 1 0 0 0 1
267 74 81 66 15 47 212 1535 217 778 64 2932 25 14 14 14 12 24 217 2 13 7 25 2 12 5 22 0 1 2 2 0 0 0 1
268 64 81 65 16 47 201 1560 200 794 64 2943 25 14 15 14 12 19 200 1 11 10 25 1 10 8 22 0 1 2 2 0 0 0 1
269 70 79 65 14 47 193 1559 202 804 63 2942 26 14 15 14 12 22 202 1 8 13 25 1 7 12 21 0 1 1 3 0 0 0 1
270 85 78 62 16 46 199 1540 242 802 62 2935 26 14 14.5 14 12 33 242 1 8 13 24 1 7 12 20 0 1 1 3 0 0 0 1
271 84 76 61 15 47 190 1553 202 813 60 2932 26 15 15 16 12 27 202 1 10 13 23 1 9 11 19 0 1 2 3 0 0 0 1
272 80 75 60 15 44 186 1561 243 809 57 2932 26 15 15 18 12 17 243 1 7 15 21 1 6 13 18 0 1 2 2 0 0 0 1
273 76 77 62 15 44 184 1581 228 817 57 2934 27 14.5 14.5 18 12 22 228 2 6 16 20 2 5 14 17 0 1 2 2 0 0 0 1
274 75 77 62 15 43 192 1533 248 813 54 2935 26 15 15 18 12 30 248 2 6 16 19 2 5 14 16 0 1 2 2 0 0 0 1
275 73 78 63 15 41 192 1537 230 813 53 2936 26 15 15 18 NA 21 230 2 6 13 20 2 5 12 17 0 1 1 3 0 0 0 0
276 68 79 63 16 40 197 1556 218 814 53 2940 25 15 15 21.5 NA 24 218 2 4 13 21 2 3 12 19 0 1 1 2 0 0 0 0
277 66 80 63 17 42 205 1548 230 808 55 2945 25 15 15 21.5 NA 23 230 1 4 14 23 1 4 13 20 0 0 1 3 0 0 0 0
278 68 78 60 18 41 206 1547 225 813 52 2947 24 15 15 25 NA 28 225 2 5 13 21 2 5 12 19 0 0 1 2 0 0 0 0
279 71 81 63 18 41 200 1565 223 822 50 2969 21 15 15 25 NA 21 223 3 5 12 21 3 5 11 19 0 0 1 2 0 0 0 0
280 74 84 67 17 42 195 1573 226 821 50 2968 16.5 15 15 25 NA 24 226 5 5 10 22 5 5 9 20 0 0 1 2 0 0 0 0
281 77 83 66 17 41 204 1558 232 814 48 2971 17 15 15 25 NA 27 232 5 6 7 23 5 6 6 21 0 0 1 2 0 0 0 0
282 64 85 68 17 42 201 1579 220 815 49 2992 17 15 15 18.5 NA 18 220 6 6 6 24 6 5 5 22 0 1 1 2 0 0 0 0
283 75 89 73 16 43 212 1574 244 818 51 3005 15 14 14 18.5 NA 36 244 7 7 6 23 7 6 5 21 0 1 1 2 0 0 0 0
284 68 91 74 17 42 212 1533 221 822 53 3007 14 13.5 13.5 18.5 NA 21 221 6 8 5 23 6 7 4 21 0 1 1 2 0 0 0 0
285 70 89 72 17 41 198 1508 228 828 54 3012 15 13 13 18.5 NA 17 228 6 7 7 21 6 6 6 19 0 1 1 2 0 0 0 0
286 100 92 75 17 43 194 1507 218 824 57 2995 15 13 13 18.5 NA 23 218 6 9 7 21 6 8 6 19 0 1 1 2 0 0 0 0
287 87 92 76 16 44 206 1486 241 816 59 2984 16 13.5 13 14 NA 32 241 7 10 6 21 7 8 5 19 0 2 1 2 0 0 0 0
288 77 92 75 17 43 203 1496 213 825 59 2981 16 14 13.5 14 NA 27 213 7 9 8 19 7 7 7 17 0 2 1 2 0 0 0 0
289 72 93 76 17 41 209 1525 223 827 59 2992 16 14 14.5 14 NA 31 223 6 7 8 20 6 5 8 17 0 2 0 3 0 0 0 0
290 67 92 76 16 43 210 1561 218 833 60 3001 17 14 14.5 14 NA 26 218 5 10 9 19 5 8 9 16 0 2 0 3 0 0 0 0
291 73 95 79 16 46 206 1572 222 836 65 2990 18 14.5 15 14 NA 26 222 5 12 9 20 5 10 9 17 0 2 0 3 0 0 0 0
292 79 96 79 17 48 198 1594 210 839 70 2985 18.5 15 15 14 NA 19 210 3 15 10 20 3 13 10 17 0 2 0 3 0 0 0 0
293 77 97 80 17 48 198 1543 251 839 70 2990 19 15 15 13 NA 25 251 3 16 9 20 3 14 9 18 0 2 0 2 0 0 0 0
294 81 96 79 17 49 206 1521 215 832 72 2987 20 15 15 13 NA 28 215 2 16 10 21 2 15 9 19 0 1 1 2 0 0 0 0
295 54 99 82 17 50 210 1519 259 842 76 3003 20 15 15 14 NA 32 259 1 17 11 21 1 15 10 19 0 2 1 2 0 0 0 0
296 77 99 80 19 47 217 1522 235 841 75 2991 19 15 15 14 NA 39 235 1 14 13 19 1 12 12 17 0 2 1 2 0 0 0 0
297 64 99 80 19 49 213 1516 218 851 75 3005 20 15 15.5 14 NA 29 218 1 14 14 20 1 13 12 18 0 1 2 2 0 0 0 0
298 82 95 76 19 52 206 1534 210 852 72 2997 21 15 15 16.5 NA 18 210 2 16 15 19 2 14 13 17 0 2 2 2 0 0 0 0
299 80 97 75 22 53 209 1557 224 857 72 3004 21 16 16 16.5 NA 25 224 2 14 18 19 2 12 16 17 0 2 2 2 0 0 0 0
300 76 97 74 23 52 208 1550 209 855 71 2990 22 15.5 16 14 NA 26 209 2 12 18 20 2 12 15 18 0 0 3 2 0 0 0 0
301 73 99 75 24 53 211 1538 231 848 72 2997 22 15 15.5 14 NA 30 231 2 11 18 22 2 11 15 20 0 0 3 2 0 0 0 0
302 81 97 75 22 52 205 1530 239 855 69 3001 23 16 16 14 NA 19 239 2 9 19 22 2 9 16 20 0 0 3 2 0 0 0 0
303 85 92 72 20 48 205 1497 225 850 65 2997 23 16 16 19 NA 25 225 2 9 20 17 2 9 18 16 0 0 2 1 0 0 0 0
304 72 88 68 20 46 212 1526 217 850 62 3001 23.5 16 16 19 NA 28 217 3 6 22 15 3 6 20 14 0 0 2 1 0 0 0 0
305 74 89 69 20 49 225 1535 237 849 62 3020 23 16 15 18 NA 37 237 5 7 22 15 5 6 20 14 0 1 2 1 0 0 0 0
306 85 87 68 19 44 238 1552 219 831 58 3006 23 16 15.5 18 NA 31 219 5 5 21 13 5 4 19 12 0 1 2 1 0 0 0 0
307 59 91 72 19 47 240 1541 237 832 62 3017 23 16 15.5 18 NA 26 237 2 9 21 15 2 7 19 14 0 2 2 1 0 0 0 0
308 85 93 75 18 47 244 1551 206 824 66 2996 24 16 15.5 18 NA 27 206 1 9 20 17 1 7 18 16 0 2 2 1 0 0 0 0
309 82 89 73 16 45 236 1566 205 826 64 2994 22 16 15 18 NA 24 205 0 11 17 17 0 9 16 15 0 2 1 2 0 0 0 0
310 72 86 71 15 43 228 1545 219 829 63 2995 22.5 16 15 18.5 NA 25 219 0 10 16 17 0 8 15 16 0 2 1 1 0 0 0 0
311 89 87 72 15 44 222 1534 233 833 66 2987 23 16 15 18.5 NA 23 233 0 10 14 20 0 8 13 19 0 2 1 1 0 0 0 0
312 73 88 72 16 45 221 1552 202 830 64 3000 23 16 15 18.5 NA 23 202 1 10 14 20 1 9 13 18 0 1 1 2 0 0 0 0
313 76 86 70 16 43 218 1571 206 826 60 3003 22 16 15.5 18 NA 20 206 1 9 14 19 1 9 12 18 0 0 2 1 0 0 0 0
314 71 88 73 15 41 220 1525 251 828 58 3009 19.5 16 15 21.5 NA 28 251 1 10 10 20 1 10 9 19 0 0 1 1 0 0 0 0
315 85 89 72 17 41 210 1513 231 837 57 2998 20 16 15 21.5 NA 23 231 1 9 9 22 1 9 8 21 0 0 1 1 0 0 0 0
316 86 91 74 17 42 218 1537 210 831 58 2997 20 15.5 15 21.5 NA 28 210 1 9 9 23 1 9 8 22 0 0 1 1 0 0 0 0
317 68 88 72 16 39 213 1544 214 843 57 3001 20.5 16 15 21.5 NA 23 214 1 7 10 21 1 7 9 20 0 0 1 1 0 0 0 0
318 82 86 71 15 41 216 1553 225 835 58 2992 22 16 15 21.5 NA 30 225 2 7 10 22 2 7 9 21 0 0 1 1 0 0 0 0
319 72 87 72 15 44 217 1561 199 838 60 2989 23 15 14.5 21.5 NA 28 199 3 8 8 25 3 8 7 24 0 0 1 1 0 0 0 0
320 76 83 69 14 41 215 1551 223 832 59 2989 22 15 14 21.5 NA 25 223 2 6 10 23 2 6 9 22 0 0 1 1 0 0 0 0
321 76 83 69 14 40 217 1565 215 827 58 2988 22 15.5 14.5 21.5 NA 28 215 2 7 9 22 2 7 8 21 0 0 1 1 0 0 0 0
322 63 83 68 15 39 217 1552 223 831 56 3012 21 15 14 21.5 NA 22 223 2 7 9 21 2 7 8 20 0 0 1 1 0 0 0 0
323 59 83 68 15 40 214 1546 230 840 56 3020 21 16.5 15.5 21.5 NA 26 230 2 7 9 22 2 7 8 21 0 0 1 1 0 0 0 0
324 61 81 67 14 39 214 1536 219 845 58 3028 22 16 15 21.5 NA 25 219 2 6 10 21 2 6 9 20 0 0 1 1 0 0 0 0
325 68 82 68 14 40 216 1551 208 843 61 3025 22.5 16.5 15.5 21.5 NA 26 208 1 6 11 22 1 6 11 20 0 0 0 2 0 0 0 0
326 71 80 64 16 37 219 1595 173 841 60 3022 20.5 15 14 21.5 NA 24 173 1 7 9 20 1 7 9 18 0 0 0 2 0 0 0 0
327 88 83 67 16 37 220 1607 207 832 63 3020 21 14 14 21.5 NA 20 207 0 9 8 20 0 9 8 18 0 0 0 2 0 0 0 0
328 69 84 68 16 39 229 1618 217 828 65 3031 21.5 15 14 21.5 NA 26 217 0 8 10 21 0 8 10 19 0 0 0 2 0 0 0 0
329 77 87 71 16 39 226 1607 217 831 64 3031 21 16 15 25 NA 34 217 0 10 9 20 0 10 9 19 0 0 0 1 0 0 0 0
330 75 88 73 15 40 229 1583 214 826 63 3023 20 16 16 25 NA 36 214 0 10 10 20 0 10 10 19 0 0 0 1 0 0 0 0
331 93 88 73 15 41 221 1580 219 828 63 3014 19.5 16 15 25 NA 16 219 1 8 13 19 1 8 13 18 0 0 0 1 0 0 0 0
332 74 88 73 15 43 216 1579 237 834 63 3018 20.5 16 16 25 NA 24 237 1 7 12 23 1 7 12 22 0 0 0 1 0 0 0 0
333 80 94 79 15 45 213 1593 223 831 65 3010 20.5 16 16 25 NA 21 223 1 8 13 23 1 8 13 22 0 0 0 1 0 0 0 0
334 68 93 78 15 45 210 1575 240 840 67 3006 21 16 16 25 NA 35 240 0 10 12 23 0 10 12 22 0 0 0 1 0 0 0 0
335 76 91 78 13 44 206 1577 204 846 64 3011 21 17 17 25 NA 29 204 0 10 12 22 0 10 12 21 0 0 0 1 0 0 0 0
336 69 91 79 12 42 215 1567 227 831 61 3002 22 17 17 25 NA 25 227 0 10 11 21 0 10 11 20 0 0 0 1 0 0 0 0
337 81 88 77 11 42 214 1558 222 824 59 2994 23 17.5 17 25 NA 24 222 0 8 13 21 0 8 13 20 0 0 0 1 0 0 0 0
338 67 90 78 12 44 210 1564 218 832 61 2998 23.5 17.5 17 25 NA 30 218 1 6 16 21 1 6 16 20 0 0 0 1 0 0 0 0
339 82 90 78 12 45 208 1514 218 836 64 3004 24.5 18 17.5 25 NA 23 218 1 3 20 21 1 3 20 20 0 0 0 1 0 0 0 0
340 70 91 78 13 45 208 1560 202 834 64 2997 25 18 17.5 25 NA 19 202 1 2 20 22 1 2 20 21 0 0 0 1 0 0 0 0
341 71 92 78 14 45 207 1568 233 827 66 2995 25.5 18 18 25 NA 24 233 1 3 20 21 1 3 20 20 0 0 0 1 0 0 0 0
342 75 92 77 15 44 211 1583 206 826 68 2999 26 18.5 18 25 NA 28 206 0 4 18 22 0 4 18 21 0 0 0 1 0 0 0 0
343 92 94 79 15 43 224 1577 229 809 67 2996 23 18 18 NA NA 33 229 1 4 15 23 1 4 15 23 0 0 0 0 0 0 0 0
344 88 92 78 14 39 230 1585 216 803 64 2991 22 17 17 NA NA 28 216 1 4 13 21 1 4 13 21 0 0 0 0 0 0 0 0
345 76 99 83 16 40 239 1584 226 794 70 2990 19 17.5 17.5 NA NA 27 226 0 6 13 21 0 6 13 21 0 0 0 0 0 0 0 0
346 82 95 81 14 37 236 1570 231 796 66 2982 19 18 18 NA NA 20 231 0 5 12 20 0 5 12 20 0 0 0 0 0 0 0 0
347 77 97 83 14 37 245 1549 260 798 67 2980 20 18 18 NA NA 37 260 0 6 11 20 0 6 11 20 0 0 0 0 0 0 0 0
348 77 97 84 13 42 241 1529 235 802 67 2982 19 19 19 19 NA 31 235 0 9 13 20 0 8 13 20 0 1 0 0 0 0 0 0
349 79 95 82 13 46 245 1571 205 800 67 2976 20 19 18.5 19.5 NA 34 205 1 13 11 21 1 11 11 21 0 2 0 0 0 0 0 0
350 78 95 82 13 49 249 1575 231 796 68 2989 21 19 18.5 20 NA 27 231 1 14 9 25 1 12 8 25 0 2 1 0 0 0 0 0
351 66 96 83 13 51 242 1542 247 804 69 2998 22 19 18 20 NA 22 247 3 12 8 28 3 10 7 28 0 2 1 0 0 0 0 0
352 81 99 87 12 52 240 1543 213 815 70 3001 22 19 18 20 NA 31 213 3 13 8 28 3 11 7 28 0 2 1 0 0 0 0 0
353 75 101 89 12 53 244 1569 219 818 72 3001 23 19 18 20 NA 30 219 3 11 11 28 3 11 8 28 0 0 3 0 0 0 0 0
354 89 104 94 10 50 239 1556 212 818 70 2990 21 18.5 18 22.5 NA 24 212 3 9 12 26 3 9 10 26 0 0 2 0 0 0 0 0
355 91 106 96 10 51 244 1531 207 816 74 2970 22 19 18 22 NA 30 207 1 12 12 26 1 11 9 26 0 1 3 0 0 0 0 0
356 71 102 92 10 51 252 1516 226 804 73 2977 23 19 19 22 NA 30 226 1 11 13 26 1 10 10 26 0 1 3 0 0 0 0 0
357 75 104 92 12 51 248 1513 209 804 76 2976 24 19 19 24 NA 24 209 1 7 19 24 1 6 15 24 0 1 4 0 0 0 0 0
358 55 104 93 11 51 248 1504 235 821 74 2988 22.5 19 19 22 24 28 235 1 7 17 26 1 6 13 26 0 1 3 0 0 0 1 0
359 84 103 92 11 50 250 1514 215 814 73 2973 21 19 18.5 20 24 36 215 0 10 18 22 0 8 14 22 0 2 3 0 0 0 1 0
360 90 103 88 15 48 246 1544 209 815 72 2964 21 19 18.5 20 24 22 209 0 10 18 20 0 8 14 20 0 2 3 0 0 0 1 0
