1 61 0 0 0 0 1 172 0 0 0 0 NA NA NA NA
2 68 2 2 0 0 1 366 0 0 0 0 0 NA NA NA
3 71 7 5 2 0 2 515 0 0 0 0 0 NA NA NA
4 76 10 7 3 0 2 660 0 0 0 0 1 NA NA NA
5 52 12 9 3 0 9 775 0 0 0 0 2 NA NA NA
6 65 14 11 3 0 13 868 0 0 0 0 2.5 NA NA NA
7 63 15 12 3 0 18 953 0 0 0 0 3 NA NA NA
8 65 17 12 5 0 19 1038 0 0 0 0 4 NA NA NA
9 68 19 12 7 0 26 1158 0 0 0 0 5 NA NA NA
10 52 20 13 7 0 28 1255 0 0 0 0 5.5 NA NA NA
11 57 21 14 7 0 36 1319 0 0 0 0 6 NA NA NA
12 63 22 16 6 0 46 1384 0 0 0 0 7 NA NA NA
13 215 23 16 7 0 47 1389 0 0 0 0 7 NA NA NA
14 72 26 17 9 1 48 1438 0 0 2 0 6.5 12 NA 12
15 57 25 16 9 2 50 1494 0 0 5 0 6 11 NA 11
16 64 29 20 9 3 52 1534 0 0 8 0 6 10 NA 10
17 46 32 22 10 4 60 1550 0 0 10 0 6 11 NA 11
18 66 34 24 10 4 64 1579 0 0 12 0 6.5 11 NA 11
19 50 33 23 10 5 70 1614 0 0 12 0 8 10 NA 10
20 55 36 26 10 5 76 1627 0 0 11 0 7.5 10 NA 10
21 68 37 27 10 5 82 1657 0 0 13 0 8 10 NA 10
22 54 40 28 12 5 82 1672 0 0 14 0 8.5 10 NA 10
23 65 45 33 12 7 79 1690 0 0 16 0 7 12 NA 12
24 58 48 35 13 7 81 1711 0 0 18 0 8 12 NA 12
25 162 47 35 12 7 79 1680 0 0 19 0 9 12 NA 12
26 57 49 35 14 8 88 1690 0 0 21 0 10 13 NA 13
27 60 52 37 15 8 96 1692 0 0 21 0 10 13 NA 13
28 71 54 38 16 8 90 1708 0 0 25 0 10.5 13 NA 13
29 68 54 38 16 8 97 1703 0 0 27 0 11.5 13 NA 13
30 61 52 38 14 9 94 1724 0 0 29 0 13 14 NA 14
31 50 50 36 14 10 101 1738 0 0 29 0 14 14 NA 14
32 68 54 38 16 11 100 1752 0 0 32 0 14 14 NA 14
33 48 54 38 16 11 106 1761 0 0 32 0 14.5 14 NA 14
34 55 56 40 16 12 105 1759 0 0 33 0 14.5 15.5 NA 15.5
35 59 59 40 19 13 109 1766 0 0 37 0 15 17 NA 17
36 68 62 44 18 14 112 1767 0 0 38 0 13.5 16.5 NA 16.5
37 182 65 48 17 14 116 1725 0 0 38 0 14 16.5 NA 16.5
38 74 65 48 17 16 121 1718 0 0 38 0 15 17 NA 17
39 69 67 48 19 15 124 1736 0 0 40 0 15 17 NA 17
40 53 68 49 19 16 124 1785 0 0 43 0 16 17 NA 17
41 64 67 49 18 19 123 1788 0 0 43 0 17 17 NA 17
42 67 70 49 21 21 126 1779 0 0 43 0 18 17 NA 17
43 76 70 49 21 21 126 1755 0 0 42 0 18 16 NA 16
44 67 71 50 21 23 123 1761 0 0 44 0 18 17 NA 17
45 61 71 50 21 23 130 1769 0 0 45 0 19 17 NA 17
46 60 69 49 20 23 131 1773 0 0 45 0 20 17 NA 17
47 63 71 52 19 24 130 1759 0 0 47 0 20 18.5 NA 18.5
48 58 72 53 19 25 127 1768 0 0 53 0 21 17 NA 17
49 131 72 53 19 25 131 1723 0 0 55 0 21.5 17 NA 17
50 75 72 53 19 24 130 1717 0 0 54 0 22 16.5 NA 16.5
51 61 72 52 20 23 132 1760 0 0 53 0 21 17 NA 17
52 69 71 51 20 23 135 1746 0 0 52 0 24 17 NA 17
53 53 72 52 20 24 137 1771 0 0 54 0 23 18.5 NA 18.5
54 70 74 53 21 25 136 1772 0 0 56 0 22 17 NA 17
55 72 72 51 21 28 132 1766 0 0 57 0 23 20 NA 20
56 63 73 51 22 29 130 1805 0 0 57 0 24 20 NA 20
57 80 73 51 22 28 128 1810 0 0 54 0 22 21 NA 21
58 55 73 52 21 28 127 1806 0 0 52 0 22 21 NA 21
59 72 76 52 24 29 127 1765 0 0 54 0 23 22 NA 22
60 79 73 51 22 26 125 1762 0 0 52 0 24 23.5 NA 23.5
61 127 71 50 21 23 132 1743 0 0 51 0 24 20 NA 20
62 84 76 54 22 25 134 1735 0 0 52 0 23 20 NA 20
63 75 76 53 23 28 130 1745 0 0 53 0 23.5 21 NA 21
64 62 75 54 21 25 128 1754 0 0 50 0 23 20 NA 20
65 73 77 56 21 25 127 1755 0 0 50 0 22 20 NA 20
66 65 77 56 21 26 126 1757 0 0 51 0 23 20 NA 20
67 61 79 59 20 25 128 1757 0 0 49 0 19 20 NA 20
68 75 80 61 19 25 121 1768 0 0 50 0 19 22 NA 22
69 67 81 61 20 24 121 1785 0 0 52 0 19 23.5 NA 23.5
70 79 84 62 22 24 124 1781 0 0 52 0 19 23.5 NA 23.5
71 57 87 65 22 24 125 1779 0 0 54 0 17 26 NA 26
72 70 88 66 22 24 123 1792 0 0 55 0 18 26 NA 26
73 107 87 66 21 22 121 1795 0 0 53 0 17 26 NA 26
74 104 85 64 21 22 122 1783 0 0 56 0 17 26 NA 26
75 66 84 64 20 22 128 1800 0 0 56 0 18.5 26 NA 26
76 59 81 61 20 22 124 1817 0 0 55 0 19 27 NA 27
77 68 85 66 19 23 123 1819 0 0 57 0 18 27 NA 27
78 71 84 65 19 24 125 1815 0 0 56 0 18.5 27 NA 27
79 70 86 65 21 24 123 1823 0 0 58 0 18.5 27 NA 27
80 58 89 69 20 23 123 1813 0 0 59 0 18 27 NA 27
81 66 91 70 21 25 124 1791 0 0 60 0 19 24 NA 24
82 61 95 74 21 26 121 1775 0 0 64 0 20 23 NA 23
83 59 99 77 22 28 121 1765 0 0 67 0 19 23 NA 23
84 67 102 80 22 30 127 1779 0 0 68 0 19 24 NA 24
85 119 98 76 22 28 123 1757 0 0 66 0 19.5 25 NA 25
86 70 99 77 22 29 123 1778 0 0 65 0 20 25 NA 25
87 76 100 77 23 26 124 1786 0 0 63 0 19 24.5 NA 24.5
88 58 100 77 23 26 123 1776 0 0 63 0 18.5 24.5 NA 24.5
89 79 101 79 22 29 120 1799 0 0 68 0 19 24 NA 24
90 60 103 81 22 31 119 1807 0 0 70 0 20 25 NA 25
91 79 103 83 20 33 121 1807 0 0 70 0 20 25 NA 25
92 63 108 87 21 35 120 1809 0 0 75 0 20.5 24 NA 24
93 64 109 89 20 35 125 1786 0 0 76 0 21 24 NA 24
94 77 110 89 21 35 125 1795 0 0 80 0 21.5 24 NA 24
95 78 109 88 21 35 129 1784 0 0 82 0 22 24 NA 24
96 65 111 91 20 38 131 1783 0 0 84 0 20 24 NA 24
97 93 112 93 19 35 132 1784 0 0 79 0 20 22 NA 22
98 83 108 91 17 34 126 1781 0 0 75 0 20.5 21.5 NA 21.5
99 77 115 98 17 34 127 1787 0 0 74 0 19 21.5 NA 21.5
100 59 115 99 16 37 128 1786 0 0 75 0 19 21 NA 21
101 69 122 102 20 37 129 1794 0 0 76 0 19 21 NA 21
102 72 120 100 20 34 126 1808 0 0 76 0 19 21.5 NA 21.5
103 68 123 103 20 35 131 1763 0 0 77 0 20 22 NA 22
104 78 123 103 20 38 137 1763 0 0 80 0 21 24 NA 24
105 78 126 106 20 38 132 1774 0 0 81 0 21 24 NA 24
106 88 129 106 23 39 129 1797 0 0 80 0 18 24 NA 24
107 76 130 107 23 43 129 1798 0 0 81 0 18.5 24 NA 24
108 60 131 108 23 43 131 1797 0 0 84 0 19 24 NA 24
109 99 129 108 21 44 129 1787 0 0 90 0 20 24 NA 24
110 82 126 105 21 42 129 1792 0 0 87 0 20 24 NA 24
111 71 128 106 22 42 128 1789 0 0 94 0 20.5 24 NA 24
112 69 129 106 23 43 128 1772 0 0 95 0 21 24 NA 24
113 78 128 106 22 44 120 1776 0 0 100 0 21.5 24 NA 24
114 79 128 106 22 45 122 1786 0 0 98 0 22 24 NA 24
115 66 131 108 23 44 126 1781 0 0 98 0 22 24 NA 24
116 70 128 104 24 43 125 1802 0 0 94 0 22 24 NA 24
117 71 127 102 25 39 124 1805 0 0 92 0 20 21 NA 21
118 77 128 103 25 40 122 1809 0 0 96 0 21 24 NA 24
119 70 126 102 24 41 116 1837 0 0 94 0 22 24 NA 24
120 73 127 102 25 42 119 1835 0 0 96 0 23 24 NA 24
121 102 131 102 29 45 119 1795 0 0 94 0 22 24 NA 24
122 85 131 100 31 43 113 1795 0 0 93 0 23 24 NA 24
123 73 131 99 32 43 116 1779 0 0 96 0 24 24 NA 24
124 54 131 97 34 45 113 1807 0 0 97 0 25 24 NA 24
125 62 131 97 34 44 116 1828 0 0 97 0 26 24 NA 24
126 67 130 97 33 43 115 1831 0 0 97 0 26 24 NA 24
127 87 130 95 35 43 120 1847 0 0 95 0 26 24 NA 24
128 68 133 99 34 43 117 1840 0 0 94 0 27 24 NA 24
129 71 133 99 34 42 118 1835 0 0 99 0 26 24 NA 24
130 71 133 100 33 41 120 1845 0 0 96 0 24 20 NA 20
131 84 132 100 32 43 121 1816 0 0 93 0 24 24 NA 24
132 78 134 102 32 41 126 1826 0 0 92 0 23 24 NA 24
133 85 133 100 33 42 117 1815 0 0 96 0 22 24 NA 24
134 63 132 99 33 44 121 1818 0 0 99 0 23.5 24 NA 24
135 61 135 101 34 44 130 1822 0 0 99 0 24 24 NA 24
136 71 134 99 35 41 131 1835 0 0 97 0 24 24 NA 24
137 72 133 98 35 44 125 1830 0 0 96 0 24 24.5 NA 24.5
138 82 131 96 35 44 118 1820 0 0 97 0 25 24.5 NA 24.5
139 75 130 95 35 41 116 1806 0 0 96 0 23.5 24 NA 24
140 67 133 96 37 40 112 1817 0 0 99 0 23 24.5 NA 24.5
141 69 133 95 38 41 112 1811 0 0 99 0 24 24 NA 24
142 80 135 97 38 42 118 1823 0 0 104 0 25 24.5 NA 24.5
143 62 135 98 37 41 115 1821 0 0 106 0 25 25 NA 25
144 66 133 96 37 41 116 1826 0 0 107 0 26 25 NA 25
145 86 131 96 35 40 116 1837 0 0 105 0 25 24.5 NA 24.5
146 69 136 100 36 43 117 1828 0 0 106 0 25 25 NA 25
147 79 132 99 33 44 107 1843 0 0 104 0 26 24.5 NA 24.5
148 70 133 100 33 48 111 1837 0 0 105 0 27 25.5 NA 25.5
149 77 134 101 33 48 116 1838 0 0 106 0 27.5 26 NA 26
150 71 135 100 35 49 112 1849 0 0 102 0 26 26 NA 26
151 79 136 102 34 50 113 1834 0 0 104 0 25 25.5 NA 25.5
152 74 132 98 34 46 117 1824 0 0 102 0 25 26.5 NA 26.5
153 76 130 96 34 47 112 1810 0 0 101 0 26 27 NA 27
154 71 131 95 36 47 115 1811 0 0 101 0 26 27 NA 27
155 65 130 94 36 49 119 1820 0 0 101 0 27 27 NA 27
156 75 127 91 36 48 120 1824 0 0 98 0 28 27 NA 27
157 76 126 92 34 48 115 1811 0 0 97 0 27 27 NA 27
158 79 124 90 34 49 113 1815 0 0 98 0 28 27 NA 27
159 72 125 90 35 51 110 1817 0 0 99 0 29 27 NA 27
160 64 123 89 34 53 111 1801 0 0 99 0 30 26 NA 26
161 75 122 89 33 53 115 1809 0 0 98 0 29.5 26 NA 26
162 64 119 87 32 52 118 1800 0 0 98 0 30 25.5 NA 25.5
163 91 117 86 31 49 126 1777 0 0 98 0 29 26 NA 26
164 78 117 85 32 51 126 1770 0 0 99 0 30 27 NA 27
165 72 118 83 35 53 127 1781 0 0 96 0 29.5 27 NA 27
166 90 118 83 35 53 125 1765 0 0 96 0 29.5 26 NA 26
167 54 119 86 33 56 126 1777 0 0 95 0 30 26.5 NA 26.5
168 67 116 83 33 54 128 1763 0 0 91 0 29 26 NA 26
169 100 114 81 33 53 128 1748 0 0 92 0 30 27 NA 27
170 83 115 82 33 55 123 1759 0 0 92 0 30 27 NA 27
171 76 116 85 31 55 120 1743 0 0 92 0 31 27 NA 27
172 91 119 87 32 53 124 1749 0 0 89 0 29 27 NA 27
173 70 118 86 32 53 118 1748 0 0 90 0 30 27 NA 27
174 74 116 84 32 53 118 1755 0 0 88 0 30.5 27 NA 27
175 81 115 83 32 56 111 1750 0 0 87 0 30 27 NA 27
176 75 114 85 29 54 120 1745 0 0 85 0 30 27 NA 27
177 67 112 82 30 53 114 1748 0 0 85 0 29 27 NA 27
178 81 113 84 29 53 116 1716 0 0 86 0 29 27 NA 27
179 52 114 84 30 54 114 1714 0 0 89 0 29.5 27 NA 27
180 85 115 85 30 55 109 1712 0 0 88 0 30 27 NA 27
181 90 115 85 30 56 103 1702 0 0 87 0 31 27 NA 27
182 79 111 81 30 53 99 1714 0 0 84 0 31 27 NA 27
183 66 110 81 29 54 98 1718 0 0 86 0 31.5 27 NA 27
184 80 107 79 28 51 101 1752 0 0 86 0 32 27 NA 27
185 75 110 80 30 52 104 1733 0 0 87 0 32 26.5 NA 26.5
186 71 113 82 31 52 109 1733 0 0 87 0 31 26.5 NA 26.5
187 70 113 82 31 52 115 1750 0 0 88 0 30 27 NA 27
188 78 110 80 30 53 111 1760 0 0 88 0 31 27 NA 27
189 80 106 76 30 52 110 1789 0 0 84 0 31.5 27 NA 27
190 76 104 74 30 50 110 1807 0 0 83 0 29 26.5 NA 26.5
191 74 100 70 30 49 110 1810 0 0 80 0 30 26 NA 26
192 64 101 71 30 49 109 1817 0 0 81 0 29 26 NA 26
193 94 98 71 27 48 108 1829 0 0 80 0 28.5 25.5 NA 25.5
194 66 100 73 27 49 120 1844 0 0 81 0 29 25 NA 25
195 83 98 74 24 47 117 1846 0 0 78 0 29.5 26 NA 26
196 78 99 75 24 48 118 1846 0 0 80 0 30 26 NA 26
197 78 95 72 23 45 119 1820 0 0 77 0 31 27 NA 27
198 71 97 75 22 44 119 1817 0 0 77 0 30 26.5 NA 26.5
199 76 99 77 22 46 111 1834 0 0 78 0 30 26.5 NA 26.5
200 83 96 74 22 43 108 1870 0 0 74 0 30.5 27 NA 27
201 74 95 74 21 42 109 1867 0 0 71 0 29 27 NA 27
202 87 96 75 21 41 107 1849 0 0 72 0 30 27 NA 27
203 68 98 76 22 42 111 1847 0 0 71 0 28.5 27 NA 27
204 72 97 74 23 44 110 1855 0 0 74 0 30 27 NA 27
205 101 96 72 24 41 113 1848 0 0 71 0 29 27 NA 27
206 88 97 73 24 41 124 1811 0 0 72 0 29 27 NA 27
207 64 100 75 25 41 120 1854 0 0 73 0 27 26 NA 26
208 75 99 75 24 40 118 1837 0 0 73 0 27 26 NA 26
209 82 96 74 22 38 117 1822 0 0 70 0 26.5 26 NA 26
210 67 98 76 22 37 120 1836 0 0 72 0 25.5 26 NA 26
211 71 100 78 22 39 118 1834 0 0 72 0 25 26 NA 26
212 87 102 80 22 38 121 1812 0 0 72 0 24 26 NA 26
213 67 103 79 24 39 123 1805 0 0 74 0 23 26 NA 26
214 73 107 84 23 39 124 1789 0 0 73 0 22 26 NA 26
215 85 111 89 22 38 119 1778 0 0 73 0 21 26 NA 26
216 86 110 90 20 39 115 1767 0 0 72 0 21 26 NA 26
217 88 110 89 21 36 113 1773 0 0 72 0 19.5 26 NA 26
218 80 109 89 20 35 107 1773 0 0 70 0 20 26 NA 26
219 96 108 89 19 35 108 1786 0 0 70 0 19.5 25 NA 25
220 68 106 87 19 33 108 1805 0 0 69 0 19.5 24 NA 24
221 76 111 91 20 34 105 1794 0 0 70 0 18 24 NA 24
222 75 112 92 20 36 104 1793 0 0 71 0 18.5 25.5 NA 25.5
223 91 114 94 20 35 105 1788 0 0 71 0 18.5 26 NA 26
224 87 114 94 20 36 106 1787 0 0 71 0 18.5 26 NA 26
225 71 110 91 19 35 109 1791 0 0 70 0 19.5 26 NA 26
226 88 114 95 19 35 104 1802 0 0 74 0 19 26 NA 26
227 66 117 97 20 34 109 1803 0 0 81 0 19 25.5 NA 25.5
228 73 119 100 19 36 106 1810 0 0 83 0 20 25 NA 25
229 63 114 96 18 31 111 1785 0 0 81 0 19 25 NA 25
230 84 116 98 18 30 108 1782 0 0 80 0 18.5 25 NA 25
231 78 116 98 18 30 109 1808 0 0 82 0 18.5 25 NA 25
232 73 115 97 18 30 115 1804 0 0 82 0 18 24 NA 24
233 77 116 97 19 31 121 1805 0 0 83 0 19 24 NA 24
234 89 113 94 19 31 121 1822 0 0 82 0 20 23 NA 23
235 76 117 98 19 31 122 1827 0 0 84 0 20 24 NA 24
236 91 117 97 20 31 125 1806 0 0 80 0 21 23 NA 23
237 86 117 98 19 34 121 1811 0 0 78 0 22 23.5 NA 23.5
238 80 118 99 19 34 120 1822 0 0 81 0 21.5 23 NA 23
239 68 119 98 21 35 125 1815 0 0 83 0 22 23 NA 23
240 71 119 98 21 37 121 1823 0 0 85 0 22 23 NA 23
241 83 121 98 23 37 120 1814 0 0 84 0 23 23 NA 23
242 88 122 99 23 38 122 1796 0 0 89 0 23 23.5 NA 23.5
243 84 127 105 22 37 128 1788 0 0 90 0 23 24 NA 24
244 86 124 103 21 37 127 1802 0 0 89 0 23.5 25 NA 25
245 62 125 104 21 38 124 1793 0 0 90 0 24 24.5 NA 24.5
246 90 131 108 23 41 119 1795 0 0 90 0 20 24 NA 24
247 64 130 107 23 40 125 1776 0 0 93 0 21 23.5 NA 23.5
248 88 130 106 24 41 117 1769 0 0 97 0 22 23 NA 23
249 68 128 104 24 40 118 1767 0 0 97 0 23 23.5 NA 23.5
250 73 128 103 25 40 124 1786 0 0 97 0 23.5 23.5 NA 23.5
251 85 127 103 24 39 128 1800 0 0 96 0 24 23 NA 23
252 75 125 101 24 40 129 1786 0 0 93 0 24 23.5 NA 23.5
253 83 124 99 25 38 130 1786 0 0 91 0 23 24 NA 24
254 58 123 98 25 39 132 1808 0 0 91 0 24 24 NA 24
255 75 117 92 25 41 135 1816 0 0 94 0 25 24 NA 24
256 72 115 90 25 41 138 1812 0 0 91 0 26 24 NA 24
257 73 112 88 24 39 135 1794 0 0 90 0 26.5 25 NA 25
258 82 110 85 25 40 128 1810 0 0 93 0 25.5 24 NA 24
259 75 107 83 24 41 129 1823 0 0 89 0 26 24 NA 24
260 77 110 86 24 42 124 1845 0 0 90 0 25.5 24 NA 24
261 88 110 87 23 42 121 1854 0 0 87 0 25 24.5 NA 24.5
262 81 107 86 21 42 115 1824 0 0 86 0 26 25 NA 25
263 77 109 88 21 41 112 1828 0 0 88 0 26 25 NA 25
264 80 108 88 20 42 112 1813 0 0 89 0 26.5 25 NA 25
265 68 114 93 21 41 113 1837 0 0 89 0 26 25 NA 25
266 74 110 90 20 43 107 1828 0 0 88 0 27 25 NA 25
267 75 111 91 20 43 107 1847 0 0 86 0 27 26 NA 26
268 90 110 89 21 43 105 1848 0 0 83 0 26 26 NA 26
269 63 110 89 21 42 108 1850 0 0 81 0 26 25.5 NA 25.5
270 82 111 85 26 41 109 1873 0 0 79 0 27 25 NA 25
271 72 112 86 26 42 113 1874 0 0 77 0 25.5 24.5 NA 24.5
272 72 114 88 26 42 120 1883 0 0 78 0 26 24.5 NA 24.5
273 97 114 89 25 42 114 1877 0 0 77 0 27 24 NA 24
274 84 112 86 26 40 111 1849 0 0 77 0 27 24 NA 24
275 73 112 87 25 41 106 1834 0 0 78 0 26 24 NA 24
276 80 111 85 26 42 105 1833 0 0 76 0 26 25 NA 25
277 83 110 85 25 42 95 1821 0 0 80 0 26.5 25 NA 25
278 87 107 82 25 39 94 1832 0 0 77 0 27 25 NA 25
279 84 105 81 24 36 100 1831 0 0 76 0 28 25 NA 25
280 67 108 81 27 34 102 1844 0 0 77 0 26.5 25 NA 25
281 70 105 79 26 34 105 1857 0 0 79 0 28 25 NA 25
282 70 103 77 26 34 109 1845 0 0 80 0 24 24.5 NA 24.5
283 80 105 80 25 33 114 1836 0 0 80 0 22 25 NA 25
284 81 107 82 25 34 110 1829 0 0 82 0 23 25 NA 25
285 64 107 82 25 35 120 1843 0 0 83 0 23 25 NA 25
286 77 106 81 25 33 114 1847 0 0 80 0 23 25 NA 25
287 80 109 82 27 36 117 1810 0 0 81 0 22 25 NA 25
288 81 107 81 26 39 111 1838 0 0 78 0 23 25 NA 25
289 76 105 80 25 37 117 1826 0 0 74 0 21 25 NA 25
290 72 101 76 25 34 119 1841 0 0 70 0 21 25 NA 25
291 82 100 75 25 34 123 1829 0 0 69 0 22 25.5 NA 25.5
292 99 98 75 23 34 122 1844 0 0 70 0 22.5 25.5 NA 25.5
293 88 103 80 23 34 123 1842 0 0 70 0 23 25.5 NA 25.5
294 66 103 80 23 34 129 1856 0 0 72 0 24 25.5 NA 25.5
295 68 101 78 23 33 127 1830 0 0 74 0 25 25 NA 25
296 75 100 75 25 33 124 1792 0 0 75 0 25.5 25 NA 25
297 85 101 77 24 35 123 1784 0 0 76 0 25 25 NA 25
298 79 105 80 25 36 130 1778 0 0 77 0 25 25.5 NA 25.5
299 68 106 80 26 37 130 1807 0 0 79 0 24 25 NA 25
300 79 103 78 25 37 135 1800 0 0 79 0 24 25 NA 25
301 96 101 76 25 36 133 1824 0 0 78 0 22 26.5 NA 26.5
302 76 101 77 24 36 132 1834 0 0 75 0 22 25.5 NA 25.5
303 71 105 81 24 37 134 1824 0 0 76 0 23 25 NA 25
304 85 104 80 24 37 133 1836 0 0 77 0 23 25 NA 25
305 74 108 84 24 36 128 1842 0 0 81 0 22 25.5 NA 25.5
306 65 107 83 24 35 132 1838 0 0 79 0 23 25 NA 25
307 77 103 81 22 33 140 1834 0 0 74 0 23 26 NA 26
308 60 104 82 22 33 139 1842 0 0 76 0 24 26 NA 26
309 68 104 82 22 34 138 1835 0 0 78 0 25 26 NA 26
310 70 104 81 23 34 139 1830 0 0 79 0 25.5 26 NA 26
311 74 106 80 26 37 133 1858 0 0 81 0 26 26 NA 26
312 77 104 78 26 39 131 1872 0 0 82 0 27.5 27 NA 27
313 74 109 82 27 41 133 1866 0 0 83 0 26 26 NA 26
314 73 112 84 28 44 131 1845 0 0 85 0 26.5 26.5 NA 26.5
315 67 113 85 28 46 125 1855 0 0 85 0 27 26 NA 26
316 86 114 86 28 43 128 1855 0 0 81 0 24.5 27 NA 27
317 86 116 88 28 44 124 1845 0 0 83 0 24.5 27 NA 27
318 86 122 94 28 43 120 1852 0 0 80 0 22 27 NA 27
319 73 122 94 28 44 119 1860 0 0 78 0 22.5 26.5 NA 26.5
320 64 130 99 31 45 124 1869 0 0 78 0 21 26 NA 26
321 76 130 99 31 44 135 1862 0 0 79 0 21.5 26 NA 26
322 75 129 98 31 43 136 1870 0 0 80 0 22 26 NA 26
323 78 124 94 30 43 129 1874 0 0 79 0 22 26 NA 26
324 69 122 94 28 40 134 1861 0 0 76 0 22 26 NA 26
325 77 122 95 27 40 137 1868 0 0 80 0 23 26 NA 26
326 83 119 92 27 39 131 1882 0 0 80 0 23 26 NA 26
327 82 115 87 28 36 122 1869 0 0 77 0 19 25.5 NA 25.5
328 85 111 83 28 33 128 1879 0 0 77 0 19 25 NA 25
329 79 110 83 27 35 123 1896 0 0 78 0 20 25 NA 25
330 62 109 83 26 37 119 1906 0 0 87 0 21 25 NA 25
331 83 106 80 26 39 123 1877 0 0 87 0 22.5 25 NA 25
332 71 110 84 26 38 128 1868 0 0 91 0 21.5 25 NA 25
333 77 110 84 26 41 133 1856 0 0 92 0 22.5 24 NA 24
334 63 107 83 24 37 137 1861 0 0 87 0 23 24 NA 24
335 69 107 85 22 39 134 1873 0 0 87 0 22 24 NA 24
336 87 107 86 21 38 136 1849 0 0 85 0 23 24.5 NA 24.5
337 78 106 86 20 36 135 1868 0 0 84 0 23.5 24 NA 24
338 90 110 92 18 35 139 1835 0 0 84 0 24 24 NA 24
339 81 109 91 18 34 137 1827 0 0 81 0 23 24 NA 24
340 89 106 88 18 33 134 1817 0 0 77 0 23.5 24 NA 24
341 88 105 85 20 35 135 1814 0 0 75 0 23 24 NA 24
342 77 105 85 20 33 136 1815 0 0 73 0 24 24 NA 24
343 90 103 83 20 33 133 1826 0 0 72 0 25 24 NA 24
344 85 104 84 20 33 134 1786 0 0 74 0 25 24 NA 24
345 80 104 84 20 34 131 1780 0 0 74 0 26 24 NA 24
346 62 106 87 19 31 137 1798 0 0 71 0 25 24 NA 24
347 70 108 86 22 34 134 1802 0 0 73 0 25 24 NA 24
348 62 108 85 23 35 137 1788 0 0 72 0 23 24 NA 24
349 71 107 82 25 35 143 1775 0 0 71 0 23 24 NA 24
350 71 106 81 25 37 140 1784 0 0 75 0 23.5 24 NA 24
351 66 106 82 24 36 137 1792 0 0 77 0 23.5 23 NA 23
352 72 105 81 24 36 141 1787 0 0 76 0 21 22 NA 22
353 80 106 84 22 34 137 1810 0 0 75 0 21 21.5 NA 21.5
354 80 105 82 23 33 144 1825 0 0 76 0 21 21 NA 21
355 68 105 81 24 34 150 1853 0 0 77 0 22 21.5 NA 21.5
356 89 103 79 24 34 147 1851 0 0 76 0 21 21.5 NA 21.5
357 86 103 79 24 36 141 1849 0 0 72 0 21 21.5 NA 21.5
358 71 104 80 24 37 137 1842 0 0 77 0 21.5 22 NA 22
359 70 100 78 22 39 135 1816 0 0 73 0 21 22 NA 22
360 85 96 74 22 37 129 1821 0 0 70 0 22 22 NA 22
