1 57 5 4 1 0 1 208 7 0 0 0 0 NA NA NA NA 1 7 0 0 0 0 0 0 0 0 0 0 0 0 0 0 0 0 3
2 65 10 6 4 0 3 383 17 0 0 0 0.5 NA NA NA NA 2 17 0 0 0 0 0 0 0 0 0 0 0 0 0 0 0 0 3
3 57 11 6 5 0 5 526 30 1 0 0 1 NA NA NA NA 3 30 0 0 0 0 0 0 0 0 0 0 0 0 0 0 0 0 0
4 50 13 8 5 0 5 681 25 1 0 0 2 NA NA NA NA 0 25 0 0 0 0 0 0 0 0 0 0 0 0 0 0 0 0 2
5 47 15 10 5 0 11 832 36 1 0 0 3 NA NA NA NA 6 36 0 0 0 0 0 0 0 0 0 0 0 0 0 0 0 0 0
6 64 17 12 5 0 11 964 40 1 0 0 4 NA NA NA NA 1 40 0 0 0 0 0 0 0 0 0 0 0 0 0 0 0 0 1
7 61 20 15 5 0 17 1053 57 1 0 0 4.5 NA NA NA NA 6 57 0 0 0 0 0 0 0 0 0 0 0 0 0 0 0 0 1
8 59 23 17 6 1 22 1131 50 2 0 0 4 7 NA 7 NA 6 50 1 0 0 0 0 0 0 0 1 0 0 0 0 0 0 0 1
9 62 25 17 8 1 30 1204 55 5 0 0 5 7 NA 7 NA 11 55 1 0 0 0 0 0 0 0 1 0 0 0 0 0 0 0 1
10 64 29 21 8 1 39 1259 77 5 0 0 4 7 NA 7 NA 9 77 1 0 0 0 0 0 0 0 1 0 0 0 0 0 0 0 2
11 43 30 22 8 1 43 1343 53 8 0 0 5 7 NA 7 NA 7 53 1 0 0 0 0 0 0 0 1 0 0 0 0 0 0 0 2
12 71 32 23 9 1 44 1398 70 9 0 0 5.5 7 NA 7 NA 3 70 1 0 0 0 0 0 0 0 1 0 0 0 0 0 0 0 2
13 213 33 24 9 1 44 1393 61 11 4 0 6 7 NA 7 NA 6 61 0 1 0 0 0 0 0 0 0 1 0 0 0 0 0 0 1
14 47 33 24 9 2 55 1433 76 12 9 0 7 9.5 NA 9.5 NA 12 76 0 2 0 0 0 0 0 0 0 2 0 0 0 0 0 0 0
15 64 36 25 11 2 61 1473 71 13 10 0 7.5 9.5 NA 9.5 NA 8 71 0 2 0 0 0 0 0 0 0 2 0 0 0 0 0 0 3
16 48 38 27 11 2 67 1537 65 13 12 0 8 9.5 NA 9.5 NA 6 65 0 2 0 0 0 0 0 0 0 2 0 0 0 0 0 0 1
17 66 37 26 11 2 73 1599 70 17 13 0 9 9.5 NA 9.5 NA 11 70 0 2 0 0 0 0 0 0 0 2 0 0 0 0 0 0 0
18 60 39 26 13 2 87 1603 91 22 15 0 10 9.5 NA 9.5 NA 19 91 0 2 0 0 0 0 0 0 0 2 0 0 0 0 0 0 0
19 58 42 29 13 2 95 1622 83 24 18 0 10.5 9.5 NA 9.5 NA 11 83 0 2 0 0 0 0 0 0 0 2 0 0 0 0 0 0 2
20 69 45 31 14 3 108 1631 90 31 21 0 11 12 NA 12 NA 22 90 0 3 0 0 0 0 0 0 0 3 0 0 0 0 0 0 3
21 68 46 30 16 3 114 1661 67 33 23 0 11.5 12 NA 12 NA 13 67 0 3 0 0 0 0 0 0 0 3 0 0 0 0 0 0 2
22 69 51 35 16 4 114 1657 77 42 26 0 12 13.5 NA 13.5 NA 10 77 0 4 0 0 0 0 0 0 0 4 0 0 0 0 0 0 4
23 62 52 35 17 3 114 1670 81 50 26 0 11.5 15 NA 15 NA 10 81 0 3 0 0 0 0 0 0 0 3 0 0 0 0 0 0 2
24 69 53 36 17 3 113 1683 68 57 27 0 12 15 NA 15 NA 8 68 0 3 0 0 0 0 0 0 0 3 0 0 0 0 0 0 0
25 178 55 38 17 4 112 1668 80 62 29 0 12 17 NA 17 NA 10 80 0 3 1 0 0 0 0 0 0 3 1 0 0 0 0 0 2
26 65 54 38 16 5 122 1678 84 68 28 0 13 19 NA 19 NA 18 84 0 3 2 0 0 0 0 0 0 3 2 0 0 0 0 0 0
27 75 56 40 16 9 118 1700 80 76 31 0 13 20 NA 20 NA 5 80 0 5 4 0 0 0 0 0 0 5 4 0 0 0 0 0 0
28 50 58 42 16 11 116 1693 95 85 32 0 13 20 NA 20 NA 9 95 0 6 5 0 0 0 0 0 0 6 5 0 0 0 0 0 1
29 80 60 44 16 11 115 1677 79 88 31 0 13.5 20 NA 20 NA 8 79 0 5 6 0 0 0 0 0 0 5 6 0 0 0 0 0 0
30 63 59 43 16 11 119 1669 81 91 32 0 14 20 NA 20 NA 10 81 1 4 6 0 0 0 0 0 1 4 6 0 0 0 0 0 0
31 70 56 41 15 12 119 1651 85 95 32 0 14 20 NA 20 NA 11 85 1 3 8 0 0 0 0 0 1 3 8 0 0 0 0 0 1
32 57 58 43 15 13 119 1655 77 101 35 0 14 20 NA 20 NA 7 77 0 3 10 0 0 0 0 0 0 3 10 0 0 0 0 0 2
33 64 58 44 14 12 123 1653 79 106 37 0 14.5 20 NA 20 NA 14 79 0 3 9 0 0 0 0 0 0 3 9 0 0 0 0 0 1
34 48 59 46 13 14 131 1676 73 109 39 0 15 19.5 NA 19.5 NA 14 73 0 4 10 0 0 0 0 0 0 4 10 0 0 0 0 0 2
35 62 59 46 13 14 136 1702 78 112 41 0 16 19.5 NA 19.5 NA 9 78 0 4 10 0 0 0 0 0 0 4 10 0 0 0 0 0 1
36 64 59 45 14 14 140 1718 75 114 41 0 17 19.5 NA 19.5 NA 10 75 0 4 10 0 0 0 0 0 0 4 10 0 0 0 0 0 2
37 171 58 44 14 13 132 1680 86 118 43 0 17.5 19 NA 19 NA 9 86 0 4 7 2 0 0 0 0 0 4 7 2 0 0 0 0 0
38 58 59 46 13 16 123 1697 79 129 42 0 18 19 NA 19 NA 6 79 0 5 6 5 0 0 0 0 0 5 6 5 0 0 0 0 1
39 61 59 46 13 16 129 1707 86 136 44 0 19 19 NA 19 NA 14 86 0 4 7 5 0 0 0 0 0 4 7 5 0 0 0 0 1
40 75 60 47 13 19 134 1709 77 142 45 0 20 20 NA 20 NA 12 77 0 5 8 6 0 0 0 0 0 5 8 6 0 0 0 0 1
41 62 62 48 14 19 138 1707 81 146 46 0 20 19 NA 19 NA 11 81 0 6 8 5 0 0 0 0 0 6 8 5 0 0 0 0 2
42 63 65 51 14 19 142 1726 79 150 44 0 20 19 NA 19 NA 10 79 0 5 8 6 0 0 0 0 0 5 8 6 0 0 0 0 3
43 74 65 51 14 21 142 1732 87 156 43 0 20 20 NA 20 NA 10 87 0 4 10 7 0 0 0 0 0 4 10 7 0 0 0 0 1
44 66 70 57 13 22 142 1734 82 162 44 0 19 19.5 NA 19.5 NA 9 82 0 4 8 10 0 0 0 0 0 4 8 10 0 0 0 0 2
45 71 70 57 13 20 143 1748 82 169 43 0 19 19.5 NA 19.5 NA 11 82 0 3 8 9 0 0 0 0 0 3 8 9 0 0 0 0 1
46 69 71 58 13 22 138 1755 80 177 44 0 19 20.5 NA 20.5 NA 6 80 0 2 9 11 0 0 0 0 0 2 9 11 0 0 0 0 1
47 67 67 54 13 22 137 1767 90 182 41 0 20 20.5 NA 20.5 NA 8 90 0 2 10 10 0 0 0 0 0 2 10 10 0 0 0 0 2
48 74 64 51 13 23 138 1789 91 186 42 0 21 21 NA 21 NA 10 91 0 2 12 9 0 0 0 0 0 2 12 9 0 0 0 0 0
49 145 71 59 12 23 136 1736 89 180 42 0 17 21 NA 21 NA 10 89 1 1 12 9 0 0 0 0 1 1 12 9 0 0 0 0 3
50 62 75 58 17 22 129 1739 98 188 42 0 16 20.5 NA 20.5 NA 4 98 1 1 11 9 0 0 0 0 1 1 11 9 0 0 0 0 2
51 64 75 58 17 23 125 1762 75 192 40 0 14 21 NA 21 NA 8 75 0 3 9 11 0 0 0 0 0 3 9 11 0 0 0 0 2
52 69 71 57 14 21 127 1755 80 194 35 0 11 20 NA 20 NA 10 80 0 2 10 9 0 0 0 0 0 2 10 9 0 0 0 0 0
53 55 69 56 13 19 130 1782 80 198 35 0 12 21 NA 21 NA 13 80 0 2 10 7 0 0 0 0 0 2 10 7 0 0 0 0 0
54 79 67 54 13 18 133 1774 86 197 36 0 12 21.5 NA 21.5 NA 10 86 0 2 8 8 0 0 0 0 0 2 8 8 0 0 0 0 1
55 67 65 54 11 16 136 1771 90 201 34 0 13 20 NA 20 NA 11 90 0 2 7 7 0 0 0 0 0 2 7 7 0 0 0 0 0
56 71 68 57 11 16 139 1774 93 205 40 0 13 20 NA 20 NA 8 93 0 1 7 8 0 0 0 0 0 1 7 8 0 0 0 0 1
57 72 70 57 13 15 136 1758 95 210 39 0 13 21 NA 21 NA 8 95 0 1 6 8 0 0 0 0 0 1 6 8 0 0 0 0 3
58 62 68 55 13 16 131 1776 80 218 39 0 14 22 NA 22 NA 8 80 0 1 5 10 0 0 0 0 0 1 5 10 0 0 0 0 0
59 58 69 56 13 15 127 1777 82 225 39 0 15 21 NA 21 NA 7 82 0 1 4 10 0 0 0 0 0 1 4 10 0 0 0 0 0
60 74 68 56 12 15 133 1782 80 230 39 0 16 21 NA 21 NA 11 80 0 1 4 10 0 0 0 0 0 1 4 10 0 0 0 0 2
61 130 66 54 12 13 134 1765 85 234 42 0 15.5 21 NA 21 NA 10 85 0 1 3 9 0 0 0 0 0 1 3 9 0 0 0 0 0
62 80 68 56 12 13 132 1767 80 238 43 0 13 21 NA 21 NA 13 80 0 1 3 9 0 0 0 0 0 1 3 9 0 0 0 0 1
63 58 70 56 14 13 142 1778 93 240 45 0 14 21 NA 21 NA 18 93 0 0 4 9 0 0 0 0 0 0 4 9 0 0 0 0 1
64 77 71 57 14 12 151 1750 89 242 44 0 15 22 NA 22 NA 15 89 0 0 3 9 0 0 0 0 0 0 3 9 0 0 0 0 1
65 66 70 57 13 11 154 1743 88 245 41 0 15 21 NA 21 NA 10 88 0 0 3 8 0 0 0 0 0 0 3 8 0 0 0 0 2
66 64 74 60 14 11 162 1748 88 248 44 0 16 21 NA 21 NA 17 88 0 0 3 8 0 0 0 0 0 0 3 8 0 0 0 0 3
67 58 74 60 14 13 161 1785 69 249 45 0 17 23 NA 23 NA 6 69 0 2 3 8 0 0 0 0 0 2 3 8 0 0 0 0 0
68 74 75 60 15 12 155 1777 81 257 46 0 17 23 NA 23 NA 12 81 0 0 3 9 0 0 0 0 0 0 3 9 0 0 0 0 1
69 63 74 59 15 11 160 1778 84 252 48 0 18 23 NA 23 NA 8 84 0 0 3 8 0 0 0 0 0 0 3 8 0 0 0 0 0
70 58 74 59 15 15 162 1794 79 256 48 0 18.5 23 NA 23 NA 13 79 0 2 5 8 0 0 0 0 0 2 5 8 0 0 0 0 1
71 83 74 59 15 16 165 1798 82 262 50 0 19.5 22.5 NA 22.5 NA 11 82 0 3 5 8 0 0 0 0 0 3 5 8 0 0 0 0 0
72 61 78 62 16 17 165 1803 77 263 52 0 18 22 NA 22 NA 8 77 1 3 5 8 0 0 0 0 1 3 5 8 0 0 0 0 3
73 112 76 59 17 20 157 1783 82 264 51 0 18.5 23 NA 23 NA 7 82 1 3 8 8 0 0 0 0 1 3 8 8 0 0 0 0 1
74 79 76 61 15 19 159 1793 78 267 53 0 18 23 NA 23 NA 12 78 1 3 9 6 0 0 0 0 1 3 9 6 0 0 0 0 3
75 53 75 60 15 18 162 1826 72 270 55 0 19 23 NA 23 NA 11 72 0 2 9 7 0 0 0 0 0 2 9 7 0 0 0 0 0
76 65 76 61 15 18 163 1813 77 275 59 0 20 23 NA 23 NA 12 77 0 2 9 7 0 0 0 0 0 2 9 7 0 0 0 0 1
77 57 77 61 16 20 162 1840 82 282 57 0 21 23 NA 23 NA 8 82 0 2 11 7 0 0 0 0 0 2 11 7 0 0 0 0 4
78 70 75 59 16 20 158 1828 75 285 57 0 21 23 NA 23 NA 7 75 0 2 11 7 0 0 0 0 0 2 11 7 0 0 0 0 0
79 57 76 59 17 21 164 1817 90 283 57 0 22 23 NA 23 NA 13 90 0 3 11 7 0 0 0 0 0 3 11 7 0 0 0 0 0
80 73 78 61 17 21 169 1797 85 287 60 0 23 23 NA 23 NA 17 85 0 3 7 11 0 0 0 0 0 3 7 11 0 0 0 0 1
81 83 79 62 17 22 175 1771 82 289 60 0 24 23 NA 23 NA 16 82 0 4 7 11 0 0 0 0 0 4 7 11 0 0 0 0 1
82 82 82 62 20 22 166 1788 67 297 59 0 22.5 23 NA 23 NA 5 67 0 4 7 11 0 0 0 0 0 4 7 11 0 0 0 0 2
83 84 82 62 20 21 164 1762 94 290 54 0 21 23 NA 23 NA 10 94 0 5 7 9 0 0 0 0 0 5 7 9 0 0 0 0 4
84 76 81 62 19 20 167 1779 84 285 56 0 22 23 NA 23 NA 8 84 0 5 7 8 0 0 0 0 0 5 7 8 0 0 0 0 1
85 91 80 61 19 21 164 1786 77 289 56 0 22.5 23 NA 23 NA 10 77 0 5 5 11 0 0 0 0 0 5 5 11 0 0 0 0 1
86 76 79 60 19 21 166 1765 103 291 56 0 23 23 NA 23 NA 10 103 0 3 6 12 0 0 0 0 0 3 6 12 0 0 0 0 0
87 63 76 59 17 20 163 1780 81 298 53 0 23 23 NA 23 NA 8 81 0 2 5 13 0 0 0 0 0 2 5 13 0 0 0 0 0
88 59 75 59 16 21 162 1791 85 305 53 0 24 23 NA 23 NA 11 85 0 2 6 13 0 0 0 0 0 2 6 13 0 0 0 0 0
89 85 79 63 16 23 157 1785 76 311 56 0 23 25 NA 25 NA 7 76 0 2 7 14 0 0 0 0 0 2 7 14 0 0 0 0 4
90 64 78 63 15 23 161 1810 82 313 55 0 23 25 NA 25 NA 10 82 0 2 6 15 0 0 0 0 0 2 6 15 0 0 0 0 0
91 72 81 65 16 26 162 1816 84 317 56 0 23 26.5 NA 26.5 NA 8 84 0 2 9 15 0 0 0 0 0 2 9 15 0 0 0 0 2
92 94 82 66 16 26 149 1806 77 317 56 0 20 25.5 NA 25.5 NA 8 77 0 2 10 14 0 0 0 0 0 2 10 14 0 0 0 0 3
93 80 83 69 14 25 146 1832 85 316 55 0 20 26 NA 26 NA 6 85 0 2 9 14 0 0 0 0 0 2 9 14 0 0 0 0 3
94 70 84 69 15 25 145 1843 73 315 57 0 20.5 25 NA 25 NA 6 73 0 3 8 14 0 0 0 0 0 3 8 14 0 0 0 0 1
95 71 84 70 14 25 147 1828 95 318 60 0 21 26 NA 26 NA 11 95 0 3 7 15 0 0 0 0 0 3 7 15 0 0 0 0 0
96 69 82 68 14 23 139 1802 89 322 60 0 22 27 NA 27 NA 6 89 0 2 7 14 0 0 0 0 0 2 7 14 0 0 0 0 0
97 107 81 68 13 21 142 1780 81 320 59 0 23 27 NA 27 NA 12 81 0 2 4 15 0 0 0 0 0 2 4 15 0 0 0 0 0
98 98 82 69 13 21 146 1775 84 317 60 0 21 27 NA 27 NA 11 84 0 1 5 15 0 0 0 0 0 1 5 15 0 0 0 0 2
99 73 84 70 14 24 149 1794 82 323 60 0 22 26 NA 26 NA 16 82 0 3 4 17 0 0 0 0 0 3 4 17 0 0 0 0 1
100 67 84 70 14 23 147 1806 78 328 58 0 22 27 NA 27 NA 10 78 0 3 2 18 0 0 0 0 0 3 2 18 0 0 0 0 2
101 68 85 71 14 23 149 1794 90 322 63 0 22 27 NA 27 NA 10 90 0 3 2 18 0 0 0 0 0 3 2 18 0 0 0 0 1
102 75 84 68 16 24 155 1815 70 322 60 0 22 27 NA 27 NA 13 70 0 3 4 17 0 0 0 0 0 3 4 17 0 0 0 0 2
103 65 85 69 16 24 152 1825 68 323 61 0 22 26 NA 26 NA 8 68 0 4 4 16 0 0 0 0 0 4 4 16 0 0 0 0 1
104 75 88 72 16 27 157 1807 87 325 63 0 21.5 25 NA 25 NA 20 87 1 5 3 18 0 0 0 0 1 5 3 18 0 0 0 0 4
105 74 89 73 16 30 161 1803 78 331 67 0 22 24 NA 24 NA 12 78 0 8 3 19 0 0 0 0 0 8 3 19 0 0 0 0 1
106 70 89 73 16 30 165 1803 85 330 68 0 23 24 NA 24 NA 8 85 0 6 4 20 0 0 0 0 0 6 4 20 0 0 0 0 0
107 68 91 75 16 31 166 1806 81 332 68 0 24 23 NA 23 NA 11 81 0 4 7 20 0 0 0 0 0 4 7 20 0 0 0 0 2
108 69 89 72 17 32 165 1805 97 341 66 0 25 24 NA 24 NA 14 97 0 4 7 21 0 0 0 0 0 4 7 21 0 0 0 0 1
109 79 91 73 18 32 166 1820 66 338 65 0 23 24 NA 24 NA 10 66 0 4 8 20 0 0 0 0 0 4 8 20 0 0 0 0 2
110 80 91 73 18 30 164 1826 85 336 63 0 21 24 NA 24 NA 8 85 0 3 6 21 0 0 0 0 0 3 6 21 0 0 0 0 2
111 73 89 71 18 32 173 1832 94 337 63 0 22 26.5 NA 26.5 NA 21 94 0 3 7 22 0 0 0 0 0 3 7 22 0 0 0 0 1
112 74 87 70 17 33 175 1819 79 339 61 0 23 25 NA 25 NA 11 79 0 4 7 22 0 0 0 0 0 4 7 22 0 0 0 0 1
113 78 83 68 15 31 177 1798 97 340 58 0 24 23 NA 23 NA 14 97 0 4 6 21 0 0 0 0 0 4 6 21 0 0 0 0 0
114 79 82 67 15 32 179 1810 78 341 58 0 23 22.5 NA 22.5 NA 13 78 0 5 6 21 0 0 0 0 0 5 6 21 0 0 0 0 1
115 67 83 66 17 32 175 1817 81 342 58 0 23 22.5 NA 22.5 NA 7 81 0 4 8 20 0 0 0 0 0 4 8 20 0 0 0 0 1
116 72 81 64 17 30 172 1811 82 347 57 0 24 23.5 NA 23.5 NA 8 82 0 2 10 18 0 0 0 0 0 2 10 18 0 0 0 0 2
117 61 85 68 17 30 172 1825 74 350 59 0 24 24 NA 24 NA 16 74 0 0 12 18 0 0 0 0 0 0 12 18 0 0 0 0 1
118 79 82 66 16 29 173 1817 81 353 58 0 25 24 NA 24 NA 12 81 0 0 10 19 0 0 0 0 0 0 10 19 0 0 0 0 0
119 80 83 68 15 29 170 1825 74 357 58 0 22 24 NA 24 NA 10 74 0 0 7 22 0 0 0 0 0 0 7 22 0 0 0 0 2
120 60 85 69 16 28 179 1815 91 352 58 0 20 23.5 NA 23.5 NA 13 91 0 0 7 21 0 0 0 0 0 0 7 21 0 0 0 0 2
121 99 86 69 17 28 179 1802 89 343 58 0 18.5 23.5 NA 23.5 NA 11 89 0 1 7 20 0 0 0 0 0 1 7 20 0 0 0 0 2
122 81 85 68 17 29 174 1805 77 350 60 0 19 24 NA 24 NA 8 77 0 1 6 22 0 0 0 0 0 1 6 22 0 0 0 0 1
123 74 83 65 18 29 166 1814 73 350 58 0 19 26 NA 26 NA 5 73 0 1 7 21 0 0 0 0 0 1 7 21 0 0 0 0 1
124 72 82 66 16 28 161 1835 68 352 55 0 19.5 25 NA 25 NA 11 68 0 2 6 20 0 0 0 0 0 2 6 20 0 0 0 0 2
125 61 81 65 16 27 157 1841 79 354 54 0 20 24 NA 24 NA 7 79 0 2 4 21 0 0 0 0 0 2 4 21 0 0 0 0 0
126 84 85 69 16 25 157 1842 80 355 53 0 20 24 NA 24 NA 12 80 0 2 4 19 0 0 0 0 0 2 4 19 0 0 0 0 2
127 65 87 70 17 25 161 1836 91 355 54 0 20 23 NA 23 NA 11 91 0 2 5 18 0 0 0 0 0 2 5 18 0 0 0 0 3
128 79 84 70 14 24 163 1842 70 357 53 0 19 25 NA 25 NA 11 70 0 2 4 18 0 0 0 0 0 2 4 18 0 0 0 0 2
129 61 85 71 14 24 165 1846 66 354 58 0 20 25 NA 25 NA 6 66 0 2 3 19 0 0 0 0 0 2 3 19 0 0 0 0 0
130 57 86 72 14 25 166 1853 86 355 58 0 20.5 24 NA 24 NA 11 86 0 1 5 19 0 0 0 0 0 1 5 19 0 0 0 0 0
131 74 86 72 14 23 175 1851 83 348 60 0 21 26 NA 26 NA 12 83 0 0 6 17 0 0 0 0 0 0 6 17 0 0 0 0 1
132 69 88 74 14 23 180 1848 92 347 63 0 21.5 26 NA 26 NA 13 92 0 0 6 17 0 0 0 0 0 0 6 17 0 0 0 0 1
133 80 88 74 14 22 171 1845 82 353 62 0 18 26 NA 26 NA 5 82 1 0 5 16 0 0 0 0 1 0 5 16 0 0 0 0 1
134 85 94 79 15 21 168 1868 99 350 61 0 17.5 26 NA 26 NA 10 99 0 1 5 15 0 0 0 0 0 1 5 15 0 0 0 0 6
135 83 98 82 16 22 163 1851 77 351 62 0 18 24.5 NA 24.5 NA 9 77 0 2 5 15 0 0 0 0 0 2 5 15 0 0 0 0 2
136 80 99 83 16 21 170 1851 93 348 62 0 19 26 NA 26 NA 13 93 0 1 5 15 0 0 0 0 0 1 5 15 0 0 0 0 3
137 69 99 83 16 22 173 1843 97 352 60 0 18 26 NA 26 NA 14 97 0 1 6 15 0 0 0 0 0 1 6 15 0 0 0 0 1
138 84 101 84 17 21 175 1856 76 352 64 0 18 26 NA 26 NA 10 76 0 1 5 15 0 0 0 0 0 1 5 15 0 0 0 0 2
139 68 102 85 17 22 171 1862 73 360 67 0 19 27 NA 27 NA 12 73 0 1 5 16 0 0 0 0 0 1 5 16 0 0 0 0 1
140 74 106 88 18 24 173 1854 79 363 66 0 18 26 NA 26 NA 17 79 0 2 6 16 0 0 0 0 0 2 6 16 0 0 0 0 5
141 84 111 89 22 24 178 1859 69 363 66 0 15 26 NA 26 NA 14 69 0 1 6 17 0 0 0 0 0 1 6 17 0 0 0 0 1
142 70 112 90 22 25 173 1844 96 371 66 0 16 26 NA 26 NA 10 96 0 2 5 18 0 0 0 0 0 2 5 18 0 0 0 0 2
143 67 112 90 22 25 177 1842 91 376 68 0 17 26 NA 26 NA 16 91 0 1 5 19 0 0 0 0 0 1 5 19 0 0 0 0 1
144 67 114 92 22 26 168 1879 60 385 69 0 18 25.5 NA 25.5 NA 7 60 0 2 6 18 0 0 0 0 0 2 6 18 0 0 0 0 3
145 92 113 92 21 25 170 1886 81 373 67 0 18 25 NA 25 NA 9 81 0 1 7 17 0 0 0 0 0 1 7 17 0 0 0 0 2
146 76 111 91 20 26 160 1880 81 381 72 0 19 25.5 NA 25.5 NA 8 81 0 2 7 17 0 0 0 0 0 2 7 17 0 0 0 0 1
147 84 115 94 21 28 166 1852 87 377 74 0 17 24.5 NA 24.5 NA 15 87 1 4 6 17 0 0 0 0 1 4 6 17 0 0 0 0 2
148 80 116 94 22 28 175 1840 94 377 77 0 17 24.5 NA 24.5 NA 19 94 0 5 7 16 0 0 0 0 0 5 7 16 0 0 0 0 2
149 67 116 91 25 29 172 1852 70 384 74 0 15.5 24 NA 24 NA 12 70 1 5 7 16 0 0 0 0 1 5 7 16 0 0 0 0 2
150 64 117 92 25 30 171 1859 79 383 77 0 16 23.5 NA 23.5 NA 7 79 1 5 7 17 0 0 0 0 1 5 7 17 0 0 0 0 2
151 83 119 94 25 30 177 1869 85 380 78 0 17 24.5 NA 24.5 NA 16 85 1 5 7 17 0 0 0 0 1 5 7 17 0 0 0 0 4
152 74 117 92 25 32 178 1862 93 386 84 0 18 24.5 NA 24.5 NA 12 93 1 6 6 19 0 0 0 0 1 6 6 19 0 0 0 0 1
153 68 118 94 24 35 180 1845 107 392 88 0 19 23 NA 23 NA 10 107 2 7 6 20 0 0 0 0 2 7 6 20 0 0 0 0 1
154 60 117 93 24 36 176 1848 81 396 88 0 20 23.5 NA 23.5 NA 9 81 2 7 7 20 0 0 0 0 2 7 7 20 0 0 0 0 0
155 65 118 93 25 35 174 1853 83 397 87 0 20.5 24 NA 24 NA 12 83 2 6 6 21 0 0 0 0 2 6 6 21 0 0 0 0 2
156 82 119 94 25 36 183 1834 89 401 90 0 21 24 NA 24 NA 18 89 1 6 8 21 0 0 0 0 1 6 8 21 0 0 0 0 1
157 95 120 94 26 35 182 1829 82 395 89 0 21.5 24 NA 24 NA 9 82 1 6 6 22 0 0 0 0 1 6 6 22 0 0 0 0 4
158 78 122 92 30 37 185 1821 89 396 88 0 22 23 NA 23 NA 13 89 1 6 8 22 0 0 0 0 1 6 8 22 0 0 0 0 3
159 66 123 93 30 39 179 1817 89 402 93 0 23 24 NA 24 NA 9 89 0 7 9 23 0 0 0 0 0 7 9 23 0 0 0 0 1
160 68 125 95 30 40 178 1813 73 403 94 0 24 24 NA 24 NA 10 73 0 4 13 23 0 0 0 0 0 4 13 23 0 0 0 0 1
161 85 126 96 30 42 169 1809 73 405 98 0 23.5 23.5 NA 23.5 NA 6 73 0 6 13 23 0 0 0 0 0 6 13 23 0 0 0 0 2
162 78 122 92 30 39 176 1813 78 396 95 0 24 24 NA 24 NA 14 78 0 6 10 23 0 0 0 0 0 6 10 23 0 0 0 0 1
163 78 125 95 30 39 179 1798 87 402 97 0 24 24 NA 24 NA 15 87 0 4 10 25 0 0 0 0 0 4 10 25 0 0 0 0 1
164 72 124 94 30 37 186 1773 91 391 95 0 24 24 NA 24 NA 14 91 0 3 12 22 0 0 0 0 0 3 12 22 0 0 0 0 0
165 64 125 95 30 37 187 1783 72 392 95 0 25 24 NA 24 NA 9 72 0 2 13 22 0 0 0 0 0 2 13 22 0 0 0 0 2
166 71 128 99 29 38 175 1774 87 400 94 0 26 24.5 NA 24.5 NA 6 87 0 2 14 22 0 0 0 0 0 2 14 22 0 0 0 0 4
167 77 130 102 28 40 173 1776 90 402 95 0 27 24.5 NA 24.5 NA 12 90 0 3 14 23 0 0 0 0 0 3 14 23 0 0 0 0 2
168 55 127 99 28 42 171 1786 81 405 95 0 28 24 NA 24 NA 12 81 0 3 15 24 0 0 0 0 0 3 15 24 0 0 0 0 0
169 91 128 100 28 46 167 1779 82 404 96 0 28 24.5 NA 24.5 NA 10 82 0 3 18 25 0 0 0 0 0 3 18 25 0 0 0 0 3
170 83 129 103 26 43 172 1787 86 397 94 0 26 24 NA 24 NA 11 86 0 3 15 25 0 0 0 0 0 3 15 25 0 0 0 0 2
171 71 130 103 27 43 172 1777 99 398 92 0 24 24 NA 24 NA 11 99 1 1 14 27 0 0 0 0 1 1 14 27 0 0 0 0 3
172 66 130 104 26 42 167 1778 78 399 91 0 25 24 NA 24 NA 6 78 1 1 13 27 0 0 0 0 1 1 13 27 0 0 0 0 2
173 74 130 103 27 44 165 1787 89 405 91 0 25.5 24.5 NA 24.5 NA 12 89 1 2 13 28 0 0 0 0 1 2 13 28 0 0 0 0 3
174 72 129 100 29 44 170 1817 87 402 91 0 25 25 NA 25 NA 11 87 1 2 14 27 0 0 0 0 1 2 14 27 0 0 0 0 0
175 83 128 100 28 42 174 1814 81 396 91 0 26 25 NA 25 NA 12 81 1 1 13 27 0 0 0 0 1 1 13 27 0 0 0 0 2
176 69 124 99 25 39 177 1813 85 391 87 0 25 25 NA 25 NA 10 85 1 1 10 27 0 0 0 0 1 1 10 27 0 0 0 0 1
177 70 120 97 23 43 170 1817 78 400 84 0 24 28 NA 28 NA 10 78 0 2 9 32 0 0 0 0 0 2 9 32 0 0 0 0 1
178 84 121 102 19 39 176 1827 83 394 84 0 21 28 NA 28 NA 14 83 0 2 9 28 0 0 0 0 0 2 9 28 0 0 0 0 3
179 71 120 100 20 39 175 1844 80 396 85 0 21 28 NA 28 NA 10 80 0 3 9 27 0 0 0 0 0 3 9 27 0 0 0 0 2
180 61 123 103 20 41 178 1849 82 399 85 0 22 27 NA 27 NA 9 82 0 5 7 29 0 0 0 0 0 5 7 29 0 0 0 0 1
181 82 123 103 20 43 173 1838 90 402 84 0 22 28 NA 28 NA 11 90 0 6 6 31 0 0 0 0 0 6 6 31 0 0 0 0 2
182 97 127 106 21 41 176 1801 84 398 87 0 19 27 NA 27 NA 16 84 0 5 8 28 0 0 0 0 0 5 8 28 0 0 0 0 3
183 78 128 108 20 41 176 1795 100 401 90 0 20 27 NA 27 NA 10 100 0 5 6 30 0 0 0 0 0 5 6 30 0 0 0 0 1
184 76 126 105 21 43 178 1783 85 397 90 0 20.5 28 NA 28 NA 10 85 0 5 9 29 0 0 0 0 0 5 9 29 0 0 0 0 3
185 65 126 105 21 43 187 1788 92 395 89 0 20.5 26 NA 26 NA 16 92 1 4 8 30 0 0 0 0 1 4 8 30 0 0 0 0 1
186 92 124 103 21 45 181 1753 86 396 89 0 20.5 25 NA 25 NA 9 86 2 7 7 29 0 0 0 0 2 7 7 29 0 0 0 0 1
187 68 122 102 20 45 181 1738 97 400 89 0 21 25 NA 25 NA 13 97 2 7 8 28 0 0 0 0 2 7 8 28 0 0 0 0 0
188 71 120 100 20 46 186 1726 90 399 89 0 22 24.5 NA 24.5 NA 16 90 2 8 7 29 0 0 0 0 2 8 7 29 0 0 0 0 1
189 81 120 101 19 46 171 1748 78 403 87 0 22.5 24.5 NA 24.5 NA 4 78 2 7 9 28 0 0 0 0 2 7 9 28 0 0 0 0 3
190 74 121 101 20 46 168 1762 79 403 90 0 23 24.5 NA 24.5 NA 12 79 2 6 11 27 0 0 0 0 2 6 11 27 0 0 0 0 2
191 97 120 100 20 47 179 1745 79 392 89 0 21.5 24 NA 24 NA 16 79 1 7 13 26 0 0 0 0 1 7 13 26 0 0 0 0 3
192 87 118 98 20 45 172 1755 69 395 89 0 22 26 NA 26 NA 6 69 0 7 14 24 0 0 0 0 0 7 14 24 0 0 0 0 0
193 86 115 96 19 46 173 1761 78 395 86 0 23 26 NA 26 NA 15 78 0 8 15 23 0 0 0 0 0 8 15 23 0 0 0 0 2
194 86 114 94 20 47 173 1762 60 397 91 0 24 25 NA 25 NA 11 60 1 7 15 24 0 0 0 0 1 7 15 24 0 0 0 0 1
195 80 114 94 20 49 169 1753 88 392 92 0 25 25 NA 25 NA 8 88 1 7 16 25 0 0 0 0 1 7 16 25 0 0 0 0 0
196 60 114 94 20 51 164 1752 74 396 94 0 26 25 NA 25 NA 5 74 1 7 17 26 0 0 0 0 1 7 17 26 0 0 0 0 1
197 86 115 95 20 51 162 1736 76 397 93 0 27 25 NA 25 NA 10 76 1 5 18 27 0 0 0 0 1 5 18 27 0 0 0 0 1
198 60 114 95 19 52 155 1745 69 404 89 0 27 24.5 NA 24.5 NA 9 69 1 6 18 27 0 0 0 0 1 6 18 27 0 0 0 0 3
199 66 115 97 18 50 159 1757 67 410 87 0 28 24 NA 24 NA 16 67 1 6 15 28 0 0 0 0 1 6 15 28 0 0 0 0 1
200 87 115 96 19 52 158 1748 89 410 87 0 29 24 NA 24 NA 10 89 1 6 17 28 0 0 0 0 1 6 17 28 0 0 0 0 1
201 76 116 98 18 53 156 1723 88 408 89 0 29 24 NA 24 NA 12 88 0 7 17 29 0 0 0 0 0 7 17 29 0 0 0 0 1
202 86 119 100 19 52 153 1730 83 405 89 0 28 24.5 NA 24.5 NA 5 83 0 5 16 31 0 0 0 0 0 5 16 31 0 0 0 0 2
203 79 123 103 20 53 159 1758 67 402 92 0 27 25 NA 25 NA 14 67 0 3 16 34 0 0 0 0 0 3 16 34 0 0 0 0 2
204 72 127 106 21 52 162 1768 78 407 92 0 25 24.5 NA 24.5 NA 11 78 0 3 16 33 0 0 0 0 0 3 16 33 0 0 0 0 1
205 80 125 104 21 52 169 1792 89 396 93 0 26 24 NA 24 NA 14 89 0 4 16 32 0 0 0 0 0 4 16 32 0 0 0 0 0
206 72 124 104 20 55 165 1812 66 396 93 0 27 24 NA 24 NA 11 66 0 4 15 36 0 0 0 0 0 4 15 36 0 0 0 0 0
207 59 125 106 19 55 165 1823 81 401 94 0 27 25 NA 25 NA 9 81 0 2 16 37 0 0 0 0 0 2 16 37 0 0 0 0 1
208 65 123 104 19 57 158 1818 81 408 94 0 28 24 NA 24 NA 6 81 0 5 15 37 0 0 0 0 0 5 15 37 0 0 0 0 0
209 91 112 95 17 53 158 1802 89 406 85 0 28.5 24 NA 24 NA 17 89 0 6 13 34 0 0 0 0 0 6 13 34 0 0 0 0 2
210 75 108 92 16 52 154 1807 91 409 83 0 28 24 NA 24 NA 11 91 0 7 14 31 0 0 0 0 0 7 14 31 0 0 0 0 1
211 78 106 89 17 50 153 1786 87 404 81 0 29 24 NA 24 NA 8 87 0 6 16 28 0 0 0 0 0 6 16 28 0 0 0 0 2
212 71 105 88 17 52 150 1779 81 404 80 0 29 24 NA 24 NA 9 81 0 8 15 29 0 0 0 0 0 8 15 29 0 0 0 0 0
213 78 108 91 17 52 151 1770 82 402 80 0 27 24 NA 24 NA 10 82 0 5 17 30 0 0 0 0 0 5 17 30 0 0 0 0 0
214 74 105 89 16 50 155 1751 88 404 80 0 25 24 NA 24 NA 13 88 0 4 14 32 0 0 0 0 0 4 14 32 0 0 0 0 1
215 82 109 93 16 51 155 1771 77 401 83 0 25 24 NA 24 NA 8 77 0 4 14 33 0 0 0 0 0 4 14 33 0 0 0 0 0
216 83 110 94 16 50 159 1789 67 399 84 0 24.5 24 NA 24 NA 10 67 0 6 11 33 0 0 0 0 0 6 11 33 0 0 0 0 1
217 94 113 92 21 49 159 1766 91 395 80 0 22 24 NA 24 NA 15 91 0 5 13 31 0 0 0 0 0 5 13 31 0 0 0 0 3
218 69 110 90 20 47 163 1778 77 396 77 0 21.5 24 NA 24 NA 12 77 0 5 11 31 0 0 0 0 0 5 11 31 0 0 0 0 1
219 69 113 93 20 51 157 1778 86 404 79 0 22 23 NA 23 NA 14 86 0 7 10 34 0 0 0 0 0 7 10 34 0 0 0 0 2
220 84 114 94 20 50 143 1785 72 413 76 0 21.5 22.5 NA 22.5 NA 6 72 0 7 9 34 0 0 0 0 0 7 9 34 0 0 0 0 3
221 79 118 97 21 51 140 1759 84 415 76 0 21.5 22 NA 22 NA 8 84 0 7 10 34 0 0 0 0 0 7 10 34 0 0 0 0 3
222 72 117 96 21 50 142 1780 69 414 76 0 21 21.5 NA 21.5 NA 13 69 1 7 10 32 0 0 0 0 1 7 10 32 0 0 0 0 1
223 68 116 94 22 50 142 1774 83 413 77 0 21.5 21 NA 21 NA 7 83 1 7 11 31 0 0 0 0 1 7 11 31 0 0 0 0 0
224 72 117 94 23 49 143 1774 82 415 77 0 22 21 NA 21 NA 9 82 1 7 10 31 0 0 0 0 1 7 10 31 0 0 0 0 2
225 67 118 93 25 47 141 1766 78 417 80 0 22 21 NA 21 NA 6 78 1 6 9 31 0 0 0 0 1 6 9 31 0 0 0 0 2
226 80 117 93 24 45 144 1749 92 423 79 0 23 19 NA 19 NA 12 92 1 3 11 30 0 0 0 0 1 3 11 30 0 0 0 0 1
227 64 116 92 24 48 141 1761 90 427 81 0 24 21 NA 21 NA 7 90 1 3 13 31 0 0 0 0 1 3 13 31 0 0 0 0 0
228 74 116 92 24 50 145 1745 70 426 83 0 24.5 20 NA 20 NA 12 70 2 2 16 30 0 0 0 0 2 2 16 30 0 0 0 0 1
229 84 119 95 24 51 136 1759 70 426 85 0 25 21 NA 21 NA 3 70 2 1 16 32 0 0 0 0 2 1 16 32 0 0 0 0 2
230 75 119 95 24 51 136 1766 87 424 85 0 25 21 NA 21 NA 6 87 2 1 15 33 0 0 0 0 2 1 15 33 0 0 0 0 0
231 85 119 95 24 49 135 1778 69 424 84 0 21 21 NA 21 NA 9 69 1 3 14 31 0 0 0 0 1 3 14 31 0 0 0 0 2
232 79 122 97 25 50 129 1783 78 426 88 0 21 21 NA 21 NA 5 78 1 3 15 31 0 0 0 0 1 3 15 31 0 0 0 0 3
233 66 122 96 26 49 142 1817 87 424 90 0 21.5 21 NA 21 NA 20 87 0 4 14 31 0 0 0 0 0 4 14 31 0 0 0 0 1
234 88 124 97 27 49 141 1817 82 423 90 0 21 21 NA 21 NA 7 82 0 5 14 30 0 0 0 0 0 5 14 30 0 0 0 0 2
235 80 125 99 26 49 147 1800 95 418 88 0 20 21 NA 21 NA 11 95 0 6 13 30 0 0 0 0 0 6 13 30 0 0 0 0 4
236 74 122 97 25 45 149 1788 88 415 85 0 20 21 NA 21 NA 12 88 0 5 12 28 0 0 0 0 0 5 12 28 0 0 0 0 2
237 73 120 95 25 46 157 1765 106 417 88 0 21 21 NA 21 NA 17 106 1 5 12 28 0 0 0 0 1 5 12 28 0 0 0 0 0
238 76 119 93 26 46 158 1770 92 416 87 0 22 21 NA 21 NA 13 92 0 6 10 30 0 0 0 0 0 6 10 30 0 0 0 0 2
239 78 119 91 28 45 160 1778 84 416 87 0 22 21 NA 21 NA 13 84 0 6 9 30 0 0 0 0 0 6 9 30 0 0 0 0 3
240 84 119 91 28 45 159 1776 84 412 86 0 23 21 NA 21 NA 9 84 0 6 7 32 0 0 0 0 0 6 7 32 0 0 0 0 2
241 69 116 89 27 45 164 1787 86 414 89 0 23.5 20 NA 20 NA 15 86 0 7 7 31 0 0 0 0 0 7 7 31 0 0 0 0 0
242 75 116 90 26 45 162 1782 72 422 89 0 23.5 21 NA 21 NA 9 72 0 7 8 30 0 0 0 0 0 7 8 30 0 0 0 0 1
243 78 118 92 26 44 167 1785 79 418 90 0 23.5 21 NA 21 NA 8 79 0 6 9 29 0 0 0 0 0 6 9 29 0 0 0 0 4
244 54 117 91 26 43 170 1809 75 419 93 0 24 21 NA 21 NA 12 75 0 5 11 27 0 0 0 0 0 5 11 27 0 0 0 0 1
245 71 118 93 25 43 177 1822 88 408 93 0 25 21 NA 21 NA 11 88 0 2 14 27 0 0 0 0 0 2 14 27 0 0 0 0 1
246 69 117 91 26 46 169 1805 87 410 96 0 26 21 NA 21 NA 8 87 0 4 16 26 0 0 0 0 0 4 16 26 0 0 0 0 0
247 75 117 91 26 48 169 1812 86 412 98 0 27 21.5 NA 21.5 NA 12 86 0 5 15 28 0 0 0 0 0 5 15 28 0 0 0 0 0
248 85 118 92 26 50 166 1806 84 418 98 0 27 21 NA 21 NA 11 84 0 6 15 29 0 0 0 0 0 6 15 29 0 0 0 0 0
249 75 114 88 26 49 162 1794 82 417 95 0 28 21 NA 21 NA 7 82 0 5 14 30 0 0 0 0 0 5 14 30 0 0 0 0 0
250 85 112 86 26 49 156 1789 78 414 95 0 29.5 21 NA 21 NA 7 78 0 4 15 30 0 0 0 0 0 4 15 30 0 0 0 0 0
251 86 115 87 28 49 150 1778 92 414 95 0 30 22 NA 22 NA 9 92 0 4 15 30 0 0 0 0 0 4 15 30 0 0 0 0 4
252 73 115 87 28 50 146 1789 76 414 94 0 29 21.5 NA 21.5 NA 6 76 0 6 14 30 0 0 0 0 0 6 14 30 0 0 0 0 2
253 89 115 88 27 52 141 1790 86 415 93 0 29 21 NA 21 NA 7 86 0 7 12 33 0 0 0 0 0 7 12 33 0 0 0 0 1
254 84 118 91 27 52 144 1788 85 409 94 0 29 21 NA 21 NA 12 85 0 7 12 33 0 0 0 0 0 7 12 33 0 0 0 0 3
255 71 119 93 26 53 148 1772 91 406 95 0 30 21 NA 21 NA 14 91 0 6 14 33 0 0 0 0 0 6 14 33 0 0 0 0 2
256 73 117 92 25 51 152 1763 78 399 92 0 28 21 NA 21 NA 10 78 0 4 15 32 0 0 0 0 0 4 15 32 0 0 0 0 2
257 68 111 86 25 46 152 1775 72 393 87 0 28 22 NA 22 NA 8 72 0 3 12 31 0 0 0 0 0 3 12 31 0 0 0 0 1
258 77 111 85 26 49 151 1763 77 396 86 0 29 22 NA 22 NA 11 77 0 4 13 32 0 0 0 0 0 4 13 32 0 0 0 0 1
259 78 110 84 26 49 155 1771 83 392 84 0 30 22 NA 22 NA 11 83 0 3 15 31 0 0 0 0 0 3 15 31 0 0 0 0 2
260 76 112 86 26 50 155 1782 79 391 87 0 30.5 22 NA 22 NA 8 79 0 3 14 33 0 0 0 0 0 3 14 33 0 0 0 0 0
261 71 114 86 28 51 151 1786 81 388 85 0 29.5 22 NA 22 NA 7 81 1 3 12 35 0 0 0 0 1 3 12 35 0 0 0 0 2
262 69 115 89 26 53 147 1807 73 394 83 0 30 22 NA 22 NA 6 73 1 3 14 35 0 0 0 0 1 3 14 35 0 0 0 0 4
263 72 114 89 25 51 143 1810 84 393 88 0 29.5 22 NA 22 NA 6 84 1 3 13 34 0 0 0 0 1 3 13 34 0 0 0 0 0
264 56 114 89 25 55 147 1831 78 398 89 0 30.5 22 NA 22 NA 14 78 0 5 14 36 0 0 0 0 0 5 14 36 0 0 0 0 0
265 82 110 86 24 55 148 1822 87 394 86 0 31 22 NA 22 NA 8 87 0 6 12 37 0 0 0 0 0 6 12 37 0 0 0 0 0
266 85 108 85 23 52 154 1811 83 388 85 0 32 22 NA 22 NA 13 83 0 6 11 35 0 0 0 0 0 6 11 35 0 0 0 0 1
267 71 111 89 22 51 148 1804 84 389 86 0 31 22 NA 22 NA 9 84 0 5 11 35 0 0 0 0 0 5 11 35 0 0 0 0 1
268 81 110 88 22 50 149 1813 78 386 85 0 29 21 NA 21 NA 7 78 1 4 11 34 0 0 0 0 1 4 11 34 0 0 0 0 2
269 72 108 89 19 48 147 1825 79 387 83 0 29.5 21 NA 21 NA 7 79 1 4 10 33 0 0 0 0 1 4 10 33 0 0 0 0 0
270 75 109 88 21 47 145 1872 70 392 83 0 27 21 NA 21 NA 10 70 0 6 8 33 0 0 0 0 0 6 8 33 0 0 0 0 3
271 94 104 83 21 47 140 1851 81 392 80 0 28 21 NA 21 NA 9 81 0 7 6 34 0 0 0 0 0 7 6 34 0 0 0 0 1
272 74 101 82 19 47 138 1836 108 398 77 0 27 21 NA 21 NA 15 108 0 7 8 32 0 0 0 0 0 7 8 32 0 0 0 0 1
273 67 102 83 19 47 135 1817 93 402 80 0 26.5 21 NA 21 NA 5 93 0 7 8 32 0 0 0 0 0 7 8 32 0 0 0 0 1
274 80 106 87 19 48 137 1827 77 405 82 0 24.5 21 NA 21 NA 13 77 0 7 8 33 0 0 0 0 0 7 8 33 0 0 0 0 4
275 76 106 88 18 48 142 1829 94 405 82 0 24 21 NA 21 NA 14 94 1 5 8 34 0 0 0 0 1 5 8 34 0 0 0 0 2
276 69 105 87 18 46 145 1826 91 404 80 0 25 21 NA 21 NA 9 91 1 4 8 33 0 0 0 0 1 4 8 33 0 0 0 0 2
277 68 105 87 18 45 146 1836 83 402 78 0 26 21 NA 21 NA 7 83 1 3 9 32 0 0 0 0 1 3 9 32 0 0 0 0 1
278 81 102 85 17 43 150 1814 84 394 75 0 26.5 20 NA 20 NA 14 84 1 1 12 29 0 0 0 0 1 1 12 29 0 0 0 0 1
279 72 105 88 17 44 152 1793 90 391 78 0 26 20.5 NA 20.5 NA 10 90 1 1 11 31 0 0 0 0 1 1 11 31 0 0 0 0 0
280 73 104 87 17 42 161 1785 81 384 78 0 25.5 20.5 NA 20.5 NA 14 81 1 2 10 29 0 0 0 0 1 2 10 29 0 0 0 0 2
281 76 101 84 17 39 162 1795 76 384 76 0 26 20 NA 20 NA 13 76 1 2 10 26 0 0 0 0 1 2 10 26 0 0 0 0 1
282 77 101 85 16 39 155 1808 77 387 76 0 25 21 NA 21 NA 7 77 1 2 13 23 0 0 0 0 1 2 13 23 0 0 0 0 2
283 74 103 84 19 39 160 1807 95 385 74 0 25 21 NA 21 NA 10 95 1 2 13 23 0 0 0 0 1 2 13 23 0 0 0 0 2
284 87 107 89 18 38 156 1805 89 379 75 0 24 21 NA 21 NA 6 89 1 1 11 25 0 0 0 0 1 1 11 25 0 0 0 0 3
285 75 104 85 19 39 158 1799 95 382 72 0 24 21 NA 21 NA 17 95 1 2 12 24 0 0 0 0 1 2 12 24 0 0 0 0 2
286 91 102 82 20 38 151 1770 87 389 74 0 24 20.5 NA 20.5 NA 10 87 1 3 12 22 0 0 0 0 1 3 12 22 0 0 0 0 1
287 67 103 83 20 38 142 1776 80 393 73 0 24 20 NA 20 NA 7 80 1 4 10 23 0 0 0 0 1 4 10 23 0 0 0 0 0
288 66 102 83 19 40 138 1766 99 393 74 0 24 20 NA 20 NA 9 99 1 5 9 25 0 0 0 0 1 5 9 25 0 0 0 0 1
289 56 106 84 22 39 137 1782 76 393 74 0 22 20 NA 20 NA 8 76 1 5 8 25 0 0 0 0 1 5 8 25 0 0 0 0 2
290 90 106 84 22 39 141 1760 93 390 74 0 22.5 21 NA 21 NA 13 93 0 6 7 26 0 0 0 0 0 6 7 26 0 0 0 0 1
291 83 104 82 22 38 138 1777 73 386 74 0 23 21 NA 21 NA 6 73 0 5 7 26 0 0 0 0 0 5 7 26 0 0 0 0 2
292 67 103 79 24 37 145 1792 71 382 72 0 24 21 NA 21 NA 10 71 0 4 7 26 0 0 0 0 0 4 7 26 0 0 0 0 2
293 94 105 81 24 38 145 1799 80 384 72 0 25 21 NA 21 NA 11 80 0 5 7 26 0 0 0 0 0 5 7 26 0 0 0 0 3
294 74 105 81 24 37 147 1783 95 384 73 0 24 21 NA 21 NA 16 95 0 4 8 25 0 0 0 0 0 4 8 25 0 0 0 0 2
295 79 105 78 27 35 148 1785 81 376 73 0 22 21 NA 21 NA 9 81 0 4 7 24 0 0 0 0 0 4 7 24 0 0 0 0 1
296 71 105 77 28 35 146 1815 72 371 75 0 22 21 NA 21 NA 8 72 0 3 7 25 0 0 0 0 0 3 7 25 0 0 0 0 1
297 78 105 78 27 36 147 1816 76 373 77 0 23 21 NA 21 NA 11 76 0 4 7 25 0 0 0 0 0 4 7 25 0 0 0 0 1
298 101 110 82 28 37 150 1791 93 372 76 0 21.5 21 NA 21 NA 10 93 1 2 8 26 0 0 0 0 1 2 8 26 0 0 0 0 6
299 67 112 83 29 38 148 1783 92 377 77 0 20 21.5 NA 21.5 NA 13 92 2 2 9 25 0 0 0 0 2 2 9 25 0 0 0 0 3
300 90 111 83 28 39 145 1755 94 377 74 0 21 21 NA 21 NA 10 94 2 4 9 24 0 0 0 0 2 4 9 24 0 0 0 0 0
