1 59 0 0 0 0 0 199 12 0 0 0 NA NA NA NA NA 0 12 0 0 0 0 0 0 0 0 0 0 0 0 0 0 0 0 0
2 56 2 2 0 0 1 387 21 0 0 0 0 NA NA NA NA 1 21 0 0 0 0 0 0 0 0 0 0 0 0 0 0 0 0 0
3 54 2 2 0 0 4 550 24 0 0 0 1 NA NA NA NA 3 24 0 0 0 0 0 0 0 0 0 0 0 0 0 0 0 0 0
4 54 5 5 0 0 6 671 34 0 0 0 0 NA NA NA NA 2 34 0 0 0 0 0 0 0 0 0 0 0 0 0 0 0 0 2
5 49 6 6 0 0 11 771 43 0 0 0 1 NA NA NA NA 5 43 0 0 0 0 0 0 0 0 0 0 0 0 0 0 0 0 1
6 72 6 6 0 0 18 887 34 1 0 0 2 NA NA NA NA 8 34 0 0 0 0 0 0 0 0 0 0 0 0 0 0 0 0 0
7 62 10 10 0 0 23 993 57 2 0 0 2.5 NA NA NA NA 6 57 0 0 0 0 0 0 0 0 0 0 0 0 0 0 0 0 2
8 48 13 12 1 0 27 1090 51 2 0 0 1 NA NA NA NA 5 51 0 0 0 0 0 0 0 0 0 0 0 0 0 0 0 0 2
9 64 17 16 1 0 33 1177 46 2 0 0 2 NA NA NA NA 6 46 0 0 0 0 0 0 0 0 0 0 0 0 0 0 0 0 4
10 59 20 19 1 0 33 1257 50 5 0 0 2.5 NA NA NA NA 3 50 0 0 0 0 0 0 0 0 0 0 0 0 0 0 0 0 2
11 59 20 19 1 0 40 1318 65 7 0 0 3.5 NA NA NA NA 9 65 0 0 0 0 0 0 0 0 0 0 0 0 0 0 0 0 0
12 53 21 20 1 0 52 1372 63 8 0 0 4 NA NA NA NA 13 63 0 0 0 0 0 0 0 0 0 0 0 0 0 0 0 0 1
13 229 25 21 4 1 55 1349 59 11 0 0 5 4 NA 4 NA 9 59 1 0 0 0 0 0 0 0 1 0 0 0 0 0 0 0 1
14 57 28 24 4 1 53 1412 66 16 2 0 5 4 NA 4 NA 5 66 1 0 0 0 0 0 0 0 1 0 0 0 0 0 0 0 3
15 66 29 25 4 1 60 1450 80 19 2 0 6 4 NA 4 NA 11 80 1 0 0 0 0 0 0 0 1 0 0 0 0 0 0 0 2
16 60 30 26 4 1 62 1493 79 27 5 0 7 4 NA 4 NA 12 79 1 0 0 0 0 0 0 0 1 0 0 0 0 0 0 0 1
17 50 35 30 5 1 67 1537 69 27 6 0 7 4 NA 4 NA 6 69 1 0 0 0 0 0 0 0 1 0 0 0 0 0 0 0 3
18 68 38 33 5 1 71 1564 70 31 6 0 8 4 NA 4 NA 9 70 1 0 0 0 0 0 0 0 1 0 0 0 0 0 0 0 2
19 51 42 37 5 1 77 1599 72 32 10 0 6 4 NA 4 NA 8 72 1 0 0 0 0 0 0 0 1 0 0 0 0 0 0 0 5
20 73 43 38 5 2 86 1623 83 36 13 0 7 10 NA 10 NA 14 83 1 1 0 0 0 0 0 0 1 1 0 0 0 0 0 0 1
21 46 44 38 6 2 93 1680 65 36 17 0 8 10 NA 10 NA 8 65 0 2 0 0 0 0 0 0 0 2 0 0 0 0 0 0 1
22 72 46 40 6 2 97 1693 74 41 20 0 8.5 10 NA 10 NA 11 74 0 2 0 0 0 0 0 0 0 2 0 0 0 0 0 0 2
23 62 50 42 8 4 99 1704 90 50 20 0 8.5 10 NA 10 NA 11 90 1 3 0 0 0 0 0 0 1 3 0 0 0 0 0 0 4
24 52 51 43 8 5 110 1701 100 55 20 0 9 14 NA 14 NA 17 100 1 4 0 0 0 0 0 0 1 4 0 0 0 0 0 0 2
25 188 57 44 13 6 106 1686 74 60 22 0 8 12.5 NA 12.5 NA 10 74 2 4 0 0 0 0 0 0 2 4 0 0 0 0 0 0 1
26 63 59 46 13 6 113 1699 84 62 25 0 9 12.5 NA 12.5 NA 10 84 1 4 1 0 0 0 0 0 1 4 1 0 0 0 0 0 2
27 77 60 47 13 7 110 1701 73 68 27 0 10 11 NA 11 NA 6 73 2 4 1 0 0 0 0 0 2 4 1 0 0 0 0 0 1
28 65 64 49 15 7 113 1721 78 71 28 0 10 11 NA 11 NA 10 78 2 3 2 0 0 0 0 0 2 3 2 0 0 0 0 0 3
29 59 67 52 15 7 115 1737 74 72 31 0 11 11 NA 11 NA 9 74 2 3 2 0 0 0 0 0 2 3 2 0 0 0 0 0 3
30 81 65 50 15 7 118 1761 72 76 33 0 12 11 NA 11 NA 8 72 2 3 2 0 0 0 0 0 2 3 2 0 0 0 0 0 0
31 56 67 52 15 9 120 1774 76 85 37 0 12 11 NA 11 NA 14 76 2 5 2 0 0 0 0 0 2 5 2 0 0 0 0 0 0
32 68 66 53 13 9 128 1758 92 88 36 0 13 11 NA 11 NA 14 92 2 5 2 0 0 0 0 0 2 5 2 0 0 0 0 0 2
33 73 69 56 13 11 131 1752 98 92 37 0 14 12 NA 12 NA 13 98 2 6 3 0 0 0 0 0 2 6 3 0 0 0 0 0 2
34 80 71 58 13 13 130 1735 96 96 40 0 14 13 NA 13 NA 8 96 1 7 5 0 0 0 0 0 1 7 5 0 0 0 0 0 0
35 70 77 60 17 15 132 1729 93 104 44 0 13 14 NA 14 NA 10 93 0 9 6 0 0 0 0 0 0 9 6 0 0 0 0 0 2
36 61 78 60 18 16 140 1721 102 108 46 0 14 14 NA 14 NA 14 102 0 9 7 0 0 0 0 0 0 9 7 0 0 0 0 0 1
37 155 79 61 18 20 131 1690 84 118 50 0 15 16.5 NA 16.5 NA 9 84 0 11 9 0 0 0 0 0 0 11 9 0 0 0 0 0 1
38 78 81 63 18 20 132 1680 84 122 51 0 15 16.5 NA 16.5 NA 9 84 0 8 10 2 0 0 0 0 0 8 10 2 0 0 0 0 3
39 64 82 63 19 20 133 1684 76 127 49 0 15 16.5 NA 16.5 NA 10 76 0 8 11 1 0 0 0 0 0 8 11 1 0 0 0 0 2
40 57 84 65 19 21 132 1695 69 129 52 0 15 15 NA 15 NA 12 69 0 9 10 2 0 0 0 0 0 9 10 2 0 0 0 0 3
41 68 85 65 20 23 130 1711 79 133 53 0 16 15 NA 15 NA 7 79 0 11 9 3 0 0 0 0 0 11 9 3 0 0 0 0 2
42 67 84 63 21 22 134 1739 78 132 52 0 17 15.5 NA 15.5 NA 11 78 0 9 10 3 0 0 0 0 0 9 10 3 0 0 0 0 0
43 55 89 65 24 23 133 1764 70 135 54 0 17 16 NA 16 NA 6 70 0 8 11 4 0 0 0 0 0 8 11 4 0 0 0 0 4
44 57 88 64 24 24 135 1773 95 144 56 0 18 16.5 NA 16.5 NA 11 95 0 7 12 5 0 0 0 0 0 7 12 5 0 0 0 0 0
45 85 90 65 25 24 143 1764 90 145 58 0 18 16.5 NA 16.5 NA 12 90 0 6 12 6 0 0 0 0 0 6 12 6 0 0 0 0 2
46 65 91 66 25 26 145 1756 87 150 59 0 18 17 NA 17 NA 13 87 0 7 10 9 0 0 0 0 0 7 10 9 0 0 0 0 1
47 75 89 64 25 26 145 1744 81 154 61 0 19 17 NA 17 NA 8 81 0 6 11 9 0 0 0 0 0 6 11 9 0 0 0 0 1
48 67 89 64 25 28 146 1755 90 159 61 0 20 17.5 NA 17.5 NA 10 90 0 5 13 10 0 0 0 0 0 5 13 10 0 0 0 0 1
49 152 94 69 25 28 133 1725 99 164 64 0 20 17.5 NA 17.5 NA 8 99 1 4 12 11 0 0 0 0 1 4 12 11 0 0 0 0 1
50 68 95 71 24 27 133 1709 93 170 64 0 18 18 NA 18 NA 10 93 1 3 9 14 0 0 0 0 1 3 9 14 0 0 0 0 1
51 72 94 70 24 26 134 1724 78 171 63 0 18.5 19 NA 19 NA 7 78 0 3 9 14 0 0 0 0 0 3 9 14 0 0 0 0 1
52 65 97 73 24 29 129 1705 86 180 64 0 19 22 NA 22 NA 6 86 0 0 13 16 0 0 0 0 0 0 13 16 0 0 0 0 2
53 59 98 73 25 29 138 1708 88 178 66 0 19.5 22 NA 22 NA 12 88 0 0 13 16 0 0 0 0 0 0 13 16 0 0 0 0 2
54 70 100 75 25 31 137 1710 80 185 65 0 19 23 NA 23 NA 11 80 0 0 14 17 0 0 0 0 0 0 14 17 0 0 0 0 4
55 62 101 77 24 31 145 1723 79 191 68 0 18 23 NA 23 NA 16 79 0 0 12 19 0 0 0 0 0 0 12 19 0 0 0 0 1
56 65 103 78 25 33 144 1766 80 197 69 0 19 23 NA 23 NA 11 80 0 2 12 19 0 0 0 0 0 2 12 19 0 0 0 0 1
57 68 102 77 25 31 141 1775 69 201 69 0 20 23 NA 23 NA 4 69 0 1 12 18 0 0 0 0 0 1 12 18 0 0 0 0 1
58 66 104 78 26 31 151 1791 84 202 69 0 20 23 NA 23 NA 17 84 0 1 13 17 0 0 0 0 0 1 13 17 0 0 0 0 1
59 71 109 79 30 30 153 1781 84 206 68 0 19 23 NA 23 NA 14 84 0 1 11 18 0 0 0 0 0 1 11 18 0 0 0 0 4
60 77 108 80 28 31 157 1782 87 208 67 0 19 23 NA 23 NA 12 87 1 1 9 20 0 0 0 0 1 1 9 20 0 0 0 0 1
61 146 109 79 30 32 155 1764 85 210 71 0 19 23 NA 23 NA 13 85 0 3 6 23 0 0 0 0 0 3 6 23 0 0 0 0 3
62 92 104 76 28 31 155 1753 88 212 73 0 19.5 23 NA 23 NA 13 88 0 4 5 22 0 0 0 0 0 4 5 22 0 0 0 0 0
63 78 102 74 28 32 155 1729 92 217 74 0 20.5 23 NA 23 NA 11 92 0 4 7 21 0 0 0 0 0 4 7 21 0 0 0 0 2
64 59 102 74 28 32 153 1728 90 221 74 0 21 22.5 NA 22.5 NA 8 90 0 5 5 22 0 0 0 0 0 5 5 22 0 0 0 0 1
65 90 98 71 27 33 154 1726 77 222 70 0 22 23 NA 23 NA 9 77 0 5 4 24 0 0 0 0 0 5 4 24 0 0 0 0 1
66 72 99 71 28 33 150 1742 73 229 73 0 23 23 NA 23 NA 10 73 0 4 5 24 0 0 0 0 0 4 5 24 0 0 0 0 1
67 61 99 73 26 35 149 1748 85 238 73 0 22 23 NA 23 NA 11 85 0 5 7 23 0 0 0 0 0 5 7 23 0 0 0 0 0
68 55 99 73 26 36 148 1746 74 246 73 0 22 23 NA 23 NA 10 74 0 5 8 23 0 0 0 0 0 5 8 23 0 0 0 0 1
69 70 99 74 25 36 147 1773 74 248 73 0 22 23 NA 23 NA 5 74 0 5 7 24 0 0 0 0 0 5 7 24 0 0 0 0 3
70 69 99 74 25 39 146 1800 85 254 75 0 23 23 NA 23 NA 10 85 0 7 6 26 0 0 0 0 0 7 6 26 0 0 0 0 1
71 70 97 72 25 37 144 1801 77 251 76 0 23 23 NA 23 NA 9 77 0 7 4 26 0 0 0 0 0 7 4 26 0 0 0 0 1
72 60 93 72 21 35 153 1798 81 248 72 0 23 23 NA 23 NA 17 81 0 6 6 23 0 0 0 0 0 6 6 23 0 0 0 0 2
73 113 94 70 24 35 144 1773 78 253 72 0 23.5 23 NA 23 NA 7 78 0 3 9 23 0 0 0 0 0 3 9 23 0 0 0 0 2
74 76 94 69 25 34 148 1780 88 256 71 0 24 25.5 NA 25.5 NA 14 88 0 2 8 24 0 0 0 0 0 2 8 24 0 0 0 0 1
75 68 92 69 23 31 149 1799 65 255 70 0 25 26 NA 26 NA 5 65 0 2 7 22 0 0 0 0 0 2 7 22 0 0 0 0 1
76 87 95 70 25 34 149 1809 79 264 71 0 25 24.5 NA 24.5 NA 14 79 2 2 8 22 0 0 0 0 2 2 8 22 0 0 0 0 3
77 48 97 71 26 35 148 1838 81 271 72 0 25 24 NA 24 NA 9 81 2 3 7 23 0 0 0 0 2 3 7 23 0 0 0 0 2
78 56 98 72 26 36 155 1816 95 271 71 0 25.5 24.5 NA 24.5 NA 13 95 2 3 7 24 0 0 0 0 2 3 7 24 0 0 0 0 2
79 74 98 72 26 37 155 1806 81 277 74 0 26.5 25 NA 25 NA 11 81 2 3 7 25 0 0 0 0 2 3 7 25 0 0 0 0 0
80 65 99 73 26 38 154 1795 81 283 75 0 25 25.5 NA 25.5 NA 12 81 2 2 8 26 0 0 0 0 2 2 8 26 0 0 0 0 3
81 64 97 71 26 39 155 1763 113 291 75 0 26 25 NA 25 NA 15 113 1 3 8 27 0 0 0 0 1 3 8 27 0 0 0 0 0
82 76 98 74 24 39 157 1770 71 292 75 0 27 25 NA 25 NA 11 71 1 3 8 27 0 0 0 0 1 3 8 27 0 0 0 0 2
83 63 97 73 24 39 154 1798 71 296 73 0 27 26 NA 26 NA 9 71 1 2 10 26 0 0 0 0 1 2 10 26 0 0 0 0 0
84 82 95 73 22 40 158 1808 86 296 72 0 28 25.5 NA 25.5 NA 13 86 1 3 10 26 0 0 0 0 1 3 10 26 0 0 0 0 0
85 104 97 75 22 41 158 1774 88 293 74 0 28 26 NA 26 NA 10 88 0 3 9 29 0 0 0 0 0 3 9 29 0 0 0 0 1
86 79 100 78 22 40 154 1777 78 297 76 0 27.5 26 NA 26 NA 6 78 0 3 7 30 0 0 0 0 0 3 7 30 0 0 0 0 2
87 59 102 78 24 40 152 1754 98 303 77 0 28 26 NA 26 NA 9 98 0 3 7 30 0 0 0 0 0 3 7 30 0 0 0 0 1
88 66 100 71 29 39 150 1776 73 305 75 0 28 26 NA 26 NA 10 73 1 3 6 29 0 0 0 0 1 3 6 29 0 0 0 0 2
89 83 100 71 29 37 150 1781 82 309 73 0 28 26 NA 26 NA 11 82 1 3 5 28 0 0 0 0 1 3 5 28 0 0 0 0 1
90 66 97 69 28 35 146 1763 82 311 71 0 27 25 NA 25 NA 9 82 0 5 5 25 0 0 0 0 0 5 5 25 0 0 0 0 1
91 59 96 68 28 36 144 1792 75 318 71 0 28.5 25.5 NA 25.5 NA 7 75 0 5 5 26 0 0 0 0 0 5 5 26 0 0 0 0 0
92 56 97 69 28 38 149 1799 85 320 70 0 27 25.5 NA 25.5 NA 16 85 0 5 6 27 0 0 0 0 0 5 6 27 0 0 0 0 2
93 69 95 68 27 36 150 1797 83 321 65 0 24 24.5 NA 24.5 NA 13 83 0 4 6 26 0 0 0 0 0 4 6 26 0 0 0 0 2
94 69 93 66 27 35 153 1808 77 321 66 0 26 25 NA 25 NA 9 77 0 3 5 27 0 0 0 0 0 3 5 27 0 0 0 0 1
95 86 90 65 25 33 155 1814 90 323 62 0 24 24 NA 24 NA 12 90 0 3 3 27 0 0 0 0 0 3 3 27 0 0 0 0 1
96 59 91 65 26 34 149 1804 84 325 61 0 23 24 NA 24 NA 6 84 0 3 4 27 0 0 0 0 0 3 4 27 0 0 0 0 2
97 99 90 63 27 36 146 1805 88 327 63 0 24 24 NA 24 NA 12 88 0 3 5 28 0 0 0 0 0 3 5 28 0 0 0 0 0
98 84 90 62 28 35 152 1800 72 324 63 0 24 24 NA 24 NA 12 72 0 3 5 27 0 0 0 0 0 3 5 27 0 0 0 0 2
99 71 89 59 30 35 157 1789 90 323 63 0 25 24 NA 24 NA 12 90 0 3 5 27 0 0 0 0 0 3 5 27 0 0 0 0 2
100 68 92 62 30 36 161 1781 84 328 68 0 25 24.5 NA 24.5 NA 14 84 0 2 7 27 0 0 0 0 0 2 7 27 0 0 0 0 1
101 60 90 60 30 35 161 1788 86 327 67 0 25 25 NA 25 NA 12 86 0 2 7 26 0 0 0 0 0 2 7 26 0 0 0 0 0
102 58 91 61 30 36 160 1805 77 330 67 0 26 24.5 NA 24.5 NA 12 77 0 3 7 26 0 0 0 0 0 3 7 26 0 0 0 0 1
103 82 92 61 31 35 161 1786 83 333 65 0 22 24 NA 24 NA 9 83 0 3 6 26 0 0 0 0 0 3 6 26 0 0 0 0 3
104 75 93 62 31 33 161 1782 78 334 65 0 20 24 NA 24 NA 11 78 0 3 5 25 0 0 0 0 0 3 5 25 0 0 0 0 3
105 70 94 63 31 32 162 1782 92 339 64 0 19 23 NA 23 NA 13 92 0 4 4 24 0 0 0 0 0 4 4 24 0 0 0 0 1
106 83 95 65 30 32 166 1773 93 338 62 0 19 23 NA 23 NA 9 93 0 3 5 24 0 0 0 0 0 3 5 24 0 0 0 0 0
107 72 100 71 29 35 163 1774 80 343 63 0 19 25 NA 25 NA 10 80 0 3 9 23 0 0 0 0 0 3 9 23 0 0 0 0 4
108 85 102 73 29 35 166 1778 73 348 65 0 20 25 NA 25 NA 9 73 0 2 9 24 0 0 0 0 0 2 9 24 0 0 0 0 1
109 93 101 72 29 35 147 1793 79 353 66 0 21 25 NA 25 NA 5 79 0 2 8 25 0 0 0 0 0 2 8 25 0 0 0 0 2
110 72 97 71 26 33 148 1793 76 352 63 0 21 25 NA 25 NA 14 76 1 2 8 22 0 0 0 0 1 2 8 22 0 0 0 0 3
111 74 102 73 29 32 147 1792 68 353 65 0 18 24.5 NA 24.5 NA 5 68 1 1 8 22 0 0 0 0 1 1 8 22 0 0 0 0 3
112 64 102 73 29 32 151 1771 91 351 65 0 17 25 NA 25 NA 11 91 0 2 6 24 0 0 0 0 0 2 6 24 0 0 0 0 2
113 69 100 71 29 32 153 1778 93 345 64 0 18 24.5 NA 24.5 NA 9 93 0 3 6 23 0 0 0 0 0 3 6 23 0 0 0 0 0
114 72 95 68 27 30 159 1785 77 341 59 0 17 23 NA 23 NA 13 77 0 4 6 20 0 0 0 0 0 4 6 20 0 0 0 0 1
115 67 93 68 25 27 155 1806 75 346 59 0 17 24 NA 24 NA 13 75 0 4 6 17 0 0 0 0 0 4 6 17 0 0 0 0 0
116 64 96 70 26 27 156 1817 90 350 63 0 18 24 NA 24 NA 11 90 0 3 6 18 0 0 0 0 0 3 6 18 0 0 0 0 2
117 57 96 70 26 28 157 1804 81 352 67 0 19 24.5 NA 24.5 NA 5 81 0 2 8 18 0 0 0 0 0 2 8 18 0 0 0 0 0
118 67 100 72 28 28 168 1791 95 354 70 0 19 24.5 NA 24.5 NA 16 95 0 2 5 21 0 0 0 0 0 2 5 21 0 0 0 0 4
119 77 98 70 28 31 159 1810 68 361 74 0 20 24 NA 24 NA 7 68 0 4 5 22 0 0 0 0 0 4 5 22 0 0 0 0 1
120 73 99 71 28 32 156 1806 75 369 75 0 21 23 NA 23 NA 13 75 0 4 5 23 0 0 0 0 0 4 5 23 0 0 0 0 1
121 89 100 73 27 29 162 1812 83 362 73 0 18.5 22 NA 22 NA 16 83 0 5 5 19 0 0 0 0 0 5 5 19 0 0 0 0 3
122 73 98 72 26 29 161 1835 64 360 74 0 19.5 22 NA 22 NA 12 64 0 6 5 18 0 0 0 0 0 6 5 18 0 0 0 0 0
123 81 96 70 26 29 158 1840 81 367 74 0 20 22 NA 22 NA 13 81 0 6 4 19 0 0 0 0 0 6 4 19 0 0 0 0 0
124 62 101 74 27 28 155 1885 81 369 76 0 20 22 NA 22 NA 8 81 0 4 5 19 0 0 0 0 0 4 5 19 0 0 0 0 2
125 78 107 80 27 31 156 1863 85 376 75 0 20 22 NA 22 NA 13 85 0 4 7 20 0 0 0 0 0 4 7 20 0 0 0 0 4
126 82 110 83 27 34 152 1859 78 375 75 0 21 22 NA 22 NA 10 78 1 5 8 20 0 0 0 0 1 5 8 20 0 0 0 0 2
127 61 111 85 26 34 150 1865 80 379 75 0 21 22 NA 22 NA 8 80 1 5 9 19 0 0 0 0 1 5 9 19 0 0 0 0 0
128 84 109 85 24 32 148 1888 77 379 73 0 21 22 NA 22 NA 8 77 1 4 9 18 0 0 0 0 1 4 9 18 0 0 0 0 2
129 62 109 85 24 33 153 1904 80 379 73 0 22 22 NA 22 NA 12 80 1 3 9 20 0 0 0 0 1 3 9 20 0 0 0 0 0
130 76 109 84 25 32 156 1924 76 379 74 0 23 22 NA 22 NA 11 76 1 2 10 19 0 0 0 0 1 2 10 19 0 0 0 0 2
131 74 111 86 25 34 147 1895 84 386 75 0 24 23 NA 23 NA 6 84 1 1 12 20 0 0 0 0 1 1 12 20 0 0 0 0 1
132 67 108 83 25 33 157 1882 96 382 73 0 24.5 22 NA 22 NA 14 96 1 1 12 19 0 0 0 0 1 1 12 19 0 0 0 0 0
133 86 110 85 25 36 153 1872 84 375 78 0 25 24.5 NA 24.5 NA 3 84 0 2 14 20 0 0 0 0 0 2 14 20 0 0 0 0 1
134 63 109 84 25 36 151 1886 78 375 76 0 25 25 NA 25 NA 5 78 0 3 14 19 0 0 0 0 0 3 14 19 0 0 0 0 1
135 70 111 87 24 33 156 1899 68 377 74 0 24 25 NA 25 NA 17 68 0 3 10 20 0 0 0 0 0 3 10 20 0 0 0 0 1
136 65 113 86 27 32 158 1870 95 377 76 0 20 25 NA 25 NA 14 95 0 4 10 18 0 0 0 0 0 4 10 18 0 0 0 0 4
137 76 110 84 26 32 154 1868 83 384 79 0 19 25 NA 25 NA 11 83 0 4 9 19 0 0 0 0 0 4 9 19 0 0 0 0 0
138 69 111 84 27 31 157 1851 90 381 82 0 20 25 NA 25 NA 13 90 0 4 9 18 0 0 0 0 0 4 9 18 0 0 0 0 2
139 57 110 84 26 33 160 1866 79 389 83 0 21 25 NA 25 NA 17 79 0 5 10 18 0 0 0 0 0 5 10 18 0 0 0 0 0
140 68 110 84 26 33 156 1880 76 389 85 0 21 25 NA 25 NA 6 76 0 6 8 19 0 0 0 0 0 6 8 19 0 0 0 0 1
141 80 112 85 27 36 162 1873 85 391 83 0 20 25 NA 25 NA 18 85 0 8 8 20 0 0 0 0 0 8 8 20 0 0 0 0 3
142 61 112 84 28 37 161 1880 79 393 85 0 21 25 NA 25 NA 8 79 0 8 8 21 0 0 0 0 0 8 8 21 0 0 0 0 1
143 66 111 83 28 36 167 1862 99 388 86 0 22 23.5 NA 23.5 NA 13 99 0 8 5 23 0 0 0 0 0 8 5 23 0 0 0 0 0
144 75 112 82 30 36 173 1849 98 379 84 0 23 23.5 NA 23.5 NA 15 98 0 8 4 24 0 0 0 0 0 8 4 24 0 0 0 0 3
145 60 110 81 29 35 168 1871 81 377 82 0 23.5 22 NA 22 NA 7 81 0 6 5 24 0 0 0 0 0 6 5 24 0 0 0 0 0
146 65 108 79 29 35 171 1850 86 374 80 0 24.5 22 NA 22 NA 10 86 0 7 5 23 0 0 0 0 0 7 5 23 0 0 0 0 0
147 88 108 80 28 36 173 1837 89 375 83 0 23.5 23.5 NA 23.5 NA 12 89 0 6 6 24 0 0 0 0 0 6 6 24 0 0 0 0 2
148 60 109 80 29 38 164 1837 76 385 89 0 24 25 NA 25 NA 5 76 0 5 9 24 0 0 0 0 0 5 9 24 0 0 0 0 1
149 93 108 81 27 38 168 1827 92 387 86 0 25 23.5 NA 23.5 NA 14 92 0 5 10 23 0 0 0 0 0 5 10 23 0 0 0 0 2
150 73 108 79 29 38 163 1828 76 388 86 0 26 22 NA 22 NA 8 76 0 5 11 22 0 0 0 0 0 5 11 22 0 0 0 0 3
151 76 109 80 29 38 164 1830 73 388 86 0 27 22 NA 22 NA 10 73 0 5 11 22 0 0 0 0 0 5 11 22 0 0 0 0 1
152 63 111 82 29 39 165 1829 77 391 89 0 27 22 NA 22 NA 11 77 0 5 11 23 0 0 0 0 0 5 11 23 0 0 0 0 1
153 62 114 85 29 42 162 1821 83 392 92 0 28 22.5 NA 22.5 NA 13 83 1 7 11 23 0 0 0 0 1 7 11 23 0 0 0 0 0
154 94 113 84 29 41 161 1804 76 392 92 0 29 22 NA 22 NA 9 76 1 5 11 24 0 0 0 0 1 5 11 24 0 0 0 0 1
155 79 108 82 26 39 161 1825 74 390 87 0 28.5 22 NA 22 NA 10 74 1 4 12 22 0 0 0 0 1 4 12 22 0 0 0 0 1
156 88 110 85 25 40 157 1816 82 395 88 0 28 21.5 NA 21.5 NA 11 82 1 5 11 23 0 0 0 0 1 5 11 23 0 0 0 0 1
157 83 111 86 25 41 161 1824 76 394 87 0 27 21 NA 21 NA 13 76 1 5 9 26 0 0 0 0 1 5 9 26 0 0 0 0 1
158 93 111 87 24 47 156 1824 82 398 86 0 28 21 NA 21 NA 13 82 0 10 12 25 0 0 0 0 0 10 12 25 0 0 0 0 1
159 85 110 84 26 45 150 1826 81 392 84 0 28.5 21 NA 21 NA 6 81 0 8 12 25 0 0 0 0 0 8 12 25 0 0 0 0 2
160 68 108 83 25 44 147 1838 82 393 81 0 28 21.5 NA 21.5 NA 10 82 0 7 12 25 0 0 0 0 0 7 12 25 0 0 0 0 1
161 80 109 83 26 47 144 1820 99 397 82 0 28 22 NA 22 NA 9 99 0 7 13 27 0 0 0 0 0 7 13 27 0 0 0 0 1
162 71 109 82 27 46 149 1798 103 397 83 0 27 22 NA 22 NA 12 103 0 5 13 28 0 0 0 0 0 5 13 28 0 0 0 0 1
163 64 110 83 27 47 152 1785 94 398 84 0 28 22 NA 22 NA 13 94 0 5 12 30 0 0 0 0 0 5 12 30 0 0 0 0 1
164 72 109 81 28 47 150 1782 92 395 83 0 29 22 NA 22 NA 7 92 0 5 13 29 0 0 0 0 0 5 13 29 0 0 0 0 2
165 69 108 81 27 47 155 1767 102 398 85 0 30 22 NA 22 NA 15 102 0 4 14 29 0 0 0 0 0 4 14 29 0 0 0 0 0
166 79 107 80 27 48 149 1760 80 408 82 0 31 22 NA 22 NA 7 80 0 4 12 32 0 0 0 0 0 4 12 32 0 0 0 0 2
167 85 108 81 27 49 153 1746 86 408 82 0 31 21 NA 21 NA 14 86 0 6 10 33 0 0 0 0 0 6 10 33 0 0 0 0 2
168 69 113 84 29 48 160 1774 80 409 85 0 30 20.5 NA 20.5 NA 19 80 0 5 11 32 0 0 0 0 0 5 11 32 0 0 0 0 5
169 92 115 86 29 48 155 1775 74 411 86 0 29 20 NA 20 NA 7 74 1 4 11 32 0 0 0 0 1 4 11 32 0 0 0 0 2
170 81 116 88 28 50 161 1782 84 411 86 0 30 20.5 NA 20.5 NA 16 84 1 3 14 32 0 0 0 0 1 3 14 32 0 0 0 0 3
171 87 110 83 27 46 156 1768 80 411 81 0 30 20 NA 20 NA 8 80 1 3 10 32 0 0 0 0 1 3 10 32 0 0 0 0 1
172 71 109 82 27 47 157 1774 80 407 81 0 30 20 NA 20 NA 5 80 1 3 10 33 0 0 0 0 1 3 10 33 0 0 0 0 0
173 69 107 80 27 47 155 1786 80 408 79 0 31 21 NA 21 NA 7 80 1 2 11 33 0 0 0 0 1 2 11 33 0 0 0 0 0
174 72 107 80 27 47 159 1792 74 409 81 0 30 21 NA 21 NA 15 74 1 0 12 34 0 0 0 0 1 0 12 34 0 0 0 0 1
175 80 105 78 27 46 151 1796 69 411 80 0 31 20.5 NA 20.5 NA 10 69 1 1 12 32 0 0 0 0 1 1 12 32 0 0 0 0 1
176 70 104 77 27 46 151 1780 84 411 78 0 31 20.5 NA 20.5 NA 7 84 0 4 10 32 0 0 0 0 0 4 10 32 0 0 0 0 0
177 84 103 75 28 46 150 1789 76 414 75 0 29 20 NA 20 NA 10 76 0 5 9 32 0 0 0 0 0 5 9 32 0 0 0 0 0
178 71 104 76 28 46 148 1785 92 416 77 0 28.5 20 NA 20 NA 9 92 0 5 8 33 0 0 0 0 0 5 8 33 0 0 0 0 2
179 74 103 75 28 44 153 1786 85 414 75 0 28 20.5 NA 20.5 NA 12 85 0 6 8 30 0 0 0 0 0 6 8 30 0 0 0 0 2
180 88 102 74 28 45 150 1792 70 414 79 0 27.5 20 NA 20 NA 9 70 0 6 7 32 0 0 0 0 0 6 7 32 0 0 0 0 0
181 80 101 74 27 44 148 1792 79 411 80 0 28 20.5 NA 20.5 NA 8 79 0 5 8 31 0 0 0 0 0 5 8 31 0 0 0 0 0
182 78 107 80 27 44 156 1792 92 409 84 0 26 20.5 NA 20.5 NA 13 92 0 5 7 32 0 0 0 0 0 5 7 32 0 0 0 0 2
183 71 111 85 26 42 157 1790 76 403 83 0 24 20.5 NA 20.5 NA 13 76 0 4 7 31 0 0 0 0 0 4 7 31 0 0 0 0 5
184 70 108 84 24 42 152 1798 73 404 79 0 24 20 NA 20 NA 6 73 1 5 7 29 0 0 0 0 1 5 7 29 0 0 0 0 0
185 81 106 84 22 40 150 1800 78 403 74 0 24 21 NA 21 NA 10 78 1 3 6 30 0 0 0 0 1 3 6 30 0 0 0 0 4
186 72 106 85 21 40 146 1827 75 405 72 0 21.5 20 NA 20 NA 10 75 1 3 6 30 0 0 0 0 1 3 6 30 0 0 0 0 1
187 79 110 88 22 40 140 1817 84 410 74 0 21 20 NA 20 NA 6 84 0 4 6 30 0 0 0 0 0 4 6 30 0 0 0 0 1
188 66 110 87 23 38 148 1816 85 407 73 0 20 20 NA 20 NA 16 85 0 4 6 28 0 0 0 0 0 4 6 28 0 0 0 0 3
189 70 108 84 24 36 148 1827 76 402 73 0 21 21.5 NA 21.5 NA 10 76 0 3 5 28 0 0 0 0 0 3 5 28 0 0 0 0 0
190 80 109 86 23 35 150 1825 87 402 71 0 22 20 NA 20 NA 12 87 0 1 7 27 0 0 0 0 0 1 7 27 0 0 0 0 3
191 75 111 83 28 35 152 1788 95 404 72 0 22 20 NA 20 NA 11 95 0 2 7 26 0 0 0 0 0 2 7 26 0 0 0 0 3
192 57 112 84 28 34 152 1781 106 409 72 0 22 20 NA 20 NA 13 106 0 3 5 26 0 0 0 0 0 3 5 26 0 0 0 0 3
193 90 114 85 29 33 148 1779 80 403 71 0 20.5 20 NA 20 NA 8 80 0 3 4 26 0 0 0 0 0 3 4 26 0 0 0 0 3
194 69 112 85 27 34 148 1786 81 399 74 0 20.5 23 NA 23 NA 12 81 0 3 6 25 0 0 0 0 0 3 6 25 0 0 0 0 0
195 86 113 86 27 33 145 1790 66 393 77 0 20 23 NA 23 NA 6 66 0 3 6 24 0 0 0 0 0 3 6 24 0 0 0 0 1
196 78 115 85 30 34 151 1798 79 397 77 0 20 23 NA 23 NA 17 79 0 5 5 24 0 0 0 0 0 5 5 24 0 0 0 0 1
197 72 112 81 31 31 158 1803 78 388 75 0 19 23 NA 23 NA 13 78 0 5 5 21 0 0 0 0 0 5 5 21 0 0 0 0 1
198 84 112 82 30 34 156 1805 79 389 78 0 19 23 NA 23 NA 12 79 0 7 4 23 0 0 0 0 0 7 4 23 0 0 0 0 1
199 77 111 83 28 34 155 1817 63 387 80 0 19 23 NA 23 NA 7 63 1 5 6 22 0 0 0 0 1 5 6 22 0 0 0 0 0
200 76 111 83 28 35 157 1838 85 383 82 0 19 23 NA 23 NA 14 85 1 6 6 22 0 0 0 0 1 6 6 22 0 0 0 0 1
201 79 111 84 27 37 156 1829 73 389 81 0 19 23 NA 23 NA 8 73 1 6 8 22 0 0 0 0 1 6 8 22 0 0 0 0 1
202 73 113 85 28 38 158 1804 101 393 81 0 20 21 NA 21 NA 15 101 2 8 6 22 0 0 0 0 2 8 6 22 0 0 0 0 2
203 70 110 84 26 39 151 1805 71 397 79 0 20 20 NA 20 NA 10 71 3 8 7 21 0 0 0 0 3 8 7 21 0 0 0 0 2
204 79 109 83 26 39 155 1818 83 393 81 0 21 20 NA 20 NA 11 83 2 9 6 22 0 0 0 0 2 9 6 22 0 0 0 0 0
205 83 111 82 29 40 156 1827 80 394 85 0 22 20 NA 20 NA 11 80 1 10 6 23 0 0 0 0 1 10 6 23 0 0 0 0 1
206 62 109 81 28 41 149 1822 89 394 83 0 21 20 NA 20 NA 4 89 1 10 7 23 0 0 0 0 1 10 7 23 0 0 0 0 1
207 60 106 77 29 41 152 1844 83 394 80 0 21 20 NA 20 NA 11 83 1 10 9 21 0 0 0 0 1 10 9 21 0 0 0 0 2
208 90 107 77 30 42 147 1845 89 402 80 0 21 20 NA 20 NA 11 89 1 11 10 20 0 0 0 0 1 11 10 20 0 0 0 0 3
209 67 110 79 31 44 151 1853 78 402 83 0 22 20 NA 20 NA 13 78 1 11 11 21 0 0 0 0 1 11 11 21 0 0 0 0 3
210 65 107 78 29 42 151 1866 68 398 80 0 22 20 NA 20 NA 9 68 1 6 14 21 0 0 0 0 1 6 14 21 0 0 0 0 1
211 78 107 78 29 42 150 1857 91 396 79 0 23 20 NA 20 NA 10 91 1 6 15 20 0 0 0 0 1 6 15 20 0 0 0 0 2
212 82 106 77 29 43 146 1856 75 398 78 0 23.5 20 NA 20 NA 7 75 1 7 15 20 0 0 0 0 1 7 15 20 0 0 0 0 1
213 69 104 76 28 44 148 1866 70 404 77 0 23 20 NA 20 NA 14 70 1 8 14 21 0 0 0 0 1 8 14 21 0 0 0 0 1
214 60 98 72 26 40 141 1862 84 405 75 0 23 20 NA 20 NA 6 84 2 7 15 16 0 0 0 0 2 7 15 16 0 0 0 0 0
215 70 98 73 25 41 146 1845 85 404 76 0 24 20 NA 20 NA 13 85 1 9 14 17 0 0 0 0 1 9 14 17 0 0 0 0 0
216 79 95 70 25 39 144 1850 81 400 74 0 24 20 NA 20 NA 8 81 1 8 14 16 0 0 0 0 1 8 14 16 0 0 0 0 1
217 84 94 69 25 36 141 1847 88 392 74 0 24.5 19 NA 19 NA 7 88 1 6 14 15 0 0 0 0 1 6 14 15 0 0 0 0 0
218 78 94 67 27 35 140 1837 88 397 73 0 24.5 20 NA 20 NA 14 88 1 5 12 17 0 0 0 0 1 5 12 17 0 0 0 0 2
219 71 94 70 24 32 146 1835 95 389 69 0 22.5 18 NA 18 NA 10 95 1 5 10 16 0 0 0 0 1 5 10 16 0 0 0 0 5
220 79 93 70 23 33 147 1831 83 393 72 0 23 18 NA 18 NA 15 83 2 3 12 16 0 0 0 0 2 3 12 16 0 0 0 0 2
221 78 100 75 25 35 148 1838 73 393 74 0 22.5 18 NA 18 NA 8 73 2 3 13 17 0 0 0 0 2 3 13 17 0 0 0 0 5
222 72 102 77 25 37 149 1846 80 399 74 0 22.5 19 NA 19 NA 12 80 2 3 12 20 0 0 0 0 2 3 12 20 0 0 0 0 0
223 100 104 78 26 37 146 1818 95 399 74 0 22 18 NA 18 NA 6 95 2 4 11 20 0 0 0 0 2 4 11 20 0 0 0 0 1
224 80 103 79 24 37 143 1811 78 394 72 0 22 19 NA 19 NA 8 78 1 6 9 21 0 0 0 0 1 6 9 21 0 0 0 0 3
225 68 102 76 26 35 156 1799 93 388 71 0 22.5 19 NA 19 NA 17 93 1 6 9 19 0 0 0 0 1 6 9 19 0 0 0 0 0
226 78 103 76 27 36 162 1799 92 390 70 0 23 19.5 NA 19.5 NA 13 92 1 4 10 21 0 0 0 0 1 4 10 21 0 0 0 0 1
227 81 103 77 26 34 164 1810 75 386 68 0 22 20 NA 20 NA 10 75 1 3 10 20 0 0 0 0 1 3 10 20 0 0 0 0 3
228 73 104 78 26 34 164 1812 71 386 67 0 23 20 NA 20 NA 8 71 1 4 8 21 0 0 0 0 1 4 8 21 0 0 0 0 1
229 84 102 75 27 33 158 1792 78 382 68 0 23.5 20 NA 20 NA 5 78 1 4 7 21 0 0 0 0 1 4 7 21 0 0 0 0 0
230 71 101 73 28 33 157 1787 84 383 67 0 23 20 NA 20 NA 14 84 2 4 6 21 0 0 0 0 2 4 6 21 0 0 0 0 1
231 72 102 74 28 32 161 1792 80 386 68 0 23 19.5 NA 19.5 NA 15 80 1 6 6 19 0 0 0 0 1 6 6 19 0 0 0 0 1
232 83 103 74 29 33 159 1806 78 382 70 0 24 20 NA 20 NA 5 78 0 6 8 19 0 0 0 0 0 6 8 19 0 0 0 0 2
233 89 101 74 27 33 165 1799 84 373 73 0 25 19 NA 19 NA 12 84 0 5 9 19 0 0 0 0 0 5 9 19 0 0 0 0 0
234 83 104 75 29 35 167 1789 88 379 75 0 25 19 NA 19 NA 15 88 0 6 8 21 0 0 0 0 0 6 8 21 0 0 0 0 1
235 83 100 71 29 35 167 1776 90 378 73 0 25 19 NA 19 NA 12 90 0 7 8 20 0 0 0 0 0 7 8 20 0 0 0 0 0
236 78 99 71 28 36 163 1736 108 381 73 0 24 18.5 NA 18.5 NA 10 108 0 7 9 20 0 0 0 0 0 7 9 20 0 0 0 0 1
237 90 100 71 29 38 160 1712 83 387 75 0 24.5 18.5 NA 18.5 NA 13 83 0 7 11 20 0 0 0 0 0 7 11 20 0 0 0 0 0
238 75 101 69 32 39 158 1722 64 389 76 0 23 19 NA 19 NA 11 64 0 7 9 23 0 0 0 0 0 7 9 23 0 0 0 0 0
239 61 99 67 32 40 151 1734 79 392 77 0 22 19.5 NA 19.5 NA 7 79 0 6 8 26 0 0 0 0 0 6 8 26 0 0 0 0 0
240 85 95 63 32 40 145 1728 71 394 76 0 23 19.5 NA 19.5 NA 7 71 0 6 8 26 0 0 0 0 0 6 8 26 0 0 0 0 0
241 83 98 66 32 40 145 1742 66 386 75 0 22 20 NA 20 NA 8 66 0 6 7 27 0 0 0 0 0 6 7 27 0 0 0 0 0
242 74 101 69 32 40 146 1749 73 381 76 0 22 20 NA 20 NA 10 73 0 6 7 27 0 0 0 0 0 6 7 27 0 0 0 0 3
243 80 104 69 35 40 146 1755 58 379 79 0 22 20 NA 20 NA 8 58 0 4 9 27 0 0 0 0 0 4 9 27 0 0 0 0 1
244 89 106 71 35 41 144 1739 82 380 81 0 23 20 NA 20 NA 8 82 0 4 9 28 0 0 0 0 0 4 9 28 0 0 0 0 0
245 77 109 75 34 41 139 1742 77 381 80 0 23 19 NA 19 NA 6 77 0 3 9 29 0 0 0 0 0 3 9 29 0 0 0 0 2
246 86 112 78 34 41 130 1745 73 385 83 0 23 19 NA 19 NA 4 73 0 3 9 29 0 0 0 0 0 3 9 29 0 0 0 0 2
247 75 114 79 35 43 131 1745 95 384 83 0 23 19 NA 19 NA 15 95 0 5 9 29 0 0 0 0 0 5 9 29 0 0 0 0 2
248 71 116 82 34 42 131 1764 62 382 84 0 23.5 18.5 NA 18.5 NA 7 62 0 3 10 29 0 0 0 0 0 3 10 29 0 0 0 0 2
249 71 120 87 33 41 137 1759 87 379 83 0 23 18 NA 18 NA 13 87 0 3 10 28 0 0 0 0 0 3 10 28 0 0 0 0 5
250 75 116 83 33 38 142 1756 92 382 82 0 23 17.5 NA 17.5 NA 17 92 0 4 10 24 0 0 0 0 0 4 10 24 0 0 0 0 0
251 82 116 84 32 37 146 1762 74 376 80 0 23.5 18 NA 18 NA 12 74 0 4 9 24 0 0 0 0 0 4 9 24 0 0 0 0 2
252 76 118 87 31 39 138 1753 82 381 79 0 24 18 NA 18 NA 5 82 0 4 11 24 0 0 0 0 0 4 11 24 0 0 0 0 3
253 88 118 86 32 40 140 1734 87 379 82 0 24.5 18 NA 18 NA 8 87 1 4 10 25 0 0 0 0 1 4 10 25 0 0 0 0 1
254 78 119 88 31 37 145 1747 80 372 83 0 23 18 NA 18 NA 11 80 1 2 11 23 0 0 0 0 1 2 11 23 0 0 0 0 3
255 68 117 87 30 34 147 1765 82 367 83 0 24 17.5 NA 17.5 NA 7 82 1 1 9 23 0 0 0 0 1 1 9 23 0 0 0 0 1
256 88 113 84 29 32 144 1747 76 364 80 0 24 16.5 NA 16.5 NA 9 76 1 2 7 22 0 0 0 0 1 2 7 22 0 0 0 0 0
257 81 113 83 30 33 135 1725 94 368 80 0 23 15 NA 15 NA 7 94 3 3 6 21 0 0 0 0 3 3 6 21 0 0 0 0 1
258 64 113 83 30 34 133 1766 74 372 82 0 24 15.5 NA 15.5 NA 7 74 2 4 6 22 0 0 0 0 2 4 6 22 0 0 0 0 0
259 73 113 82 31 32 132 1800 76 369 83 0 24 15.5 NA 15.5 NA 6 76 1 4 7 20 0 0 0 0 1 4 7 20 0 0 0 0 0
260 66 112 81 31 34 133 1797 67 372 84 0 24.5 16.5 NA 16.5 NA 12 67 1 4 8 21 0 0 0 0 1 4 8 21 0 0 0 0 0
261 71 117 85 32 34 139 1793 84 372 89 0 23 16.5 NA 16.5 NA 11 84 0 5 7 22 0 0 0 0 0 5 7 22 0 0 0 0 4
262 84 113 84 29 34 139 1770 89 377 85 0 24 16.5 NA 16.5 NA 10 89 1 4 8 21 0 0 0 0 1 4 8 21 0 0 0 0 0
263 84 108 80 28 33 140 1775 77 376 84 0 25 21 NA 21 NA 11 77 0 4 9 20 0 0 0 0 0 4 9 20 0 0 0 0 0
264 85 108 81 27 34 144 1762 98 382 84 0 22.5 19 NA 19 NA 15 98 0 5 10 19 0 0 0 0 0 5 10 19 0 0 0 0 3
265 73 108 81 27 37 144 1752 85 386 81 0 23 17 NA 17 NA 14 85 0 8 9 20 0 0 0 0 0 8 9 20 0 0 0 0 3
266 84 104 78 26 36 141 1752 72 389 79 0 23 16.5 NA 16.5 NA 9 72 0 8 7 21 0 0 0 0 0 8 7 21 0 0 0 0 1
267 73 104 78 26 36 146 1749 82 387 79 0 23.5 16 NA 16 NA 10 82 1 8 5 22 0 0 0 0 1 8 5 22 0 0 0 0 1
268 60 103 77 26 33 150 1767 76 384 77 0 24 16 NA 16 NA 9 76 1 6 5 21 0 0 0 0 1 6 5 21 0 0 0 0 1
269 83 99 71 28 30 156 1743 80 377 75 0 24 14.5 NA 14.5 NA 12 80 0 7 4 19 0 0 0 0 0 7 4 19 0 0 0 0 0
270 65 98 70 28 30 157 1767 82 372 75 0 25 15.5 NA 15.5 NA 12 82 0 6 3 21 0 0 0 0 0 6 3 21 0 0 0 0 0
271 78 95 67 28 30 162 1765 78 366 73 0 26 15 NA 15 NA 13 78 0 6 3 21 0 0 0 0 0 6 3 21 0 0 0 0 0
272 88 95 67 28 31 158 1757 89 367 71 0 25 16 NA 16 NA 9 89 1 6 5 19 0 0 0 0 1 6 5 19 0 0 0 0 2
273 71 95 68 27 31 159 1749 97 362 74 0 26 16 NA 16 NA 11 97 0 6 7 18 0 0 0 0 0 6 7 18 0 0 0 0 1
274 69 94 66 28 31 162 1755 81 359 73 0 25 16 NA 16 NA 10 81 0 6 5 20 0 0 0 0 0 6 5 20 0 0 0 0 0
275 69 96 68 28 35 162 1778 77 364 74 0 26 17 NA 17 NA 11 77 0 5 8 22 0 0 0 0 0 5 8 22 0 0 0 0 2
276 66 97 67 30 34 162 1757 95 362 74 0 25 17.5 NA 17.5 NA 9 95 0 5 8 21 0 0 0 0 0 5 8 21 0 0 0 0 4
277 88 98 68 30 34 156 1770 70 359 77 0 25.5 17.5 NA 17.5 NA 10 70 0 5 8 21 0 0 0 0 0 5 8 21 0 0 0 0 0
278 75 99 68 31 35 159 1779 72 366 78 0 26 18 NA 18 NA 13 72 0 5 8 22 0 0 0 0 0 5 8 22 0 0 0 0 2
279 77 99 68 31 34 163 1757 97 363 74 0 25 22.5 NA 22.5 NA 14 97 0 4 8 22 0 0 0 0 0 4 8 22 0 0 0 0 4
280 85 98 68 30 33 170 1770 65 361 73 0 25.5 18 NA 18 NA 14 65 0 4 8 21 0 0 0 0 0 4 8 21 0 0 0 0 0
281 75 95 67 28 34 169 1786 83 359 74 0 27 17.5 NA 17.5 NA 10 83 0 4 8 22 0 0 0 0 0 4 8 22 0 0 0 0 0
282 86 93 66 27 34 163 1797 80 359 70 0 25 19 NA 19 NA 9 80 0 4 7 23 0 0 0 0 0 4 7 23 0 0 0 0 2
283 93 92 66 26 34 165 1804 96 361 68 0 25 22.5 NA 22.5 NA 12 96 0 5 7 22 0 0 0 0 0 5 7 22 0 0 0 0 0
284 79 92 67 25 35 166 1804 86 363 69 0 24.5 22 NA 22 NA 9 86 0 6 7 22 0 0 0 0 0 6 7 22 0 0 0 0 2
285 81 89 63 26 33 158 1811 72 364 66 0 24 18 NA 18 NA 6 72 1 5 8 19 0 0 0 0 1 5 8 19 0 0 0 0 1
286 66 90 63 27 34 155 1813 83 369 65 0 25 19.5 NA 19.5 NA 9 83 1 5 9 19 0 0 0 0 1 5 9 19 0 0 0 0 1
287 83 88 62 26 32 162 1783 90 368 63 0 23.5 17 NA 17 NA 17 90 2 5 6 19 0 0 0 0 2 5 6 19 0 0 0 0 1
288 78 89 63 26 30 161 1792 79 368 63 0 23 17 NA 17 NA 10 79 2 4 5 19 0 0 0 0 2 4 5 19 0 0 0 0 4
289 85 90 64 26 32 156 1790 84 376 63 0 24 19.5 NA 19.5 NA 14 84 2 1 10 19 0 0 0 0 2 1 10 19 0 0 0 0 1
290 79 88 64 24 33 151 1782 74 376 61 0 25 21 NA 21 NA 7 74 2 1 9 21 0 0 0 0 2 1 9 21 0 0 0 0 0
291 84 87 63 24 36 136 1767 90 383 65 0 26 21 NA 21 NA 4 90 2 4 10 20 0 0 0 0 2 4 10 20 0 0 0 0 0
292 76 87 63 24 36 136 1763 86 383 68 0 27 21 NA 21 NA 7 86 2 3 10 21 0 0 0 0 2 3 10 21 0 0 0 0 0
293 88 90 67 23 36 135 1753 85 381 67 0 26.5 21 NA 21 NA 8 85 2 3 8 23 0 0 0 0 2 3 8 23 0 0 0 0 2
294 72 89 66 23 33 135 1761 68 376 66 0 26 24 NA 24 NA 8 68 1 4 7 21 0 0 0 0 1 4 7 21 0 0 0 0 1
295 79 89 64 25 32 132 1752 87 376 66 0 26 22.5 NA 22.5 NA 8 87 1 4 7 20 0 0 0 0 1 4 7 20 0 0 0 0 0
296 76 86 63 23 31 133 1766 72 374 65 0 26 24 NA 24 NA 7 72 0 5 7 19 0 0 0 0 0 5 7 19 0 0 0 0 1
297 97 83 63 20 28 131 1770 70 365 58 0 21 28.5 NA 28.5 NA 8 70 1 5 5 17 0 0 0 0 1 5 5 17 0 0 0 0 2
298 80 82 62 20 27 138 1755 94 361 56 0 19 24 NA 24 NA 17 94 1 6 5 15 0 0 0 0 1 6 5 15 0 0 0 0 2
299 80 83 62 21 26 147 1745 89 355 57 0 20 22.5 NA 22.5 NA 13 89 1 6 5 14 0 0 0 0 1 6 5 14 0 0 0 0 0
300 64 86 64 22 28 149 1753 99 361 62 0 21 23 NA 23 NA 13 99 1 6 6 15 0 0 0 0 1 6 6 15 0 0 0 0 2
