1 82 113 85 28 51 154 1696 87 8 82 23 23 21 NA 21 NA 7 87 3 4 8 36 0 0 0 0 3 4 8 36 0 0 0 0 3 109
2 79 119 90 29 50 158 1688 85 9 83 40 22 21.5 NA 21.5 NA 14 85 2 5 7 36 0 0 0 0 2 5 7 36 0 0 0 0 6 108
3 90 119 90 29 49 166 1691 88 1 83 65 22 22 NA 22 NA 12 88 1 6 7 35 0 0 0 0 1 6 7 35 0 0 0 0 3 126
4 71 116 88 28 49 163 1696 98 5 82 95 23 21 NA 21 NA 4 98 0 8 7 34 0 0 0 0 0 8 7 34 0 0 0 0 0 130
5 94 114 86 28 50 161 1695 95 12 81 122 23 19 NA 19 NA 11 95 0 9 7 34 0 0 0 0 0 9 7 34 0 0 0 0 0 130
6 69 113 85 28 48 162 1705 78 8 81 135 23 19 NA 19 NA 9 78 0 8 6 34 0 0 0 0 0 8 6 34 0 0 0 0 1 114
7 82 111 83 28 46 167 1700 89 5 77 163 23 19 NA 19 NA 12 89 0 7 7 32 0 0 0 0 0 7 7 32 0 0 0 0 0 118
8 83 111 84 27 48 171 1676 110 11 77 180 23 20 NA 20 NA 16 110 0 8 7 33 0 0 0 0 0 8 7 33 0 0 0 0 2 123
9 77 110 84 26 47 166 1674 90 10 77 198 22.5 20 NA 20 NA 10 90 0 8 6 33 0 0 0 0 0 8 6 33 0 0 0 0 1 115
10 80 107 82 25 45 166 1677 104 10 75 218 23 20 NA 20 NA 14 104 0 10 6 29 0 0 0 0 0 10 6 29 0 0 0 0 0 143
11 72 109 82 27 44 171 1681 95 4 76 247 23 20 NA 20 NA 12 95 0 7 9 28 0 0 0 0 0 7 9 28 0 0 0 0 1 124
12 68 111 84 27 46 166 1668 96 15 78 261 24 20 NA 20 NA 12 96 1 5 12 28 0 0 0 0 1 5 12 28 0 0 0 0 0 109
13 71 110 84 26 51 160 1682 85 13 83 279 25 20 NA 20 NA 7 85 1 7 13 30 0 0 0 0 1 7 13 30 0 0 0 0 1 121
14 78 107 82 25 50 153 1677 95 11 87 297 26 20 NA 20 NA 9 95 1 6 14 29 0 0 0 0 1 6 14 29 0 0 0 0 1 117
15 65 109 83 26 50 151 1679 102 10 89 321 26 19 NA 19 NA 11 102 1 7 12 30 0 0 0 0 1 7 12 30 0 0 0 0 2 128
16 68 109 83 26 49 159 1659 99 4 87 337 26 20 NA 20 NA 12 99 1 5 15 28 0 0 0 0 1 5 15 28 0 0 0 0 3 102
17 63 107 82 25 48 170 1674 103 5 86 357 27 19 NA 19 NA 17 103 1 6 13 28 0 0 0 0 1 6 13 28 0 0 0 0 1 142
18 70 109 83 26 48 164 1680 98 9 84 378 24 18 NA 18 NA 7 98 1 7 13 27 0 0 0 0 1 7 13 27 0 0 0 0 3 133
19 80 110 80 30 49 161 1671 88 14 86 391 23.5 18 NA 18 NA 11 88 1 7 13 28 0 0 0 0 1 7 13 28 0 0 0 0 1 118
20 89 112 82 30 49 163 1658 104 10 85 405 23.5 18 NA 18 NA 15 104 1 8 12 28 0 0 0 0 1 8 12 28 0 0 0 0 1 122
21 76 109 80 29 47 160 1674 89 12 83 427 23 18 18 18 NA 9 89 1 9 11 26 0 1 0 0 1 8 11 26 0 0 0 0 1 134
22 64 110 81 29 48 165 1672 101 7 84 443 24 18 18 18 NA 13 101 1 8 13 26 0 1 0 0 1 7 13 26 0 0 0 0 1 115
23 76 108 82 26 46 159 1698 82 11 81 458 23.5 18 18 18 NA 6 82 0 8 12 26 0 1 0 0 0 7 12 26 0 0 0 0 2 139
24 63 106 79 27 45 163 1687 117 11 79 474 23.5 18 18 17.5 NA 16 117 1 7 10 27 0 1 0 0 1 6 10 27 0 0 0 0 1 129
25 66 109 83 26 45 168 1689 100 5 76 490 24 18 28.5 18 NA 13 100 1 6 11 27 0 1 0 1 1 5 11 26 0 0 0 0 4 123
26 90 105 80 25 44 168 1671 107 11 72 500 24 18 28.5 18 NA 13 107 1 5 12 26 0 1 0 1 1 4 12 25 0 0 0 0 0 123
27 75 105 81 24 45 157 1696 88 14 70 514 25 18 28 18 NA 6 88 1 4 16 24 0 0 2 1 1 4 14 23 0 0 0 0 1 138
28 78 101 78 23 42 162 1689 96 8 67 518 23 18 28 18 NA 15 96 0 6 14 22 0 0 2 1 0 6 12 21 0 0 0 0 0 115
29 79 102 80 22 41 156 1714 87 12 66 529 22 18 28 17.5 NA 9 87 0 5 13 23 0 0 2 1 0 5 11 22 0 0 0 0 1 146
30 68 103 81 22 41 155 1705 103 12 68 537 21 18 28 17.5 NA 13 103 0 5 13 23 0 0 2 1 0 5 11 22 0 0 0 0 3 125
31 73 102 80 22 41 156 1729 96 10 68 547 22 18 28 17.5 NA 13 96 0 5 12 24 0 0 2 1 0 5 10 23 0 0 0 0 0 143
32 68 101 81 20 41 161 1728 116 10 70 574 22 18 28 18 NA 15 116 0 5 12 24 0 0 2 1 0 5 10 23 0 0 0 0 1 144
33 77 100 80 20 41 162 1739 98 6 70 582 21.5 19 28 18.5 NA 7 98 0 5 12 24 0 0 2 1 0 5 10 23 0 0 0 0 0 136
34 83 101 79 22 40 161 1728 118 12 68 602 19 18 28 18 NA 10 118 2 5 10 23 1 0 1 1 1 5 9 22 0 0 0 0 2 131
35 80 104 81 23 42 165 1755 94 7 70 612 19 18.5 28 18 NA 11 94 2 5 9 26 1 0 0 2 1 5 9 24 0 0 0 0 1 150
36 82 103 82 21 41 163 1739 96 9 71 620 20 18 28 18 NA 8 96 2 5 8 26 1 0 0 2 1 5 8 24 0 0 0 0 1 116
37 76 101 80 21 40 167 1737 101 11 75 625 20 18 28 18 NA 16 101 0 8 6 26 0 1 0 2 0 7 6 24 0 0 0 0 0 130
38 67 102 82 20 39 163 1764 98 15 72 634 20 18 28 18 NA 13 98 0 10 6 23 0 1 0 2 0 9 6 21 0 0 0 0 3 145
39 72 106 84 22 40 168 1749 126 9 76 644 19.5 18 24.5 18 NA 15 126 0 9 7 24 0 2 0 2 0 7 7 22 0 0 0 0 4 136
40 85 108 85 23 41 166 1734 119 8 78 656 20 18 24.5 18 NA 10 119 1 7 9 24 1 2 1 2 0 5 8 22 0 0 0 0 2 132
41 76 110 87 23 41 167 1745 96 7 79 667 21 18 24.5 18 NA 11 96 1 7 9 24 1 2 1 2 0 5 8 22 0 0 0 0 3 136
42 83 108 85 23 40 162 1729 96 12 80 675 22 18.5 24.5 18 NA 13 96 1 4 10 25 1 1 2 2 0 3 8 23 0 0 0 0 0 112
43 86 110 87 23 42 166 1703 106 8 81 672 22.5 18.5 24.5 18 NA 15 106 2 4 8 28 1 1 1 3 1 3 7 25 0 0 0 0 1 111
44 84 108 84 24 42 162 1718 104 8 79 687 23 19 24.5 18.5 NA 7 104 2 5 9 26 1 1 1 3 1 4 8 23 0 0 0 0 0 150
45 111 108 83 25 41 172 1691 121 5 78 690 22.5 19 21 18.5 NA 19 121 1 6 9 25 0 2 1 2 1 4 8 23 0 0 0 0 1 141
46 67 111 85 26 42 168 1699 101 13 81 711 22 19 21 19 NA 10 101 0 6 11 25 0 2 1 2 0 4 10 23 0 0 0 0 3 130
47 74 117 86 31 43 160 1705 100 10 84 723 22 19 21 19 NA 7 100 0 6 11 26 0 2 1 2 0 4 10 24 0 0 0 0 1 130
48 74 118 88 30 46 153 1685 113 20 84 726 23 19.5 21 19 NA 13 113 0 7 11 28 0 2 1 2 0 5 10 26 0 0 0 0 1 124
49 90 115 85 30 45 151 1703 103 10 83 738 24 19 15 19 NA 12 103 1 5 13 26 1 1 2 2 0 4 11 24 0 0 0 0 1 148
50 79 115 86 29 46 156 1677 124 10 84 748 25 19 21 19 NA 14 124 1 6 14 25 1 2 2 2 0 4 12 23 0 0 0 0 0 135
51 72 115 86 29 46 156 1704 105 8 85 759 24 19.5 21 19 NA 9 105 1 6 13 26 1 2 2 2 0 4 11 24 0 0 0 0 2 151
52 72 115 85 30 48 157 1691 107 7 88 767 25 20.5 21 20 NA 8 107 1 4 16 27 1 2 2 2 0 2 14 25 0 0 0 0 1 128
53 82 113 84 29 50 162 1690 104 8 87 776 26 20.5 21 19.5 NA 16 104 1 4 17 28 1 1 4 2 0 3 13 26 0 0 0 0 1 133
54 70 114 83 31 50 167 1688 105 11 87 790 26 20.5 21 20 NA 14 105 1 4 15 30 1 1 3 2 0 3 12 28 0 0 0 0 1 122
55 69 115 85 30 49 167 1698 96 8 85 799 26 21 21 20.5 NA 14 96 1 4 15 29 1 1 3 2 0 3 12 27 0 0 0 0 2 131
56 89 113 84 29 48 177 1705 107 11 83 804 26 20 21 19 NA 22 107 1 5 12 30 1 1 3 2 0 4 9 28 0 0 0 0 0 146
57 72 111 82 29 48 176 1741 94 7 83 816 27 21 21 20 NA 8 94 1 5 14 28 1 0 5 2 0 5 9 26 0 0 0 0 1 153
58 75 116 86 30 46 180 1701 128 7 86 821 24 20 21 18.5 NA 15 128 0 4 16 26 0 1 5 2 0 3 11 24 0 0 0 0 3 122
59 80 113 83 30 47 173 1704 112 17 87 822 24 21 15 21 NA 12 112 0 5 19 23 0 1 5 0 0 4 14 23 0 0 0 0 1 138
60 67 111 81 30 47 171 1703 111 7 84 829 25 21 14 21 NA 7 111 0 5 18 24 0 2 5 0 0 3 13 24 0 0 0 0 1 135
61 100 113 82 31 48 175 1689 118 9 84 820 26 21 14 21 NA 19 118 0 5 13 30 0 2 3 2 0 3 10 28 0 0 0 0 2 146
62 78 110 80 30 45 171 1705 98 8 82 825 26 21 11.5 23 NA 5 98 0 5 13 27 0 2 3 1 0 3 10 26 0 0 0 0 0 140
63 71 109 79 30 44 179 1690 126 7 81 835 25 21 11.5 23 NA 18 126 0 4 12 28 0 2 3 1 0 2 9 27 0 0 0 0 3 141
64 67 106 77 29 44 174 1704 92 9 79 837 26 21 14 23 NA 5 92 0 5 10 29 0 3 3 1 0 2 7 28 0 0 0 0 0 133
65 65 105 76 29 43 169 1718 100 11 76 842 25 21 14 23.5 NA 11 100 0 6 8 29 0 3 1 3 0 3 7 26 0 0 0 0 1 138
66 84 102 75 27 42 169 1725 103 10 72 839 25 21 14 23 NA 12 103 0 6 8 28 0 3 1 3 0 3 7 25 0 0 0 0 0 148
67 69 99 74 25 42 170 1718 125 10 73 856 23 20.5 14 23 NA 15 125 0 6 9 27 0 4 1 2 0 2 8 25 0 0 0 0 2 144
68 78 96 71 25 41 170 1733 99 15 70 859 23 18 12 23 NA 17 99 1 6 9 25 1 4 1 2 0 2 8 23 0 0 0 0 1 143
69 84 96 71 25 42 177 1714 111 9 71 858 24 17.5 14 21 NA 17 111 2 7 8 25 1 5 0 3 1 2 8 22 0 0 0 0 0 118
70 73 99 75 24 43 177 1686 119 14 77 862 24 18 14 22 NA 15 119 0 7 8 28 0 4 2 3 0 3 6 25 0 0 0 0 2 121
71 78 98 74 24 43 180 1697 101 10 77 863 25 18 14 22 NA 16 101 0 6 10 27 0 3 3 3 0 3 7 24 0 0 0 0 0 145
72 102 101 77 24 43 184 1686 111 7 77 878 25 18 14 22 NA 14 111 0 5 11 27 0 3 3 3 0 2 8 24 0 0 0 0 1 139
73 69 102 78 24 43 188 1680 116 8 80 875 26 18 14 22 NA 14 116 0 4 10 29 0 2 4 3 0 2 6 26 0 0 0 0 1 138
74 75 100 78 22 39 185 1695 109 16 75 889 25.5 18 10 22 NA 14 109 0 2 10 27 0 1 4 2 0 1 6 25 0 0 0 0 3 156
75 72 104 82 22 40 187 1670 117 10 78 892 24.5 18 10 23 NA 14 117 0 2 11 27 0 1 4 2 0 1 7 25 0 0 0 0 2 115
76 64 101 80 21 39 183 1703 98 11 76 902 25 18 12 23 NA 8 98 0 2 9 28 0 1 3 2 0 1 6 26 0 0 0 0 0 150
77 79 99 80 19 38 196 1687 117 6 76 894 24 19 12 23.5 NA 19 117 0 2 8 28 0 1 3 2 0 1 5 26 0 0 0 0 0 128
78 77 101 82 19 38 197 1704 102 9 77 905 23 19 12 23.5 NA 15 102 0 2 8 28 0 1 3 2 0 1 5 26 0 0 0 0 2 149
79 78 99 80 19 38 196 1699 116 12 74 910 24 20.5 12 23.5 NA 12 116 0 3 7 28 0 1 3 2 0 2 4 26 0 0 0 0 2 148
80 63 101 82 19 39 195 1708 104 14 74 920 23 21 12 23 NA 11 104 0 3 8 28 0 1 3 2 0 2 5 26 0 0 0 0 3 141
81 71 105 87 18 41 197 1710 120 9 74 921 23 21 12 23 NA 11 120 1 3 8 29 0 1 3 2 1 2 5 27 0 0 0 0 3 151
82 89 103 86 17 42 190 1733 92 15 74 930 24 20.5 10 23 NA 16 92 2 1 10 29 1 0 3 3 1 1 7 26 0 0 0 0 1 152
83 91 103 85 18 42 199 1735 109 4 73 926 25 19.5 10 23 NA 18 109 3 1 9 29 1 0 2 4 2 1 7 25 0 0 0 0 1 142
84 75 103 85 18 42 194 1718 117 14 76 928 26 18.5 10 22 NA 12 117 4 1 8 29 1 0 2 4 3 1 6 25 0 0 0 0 1 130
85 60 103 85 18 42 196 1745 104 11 77 932 27 18.5 10 22 NA 14 104 4 1 7 30 1 0 1 5 3 1 6 25 0 0 0 0 0 157
86 85 101 85 16 40 192 1738 115 10 74 923 27 17 10 22 NA 12 115 3 1 6 30 1 0 1 5 2 1 5 25 0 0 0 0 0 134
87 92 105 89 16 40 194 1741 109 8 78 921 27 17 10 22 NA 14 109 3 1 6 30 1 0 1 5 2 1 5 25 0 0 0 0 0 141
88 68 109 93 16 45 189 1739 124 15 78 931 27 16 10 20 NA 13 124 4 4 6 31 1 0 1 5 3 4 5 26 0 0 0 0 1 155
89 73 110 94 16 46 186 1739 119 11 77 940 27 17 10 21 NA 9 119 4 4 6 32 1 0 1 5 3 4 5 27 0 0 0 0 1 147
90 88 109 93 16 44 186 1732 103 7 78 943 27 16 10 19 NA 10 103 4 4 5 31 1 0 1 5 3 4 4 26 0 0 0 0 2 123
91 82 110 94 16 44 186 1726 110 10 79 937 25.5 17 10 21 NA 11 110 3 5 6 30 0 1 1 5 3 4 5 25 0 0 0 0 1 136
92 71 111 95 16 46 181 1744 98 13 82 942 26 17 12 20 NA 12 98 2 8 5 31 0 2 1 5 2 6 4 26 0 0 0 0 0 143
93 69 113 95 18 45 188 1739 117 7 85 952 24 17 13 20 NA 16 117 0 10 6 29 0 3 1 5 0 7 5 24 0 0 0 0 2 135
94 66 114 95 19 46 183 1727 131 13 84 968 23.5 17.5 13.5 20 NA 11 131 0 11 3 32 0 3 0 5 0 8 3 27 0 0 0 0 2 142
95 80 114 94 20 46 180 1751 106 10 83 972 23 18.5 14 21 NA 9 106 0 11 4 31 0 3 1 5 0 8 3 26 0 0 0 0 1 159
96 74 116 96 20 44 188 1760 114 9 83 972 24 17.5 13.5 20.5 NA 17 114 0 9 5 30 0 3 0 5 0 6 5 25 0 0 0 0 3 149
97 78 115 98 17 41 192 1765 116 8 79 974 23 17 13.5 19 NA 15 116 0 9 5 27 0 3 0 5 0 6 5 22 0 0 0 0 2 155
98 74 116 99 17 42 192 1788 108 13 80 964 23 17 13.5 19 NA 17 108 0 8 8 26 0 3 0 5 0 5 8 21 0 0 0 0 3 157
99 68 118 100 18 42 183 1785 102 18 81 965 21 17 13.5 19 NA 10 102 0 6 10 26 0 2 1 5 0 4 9 21 0 0 0 0 4 128
100 71 117 100 17 43 177 1786 109 11 84 966 22 17 13 19 NA 8 109 1 6 10 26 1 2 1 5 0 4 9 21 0 0 0 0 0 136
101 72 119 101 18 43 179 1767 119 9 86 970 22 17 13 18.5 NA 14 119 1 7 9 26 1 2 1 5 0 5 8 21 0 0 0 0 2 130
102 66 117 99 18 43 190 1771 115 9 87 972 23 17 13 18.5 NA 22 115 2 7 8 26 1 2 1 5 1 5 7 21 0 0 0 0 0 143
103 76 117 99 18 46 191 1774 121 14 88 975 23 17 13 19 NA 14 121 2 6 10 28 1 1 2 5 1 5 8 23 0 0 0 0 1 151
104 76 114 95 19 47 182 1763 112 13 87 975 24 17 13 19 NA 9 112 2 5 12 28 1 0 3 5 1 5 9 23 0 0 0 0 0 132
105 66 112 92 20 46 189 1776 113 8 88 978 25 17 13 19 NA 17 113 2 3 13 28 1 0 3 5 1 3 10 23 0 0 0 0 0 147
106 81 109 89 20 46 180 1781 98 14 89 986 26 17 13 19 NA 12 98 0 5 13 28 0 1 3 5 0 4 10 23 0 0 0 0 0 135
107 78 108 88 20 47 183 1768 141 14 88 999 26.5 17 14.5 19 NA 16 141 0 7 13 27 0 3 4 5 0 4 9 22 0 0 0 0 1 152
108 88 102 84 18 44 183 1738 105 12 84 993 26.5 17.5 14 24 NA 10 105 0 7 12 25 0 3 4 4 0 4 8 21 0 0 0 0 0 110
109 74 103 84 19 44 184 1699 133 10 84 990 26 18.5 14.5 24.5 NA 14 133 0 7 12 25 0 3 3 4 0 4 9 21 0 0 0 0 3 130
110 81 99 80 19 42 184 1711 119 13 83 1000 24 18.5 14.5 24.5 NA 13 119 0 6 12 24 0 3 3 4 0 3 9 20 0 0 0 0 0 166
111 74 100 79 21 43 188 1717 112 15 83 1006 24 18 14 22 NA 21 112 1 6 10 26 1 2 3 5 0 4 7 21 0 0 0 0 3 153
112 73 94 74 20 40 194 1746 111 8 78 1015 24.5 19.5 12 25.5 NA 14 111 1 5 12 22 1 1 4 4 0 4 8 18 0 0 0 0 0 166
113 81 92 73 19 41 196 1736 118 10 78 1013 26 20 12 25 NA 18 118 1 4 14 22 1 1 4 4 0 3 10 18 0 0 0 0 0 134
114 82 90 73 17 40 196 1746 102 9 75 1019 27 20 14 25 NA 10 102 1 4 14 21 1 0 4 4 0 4 10 17 0 0 0 0 1 147
115 79 91 74 17 42 192 1709 124 13 74 1019 27 24.5 12.5 27 NA 10 124 0 4 16 22 0 1 3 4 0 3 13 18 0 0 0 0 0 116
116 80 89 71 18 41 193 1715 108 11 73 1024 28 24 12.5 27 NA 16 108 0 4 14 23 0 1 2 5 0 3 12 18 0 0 0 0 0 139
117 85 91 73 18 42 190 1727 105 12 72 1023 28 24.5 14.5 27 NA 13 105 0 4 15 23 0 2 2 4 0 2 13 19 0 0 0 0 1 152
118 76 91 69 22 40 192 1724 117 11 70 1029 28 25.5 14.5 27 NA 12 117 0 2 15 23 0 1 3 4 0 1 12 19 0 0 0 0 1 142
119 70 89 68 21 41 195 1710 125 8 69 1029 29 26 14.5 27 NA 16 125 0 2 15 24 0 1 3 4 0 1 12 20 0 0 0 0 0 132
120 80 91 68 23 42 192 1690 119 10 67 1027 27 26.5 19 27 NA 9 119 0 2 16 24 0 2 3 4 0 0 13 20 0 0 0 0 4 129
121 78 92 69 23 44 183 1721 91 14 68 1025 28 25.5 19.5 27 NA 9 91 0 2 18 24 0 2 4 4 0 0 14 20 0 0 0 0 3 152
122 73 89 66 23 41 181 1729 113 9 66 1026 28 26 20 27 NA 10 113 0 2 16 23 0 2 4 3 0 0 12 20 0 0 0 0 0 146
123 97 86 64 22 37 179 1720 127 10 63 1030 27 25 20 27 NA 12 127 0 1 15 21 0 1 4 4 0 0 11 17 0 0 0 0 1 155
124 72 87 65 22 38 183 1709 124 12 62 1028 28 24.5 19.5 27 NA 17 124 1 1 11 25 1 1 3 5 0 0 8 20 0 0 0 0 2 143
125 76 87 64 23 39 183 1703 128 14 59 1029 27 24 19.5 27 NA 16 128 1 2 11 25 1 1 3 5 0 1 8 20 0 0 0 0 1 148
126 76 88 65 23 41 180 1696 113 14 60 1022 28 24 19.5 27 NA 13 113 2 2 10 27 1 1 3 5 1 1 7 22 0 0 0 0 1 131
127 68 87 65 22 41 182 1702 110 11 62 1021 29 24 19.5 27 NA 14 110 2 1 10 28 1 0 4 5 1 1 6 23 0 0 0 0 0 141
128 78 85 62 23 40 171 1720 107 18 58 1022 30 24 19.5 27 NA 9 107 2 1 9 28 1 0 4 5 1 1 5 23 0 0 0 0 1 152
129 69 87 64 23 39 170 1721 131 14 60 1020 30 24 19.5 27 NA 14 131 2 0 9 28 1 0 4 5 1 0 5 23 0 0 0 0 0 167
130 84 85 63 22 36 180 1712 125 6 61 1014 29 24 19.5 27.5 NA 19 125 1 1 6 28 1 0 3 6 0 1 3 22 0 0 0 0 1 147
131 87 83 62 21 35 182 1692 132 12 59 1015 30 24 20 27 NA 17 132 0 2 6 27 0 0 3 6 0 2 3 21 0 0 0 0 1 143
132 65 82 61 21 36 177 1711 94 8 60 1028 27.5 24 20 27 NA 5 94 0 2 6 28 0 0 3 6 0 2 3 22 0 0 0 0 1 140
133 70 80 58 22 34 182 1706 125 9 59 1038 26.5 24 19.5 26.5 NA 14 125 0 1 5 28 0 0 2 6 0 1 3 22 0 0 0 0 0 146
134 64 84 61 23 36 187 1700 122 10 59 1039 24.5 23.5 20 26 NA 15 122 0 3 4 29 0 1 2 6 0 2 2 23 0 0 0 0 3 145
135 76 82 61 21 33 183 1694 99 8 57 1037 24 24 20 27 NA 8 99 0 1 5 27 0 0 2 7 0 1 3 20 0 0 0 0 3 123
136 88 80 60 20 32 183 1661 119 9 56 1040 21 24.5 20 27 NA 13 119 0 1 6 25 0 0 2 7 0 1 4 18 0 0 0 0 1 122
137 74 79 61 18 31 182 1656 134 14 57 1041 22 25 19.5 27 NA 13 134 0 0 6 25 0 0 1 7 0 0 5 18 0 0 0 0 1 152
138 93 79 61 18 29 185 1629 125 5 54 1040 20 25 19.5 28 NA 12 125 0 1 5 23 0 0 1 7 0 1 4 16 0 0 0 0 1 137
139 66 78 61 17 26 183 1647 110 7 52 1046 19 25 19.5 27.5 NA 8 110 0 1 4 21 0 0 0 6 0 1 4 15 0 0 0 0 1 150
140 63 80 62 18 28 185 1650 122 14 52 1053 19 24.5 20 27 NA 19 122 0 3 4 21 0 1 0 6 0 2 4 15 0 0 0 0 2 147
141 65 82 62 20 28 188 1644 118 10 55 1061 19 24.5 20 27 NA 15 118 0 3 4 21 0 1 0 6 0 2 4 15 0 0 0 0 1 142
142 89 81 61 20 25 188 1619 127 13 54 1048 19 25 20 27.5 NA 18 127 0 3 2 20 0 1 0 6 0 2 2 14 0 0 0 0 0 135
143 79 82 60 22 23 189 1651 109 9 54 1052 18.5 23 20 26.5 NA 13 109 0 3 2 18 0 1 0 6 0 2 2 12 0 0 0 0 1 164
144 72 83 62 21 25 190 1673 102 12 54 1054 19 22 20 25.5 NA 15 102 0 4 3 18 0 0 1 6 0 4 2 12 0 0 0 0 2 161
145 76 83 63 20 25 189 1668 110 12 54 1053 20 22 19.5 26 NA 13 110 0 4 2 19 0 1 1 6 0 3 1 13 0 0 0 0 1 146
146 69 84 62 22 24 183 1685 116 16 56 1061 19.5 22.5 19 26 NA 11 116 0 4 2 18 0 1 1 5 0 3 1 13 0 0 0 0 0 160
147 81 87 65 22 25 188 1716 104 9 57 1058 18 22 19 25.5 NA 18 104 0 5 1 19 0 1 1 5 0 4 0 14 0 0 0 0 3 165
148 84 88 66 22 24 190 1689 132 10 56 1059 18 22.5 16.5 25.5 NA 15 132 0 5 1 18 0 1 1 4 0 4 0 14 0 0 0 0 1 133
149 74 87 65 22 22 187 1678 129 10 55 1058 18 22.5 16.5 25.5 NA 13 129 0 2 3 17 0 1 1 4 0 1 2 13 0 0 0 0 1 151
150 86 86 63 23 21 196 1649 138 11 54 1077 16 22 16.5 25 NA 23 138 0 3 2 16 0 1 1 4 0 2 1 12 0 0 0 0 2 135
151 91 85 63 22 22 190 1675 86 12 55 1081 17 22.5 16.5 25.5 NA 9 86 0 3 3 16 0 1 1 4 0 2 2 12 0 0 0 0 0 147
152 72 86 64 22 22 192 1651 126 8 57 1092 17.5 22.5 16.5 25.5 NA 10 126 0 3 3 16 0 1 1 4 0 2 2 12 0 0 0 0 2 131
153 66 91 66 25 25 189 1644 134 16 59 1091 18 23 16.5 25 NA 16 134 0 4 4 17 0 1 1 4 0 3 3 13 0 0 0 0 3 151
154 88 90 66 24 24 198 1668 113 10 60 1096 17.5 22.5 16.5 25.5 NA 21 113 0 4 5 15 0 1 1 4 0 3 4 11 0 0 0 0 0 159
155 75 93 69 24 26 191 1666 117 18 62 1091 17 22.5 16.5 25.5 NA 13 117 0 4 7 15 0 1 1 4 0 3 6 11 0 0 0 0 1 147
156 71 89 65 24 27 189 1664 118 16 60 1094 18 22 19 26 NA 16 118 0 3 10 14 0 1 2 5 0 2 8 9 0 0 0 0 0 139
157 80 92 67 25 27 184 1665 126 14 60 1093 18 22 19 26 NA 9 126 0 3 11 13 0 1 2 5 0 2 9 8 0 0 0 0 2 152
158 83 93 68 25 27 182 1662 115 12 60 1090 18 23 18 26 NA 14 115 0 3 11 13 0 1 2 4 0 2 9 9 0 0 0 0 3 144
159 83 96 70 26 29 181 1656 109 13 64 1086 18 22 13 26 NA 15 109 0 4 11 14 0 2 2 3 0 2 9 11 0 0 0 0 1 130
160 68 98 72 26 29 186 1651 111 7 67 1092 18.5 22 13 26 NA 14 111 0 4 10 15 0 2 2 3 0 2 8 12 0 0 0 0 1 134
161 82 96 72 24 29 180 1676 112 16 66 1101 19 20 15 26 NA 12 112 0 5 8 16 0 3 2 3 0 2 6 13 0 0 0 0 1 166
162 73 97 73 24 32 180 1696 103 11 70 1091 20 20.5 15 24 NA 15 103 0 6 9 17 0 3 2 4 0 3 7 13 0 0 0 0 0 150
163 84 97 74 23 32 181 1710 110 11 69 1083 20 20.5 16 23.5 NA 13 110 0 6 10 16 0 4 2 4 0 2 8 12 0 0 0 0 2 153
164 87 96 73 23 33 180 1697 122 10 68 1082 20 21 15 23.5 NA 12 122 0 8 9 16 0 6 2 3 0 2 7 13 0 0 0 0 2 137
165 62 101 75 26 35 185 1691 119 15 72 1081 19 21 15 23.5 NA 21 119 1 6 10 18 0 5 3 3 1 1 7 15 0 0 0 0 3 134
166 71 99 74 25 35 180 1688 121 12 70 1084 19 21 15 23.5 NA 11 121 1 4 12 18 0 4 4 3 1 0 8 15 0 0 0 0 1 140
167 79 100 74 26 36 178 1679 118 13 71 1077 19.5 18.5 14 23 NA 12 118 0 7 12 17 0 6 4 3 0 1 8 14 0 0 0 0 2 142
168 89 99 73 26 38 174 1677 110 12 70 1074 20 18.5 14.5 23.5 NA 11 110 0 7 13 18 0 6 4 4 0 1 9 14 0 0 0 0 2 139
169 72 99 75 24 39 177 1690 115 11 73 1086 21 19 14.5 23 NA 14 115 0 8 13 18 0 6 4 4 0 2 9 14 0 0 0 0 2 156
170 88 101 76 25 39 182 1675 115 10 75 1086 22 18 14 23.5 NA 17 115 1 8 12 18 1 6 4 4 0 2 8 14 0 0 0 0 2 136
171 74 99 74 25 40 180 1680 124 16 75 1084 22 19 14 24 NA 17 124 1 6 13 20 1 4 6 4 0 2 7 16 0 0 0 0 1 155
172 73 103 78 25 41 179 1681 99 10 76 1082 22 18 14 23.5 NA 10 99 2 6 13 20 1 4 6 4 1 2 7 16 0 0 0 0 3 130
173 78 103 79 24 40 176 1689 106 12 74 1082 22 18 14 22 NA 9 106 2 6 14 18 1 4 6 4 1 2 8 14 0 0 0 0 2 149
174 65 100 76 24 40 176 1693 104 8 72 1083 23.5 18 14 22 NA 11 104 2 5 13 20 1 3 6 5 1 2 7 15 0 0 0 0 0 131
175 76 99 75 24 39 186 1669 119 8 72 1071 24 18 14 22.5 NA 18 119 2 5 12 20 1 3 6 5 1 2 6 15 0 0 0 0 0 124
176 80 97 74 23 42 183 1690 116 14 70 1070 24 20 14 25 NA 20 116 2 5 14 21 1 3 6 5 1 2 8 16 0 0 0 0 1 170
177 67 97 74 23 40 182 1693 118 10 72 1072 24 20 14 24 NA 11 118 2 2 15 21 1 1 7 5 1 1 8 16 0 0 0 0 3 145
178 79 97 75 22 40 184 1679 123 11 70 1061 25 20 14 24 NA 16 123 2 3 14 21 1 1 6 6 1 2 8 15 0 0 0 0 1 141
179 82 97 75 22 38 182 1670 124 13 69 1054 24 20.5 13 25 NA 16 124 1 2 14 21 1 0 5 5 0 2 9 16 0 0 0 0 0 141
180 83 97 75 22 36 172 1695 112 14 68 1061 22 20.5 13 25 NA 8 112 1 2 11 22 1 0 5 5 0 2 6 17 0 0 0 0 2 164
181 67 98 75 23 36 178 1689 116 6 68 1056 22.5 20 13 24 NA 16 116 0 4 11 21 0 2 5 5 0 2 6 16 0 0 0 0 3 135
182 68 100 76 24 37 173 1712 116 14 71 1063 23 20 13 24 NA 11 116 0 4 11 22 0 2 6 5 0 2 5 17 0 0 0 0 1 162
183 86 100 76 24 36 176 1706 120 8 72 1064 23.5 20.5 13 24 NA 13 120 0 4 9 23 0 2 4 6 0 2 5 17 0 0 0 0 1 145
184 79 103 79 24 36 175 1696 103 12 74 1058 21 21.5 13 24 NA 13 103 0 4 10 22 0 2 4 5 0 2 6 17 0 0 0 0 3 132
185 64 107 83 24 37 176 1701 102 13 77 1067 20 22 13 24.5 NA 15 102 0 4 10 23 0 2 4 5 0 2 6 18 0 0 0 0 4 137
186 66 106 82 24 38 172 1711 109 16 76 1069 21 21.5 13 24 NA 13 109 1 5 9 23 0 2 3 4 1 3 6 19 0 0 0 0 1 139
187 72 104 80 24 38 173 1714 137 16 73 1075 22 21.5 13 23 NA 18 137 1 6 8 23 0 2 3 4 1 4 5 19 0 0 0 0 0 162
188 76 104 81 23 39 171 1699 138 16 72 1081 22 20 12.5 24 NA 13 138 2 6 7 24 1 2 3 4 1 4 4 20 0 0 0 0 1 149
189 83 106 82 24 41 169 1726 113 12 75 1080 22 22 12.5 24 NA 16 113 2 5 8 26 1 2 2 5 1 3 6 21 0 0 0 0 2 162
190 82 105 81 24 41 172 1722 123 13 77 1075 23 20 13 24 NA 16 123 2 6 7 26 1 3 2 5 1 3 5 21 0 0 0 0 0 150
191 93 102 81 21 42 175 1697 139 15 73 1066 22 20.5 13 23.5 NA 18 139 2 8 7 25 1 4 1 6 1 4 6 19 0 0 0 0 4 149
192 70 100 80 20 40 179 1678 130 12 73 1073 22 19.5 13 22 NA 17 130 3 6 9 22 2 2 3 6 1 4 6 16 0 0 0 0 0 138
193 83 98 78 20 38 178 1672 127 20 70 1073 21 20 12.5 22.5 NA 22 127 3 6 9 20 2 1 3 6 1 5 6 14 0 0 0 0 2 149
194 75 96 76 20 39 177 1665 112 10 69 1073 22 20 12.5 23 NA 13 112 2 5 11 21 2 1 3 6 0 4 8 15 0 0 0 0 0 136
195 73 98 78 20 41 174 1668 105 14 70 1066 23 21 12.5 24 NA 12 105 1 5 13 22 1 1 4 6 0 4 9 16 0 0 0 0 2 137
196 77 98 78 20 42 168 1664 107 12 74 1062 24 20.5 12.5 23.5 NA 9 107 1 5 13 23 1 1 4 6 0 4 9 17 0 0 0 0 0 134
197 69 97 77 20 45 169 1653 122 19 76 1066 25 21 12.5 24 NA 18 122 2 5 14 24 1 1 4 6 1 4 10 18 0 0 0 0 0 135
198 75 96 77 19 44 163 1646 108 10 76 1059 25.5 21 12.5 24 NA 9 108 2 5 13 24 1 1 4 6 1 4 9 18 0 0 0 0 0 134
199 63 98 80 18 43 172 1632 123 8 75 1059 22.5 21 12.5 25 NA 17 123 2 5 12 24 1 1 4 6 1 4 8 18 0 0 0 0 3 133
200 74 101 83 18 43 172 1627 118 10 75 1067 22 21 13 26.5 NA 12 118 2 4 13 24 1 1 5 6 1 3 8 18 0 0 0 0 3 136
201 84 97 80 17 42 174 1619 122 12 72 1070 22 20.5 13 26 NA 15 122 1 5 12 24 0 2 4 7 1 3 8 17 0 0 0 0 0 146
202 81 97 80 17 40 179 1634 104 9 70 1074 22 20.5 12.5 25.5 NA 15 104 1 5 12 22 0 2 4 6 1 3 8 16 0 0 0 0 2 143
203 72 95 78 17 39 188 1658 117 11 74 1081 23 20 12.5 26 NA 18 117 0 6 10 23 0 2 4 6 0 4 6 17 0 0 0 0 1 170
204 78 95 77 18 38 182 1682 107 14 73 1091 24 20.5 12.5 26.5 NA 11 107 0 4 9 25 0 2 2 8 0 2 7 17 0 0 0 0 1 153
205 75 91 73 18 37 184 1684 141 10 70 1099 25 20 12 26.5 NA 14 141 0 3 9 25 0 2 1 8 0 1 8 17 0 0 0 0 2 170
206 68 94 75 19 35 192 1662 134 6 68 1102 25 21 13 26.5 NA 17 134 0 2 8 25 0 2 1 6 0 0 7 19 0 0 0 0 1 135
207 73 94 75 19 35 195 1665 117 9 68 1091 25.5 21 13 26.5 NA 14 117 0 1 9 25 0 1 1 7 0 0 8 18 0 0 0 0 1 146
208 76 98 79 19 35 197 1649 130 12 69 1092 24.5 21 13 26.5 NA 15 130 0 1 8 26 0 1 1 7 0 0 7 19 0 0 0 0 2 147
209 69 97 77 20 32 195 1635 138 16 67 1093 25 20 13 21 NA 17 138 0 1 7 24 0 1 1 7 0 0 6 17 0 0 0 0 1 147
210 66 99 78 21 35 202 1654 121 13 67 1093 26 20 13 21 NA 19 121 0 4 7 24 0 2 1 7 0 2 6 17 0 0 0 0 3 163
211 74 99 78 21 35 193 1659 111 14 70 1095 26 20 13 21 NA 10 111 0 5 6 24 0 3 1 7 0 2 5 17 0 0 0 0 0 148
212 89 102 81 21 38 181 1677 97 18 74 1094 26 19.5 13 21 NA 9 97 2 6 5 25 1 3 1 7 1 3 4 18 0 0 0 0 1 148
213 93 98 78 20 35 182 1693 121 8 71 1091 25 20 13 21 NA 13 121 2 5 4 24 1 2 2 6 1 3 2 18 0 0 0 0 0 164
214 75 100 80 20 36 194 1720 109 6 74 1082 26 19.5 14 21 NA 21 109 1 7 3 25 0 4 2 6 1 3 1 19 0 0 0 0 2 170
215 76 102 82 20 39 188 1730 105 11 74 1079 26 20 13 21 NA 11 105 2 6 5 26 1 3 3 6 1 3 2 20 0 0 0 0 2 144
216 95 101 81 20 40 180 1743 125 12 73 1080 25 20 13 21 NA 8 125 2 6 4 28 1 3 3 6 1 3 1 22 0 0 0 0 0 172
217 94 102 83 19 40 184 1745 117 9 74 1075 26 20 13 21 NA 16 117 2 5 6 27 1 2 4 6 1 3 2 21 0 0 0 0 1 149
218 86 103 84 19 40 188 1724 124 14 75 1078 22 20 13 21 NA 20 124 1 6 6 27 0 3 4 6 1 3 2 21 0 0 0 0 3 143
219 80 104 85 19 40 184 1742 112 15 72 1078 20 20 13 26 NA 15 112 1 6 6 27 0 3 3 7 1 3 3 20 0 0 0 0 3 156
220 74 108 87 21 39 188 1733 125 10 75 1078 20 20 13 26.5 NA 14 125 0 6 7 26 0 3 3 7 0 3 4 19 0 0 0 0 3 147
221 79 107 86 21 39 189 1750 114 9 75 1082 21 20 14 27 NA 12 114 0 6 6 27 0 4 3 7 0 2 3 20 0 0 0 0 0 155
222 70 107 86 21 42 187 1766 121 8 77 1077 22 20 13 26 NA 8 121 1 8 6 27 1 4 3 7 0 4 3 20 0 0 0 0 2 163
223 86 108 87 21 41 197 1754 138 7 76 1075 21.5 20 13 24.5 NA 21 138 1 7 8 25 1 3 4 7 0 4 4 18 0 0 0 0 3 157
224 83 107 86 21 42 193 1765 134 12 78 1082 23 20 13 23 NA 14 134 2 5 10 25 1 2 5 7 1 3 5 18 0 0 0 0 0 179
225 75 108 88 20 47 192 1777 123 19 77 1088 23 19 13 21 NA 18 123 2 11 9 25 1 2 4 8 1 9 5 17 0 0 0 0 0 161
226 97 111 91 20 49 183 1775 98 12 78 1074 23 20 13 21 NA 12 98 1 11 11 26 1 1 5 8 0 10 6 18 0 0 0 0 3 135
227 65 107 88 19 47 172 1790 115 16 76 1078 23 20 13 21 NA 7 115 1 11 9 26 1 1 4 7 0 10 5 19 0 0 0 0 0 158
228 60 110 90 20 48 173 1794 120 16 77 1086 22 20 13 21 NA 22 120 1 11 11 25 1 1 4 7 0 10 7 18 0 0 0 0 2 146
229 87 109 89 20 48 176 1764 125 10 77 1079 23 20 13 21 NA 18 125 1 10 11 26 1 1 3 8 0 9 8 18 0 0 0 0 1 118
230 87 109 89 20 47 188 1742 108 7 80 1058 24 19 13 20 NA 18 108 2 5 16 24 2 0 4 8 0 5 12 16 0 0 0 0 2 125
231 82 106 86 20 48 185 1734 111 14 80 1050 24 19.5 13 20 NA 15 111 1 7 17 23 1 1 4 7 0 6 13 16 0 0 0 0 2 138
232 90 108 88 20 49 186 1701 127 19 85 1042 24 19 13 20 NA 23 127 0 7 18 24 0 3 4 7 0 4 14 17 0 0 0 0 1 128
233 76 108 87 21 49 183 1710 114 15 84 1044 25 20 13 21 NA 13 114 0 7 17 25 0 3 4 7 0 4 13 18 0 0 0 0 1 152
234 83 108 87 21 49 185 1682 126 9 84 1041 24 19 13 20 NA 12 126 0 8 18 23 0 2 5 7 0 6 13 16 0 0 0 0 1 131
235 80 106 85 21 49 189 1693 109 10 85 1043 25 19 13 20 NA 15 109 0 9 15 25 0 2 4 8 0 7 11 17 0 0 0 0 0 146
236 99 109 87 22 49 182 1685 114 14 82 1035 24 19 13 20 NA 10 114 0 9 13 27 0 2 3 9 0 7 10 18 0 0 0 0 3 138
237 79 111 86 25 47 185 1679 113 9 83 1033 23 19 13 20 NA 14 113 0 8 14 25 0 2 3 8 0 6 11 17 0 0 0 0 1 139
238 87 108 82 26 48 190 1674 114 12 81 1031 24 19 13 20 NA 19 114 0 6 15 27 0 2 2 9 0 4 13 18 0 0 0 0 0 140
239 87 108 79 29 45 177 1675 119 14 77 1029 22.5 19 13 20 NA 6 119 0 6 13 26 0 2 2 8 0 4 11 18 0 0 0 0 1 153
240 72 108 79 29 44 177 1700 111 10 77 1036 22 19.5 13 21 NA 13 111 1 5 12 26 1 2 2 8 0 3 10 18 0 0 0 0 2 160
241 76 103 76 27 44 174 1710 105 14 75 1034 23 18 13 20 NA 12 105 1 7 11 25 1 3 2 8 0 4 9 17 0 0 0 0 0 143
242 66 102 76 26 42 177 1725 113 10 74 1027 24 17 13 20 NA 14 113 2 7 7 26 1 3 1 7 1 4 6 19 0 0 0 0 2 152
243 77 102 75 27 41 177 1724 125 15 75 1030 24 17 13 20 NA 16 125 1 6 10 24 1 2 2 6 0 4 8 18 0 0 0 0 2 153
244 85 101 75 26 43 182 1730 111 6 75 1024 25 17 13 20 NA 15 111 1 5 12 25 1 2 3 6 0 3 9 19 0 0 0 0 0 146
245 93 102 78 24 44 178 1736 112 11 75 1022 26 17 13 20 NA 10 112 2 6 12 24 2 3 3 5 0 3 9 19 0 0 0 0 2 150
246 71 104 81 23 43 172 1740 111 15 76 1024 26 17 13 20 NA 13 111 2 5 11 25 2 3 2 6 0 2 9 19 0 0 0 0 2 140
247 58 107 82 25 45 171 1732 113 13 75 1029 27 17 13 20 NA 14 113 3 6 12 24 3 4 2 5 0 2 10 19 0 0 0 0 4 129
248 60 109 81 28 47 175 1732 131 15 80 1035 25 17 13 20 NA 21 131 3 7 12 25 3 4 2 4 0 3 10 21 0 0 0 0 1 154
249 64 108 82 26 48 166 1742 110 18 83 1034 26 17 13 20 NA 10 110 1 9 12 26 1 5 3 4 0 4 9 22 0 0 0 0 0 147
250 75 109 82 27 47 164 1729 121 10 82 1046 27 17 13 20.5 NA 10 121 1 7 13 26 1 4 4 4 0 3 9 22 0 0 0 0 1 129
251 67 107 81 26 46 170 1732 127 7 81 1050 26 17 13 20 NA 14 127 1 7 13 25 1 4 4 4 0 3 9 21 0 0 0 0 1 153
252 56 106 81 25 46 168 1778 99 13 81 1057 26.5 19 13 21 NA 12 99 0 7 13 26 0 4 5 4 0 3 8 22 0 0 0 0 1 162
253 56 104 79 25 49 171 1776 124 11 79 1062 27.5 19 13 22.5 NA 17 124 1 7 16 25 0 4 5 4 1 3 11 21 0 0 0 0 1 143
254 64 106 81 25 49 174 1762 117 11 82 1070 28 19 13 22.5 NA 15 117 1 6 15 27 0 3 6 4 1 3 9 23 0 0 0 0 3 129
255 73 107 80 27 47 174 1786 106 8 79 1076 27 19 13 22.5 NA 9 106 1 5 13 28 0 3 5 5 1 2 8 23 0 0 0 0 2 149
256 62 108 82 26 46 180 1801 105 11 79 1082 27 19 13 22 NA 18 105 1 5 11 29 0 3 4 6 1 2 7 23 0 0 0 0 2 136
257 80 106 79 27 47 183 1769 140 12 77 1080 26.5 19 13 22.5 NA 15 140 1 5 13 28 0 3 4 6 1 2 9 22 0 0 0 0 2 148
258 75 106 79 27 48 185 1766 114 10 78 1086 27 19 13 23 NA 13 114 2 5 12 29 1 3 4 5 1 2 8 24 0 0 0 0 0 138
259 93 100 74 26 46 179 1745 123 15 76 1083 25.5 19 13 23 NA 12 123 2 5 10 29 1 3 4 5 1 2 6 24 0 0 0 0 0 143
260 69 99 73 26 46 175 1743 122 11 76 1085 26 19 11.5 23 NA 11 122 2 5 11 28 2 3 4 5 0 2 7 23 0 0 0 0 1 142
261 93 97 72 25 46 169 1762 95 16 75 1076 25 19 11.5 23 NA 11 95 3 3 11 29 2 1 5 6 1 2 6 23 0 0 0 0 1 147
262 88 98 71 27 47 179 1749 123 12 74 1068 26 19 11.5 23 NA 25 123 3 3 10 31 2 1 4 7 1 2 6 24 0 0 0 0 2 142
263 71 96 70 26 47 174 1763 104 13 74 1074 27 19 11.5 23 NA 12 104 2 3 12 30 1 2 4 7 1 1 8 23 0 0 0 0 1 143
264 71 97 71 26 47 169 1757 116 16 73 1067 27 20 13 23.5 NA 12 116 1 4 11 31 1 1 4 7 0 3 7 24 0 0 0 0 2 142
265 72 95 69 26 44 169 1765 118 12 70 1067 28 20 11.5 23.5 NA 15 118 1 4 11 28 1 1 4 6 0 3 7 22 0 0 0 0 1 148
266 70 93 67 26 45 173 1781 122 13 68 1069 29 20 11.5 23 NA 20 122 0 5 10 30 0 2 3 7 0 3 7 23 0 0 0 0 1 164
267 74 94 68 26 45 178 1795 106 8 71 1076 27.5 20 11.5 23 NA 16 106 0 6 9 30 0 2 3 7 0 4 6 23 0 0 0 0 2 144
268 80 97 70 27 46 183 1801 131 9 73 1081 26 20 12 24 NA 17 131 0 7 9 30 0 3 3 7 0 4 6 23 0 0 0 0 2 168
269 49 99 72 27 48 177 1817 118 16 75 1077 24 20 12 24 NA 12 118 1 7 10 30 0 3 3 7 1 4 7 23 0 0 0 0 1 158
270 68 96 69 27 49 178 1810 134 12 73 1073 25 20 12.5 24 NA 15 134 1 6 11 31 0 4 3 7 1 2 8 24 0 0 0 0 0 153
271 67 99 74 25 47 178 1803 128 11 71 1079 24 20 13 24 NA 12 128 1 6 10 30 0 4 2 7 1 2 8 23 0 0 0 0 3 151
272 78 100 77 23 47 185 1756 153 13 71 1085 24.5 20 13 24 NA 24 153 2 5 11 29 1 4 3 7 1 1 8 22 0 0 0 0 1 140
273 78 98 76 22 46 189 1738 121 8 70 1081 25 21 13.5 24 NA 14 121 2 5 9 30 1 4 3 6 1 1 6 24 0 0 0 0 0 144
274 73 98 75 23 46 190 1731 128 17 68 1088 23.5 21.5 13.5 24.5 NA 19 128 2 6 10 28 1 4 3 6 1 2 7 22 0 0 0 0 2 146
275 65 93 73 20 44 181 1757 99 17 63 1100 23 21 13 24 NA 11 99 2 7 10 25 1 3 4 5 1 4 6 20 0 0 0 0 0 142
276 74 91 71 20 40 176 1777 103 11 62 1096 22 21.5 11.5 24.5 NA 10 103 2 5 10 23 1 2 3 4 1 3 7 19 0 0 0 0 1 142
277 69 88 68 20 36 174 1801 112 15 60 1096 22 21 9 24 NA 16 112 2 4 11 19 1 2 3 3 1 2 8 16 0 0 0 0 1 156
278 86 87 70 17 35 174 1774 130 9 60 1097 22 21 9 24 NA 15 130 2 3 10 20 1 1 3 3 1 2 7 17 0 0 0 0 1 135
279 77 86 69 17 32 168 1776 126 10 57 1101 20 20.5 9 23 NA 11 126 1 5 9 17 0 3 3 2 1 2 6 15 0 0 0 0 4 155
280 89 85 68 17 32 171 1759 115 13 58 1089 20 21.5 9 24 NA 16 115 1 3 11 17 0 2 5 2 1 1 6 15 0 0 0 0 0 133
281 72 84 68 16 32 172 1730 145 15 55 1089 20.5 20.5 11.5 23 NA 19 145 1 3 10 18 0 2 6 2 1 1 4 16 0 0 0 0 1 148
282 73 83 67 16 31 166 1739 99 10 52 1085 19 20 11.5 24 NA 8 99 1 3 8 19 0 2 6 2 1 1 2 17 0 0 0 0 2 134
283 81 86 70 16 31 162 1732 111 14 57 1085 19 20 14 22.5 NA 14 111 1 3 8 19 0 2 6 3 1 1 2 16 0 0 0 0 3 140
284 82 88 72 16 30 173 1701 132 6 58 1085 18.5 17.5 14 20 NA 19 132 1 4 7 18 0 2 6 3 1 2 1 15 0 0 0 0 0 135
285 90 86 71 15 29 167 1691 115 13 55 1072 18 19 15 20 NA 12 115 1 4 7 17 0 2 6 2 1 2 1 15 0 0 0 0 0 133
286 67 87 71 16 29 168 1705 123 9 56 1077 18 19 16 19.5 NA 11 123 0 6 7 16 0 3 6 2 0 3 1 14 0 0 0 0 0 161
287 69 87 71 16 26 174 1676 130 12 54 1080 16 19 16 20 NA 19 130 0 5 7 14 0 3 5 3 0 2 2 11 0 0 0 0 2 125
288 73 88 72 16 24 177 1688 114 6 54 1078 17 19.5 16 21 NA 13 114 0 5 5 14 0 3 4 4 0 2 1 10 0 0 0 0 2 144
289 61 89 73 16 25 173 1683 126 10 57 1090 18 20 16 23 NA 7 126 0 3 8 14 0 2 5 4 0 1 3 10 0 0 0 0 2 143
290 67 88 72 16 25 169 1689 126 13 58 1093 18 20 16 23 NA 10 126 0 4 8 13 0 3 4 4 0 1 4 9 0 0 0 0 1 153
291 73 89 72 17 28 175 1657 132 11 61 1100 19 19.5 15 23 NA 19 132 0 4 11 13 0 2 6 4 0 2 5 9 0 0 0 0 1 125
292 60 89 72 17 27 183 1678 113 4 60 1103 20 20 14 23 NA 12 113 0 4 8 15 0 2 4 5 0 2 4 10 0 0 0 0 1 155
293 77 92 73 19 27 192 1683 125 6 62 1112 18.5 20 14 23 NA 16 125 0 4 6 17 0 2 2 7 0 2 4 10 0 0 0 0 3 166
294 76 93 74 19 26 194 1687 111 6 62 1117 18 20.5 14 25 NA 10 111 0 4 6 16 0 2 2 7 0 2 4 9 0 0 0 0 2 141
295 77 93 75 18 28 194 1683 114 12 65 1112 19 20.5 13 26 NA 14 114 0 5 6 17 0 3 2 7 0 2 4 10 0 0 0 0 1 137
296 73 94 76 18 29 194 1696 127 15 69 1116 20 21 13 27 NA 17 127 0 5 6 18 0 3 2 7 0 2 4 11 0 0 0 0 1 170
297 77 94 77 17 30 196 1720 115 14 69 1125 21 21.5 14 26 NA 17 115 0 5 7 18 0 2 2 7 0 3 5 11 0 0 0 0 0 164
298 91 99 81 18 32 197 1702 127 14 71 1116 21 20.5 16.5 25.5 NA 15 127 0 6 7 19 0 3 2 7 0 3 5 12 0 0 0 0 3 149
299 67 99 81 18 33 193 1708 116 17 70 1118 20 21 16.5 26 NA 17 116 1 5 8 19 0 3 3 6 1 2 5 13 0 0 0 0 0 156
300 65 99 80 19 35 190 1745 103 16 71 1126 21 21 16.5 25 NA 12 103 1 6 9 19 0 3 3 6 1 3 6 13 0 0 0 0 1 162
301 58 99 81 18 37 193 1786 111 8 72 1136 22 21 16.5 24 NA 12 111 1 7 9 20 0 3 3 6 1 4 6 14 0 0 0 0 1 172
302 89 100 81 19 37 199 1798 125 12 72 1131 23 22 19 24.5 NA 19 125 1 6 10 20 0 2 4 5 1 4 6 15 0 0 0 0 2 165
303 75 100 80 20 34 199 1780 125 17 69 1135 21 24.5 19 26 NA 17 125 1 4 11 18 0 1 3 5 1 3 8 13 0 0 0 0 3 141
304 83 100 82 18 34 202 1773 120 11 70 1137 21.5 24 19 25 NA 16 120 0 6 11 17 0 1 3 5 0 5 8 12 0 0 0 0 1 143
305 85 101 82 19 34 197 1751 116 15 73 1122 22 24 19 25 NA 15 116 0 5 13 16 0 1 3 5 0 4 10 11 0 0 0 0 0 121
306 74 99 81 18 36 205 1739 131 11 73 1128 23 24.5 19 26 NA 20 131 0 5 14 17 0 1 3 5 0 4 11 12 0 0 0 0 2 148
307 84 99 82 17 38 205 1755 124 14 73 1122 24 24 19 25 NA 20 124 1 5 12 20 0 0 4 5 1 5 8 15 0 0 0 0 2 168
308 81 97 80 17 37 202 1747 113 12 72 1129 25 24 19 25 NA 13 113 1 4 11 21 0 0 4 5 1 4 7 16 0 0 0 0 0 138
309 77 95 78 17 37 204 1706 137 15 72 1125 26 23 19 24 NA 18 137 1 5 11 20 0 0 4 5 1 5 7 15 0 0 0 0 0 129
310 80 93 77 16 39 200 1690 127 13 75 1114 27 23 15.5 24 NA 10 127 2 5 11 21 1 0 3 6 1 5 8 15 0 0 0 0 0 148
311 71 89 74 15 40 193 1702 119 16 73 1118 26 23.5 16 24 NA 13 119 2 5 12 21 1 0 3 6 1 5 9 15 0 0 0 0 1 154
312 65 87 73 14 42 190 1726 114 12 71 1116 26 24 24 24 NA 13 114 2 5 14 21 1 0 5 5 1 5 9 16 0 0 0 0 1 160
313 68 87 71 16 44 185 1728 120 17 72 1123 27 24 24 24 NA 14 120 2 5 13 24 1 0 5 5 1 5 8 19 0 0 0 0 0 151
314 68 86 70 16 43 185 1743 109 8 71 1120 27.5 24 22 24 NA 12 109 2 4 14 23 1 0 4 5 1 4 10 18 0 0 0 0 0 151
315 72 87 69 18 42 190 1717 142 8 74 1120 28 24 24 24 NA 13 142 1 5 12 24 1 0 3 5 0 5 9 19 0 0 0 0 1 145
316 80 86 67 19 42 189 1704 118 10 73 1110 28 24 24 24 NA 11 118 1 3 15 23 1 0 3 5 0 3 12 18 0 0 0 0 2 127
317 70 85 68 17 41 188 1709 124 9 72 1111 28 24 22 24 NA 13 124 0 4 15 22 0 1 3 4 0 3 12 18 0 0 0 0 1 155
318 81 82 67 15 40 198 1706 129 6 71 1116 28.5 24 22 24 NA 17 129 0 4 13 23 0 1 3 4 0 3 10 19 0 0 0 0 0 154
319 75 84 70 14 40 209 1696 132 6 71 1122 28 24 22 24 NA 18 132 0 3 13 24 0 1 2 5 0 2 11 19 0 0 0 0 1 155
320 76 85 71 14 41 202 1706 118 12 69 1123 28 24 22 24 NA 11 118 0 4 12 25 0 1 2 5 0 3 10 20 0 0 0 0 3 147
321 75 87 73 14 43 197 1741 107 13 69 1140 28 23 22 23 NA 13 107 0 6 11 26 0 1 2 5 0 5 9 21 0 0 0 0 2 169
322 73 86 71 15 43 193 1747 128 15 65 1152 28.5 24 22 24 NA 15 128 0 3 12 28 0 1 2 5 0 2 10 23 0 0 0 0 2 162
323 85 83 68 15 41 183 1777 99 15 62 1140 29 24 20 24 NA 7 99 0 2 12 27 0 1 1 5 0 1 11 22 0 0 0 0 0 157
324 76 83 68 15 44 194 1752 136 11 62 1135 30 24 22 24.5 NA 22 136 0 2 12 30 0 1 0 7 0 1 12 23 0 0 0 0 0 137
325 89 87 72 15 43 193 1744 115 10 63 1139 29 24 22 25 NA 14 115 0 2 10 31 0 1 0 7 0 1 10 24 0 0 0 0 1 144
326 60 89 73 16 42 197 1739 125 12 62 1140 29 24.5 24 25 NA 18 125 0 2 9 31 0 1 0 6 0 1 9 25 0 0 0 0 2 137
327 85 92 76 16 42 194 1709 130 9 64 1133 29 24.5 24 25 NA 9 130 0 2 9 31 0 1 0 6 0 1 9 25 0 0 0 0 1 140
328 72 94 79 15 43 195 1698 118 12 64 1138 29.5 25 24 25.5 NA 14 118 0 3 8 32 0 1 0 6 0 2 8 26 0 0 0 0 2 142
329 71 95 79 16 43 191 1701 118 11 64 1140 30 25 25 25 NA 11 118 0 2 10 31 0 0 2 6 0 2 8 25 0 0 0 0 3 140
330 75 94 78 16 44 192 1718 106 12 63 1148 30 24.5 24 25 NA 13 106 0 2 9 33 0 1 2 6 0 1 7 27 0 0 0 0 2 152
331 82 94 77 17 42 202 1698 139 4 64 1141 28 24.5 19 25.5 NA 19 139 0 1 9 32 0 1 2 5 0 0 7 27 0 0 0 0 1 148
332 84 91 76 15 40 195 1680 109 13 63 1131 28 25.5 19 26 NA 8 109 0 1 10 29 0 1 2 5 0 0 8 24 0 0 0 0 2 134
333 76 92 76 16 39 188 1694 108 17 61 1136 27.5 26 24 26 NA 11 108 0 1 10 28 0 1 3 5 0 0 7 23 0 0 0 0 1 153
334 78 88 72 16 37 195 1703 111 5 60 1126 27.5 25 24 25.5 NA 18 111 0 1 8 28 0 1 3 5 0 0 5 23 0 0 0 0 0 151
335 75 91 74 17 39 189 1736 91 17 60 1135 22 24 24 24.5 NA 11 91 0 3 5 31 0 1 3 5 0 2 2 26 0 0 0 0 2 161
336 87 93 75 18 39 188 1730 120 9 59 1135 21 24 14 24.5 NA 12 120 0 4 5 30 0 2 3 4 0 2 2 26 0 0 0 0 3 144
337 73 91 73 18 38 183 1729 120 15 62 1143 21 24 14 25 NA 13 120 0 4 4 30 0 2 2 5 0 2 2 25 0 0 0 0 0 148
338 81 87 69 18 37 183 1722 138 9 60 1144 23 24 14 26 NA 12 138 0 4 4 29 0 4 2 4 0 0 2 25 0 0 0 0 1 159
339 73 87 68 19 35 179 1741 110 13 59 1131 23 23 14 25.5 NA 13 110 0 4 3 28 0 4 1 4 0 0 2 24 0 0 0 0 3 163
340 71 86 68 18 32 186 1707 138 8 59 1128 21 23.5 14 26 NA 17 138 0 3 4 25 0 3 2 4 0 0 2 21 0 0 0 0 3 140
341 77 85 68 17 31 190 1671 133 13 60 1120 21 24 14 26 NA 17 133 0 4 3 24 0 3 1 4 0 1 2 20 0 0 0 0 0 130
342 77 87 70 17 30 202 1683 121 9 60 1128 20 24 14 26.5 NA 23 121 0 4 2 24 0 3 1 4 0 1 1 20 0 0 0 0 2 159
343 62 89 72 17 34 200 1693 100 13 62 1121 21 23 14 25.5 NA 11 100 2 4 3 25 1 2 3 4 1 2 0 21 0 0 0 0 1 133
344 100 87 71 16 34 194 1689 111 15 61 1118 19 24 14 26.5 NA 12 111 1 6 3 24 1 2 3 4 0 4 0 20 0 0 0 0 1 142
345 88 90 73 17 34 203 1667 138 12 63 1130 19.5 22 14 25.5 NA 23 138 1 7 3 23 1 2 3 4 0 5 0 19 0 0 0 0 2 153
346 72 89 71 18 34 200 1707 97 11 60 1136 19 24 14 26 NA 12 97 1 6 5 22 1 1 5 4 0 5 0 18 0 0 0 0 1 166
347 67 91 70 21 33 201 1690 124 12 62 1135 19 24 14 25.5 NA 14 124 1 6 5 21 1 1 5 4 0 5 0 17 0 0 0 0 1 134
348 73 97 76 21 34 205 1697 106 9 65 1135 19 21.5 16 26 NA 15 106 0 8 6 20 0 3 5 4 0 5 1 16 0 0 0 0 3 140
349 77 95 74 21 34 207 1646 157 12 62 1133 19 21.5 16 26 NA 17 157 0 7 8 19 0 3 6 4 0 4 2 15 0 0 0 0 1 143
350 80 97 75 22 34 205 1628 118 11 62 1128 19 21.5 16 26 NA 11 118 0 7 8 19 0 3 6 4 0 4 2 15 0 0 0 0 3 138
351 70 96 75 21 36 204 1666 115 17 63 1130 19.5 18.5 16 26 NA 18 115 1 8 7 20 0 3 5 5 1 5 2 15 0 0 0 0 1 177
352 78 98 74 24 36 205 1670 121 16 66 1129 19.5 17.5 16 24 NA 18 121 0 8 7 21 0 3 3 7 0 5 4 14 0 0 0 0 0 167
353 68 100 77 23 37 204 1688 105 15 64 1120 19 18 17 24 NA 14 105 1 8 8 20 1 4 3 6 0 4 5 14 0 0 0 0 2 145
354 74 100 75 25 38 198 1709 92 11 66 1116 19 18 17 25 NA 10 92 1 7 10 20 1 3 4 6 0 4 6 14 0 0 0 0 0 141
355 80 95 72 23 37 194 1678 142 10 65 1112 22 18 18 25 NA 11 142 1 7 9 20 1 3 3 6 0 4 6 14 0 0 0 0 0 144
356 73 96 73 23 35 189 1693 115 11 63 1115 20 18 18 20.5 NA 9 115 1 6 10 18 1 3 3 6 0 3 7 12 0 0 0 0 2 153
357 79 93 70 23 33 187 1696 117 8 63 1117 21 18 17 24 NA 9 117 0 5 11 17 0 3 4 5 0 2 7 12 0 0 0 0 0 154
358 73 95 72 23 32 184 1686 128 12 62 1124 20 17.5 16 20.5 NA 11 128 1 5 8 18 1 3 2 6 0 2 6 12 0 0 0 0 2 152
359 90 97 74 23 32 181 1695 123 16 65 1120 19 17.5 16 20.5 NA 19 123 1 3 11 17 1 2 3 6 0 1 8 11 0 0 0 0 3 159
360 84 98 75 23 34 180 1680 121 10 68 1123 18 18 18 24 NA 13 121 0 3 14 17 0 3 4 6 0 0 10 11 0 0 0 0 2 141
