1 75 112 85 27 22 16 1859 102 48 87 457 25.5 28 5 29 NA 16 102 0 2 2 18 0 1 0 0 0 1 2 18 0 0 0 0
2 75 111 84 27 21 39 1822 153 46 86 782 26 26 15.5 27 NA 24 153 0 2 3 16 0 1 1 0 0 1 2 16 0 0 0 0
3 66 112 85 27 29 52 1770 177 59 87 1077 27 29 27.5 29 17 27 177 1 3 8 17 1 2 4 1 0 1 4 15 0 0 0 1
4 64 112 86 26 31 75 1748 184 62 86 1308 28 29 26 32 17 29 184 1 4 9 17 1 2 5 1 0 2 4 15 0 0 0 1
5 82 110 83 27 33 89 1675 202 76 84 1495 27 29 27.5 32.5 17 31 202 1 4 9 19 1 2 5 2 0 2 4 16 0 0 0 1
6 73 111 82 29 38 105 1637 211 85 83 1634 27 29.5 26 33 17 27 211 1 6 10 21 1 4 6 3 0 2 4 17 0 0 0 1
7 55 112 82 30 44 123 1615 200 106 87 1794 28 29.5 27 33 17 41 200 3 4 13 24 2 4 7 5 1 0 6 18 0 0 0 1
8 78 109 80 29 45 136 1583 200 120 84 1909 29 30 29 33 17 31 200 3 4 12 26 2 4 7 8 1 0 5 17 0 0 0 1
9 67 111 83 28 49 142 1570 202 139 83 2004 29 29 28.5 33 17 27 202 4 4 14 27 3 3 10 8 1 1 4 18 0 0 0 1
10 86 114 84 30 53 151 1518 222 155 84 2061 27.5 29 28.5 33 17 28 222 4 5 12 32 3 4 10 11 1 1 2 20 0 0 0 1
11 70 114 84 30 57 146 1506 216 173 84 2124 28 29 28.5 33 17 20 216 4 6 14 33 3 5 12 12 1 1 2 20 0 0 0 1
12 78 109 79 30 55 154 1504 206 184 81 2204 28 29 27 33 17 31 206 3 7 14 31 3 6 11 12 0 1 3 18 0 0 0 1
13 82 109 79 30 55 159 1484 231 192 82 2276 28 29 28.5 32.5 17 23 231 1 8 16 30 1 7 13 13 0 1 3 16 0 0 0 1
14 74 110 80 30 56 168 1511 233 212 82 2342 28.5 28.5 28 30.5 17 36 233 1 9 17 29 1 7 14 13 0 2 3 15 0 0 0 1
15 63 107 78 29 57 172 1498 228 217 80 2385 28 28 27 30.5 17 21 228 1 9 14 33 1 7 11 17 0 2 3 15 0 0 0 1
16 62 101 74 27 53 174 1549 198 227 76 2447 27 28 28 28 NA 22 198 1 8 11 33 1 6 9 21 0 2 2 12 0 0 0 0
17 79 101 75 26 54 177 1547 216 239 76 2490 27 26.5 26 27 NA 21 216 1 9 12 32 1 7 10 21 0 2 2 11 0 0 0 0
18 85 98 75 23 52 184 1514 238 248 74 2531 25.5 28 29 24 NA 31 238 1 8 13 30 1 6 11 20 0 2 2 10 0 0 0 0
19 76 101 78 23 50 189 1501 223 262 74 2560 24 28 29 24 NA 29 223 1 6 12 31 1 5 10 20 0 1 2 11 0 0 0 0
20 72 96 74 22 49 186 1522 195 269 71 2583 25 27 29 24 NA 16 195 1 5 12 31 1 4 10 20 0 1 2 11 0 0 0 0
21 77 94 71 23 46 184 1534 201 278 70 2612 25.5 29 29.5 24 NA 22 201 0 6 10 30 0 5 8 19 0 1 2 11 0 0 0 0
22 88 97 73 24 51 183 1512 214 298 74 2632 25 27 29 24 NA 26 214 0 8 12 31 0 7 10 20 0 1 2 11 0 0 0 0
23 60 100 76 24 51 194 1490 256 315 73 2660 24.5 27 28 21 NA 35 256 1 9 11 30 1 8 9 20 0 1 2 10 0 0 0 0
24 74 107 83 24 53 203 1491 246 332 72 2689 23 27 28 21 NA 31 246 1 9 11 32 1 9 9 21 0 0 2 11 0 0 0 0
25 70 111 87 24 56 199 1495 231 356 73 2732 21 26 26 21 NA 27 231 2 9 13 32 2 9 11 21 0 0 2 11 0 0 0 0
26 62 113 89 24 56 196 1529 203 371 75 2755 21 26 26 21 NA 17 203 2 9 12 33 2 9 10 22 0 0 2 11 0 0 0 0
27 54 113 89 24 58 196 1524 230 385 74 2780 22 26 26 24 NA 21 230 3 8 13 34 3 8 10 23 0 0 3 11 0 0 0 0
28 66 112 88 24 61 207 1517 240 401 73 2797 22.5 25 25 24 NA 36 240 6 7 14 34 6 7 11 23 0 0 3 11 0 0 0 0
29 76 112 88 24 61 202 1475 238 418 74 2794 23.5 25 25 24 NA 19 238 6 6 14 35 6 6 11 24 0 0 3 11 0 0 0 0
30 70 110 86 24 58 200 1482 231 429 72 2803 23 24.5 25 21 NA 23 231 5 6 13 34 5 6 10 24 0 0 3 10 0 0 0 0
31 72 111 86 25 56 208 1465 237 439 73 2828 23 25.5 26 21 NA 34 237 4 6 11 35 4 6 9 24 0 0 2 11 0 0 0 0
32 71 111 87 24 55 216 1474 230 446 73 2837 24 26 26 21 NA 33 230 3 6 11 35 3 6 9 24 0 0 2 11 0 0 0 0
33 69 111 86 25 59 214 1484 222 465 78 2832 25 25 25 23.5 NA 23 222 4 7 13 35 4 7 10 24 0 0 3 11 0 0 0 0
34 84 115 90 25 58 221 1510 210 469 79 2826 24 25.5 25 26 NA 25 210 4 5 13 36 4 5 10 26 0 0 3 10 0 0 0 0
35 61 117 91 26 60 230 1517 240 480 84 2847 24 24.5 24 26 NA 27 240 4 7 12 37 4 7 10 26 0 0 2 11 0 0 0 0
36 74 121 94 27 61 231 1496 253 487 88 2855 22 21 20 23.5 NA 31 253 1 13 10 37 1 13 9 26 0 0 1 11 0 0 0 0
37 88 122 95 27 64 231 1468 225 498 90 2843 20 22 21.5 23.5 NA 24 225 1 14 10 39 1 14 9 28 0 0 1 11 0 0 0 0
38 82 117 91 26 59 225 1494 193 505 85 2834 19 21 19.5 26 NA 27 193 1 14 10 34 1 14 9 24 0 0 1 10 0 0 0 0
39 75 118 89 29 58 226 1525 214 509 83 2846 19.5 20 18 26 NA 21 214 2 14 9 33 2 14 8 23 0 0 1 10 0 0 0 0
40 73 115 86 29 58 214 1536 217 516 80 2847 20 20 18 26 NA 18 217 2 14 10 32 2 14 9 22 0 0 1 10 0 0 0 0
41 75 115 86 29 57 219 1551 221 520 80 2880 20 20 17 26 NA 26 221 2 13 10 32 2 13 9 22 0 0 1 10 0 0 0 0
42 73 115 87 28 59 226 1558 206 522 82 2888 21 20 17 26 NA 24 206 3 12 11 33 3 12 10 23 0 0 1 10 0 0 0 0
43 79 113 84 29 59 222 1553 253 538 83 2898 22 20 17 26 NA 28 253 2 12 11 34 2 12 11 23 0 0 0 11 0 0 0 0
44 66 113 84 29 60 221 1540 225 551 82 2905 23 20 18 23.5 NA 28 225 2 13 11 34 2 13 11 24 0 0 0 10 0 0 0 0
45 73 112 83 29 60 224 1566 210 556 82 2905 24 20 18 23.5 NA 31 210 2 10 13 35 2 10 13 25 0 0 0 10 0 0 0 0
46 69 111 82 29 61 215 1581 215 570 85 2907 25 20 18 26 NA 23 215 1 11 12 37 1 11 12 28 0 0 0 9 0 0 0 0
47 79 108 80 28 62 235 1539 249 573 86 2911 26 20.5 20 26 NA 40 249 1 9 15 37 1 9 15 28 0 0 0 9 0 0 0 0
48 72 110 83 27 62 229 1516 226 584 89 2906 26 20 18 26 NA 23 226 2 6 19 35 2 6 19 26 0 0 0 9 0 0 0 0
49 84 109 83 26 59 243 1503 244 582 87 2912 26 18 16 23.5 NA 32 244 2 6 19 32 2 5 19 23 0 1 0 9 0 0 0 0
50 88 108 83 25 58 244 1500 223 582 87 2918 27 18 16 21 NA 37 223 1 6 18 33 1 5 18 25 0 1 0 8 0 0 0 0
51 72 110 85 25 60 237 1515 224 586 91 2938 27.5 18 16 21 NA 18 224 1 8 18 33 1 7 18 25 0 1 0 8 0 0 0 0
52 74 110 84 26 59 231 1541 196 596 90 2947 28 18 16.5 21 NA 22 196 1 8 18 32 1 7 18 24 0 1 0 8 0 0 0 0
53 75 112 86 26 59 230 1525 227 603 91 2946 29 18 16.5 21 NA 25 227 1 8 17 33 1 7 17 25 0 1 0 8 0 0 0 0
54 71 114 87 27 60 241 1519 234 603 91 2944 30 18 16.5 23.5 NA 29 234 1 8 17 34 1 7 16 26 0 1 1 8 0 0 0 0
55 90 116 90 26 60 230 1520 237 618 91 2937 30 17 16 26 NA 19 237 2 8 15 35 2 8 14 27 0 0 1 8 0 0 0 0
56 78 120 92 28 62 218 1525 223 635 88 2928 24.5 17.5 16.5 23.5 NA 25 223 3 9 14 36 3 9 13 29 0 0 1 7 0 0 0 0
57 78 117 90 27 61 219 1531 217 643 84 2919 23 17 16.5 21 NA 34 217 4 8 12 37 4 8 12 30 0 0 0 7 0 0 0 0
58 75 114 88 26 60 215 1545 218 653 84 2914 24.5 18 17 21 NA 17 218 3 6 14 37 3 6 14 30 0 0 0 7 0 0 0 0
59 91 113 87 26 59 220 1542 247 654 82 2906 25 18 17 21 NA 25 247 4 5 12 38 4 5 12 31 0 0 0 7 0 0 0 0
60 77 109 85 24 56 228 1524 223 648 80 2902 25 17 16 21 NA 27 223 4 6 9 37 4 6 9 32 0 0 0 5 0 0 0 0
61 66 113 87 26 57 236 1516 230 648 82 2924 25 17 16 21 NA 32 230 4 6 9 38 4 6 8 33 0 0 1 5 0 0 0 0
62 71 112 88 24 56 241 1518 227 653 78 2932 25.5 17 16.5 21 NA 36 227 5 5 11 35 5 5 10 30 0 0 1 5 0 0 0 0
63 80 114 86 28 59 246 1547 213 656 78 2945 25 17 16.5 21 NA 28 213 6 5 15 33 6 5 13 28 0 0 2 5 0 0 0 0
64 83 114 87 27 59 254 1520 227 655 79 2945 25.5 17 16.5 21 NA 30 227 5 6 16 32 5 6 14 27 0 0 2 5 0 0 0 0
65 76 116 89 27 59 250 1481 263 668 80 2943 26 17 16.5 21 NA 32 263 5 7 15 32 5 7 13 27 0 0 2 5 0 0 0 0
66 73 111 86 25 59 240 1493 222 685 80 2944 27 17 16.5 21 NA 21 222 5 8 15 31 5 8 14 25 0 0 1 6 0 0 0 0
67 86 113 89 24 63 229 1478 235 689 84 2941 26 17 15.5 21 NA 20 235 7 8 17 31 7 8 16 25 0 0 1 6 0 0 0 0
68 69 111 87 24 63 228 1494 221 702 88 2943 27 17 16.5 21 NA 30 221 5 8 19 31 5 8 18 25 0 0 1 6 0 0 0 0
69 97 111 89 22 65 230 1497 219 700 85 2934 26 17 16.5 26 NA 26 219 4 12 20 29 4 12 19 25 0 0 1 4 0 0 0 0
70 74 113 91 22 65 232 1494 236 706 83 2935 24 18 17 26 NA 35 236 4 11 19 31 4 11 18 27 0 0 1 4 0 0 0 0
71 80 112 90 22 63 232 1504 220 705 81 2937 23.5 18 17 26 NA 22 220 4 10 19 30 4 10 18 26 0 0 1 4 0 0 0 0
72 88 109 88 21 59 229 1503 201 703 78 2933 23 17 16 26 NA 16 201 3 10 14 32 3 10 14 27 0 0 0 5 0 0 0 0
73 83 112 91 21 59 225 1530 205 715 80 2934 22 17 16 23.5 NA 29 205 3 12 11 33 3 11 11 28 0 1 0 5 0 0 0 0
74 80 112 91 21 58 229 1528 233 716 82 2936 23 17 16 26 NA 33 233 2 12 10 34 2 12 10 29 0 0 0 5 0 0 0 0
75 75 106 86 20 57 223 1536 225 723 79 2942 22.5 16 15 23.5 NA 30 225 2 14 11 30 2 14 11 26 0 0 0 4 0 0 0 0
76 84 102 84 18 58 228 1513 225 720 78 2942 24 17 16 23.5 NA 33 225 1 13 13 31 1 13 13 27 0 0 0 4 0 0 0 0
77 96 98 81 17 55 246 1469 237 710 75 2936 23.5 17 16 23.5 NA 38 237 0 12 14 29 0 12 14 25 0 0 0 4 0 0 0 0
78 71 98 82 16 55 233 1471 216 718 72 2945 23 17 16.5 21 NA 24 216 2 12 13 28 1 12 13 24 1 0 0 4 0 0 0 0
79 79 99 82 17 58 228 1486 229 719 74 2959 24 16.5 16 21 NA 23 229 4 11 14 29 4 10 14 25 0 1 0 4 0 0 0 0
80 73 101 85 16 57 228 1485 223 735 72 2971 24 16 16 21.5 NA 27 223 4 7 17 29 4 6 17 26 0 1 0 3 0 0 0 0
81 69 102 87 15 54 223 1528 201 740 72 2971 24.5 16 16 17 NA 21 201 4 6 17 27 4 5 17 25 0 1 0 2 0 0 0 0
82 73 105 90 15 58 216 1539 224 749 75 2970 23 16 16 17 NA 22 224 5 8 17 28 5 7 17 26 0 1 0 2 0 0 0 0
83 63 103 88 15 58 225 1533 248 746 76 2988 24 16 16 17 NA 23 248 5 8 16 29 5 7 16 27 0 1 0 2 0 0 0 0
84 69 103 87 16 58 224 1559 199 744 77 2995 24 15.5 15.5 14.5 NA 16 199 5 9 14 30 5 7 14 28 0 2 0 2 0 0 0 0
85 88 107 91 16 58 219 1562 228 740 78 2984 24 16 16 14.5 NA 27 228 3 9 14 32 3 7 14 30 0 2 0 2 0 0 0 0
86 72 108 91 17 57 213 1549 229 741 77 2984 24 16 16 14.5 NA 25 229 2 9 15 31 2 7 15 29 0 2 0 2 0 0 0 0
87 75 109 93 16 58 209 1538 222 750 76 2984 24 16.5 16.5 14.5 NA 23 222 1 9 15 33 1 7 15 31 0 2 0 2 0 0 0 0
88 83 109 93 16 59 208 1534 207 753 74 2967 25 17 17 14.5 NA 30 207 1 9 15 34 1 7 15 32 0 2 0 2 0 0 0 0
89 69 107 90 17 57 220 1485 257 753 73 2972 25 17 17 14.5 NA 38 257 0 9 14 34 0 7 14 32 0 2 0 2 0 0 0 0
90 84 107 89 18 57 212 1488 221 760 76 2957 25 16 16 14.5 NA 26 221 1 9 13 34 1 7 13 32 0 2 0 2 0 0 0 0
91 67 106 88 18 53 210 1500 204 758 74 2968 22 16 16 14.5 NA 26 204 1 8 11 33 1 7 10 31 0 1 1 2 0 0 0 0
92 74 103 84 19 52 217 1525 197 750 72 2957 23 15.5 15.5 14.5 NA 27 197 2 9 9 32 2 8 8 30 0 1 1 2 0 0 0 0
93 62 103 84 19 54 218 1536 219 744 75 2954 23 15.5 15.5 14.5 NA 21 219 2 10 11 31 2 9 10 29 0 1 1 2 0 0 0 0
94 84 105 85 20 55 214 1528 226 752 76 2948 23 16 16 14.5 NA 29 226 2 9 15 29 2 8 14 27 0 1 1 2 0 0 0 0
95 77 105 86 19 54 215 1510 229 753 75 2939 23 16 16 14.5 NA 24 229 2 8 15 29 2 7 14 27 0 1 1 2 0 0 0 0
96 81 104 84 20 52 209 1500 218 757 72 2928 23 15.5 15.5 14.5 NA 24 218 3 6 15 28 3 6 13 26 0 0 2 2 0 0 0 0
97 86 104 83 21 52 210 1507 221 766 76 2936 23 15.5 15 17 NA 25 221 1 6 15 30 1 6 12 28 0 0 3 2 0 0 0 0
98 87 103 83 20 52 224 1505 234 751 76 2930 23 15 15 17 NA 30 234 2 6 13 31 2 6 10 29 0 0 3 2 0 0 0 0
99 69 102 82 20 53 233 1516 214 756 80 2939 25 15 15 17 NA 33 214 0 9 12 32 0 9 9 30 0 0 3 2 0 0 0 0
100 92 99 79 20 50 235 1501 241 757 76 2924 22 15 15 17 NA 31 241 0 10 9 31 0 10 6 29 0 0 3 2 0 0 0 0
101 80 104 84 20 51 242 1474 236 764 76 2921 22.5 15 15 17 NA 33 236 0 9 9 33 0 9 6 31 0 0 3 2 0 0 0 0
102 83 102 82 20 49 247 1474 218 757 75 2905 23.5 15 15 17 NA 32 218 0 5 12 32 0 5 9 30 0 0 3 2 0 0 0 0
103 80 102 82 20 48 250 1469 215 759 77 2909 24 15.5 15 17 NA 27 215 0 5 11 32 0 5 9 29 0 0 2 3 0 0 0 0
104 57 100 79 21 47 245 1482 232 757 75 2918 24 15 14.5 17 NA 20 232 0 5 12 30 0 5 10 27 0 0 2 3 0 0 0 0
105 81 98 77 21 45 247 1472 237 753 73 2918 24.5 15 14.5 17 NA 23 237 0 4 12 29 0 4 10 26 0 0 2 3 0 0 0 0
106 63 99 75 24 46 250 1503 225 758 75 2908 25 15.5 15 17 NA 33 225 0 6 11 29 0 6 9 26 0 0 2 3 0 0 0 0
107 89 98 74 24 46 242 1498 212 764 76 2901 25.5 16 15.5 21.5 NA 24 212 0 8 10 28 0 8 9 25 0 0 1 3 0 0 0 0
108 62 100 75 25 48 223 1513 216 782 78 2916 26 16 16 21.5 NA 18 216 0 9 10 29 0 9 10 25 0 0 0 4 0 0 0 0
109 75 99 74 25 48 220 1510 230 789 78 2921 26 16 16 21.5 NA 28 230 0 8 10 30 0 8 10 26 0 0 0 4 0 0 0 0
110 72 100 74 26 47 221 1525 223 793 77 2924 25 17 16 21.5 NA 28 223 0 6 13 28 0 6 13 24 0 0 0 4 0 0 0 0
111 72 98 73 25 49 221 1540 226 782 75 2921 26 17 16.5 26 NA 23 226 0 6 14 29 0 6 14 24 0 0 0 5 0 0 0 0
112 81 98 73 25 49 227 1549 218 773 75 2924 26.5 17 16.5 26 NA 28 218 0 5 16 28 0 5 16 23 0 0 0 5 0 0 0 0
113 87 95 72 23 44 222 1549 211 771 74 2915 26 17 16 26 NA 25 211 0 4 14 26 0 4 14 21 0 0 0 5 0 0 0 0
114 55 94 71 23 43 218 1558 233 784 72 2947 26.5 17 16.5 26 NA 25 233 0 4 12 27 0 4 12 22 0 0 0 5 0 0 0 0
115 68 95 70 25 45 217 1577 232 793 70 2965 25 17 17 26 NA 31 232 0 4 13 28 0 4 13 23 0 0 0 5 0 0 0 0
116 68 97 73 24 46 203 1641 210 800 68 2970 25 17 17 26 NA 16 210 0 6 13 27 0 6 13 23 0 0 0 4 0 0 0 0
117 70 100 76 24 46 202 1614 238 794 69 2981 23 17 17 26 NA 26 238 0 5 12 29 0 5 12 25 0 0 0 4 0 0 0 0
118 66 105 81 24 49 216 1597 244 788 71 2993 23 17 17 26 NA 30 244 0 6 12 31 0 6 12 27 0 0 0 4 0 0 0 0
119 77 104 80 24 49 225 1576 236 786 68 2997 23.5 18 17.5 26 NA 35 236 1 5 14 29 1 4 14 25 0 1 0 4 0 0 0 0
120 80 102 78 24 48 223 1572 221 788 69 3002 24.5 19.5 18 26 NA 24 221 1 5 13 29 1 4 13 25 0 1 0 4 0 0 0 0
121 74 105 81 24 48 228 1579 237 789 69 3010 24 21 21 26 NA 28 237 1 3 12 32 1 2 12 28 0 1 0 4 0 0 0 0
122 80 108 82 26 49 233 1580 207 790 73 3003 23 21 21 23.5 NA 28 207 1 4 11 33 1 2 11 29 0 2 0 4 0 0 0 0
123 68 107 82 25 49 229 1577 227 799 71 3002 23 21 21 23.5 NA 22 227 1 4 10 34 1 2 10 30 0 2 0 4 0 0 0 0
124 82 111 84 27 50 229 1591 206 802 71 3001 23 21 21 21 NA 23 206 1 5 11 33 1 3 11 30 0 2 0 3 0 0 0 0
125 71 111 85 26 51 237 1545 238 803 72 3008 22 21 21 21 NA 32 238 0 5 13 33 0 5 11 30 0 0 2 3 0 0 0 0
126 91 108 81 27 48 231 1542 212 801 68 2996 20 21 21 19.5 NA 19 212 0 6 13 29 0 6 11 27 0 0 2 2 0 0 0 0
127 73 111 84 27 47 232 1556 219 798 71 2988 19 21 21 19.5 NA 23 219 0 6 11 30 0 6 9 28 0 0 2 2 0 0 0 0
128 92 114 87 27 47 228 1517 237 809 73 2959 18 21 21 19.5 NA 31 237 1 6 12 28 1 6 10 26 0 0 2 2 0 0 0 0
129 85 112 85 27 46 235 1530 223 812 73 2955 19 21 21 19.5 NA 38 223 1 7 12 26 1 7 10 24 0 0 2 2 0 0 0 0
130 74 112 85 27 46 229 1550 204 815 79 2958 19 21 21 19.5 NA 23 204 1 6 10 29 1 6 8 27 0 0 2 2 0 0 0 0
131 79 111 87 24 49 220 1553 215 826 79 2962 18 19 20 18 NA 27 215 3 8 8 30 3 7 6 28 0 1 2 2 0 0 0 0
132 60 111 87 24 50 219 1534 235 838 77 2975 18 18 18 18 NA 34 235 6 9 8 27 6 8 6 25 0 1 2 2 0 0 0 0
133 72 111 87 24 51 224 1524 237 833 79 2978 18 18 18 18 NA 22 237 5 11 7 28 5 10 5 26 0 1 2 2 0 0 0 0
134 83 111 86 25 50 232 1538 233 830 79 2982 19 18 18 18 NA 28 233 5 8 10 27 5 7 8 25 0 1 2 2 0 0 0 0
135 75 111 86 25 51 238 1523 209 831 80 2987 20 18 18 18 NA 28 209 5 9 10 27 5 8 8 25 0 1 2 2 0 0 0 0
136 81 109 82 27 48 243 1535 199 830 81 2987 20 18 18 18 NA 26 199 2 9 10 27 2 8 8 25 0 1 2 2 0 0 0 0
137 74 110 84 26 50 229 1536 242 842 82 2991 20.5 18 18 19.5 NA 26 242 1 11 9 29 1 10 9 26 0 1 0 3 0 0 0 0
138 87 111 85 26 53 235 1551 221 854 84 2971 21 18 18 19.5 NA 36 221 0 15 9 29 0 14 9 26 0 1 0 3 0 0 0 0
139 87 111 86 25 54 223 1523 226 850 84 2979 22 19 19 19.5 NA 16 226 0 14 10 30 0 13 10 27 0 1 0 3 0 0 0 0
140 70 110 85 25 54 222 1565 217 854 85 2990 22 19 19 19.5 NA 22 217 0 13 13 28 0 12 13 25 0 1 0 3 0 0 0 0
141 83 114 87 27 57 219 1540 209 850 87 2979 23 19 19 19.5 NA 19 209 1 14 13 29 1 13 13 26 0 1 0 3 0 0 0 0
142 82 113 87 26 55 214 1516 227 850 85 2977 24 19 19 20 NA 27 227 1 12 15 27 1 10 15 26 0 2 0 1 0 0 0 0
143 79 109 85 24 53 214 1548 200 844 82 2980 25 20 19.5 20 NA 24 200 1 9 16 27 1 8 15 26 0 1 1 1 0 0 0 0
144 69 113 87 26 53 217 1570 208 845 83 2993 23 20 20.5 20 NA 28 208 0 10 16 27 0 9 15 26 0 1 1 1 0 0 0 0
145 91 114 89 25 54 219 1596 211 843 83 2980 24 20 20 20 NA 35 211 0 9 17 28 0 8 16 27 0 1 1 1 0 0 0 0
146 77 116 89 27 54 229 1577 244 847 86 2998 24.5 19.5 19.5 16 NA 36 244 0 9 15 30 0 9 13 30 0 0 2 0 0 0 0 0
147 75 116 88 28 54 223 1572 241 853 84 2999 24.5 19.5 19.5 16 NA 22 241 0 8 16 30 0 8 14 30 0 0 2 0 0 0 0 0
148 80 117 88 29 53 228 1544 227 845 84 2990 24 19 19 16 NA 26 227 0 5 19 29 0 5 17 29 0 0 2 0 0 0 0 0
149 70 119 89 30 56 229 1554 229 845 87 2992 25 20 20.5 16 NA 26 229 0 5 20 31 0 5 18 31 0 0 2 0 0 0 0 0
150 64 118 88 30 60 237 1553 232 846 86 2995 25.5 19.5 19.5 16 NA 29 232 2 7 20 31 2 7 18 31 0 0 2 0 0 0 0 0
151 69 116 87 29 57 237 1545 221 844 84 2985 24.5 19 18.5 20 NA 29 221 2 7 19 29 2 7 18 29 0 0 1 0 0 0 0 0
152 86 113 85 28 55 227 1555 203 840 81 2985 24 18 17.5 20 NA 22 203 2 8 17 28 2 8 16 28 0 0 1 0 0 0 0 0
153 83 119 90 29 54 230 1542 217 829 83 2977 23 17.5 17 20 NA 25 217 2 7 16 29 2 7 15 29 0 0 1 0 0 0 0 0
154 81 118 88 30 57 229 1513 238 838 84 2965 23 18 17.5 20 NA 32 238 3 7 15 32 3 7 14 32 0 0 1 0 0 0 0 0
155 83 117 87 30 62 223 1513 218 843 84 2962 23 18 17.5 20.5 NA 24 218 4 11 14 33 4 10 13 33 0 1 1 0 0 0 0 0
156 78 117 87 30 61 227 1555 210 838 88 2964 24 18 17 20.5 NA 24 210 2 11 16 32 2 10 15 32 0 1 1 0 0 0 0 0
157 73 117 89 28 63 238 1559 241 831 87 2961 25 17 17 20.5 NA 39 241 4 10 15 34 4 9 14 34 0 1 1 0 0 0 0 0
158 79 116 89 27 62 241 1527 227 843 87 2965 24 17 17 20.5 NA 32 227 3 9 16 34 3 9 15 33 0 0 1 1 0 0 0 0
159 67 121 93 28 62 245 1499 224 846 89 2964 23 17 17 20.5 NA 26 224 3 9 15 35 3 9 14 34 0 0 1 1 0 0 0 0
160 73 122 94 28 62 239 1481 238 858 90 2964 24 17 17 20.5 NA 27 238 2 8 14 38 2 8 13 37 0 0 1 1 0 0 0 0
161 88 120 92 28 61 239 1497 201 853 89 2951 24.5 17 17 20.5 NA 32 201 2 8 15 36 2 8 14 35 0 0 1 1 0 0 0 0
162 76 116 89 27 57 244 1509 204 851 87 2955 25 17 17 20.5 NA 27 204 1 8 13 35 1 8 12 34 0 0 1 1 0 0 0 0
163 88 121 93 28 59 239 1473 215 846 88 2944 25 17 17 20.5 NA 30 215 0 10 13 36 0 10 12 35 0 0 1 1 0 0 0 0
164 73 121 93 28 57 244 1471 212 845 88 2933 25 17 17 20.5 NA 28 212 0 10 11 36 0 10 10 35 0 0 1 1 0 0 0 0
165 73 119 91 28 56 247 1499 218 842 93 2926 25 17.5 17 20.5 NA 29 218 0 10 11 35 0 10 10 34 0 0 1 1 0 0 0 0
166 73 124 96 28 60 232 1541 180 856 94 2923 24.5 17 17 20.5 NA 22 180 2 10 13 35 2 10 12 34 0 0 1 1 0 0 0 0
167 88 125 97 28 60 233 1532 213 847 94 2930 25 17 17 20.5 NA 24 213 2 10 13 35 2 10 12 34 0 0 1 1 0 0 0 0
168 76 123 95 28 59 220 1504 227 849 93 2927 26 17 17 20.5 NA 18 227 2 7 13 37 2 7 12 36 0 0 1 1 0 0 0 0
169 65 122 93 29 60 217 1507 207 854 94 2939 27 17 17 20.5 NA 28 207 1 10 12 37 1 10 11 36 0 0 1 1 0 0 0 0
170 80 116 87 29 58 226 1499 226 850 89 2940 26.5 16.5 16 20.5 NA 29 226 3 11 10 34 3 11 10 32 0 0 0 2 0 0 0 0
171 82 116 87 29 58 218 1519 202 846 89 2937 25.5 17 17 20.5 NA 26 202 2 13 12 31 2 13 12 29 0 0 0 2 0 0 0 0
172 82 116 87 29 59 221 1552 201 843 87 2941 25.5 17 17 20 21 27 201 3 12 12 32 3 12 12 30 0 0 0 1 0 0 0 1
173 66 114 82 32 57 220 1538 210 843 83 2955 24.5 17 17 20 21 20 210 3 11 11 32 3 11 11 30 0 0 0 1 0 0 0 1
174 89 111 79 32 54 215 1512 228 835 80 2949 24 17 17 20 21 20 228 2 11 12 29 2 11 12 27 0 0 0 1 0 0 0 1
175 70 112 80 32 55 212 1518 215 833 84 2956 24 17 17 20 21 25 215 2 10 13 30 2 10 13 28 0 0 0 1 0 0 0 1
176 77 114 82 32 56 206 1535 191 836 87 2946 25 17 17 20 21 20 191 0 12 14 30 0 12 14 28 0 0 0 1 0 0 0 1
177 83 113 82 31 55 204 1567 197 826 85 2934 26 17 17 20 21 20 197 0 10 16 29 0 10 16 27 0 0 0 1 0 0 0 1
178 64 113 82 31 57 206 1544 246 822 89 2941 27 17 17 20 21 27 246 1 10 14 32 1 10 14 30 0 0 0 1 0 0 0 1
179 79 112 83 29 54 208 1527 213 822 87 2935 26 17 17 NA 21 26 213 0 10 13 31 0 10 13 30 0 0 0 0 0 0 0 1
180 73 109 80 29 54 215 1575 215 816 86 2943 27 17.5 17 NA 21 32 215 0 11 12 31 0 11 12 30 0 0 0 0 0 0 0 1
181 71 105 78 27 55 212 1545 213 823 84 2964 28 18 17.5 NA 21 21 213 2 8 15 30 2 8 15 29 0 0 0 0 0 0 0 1
182 64 106 79 27 55 218 1535 218 825 83 2972 28.5 18 17.5 NA 21 34 218 2 8 13 32 2 8 13 31 0 0 0 0 0 0 0 1
183 75 105 78 27 54 228 1537 209 814 83 2976 28 17.5 17 NA 21 27 209 2 6 15 31 2 6 15 30 0 0 0 0 0 0 0 1
184 79 103 76 27 52 226 1543 231 811 82 2978 28 17 17 NA 21 22 231 2 6 13 31 2 6 13 30 0 0 0 0 0 0 0 1
185 70 105 78 27 56 218 1564 209 811 84 2979 28 17.5 17.5 6 21 15 209 3 10 12 31 2 10 12 30 1 0 0 0 0 0 0 1
186 75 105 76 29 55 208 1545 231 824 82 2980 27 17 17 6 21 21 231 3 10 12 30 2 10 12 29 1 0 0 0 0 0 0 1
187 72 105 77 28 53 217 1587 203 826 82 2990 27 18 18 6 21 33 203 3 6 14 30 2 6 14 29 1 0 0 0 0 0 0 1
188 78 101 72 29 52 215 1579 214 824 80 2992 27 17 17 14 21 27 214 2 7 15 28 1 6 15 27 1 1 0 0 0 0 0 1
189 74 99 71 28 53 212 1592 215 826 79 2981 26 17 17 16 21 30 215 1 9 12 31 0 7 12 30 1 2 0 0 0 0 0 1
190 85 95 68 27 51 224 1572 214 815 74 2962 27 18 18 16 NA 28 214 1 7 14 29 0 6 13 29 1 1 1 0 0 0 0 0
191 60 96 69 27 53 225 1575 216 818 78 2977 28 18 18 16 NA 26 216 0 8 15 30 0 6 14 30 0 2 1 0 0 0 0 0
192 79 92 67 25 51 228 1592 212 818 72 2967 28 17 17.5 16 NA 22 212 1 8 15 27 1 6 14 27 0 2 1 0 0 0 0 0
193 80 91 68 23 52 217 1577 225 825 71 2970 29 17.5 18 16 NA 22 225 2 8 15 27 2 6 14 27 0 2 1 0 0 0 0 0
194 81 92 69 23 52 228 1571 218 818 72 2979 28 18 18 19 NA 33 218 2 9 15 26 2 6 14 26 0 3 1 0 0 0 0 0
195 84 91 68 23 53 229 1556 230 819 71 2980 29 18 18 19 NA 29 230 1 11 14 27 1 8 13 27 0 3 1 0 0 0 0 0
196 81 94 70 24 53 235 1534 230 818 71 2973 28.5 18 18 19 NA 32 230 1 9 15 28 1 7 13 28 0 2 2 0 0 0 0 0
197 85 91 67 24 50 226 1548 223 814 69 2966 28 17.5 17.5 19 NA 18 223 1 8 16 25 1 7 13 25 0 1 3 0 0 0 0 0
198 86 93 68 25 50 229 1560 216 811 69 2957 27 17.5 17.5 22 16 23 216 1 8 16 25 1 7 13 25 0 1 2 0 0 0 1 0
199 86 94 69 25 50 240 1556 218 800 70 2943 27 17.5 17.5 22 16 34 218 1 7 13 29 1 6 10 29 0 1 2 0 0 0 1 0
200 83 96 69 27 49 242 1556 225 804 68 2951 26.5 18 18 22 16 27 225 0 6 11 32 0 5 8 32 0 1 2 0 0 0 1 0
201 81 96 69 27 48 247 1541 226 805 66 2941 25.5 17.5 17.5 22 16 29 226 1 5 12 30 1 4 9 30 0 1 2 0 0 0 1 0
202 89 94 66 28 46 236 1542 214 807 63 2943 23 17 17 22 16 25 214 1 5 12 28 1 4 10 27 0 1 1 1 0 0 1 0
203 75 96 68 28 46 234 1538 235 811 63 2938 21.5 17 17 22 16 26 235 1 3 13 29 1 3 10 28 0 0 2 1 0 0 1 0
204 77 97 70 27 45 233 1539 229 812 64 2961 22 17 17 22 16 25 229 1 3 11 30 1 3 8 29 0 0 2 1 0 0 1 0
205 65 100 70 30 46 230 1566 213 809 64 2964 21.5 17 17 22 16 20 213 1 4 9 32 1 4 6 31 0 0 2 1 0 0 1 0
206 63 98 68 30 45 235 1546 239 806 61 2976 22 18 17.5 22 NA 32 239 1 5 8 31 1 5 6 30 0 0 2 1 0 0 0 0
207 71 98 69 29 43 246 1538 225 799 61 2979 22 18 17.5 22 NA 34 225 1 3 9 30 1 3 7 29 0 0 2 1 0 0 0 0
208 73 98 69 29 42 245 1525 223 806 64 2971 22.5 17.5 17 22 NA 18 223 1 2 8 31 1 2 7 29 0 0 1 2 0 0 0 0
209 67 93 65 28 37 246 1524 205 801 57 2968 18 18 17.5 22 NA 23 205 1 3 6 27 1 3 6 26 0 0 0 1 0 0 0 0
210 57 96 68 28 39 245 1543 216 810 60 2986 17.5 17 17 14 NA 29 216 0 6 6 27 0 4 6 26 0 2 0 1 0 0 0 0
211 63 95 68 27 39 243 1495 249 812 61 2992 16 16 16.5 14 NA 23 249 1 5 6 27 1 3 6 26 0 2 0 1 0 0 0 0
212 77 93 67 26 39 240 1505 215 814 62 2981 16 16 16 14 NA 22 215 0 7 6 26 0 5 6 25 0 2 0 1 0 0 0 0
213 76 98 70 28 40 237 1523 213 820 66 2983 17 15.5 16 14 NA 30 213 1 7 5 27 1 5 5 26 0 2 0 1 0 0 0 0
214 74 98 70 28 41 234 1530 215 822 67 2984 17.5 16 16.5 14 NA 27 215 1 7 7 26 1 5 7 25 0 2 0 1 0 0 0 0
215 83 100 69 31 45 219 1495 237 838 68 2987 17 16 16 14 NA 23 237 1 11 7 26 1 9 7 25 0 2 0 1 0 0 0 0
216 80 100 67 33 48 217 1525 185 844 68 2969 18 16 16 14 NA 23 185 1 14 7 26 1 12 7 25 0 2 0 1 0 0 0 0
217 68 100 68 32 48 230 1509 251 843 71 2976 18.5 16 16.5 13.5 NA 35 251 1 15 7 25 1 13 7 25 0 2 0 0 0 0 0 0
218 75 101 69 32 49 233 1537 207 846 70 2985 18 16 16 13.5 NA 29 207 2 15 7 25 2 13 7 25 0 2 0 0 0 0 0 0
219 84 104 72 32 52 223 1543 222 843 72 2974 19 16 16.5 13 14 20 222 2 16 7 27 2 14 7 27 0 1 0 0 0 1 0 0
220 71 105 72 33 52 232 1531 235 838 72 2988 20 16 16.5 13 14 28 235 2 13 10 27 2 12 9 27 0 1 0 0 0 0 1 0
221 84 106 75 31 51 247 1548 210 837 72 2987 20 16 16.5 13 NA 36 210 1 14 9 27 1 14 8 27 0 0 1 0 0 0 0 0
222 74 109 78 31 49 238 1567 216 844 75 2990 20 16 16 13 NA 23 216 0 12 11 26 0 12 10 26 0 0 1 0 0 0 0 0
223 72 108 76 32 53 222 1560 211 848 74 2987 20.5 16 16 13 NA 21 211 0 13 12 28 0 13 11 28 0 0 1 0 0 0 0 0
224 75 108 75 33 51 226 1532 235 844 73 2973 19.5 16 16 13 NA 30 235 0 11 13 27 0 11 12 27 0 0 1 0 0 0 0 0
225 55 109 75 34 52 234 1512 239 838 77 2982 20 16 16 13 NA 30 239 0 11 14 27 0 11 13 27 0 0 1 0 0 0 0 0
226 77 106 72 34 52 243 1503 260 842 77 2980 21.5 16 16 13 NA 38 260 0 10 15 27 0 10 14 27 0 0 1 0 0 0 0 0
227 69 108 72 36 56 254 1497 222 842 78 2964 22 16 16 13 NA 38 222 3 10 16 27 3 10 15 27 0 0 1 0 0 0 0 0
228 75 107 73 34 57 256 1513 217 839 77 2973 23 15 15.5 13 NA 28 217 4 9 17 27 4 9 16 27 0 0 1 0 0 0 0 0
229 72 107 74 33 56 251 1520 208 844 80 2977 24 15.5 16 13 NA 21 208 2 9 18 27 2 9 17 27 0 0 1 0 0 0 0 0
230 85 106 75 31 57 243 1519 204 845 79 2976 23.5 16 16 13 NA 24 204 2 11 19 25 2 11 18 25 0 0 1 0 0 0 0 0
231 76 107 76 31 57 239 1519 220 843 79 2979 22 16 16 13 NA 24 220 1 13 20 23 1 13 19 23 0 0 1 0 0 0 0 0
232 74 109 77 32 60 231 1512 218 857 80 2978 23 16 16 13 NA 24 218 2 14 19 25 2 14 18 25 0 0 1 0 0 0 0 0
233 66 112 80 32 61 245 1487 235 847 83 2984 23.5 16 16 13 NA 34 235 2 12 21 26 2 12 21 25 0 0 0 1 0 0 0 0
234 74 113 81 32 62 243 1475 227 844 86 2997 24 16 16 21 NA 23 227 0 11 22 29 0 11 21 28 0 0 1 1 0 0 0 0
235 89 111 78 33 64 235 1492 222 850 84 3000 25 16 16 23 NA 27 222 2 12 19 31 2 11 18 30 0 1 1 1 0 0 0 0
236 70 111 78 33 68 236 1465 250 860 87 2988 26 15.5 15 23 NA 37 250 5 12 18 33 5 12 16 32 0 0 2 1 0 0 0 0
237 78 109 79 30 66 235 1495 192 855 86 2983 25 15.5 15 23 NA 25 192 5 9 18 34 5 9 16 33 0 0 2 1 0 0 0 0
238 69 105 75 30 65 237 1493 237 860 83 2982 26 15 15 23 NA 33 237 5 9 18 33 5 9 16 32 0 0 2 1 0 0 0 0
239 78 105 75 30 67 237 1520 217 860 86 3005 27 15 15 18.5 NA 28 217 5 10 18 34 5 9 16 33 0 1 2 1 0 0 0 0
240 78 108 76 32 67 239 1542 210 857 86 3014 27 15 15 18.5 NA 26 210 5 11 15 36 5 10 13 35 0 1 2 1 0 0 0 0
241 62 109 77 32 70 234 1547 198 859 87 3021 28 15.5 15.5 18.5 NA 23 198 5 11 16 38 5 10 15 36 0 1 1 2 0 0 0 0
242 84 110 78 32 72 238 1513 248 857 88 3016 28.5 15.5 15.5 18.5 NA 29 248 5 13 17 37 5 12 16 35 0 1 1 2 0 0 0 0
243 79 111 81 30 69 243 1542 199 853 89 3008 26 15 15 18.5 NA 31 199 3 14 18 34 3 13 17 32 0 1 1 2 0 0 0 0
244 91 108 79 29 67 251 1537 215 839 86 2990 27 15 15 18.5 NA 33 215 2 14 18 33 2 13 17 31 0 1 1 2 0 0 0 0
245 78 104 77 27 67 249 1518 234 840 85 2985 28 15 15 18.5 NA 30 234 1 15 18 33 1 14 17 31 0 1 1 2 0 0 0 0
246 75 107 80 27 67 236 1515 230 858 85 2987 27 15 15 18.5 NA 24 230 1 13 17 36 1 12 16 34 0 1 1 2 0 0 0 0
247 73 107 80 27 67 225 1558 201 861 81 2997 28 15 15 18.5 NA 20 201 1 14 17 35 1 13 16 33 0 1 1 2 0 0 0 0
248 83 108 82 26 68 224 1547 229 860 79 2994 26.5 15 15 18.5 NA 31 229 2 13 17 36 2 12 17 33 0 1 0 3 0 0 0 0
249 86 111 82 29 69 226 1530 220 857 78 2983 25 15 15 18.5 NA 32 220 2 14 17 36 2 14 16 33 0 0 1 3 0 0 0 0
250 68 106 80 26 65 223 1530 246 851 73 2976 26 15 15 18.5 NA 23 246 3 13 16 33 3 13 15 30 0 0 1 3 0 0 0 0
251 88 101 75 26 60 220 1525 207 848 68 2963 24 15 15 18.5 NA 30 207 2 12 16 30 2 12 15 27 0 0 1 3 0 0 0 0
252 66 98 73 25 58 222 1544 211 842 70 2969 26 15.5 15 23 NA 25 211 2 11 16 29 2 11 15 27 0 0 1 2 0 0 0 0
253 65 97 72 25 57 227 1531 228 839 70 2973 26 15 15 23 NA 26 228 2 10 15 30 2 10 14 28 0 0 1 2 0 0 0 0
254 82 94 70 24 56 218 1530 216 838 67 2984 25.5 15.5 15 23 NA 19 216 2 8 17 29 2 8 16 27 0 0 1 2 0 0 0 0
255 75 96 73 23 57 219 1540 222 839 70 2991 25 15 15 14 23 23 222 1 8 19 29 1 7 18 27 0 1 1 1 0 0 0 1
256 78 93 70 23 55 224 1537 222 839 67 2996 26 15 15 14 23 29 222 1 7 19 28 1 6 18 26 0 1 1 1 0 0 0 1
257 83 93 70 23 53 232 1545 226 831 66 2992 26 15 15 14 23 31 226 1 6 19 27 1 5 18 25 0 1 1 1 0 0 0 1
258 70 92 68 24 52 227 1524 234 837 68 2993 26.5 15 15 14 23 31 234 2 5 17 28 2 4 16 26 0 1 1 1 0 0 0 1
259 74 91 67 24 51 226 1518 228 844 69 3003 27 15 15 14 23 24 228 1 6 17 27 1 5 16 25 0 1 1 1 0 0 0 1
260 73 89 66 23 51 225 1550 218 843 71 3000 28 15 14.5 21 23 19 218 2 6 15 28 2 5 13 26 0 1 2 1 0 0 0 1
261 75 92 69 23 51 223 1587 192 848 75 3001 27.5 16 15.5 21 23 22 192 2 5 14 30 2 4 13 27 0 1 1 2 0 0 0 1
262 77 92 68 24 50 228 1589 212 841 73 2998 25 15.5 15 28 17.5 27 212 2 5 14 29 2 4 13 26 0 0 1 2 0 1 0 1
263 75 92 67 25 51 222 1593 192 846 73 3015 25 14 14 28 17.5 23 192 3 5 13 30 3 4 12 27 0 0 1 2 0 1 0 1
264 75 89 66 23 50 219 1573 227 845 71 3006 24 14.5 14 26 17.5 22 227 2 7 13 28 2 6 11 25 0 0 2 2 0 1 0 1
265 81 88 65 23 51 218 1584 237 849 70 3014 25 16 15 26 17.5 28 237 2 7 14 28 2 6 12 25 0 0 2 2 0 1 0 1
266 88 88 65 23 50 220 1589 234 852 69 3009 25.5 14.5 14 26 17.5 33 234 2 8 12 28 2 7 10 25 0 0 2 2 0 1 0 1
267 62 86 64 22 49 233 1582 240 853 70 3026 25 14 14 26 17.5 34 240 2 7 11 29 2 7 8 26 0 0 2 2 0 0 1 1
268 90 84 62 22 51 234 1543 252 854 69 3019 27.5 14 14 26 17.5 32 252 3 5 13 30 3 5 11 26 0 0 1 3 0 0 1 1
269 88 81 58 23 50 234 1542 238 851 67 3012 26 16.5 15.5 26 17.5 26 238 2 7 11 30 2 6 9 27 0 1 1 2 0 0 1 1
270 88 78 57 21 50 229 1512 229 849 62 2996 27 16.5 15.5 26 17.5 25 229 3 8 11 28 3 7 9 25 0 1 1 2 0 0 1 1
271 57 78 56 22 49 236 1530 219 849 62 3019 28 17 16 26 17.5 33 219 2 9 11 27 2 8 9 24 0 1 1 2 0 0 1 1
272 78 77 55 22 48 240 1524 231 851 61 3018 28 17 16 26 17.5 21 231 1 9 12 26 1 8 10 23 0 1 1 2 0 0 1 1
273 61 79 55 24 47 242 1550 188 852 64 3019 27 17 16 26 17.5 24 188 1 6 13 27 1 6 10 24 0 0 2 2 0 0 1 1
274 87 79 55 24 47 245 1524 232 854 67 3022 28 17 16 26 17.5 32 232 1 6 13 27 1 6 10 24 0 0 2 2 0 0 1 1
275 82 77 53 24 48 235 1552 208 862 65 3014 29 17.5 17 26 14 22 208 1 7 13 27 1 6 10 24 0 0 2 2 0 1 1 1
276 82 76 52 24 48 235 1550 201 866 62 3025 30 18 17 26 17.5 27 201 1 6 12 29 1 6 10 25 0 0 1 3 0 0 1 1
277 79 75 51 24 50 228 1543 224 866 61 3032 31 18 17 26 17.5 22 224 1 7 13 29 1 7 11 25 0 0 1 3 0 0 1 1
278 66 75 51 24 49 231 1555 210 857 62 3035 32 18 17 26 17.5 20 210 0 7 14 28 0 7 12 24 0 0 1 3 0 0 1 1
279 72 75 51 24 49 237 1522 244 856 62 3021 33 18 17 26 17.5 33 244 0 7 10 32 0 7 9 27 0 0 1 3 0 0 0 2
280 68 76 52 24 48 237 1542 207 859 62 3021 32 18 17 26 17.5 28 207 0 6 10 32 0 6 9 27 0 0 1 3 0 0 0 2
281 86 78 54 24 48 238 1531 210 860 61 3003 32.5 18 17.5 26 17.5 30 210 0 5 12 31 0 5 11 26 0 0 1 3 0 0 0 2
282 79 79 56 23 49 244 1533 228 854 61 3007 33 18 17 26 17.5 29 228 1 5 12 31 1 5 11 26 0 0 1 3 0 0 0 2
283 66 79 57 22 47 238 1550 202 850 60 3005 34 18 17 26 17.5 11 202 1 4 12 30 1 4 11 25 0 0 1 3 0 0 0 2
284 73 78 56 22 47 232 1566 197 861 60 3006 35 18 17 24 23 26 197 1 4 11 31 1 3 10 27 0 1 1 3 0 0 0 1
285 85 76 54 22 46 222 1585 213 863 60 2991 33.5 18 18 22 23 18 213 0 6 8 32 0 5 8 28 0 1 0 3 0 0 0 1
286 67 75 52 23 46 220 1585 219 866 58 2997 35 18 18 22 23 30 219 1 5 8 32 1 4 8 28 0 1 0 3 0 0 0 1
287 69 78 55 23 46 217 1587 198 864 58 3015 33.5 18 18 22 23 21 198 1 4 8 33 1 3 8 29 0 1 0 3 0 0 0 1
288 62 79 57 22 44 221 1582 245 859 58 3028 31 18 18 22 23 20 245 1 4 7 32 1 3 7 28 0 1 0 3 0 0 0 1
289 82 77 57 20 42 227 1588 217 843 55 3025 29 18 17.5 20 23 24 217 1 4 6 31 1 3 6 28 0 1 0 2 0 0 0 1
290 72 77 56 21 39 224 1599 222 844 53 3042 28 18 18 20 23 22 222 1 2 8 28 1 1 8 25 0 1 0 2 0 0 0 1
291 86 78 56 22 37 223 1662 199 835 50 3023 25 18 18 20 23 25 199 1 2 7 27 1 1 7 24 0 1 0 2 0 0 0 1
292 69 81 59 22 38 222 1656 218 840 51 3029 24 18 18 20 23 22 218 1 2 7 28 1 2 6 25 0 0 1 2 0 0 0 1
293 83 80 59 21 37 215 1637 204 834 53 3022 24.5 18 18 20 23 16 204 0 3 6 28 0 3 5 25 0 0 1 2 0 0 0 1
294 62 80 59 21 36 222 1622 245 836 56 3038 24.5 18.5 17.5 20 23 32 245 0 3 6 27 0 3 5 24 0 0 1 2 0 0 0 1
295 76 78 58 20 36 214 1601 240 841 56 3029 24.5 18.5 17.5 20 23 28 240 0 3 7 26 0 3 6 23 0 0 1 2 0 0 0 1
296 79 77 58 19 36 213 1559 237 847 54 3022 23 19 18.5 20 23 30 237 0 5 6 25 0 5 5 22 0 0 1 2 0 0 0 1
297 63 78 58 20 37 223 1547 229 846 55 3029 24 19 18 20 23 28 229 0 4 7 26 0 4 6 23 0 0 1 2 0 0 0 1
298 78 79 58 21 38 228 1573 218 847 54 3025 25 18.5 17.5 28 23 31 218 0 5 7 26 0 5 5 24 0 0 2 1 0 0 0 1
299 80 81 60 21 37 240 1562 225 842 55 3026 18 19 19 28 23 35 225 0 4 8 25 0 4 6 23 0 0 2 1 0 0 0 1
300 67 84 62 22 40 245 1573 237 835 57 3038 18.5 18.5 18 23 23 32 237 0 8 8 24 0 7 6 22 0 1 2 1 0 0 0 1
301 81 88 66 22 42 238 1583 194 846 58 3033 19 18.5 18 23 23 21 194 1 9 8 24 1 8 6 22 0 1 2 1 0 0 0 1
302 74 88 67 21 43 232 1539 223 846 59 3016 20 18 18 23 23 25 223 2 9 6 26 2 8 4 24 0 1 2 1 0 0 0 1
303 57 90 70 20 44 237 1557 233 852 62 3016 20 18 18 23 23 36 233 2 10 6 26 2 9 4 24 0 1 2 1 0 0 0 1
304 73 89 68 21 43 228 1543 218 862 62 3022 21 18 17.5 23 23 23 218 2 10 5 26 2 9 4 23 0 1 1 2 0 0 0 1
305 73 89 68 21 43 232 1565 226 861 62 3037 22 18 17.5 23 23 29 226 2 7 8 26 2 6 7 23 0 1 1 2 0 0 0 1
306 81 95 73 22 43 219 1590 233 862 62 3044 19 18 17 19 23 20 233 2 5 10 26 2 4 9 22 0 1 1 3 0 0 0 1
307 73 94 73 21 41 211 1555 240 865 59 3042 19.5 18 17.5 19 NA 20 240 2 5 11 23 2 4 10 20 0 1 1 3 0 0 0 0
308 86 93 72 21 41 220 1537 231 856 59 3047 20 18 17.5 19 NA 28 231 2 5 11 23 2 4 10 20 0 1 1 3 0 0 0 0
309 65 92 72 20 39 222 1575 206 853 58 3051 20.5 18 18 23.5 NA 26 206 1 5 10 23 1 4 9 21 0 1 1 2 0 0 0 0
310 72 92 72 20 40 228 1586 230 855 61 3075 21.5 18 17.5 23.5 NA 30 230 1 5 11 23 1 4 10 21 0 1 1 2 0 0 0 0
311 64 95 75 20 41 229 1589 232 858 66 3070 21 18 17 23.5 NA 24 232 1 4 12 24 1 4 10 22 0 0 2 2 0 0 0 0
312 78 92 71 21 38 229 1601 221 854 64 3070 21.5 17.5 17 23.5 NA 23 221 0 6 12 20 0 6 10 18 0 0 2 2 0 0 0 0
313 57 92 70 22 39 240 1619 219 848 67 3085 22.5 17 17 19 NA 25 219 0 7 12 20 0 6 10 18 0 1 2 2 0 0 0 0
314 64 93 71 22 43 246 1638 214 841 66 3090 23 17 17 18.5 NA 29 214 2 9 13 19 2 8 11 18 0 1 2 1 0 0 0 0
315 73 96 73 23 44 242 1609 240 844 70 3089 23 17 16.5 18.5 NA 26 240 3 7 15 19 3 6 13 18 0 1 2 1 0 0 0 0
316 74 98 73 25 46 241 1596 242 838 71 3090 22.5 17 16.5 18.5 NA 24 242 4 8 15 19 4 7 13 18 0 1 2 1 0 0 0 0
317 76 100 75 25 45 238 1580 242 838 70 3087 20.5 17 16.5 18 NA 22 242 4 7 13 21 4 6 11 21 0 1 2 0 0 0 0 0
318 71 100 76 24 44 243 1575 235 832 76 3079 20.5 17 17 18 NA 24 235 3 8 10 23 3 7 9 22 0 1 1 1 0 0 0 0
319 65 98 73 25 43 259 1566 237 830 74 3092 20.5 17 17 18 NA 37 237 1 11 8 23 1 10 7 22 0 1 1 1 0 0 0 0
320 60 96 71 25 42 265 1605 220 819 72 3103 21 16.5 16 18 NA 24 220 2 10 9 21 2 9 8 20 0 1 1 1 0 0 0 0
321 85 99 75 24 42 258 1587 214 819 73 3092 22 16.5 16 18 NA 22 214 2 10 9 21 2 9 8 20 0 1 1 1 0 0 0 0
322 76 99 75 24 41 260 1594 217 824 70 3097 21 17 16.5 18 NA 31 217 2 8 11 20 2 8 9 19 0 0 2 1 0 0 0 0
323 81 99 75 24 41 260 1570 243 825 69 3086 21 17 17 18 NA 27 243 2 8 10 21 2 8 9 19 0 0 1 2 0 0 0 0
324 92 96 71 25 38 255 1598 205 820 68 3069 21 16.5 16.5 17 NA 26 205 2 7 11 18 2 7 10 17 0 0 1 1 0 0 0 0
325 75 96 71 25 40 259 1585 240 819 67 3065 20.5 16.5 16 19 NA 26 240 2 6 12 20 2 6 11 18 0 0 1 2 0 0 0 0
326 72 97 71 26 42 258 1574 209 819 67 3069 20 16.5 16 19 NA 26 209 2 8 12 20 2 8 11 18 0 0 1 2 0 0 0 0
327 82 97 71 26 42 248 1566 230 820 69 3064 21 16.5 16 19 NA 19 230 2 7 11 22 2 7 10 20 0 0 1 2 0 0 0 0
328 61 97 72 25 40 246 1593 214 829 69 3068 22 16.5 16 19 NA 25 214 2 7 11 20 2 7 10 18 0 0 1 2 0 0 0 0
329 74 97 72 25 43 237 1554 248 835 72 3079 23 16 15.5 19 NA 32 248 2 9 10 22 2 9 9 20 0 0 1 2 0 0 0 0
330 106 98 73 25 44 236 1573 201 829 72 3071 24 15.5 15 19 NA 28 201 2 9 12 21 2 9 11 19 0 0 1 2 0 0 0 0
331 77 101 76 25 45 241 1542 250 833 74 3059 24 16 15.5 19 NA 33 250 2 7 15 21 2 7 14 19 0 0 1 2 0 0 0 0
332 68 99 73 26 46 242 1559 215 837 72 3055 25 16.5 16 19 NA 29 215 3 8 15 20 3 8 14 18 0 0 1 2 0 0 0 0
333 78 99 73 26 45 243 1562 223 834 73 3049 24 16 15.5 19 NA 22 223 3 7 14 21 3 7 13 19 0 0 1 2 0 0 0 0
334 80 101 73 28 42 248 1567 210 823 73 3045 23 16.5 16 19 NA 26 210 1 8 12 21 1 8 12 18 0 0 0 3 0 0 0 0
335 71 100 74 26 43 251 1566 253 832 74 3049 23 17 16.5 19 NA 33 253 2 7 11 23 2 7 11 20 0 0 0 3 0 0 0 0
336 72 98 71 27 42 252 1570 225 828 73 3057 23.5 17 17 35.5 NA 25 225 1 7 13 21 1 7 13 19 0 0 0 2 0 0 0 0
337 78 98 70 28 44 241 1571 232 838 73 3071 23 17.5 17.5 35.5 NA 19 232 1 7 14 22 1 7 14 20 0 0 0 2 0 0 0 0
338 74 97 71 26 43 253 1559 218 831 73 3079 23 18 18 35.5 NA 32 218 0 7 14 22 0 7 14 20 0 0 0 2 0 0 0 0
339 84 101 74 27 42 250 1513 254 837 71 3068 23 20 20 35.5 NA 26 254 0 4 15 23 0 4 15 21 0 0 0 2 0 0 0 0
340 87 101 73 28 41 256 1507 224 829 70 3047 22 20 20 35.5 NA 29 224 1 4 15 21 1 4 15 19 0 0 0 2 0 0 0 0
341 81 96 71 25 37 254 1512 207 832 66 3044 22.5 21 21 35.5 NA 31 207 1 4 12 20 1 4 12 18 0 0 0 2 0 0 0 0
342 68 97 72 25 36 261 1530 230 832 68 3047 23 21.5 21 56 NA 29 230 0 3 10 23 0 3 10 22 0 0 0 1 0 0 0 0
343 67 94 68 26 37 249 1585 202 845 66 3055 22 20 20 56 NA 20 202 2 4 8 23 2 4 8 22 0 0 0 1 0 0 0 0
344 84 94 69 25 35 234 1581 211 850 63 3049 21.5 21 20.5 56 NA 17 211 2 4 8 21 2 4 8 20 0 0 0 1 0 0 0 0
345 73 91 66 25 33 239 1570 221 836 60 3034 22 22 21.5 56 NA 20 221 2 4 6 21 2 4 6 20 0 0 0 1 0 0 0 0
346 89 88 64 24 33 230 1565 213 838 61 3042 22.5 22 21.5 56 NA 18 213 2 3 7 21 2 3 7 20 0 0 0 1 0 0 0 0
347 68 90 67 23 35 222 1581 196 846 61 3058 22.5 21 20.5 56 NA 22 196 2 5 6 22 2 5 6 21 0 0 0 1 0 0 0 0
348 91 89 65 24 36 217 1556 219 843 59 3036 23 21.5 20.5 39.5 NA 28 219 2 7 7 20 2 6 7 19 0 1 0 1 0 0 0 0
349 81 89 66 23 37 211 1572 208 842 58 3030 21 21 20.5 23 NA 23 208 1 9 8 19 1 8 7 18 0 1 1 1 0 0 0 0
350 71 93 67 26 38 224 1551 220 833 61 3033 21 21 21 23 NA 24 220 1 7 10 20 1 6 9 19 0 1 1 1 0 0 0 0
351 63 93 68 25 39 221 1562 194 837 64 3030 21 20 20 23 NA 23 194 2 9 8 20 2 8 7 19 0 1 1 1 0 0 0 0
352 84 95 66 29 39 224 1561 228 833 66 3021 18 20 20 23 NA 24 228 2 7 11 19 2 6 10 18 0 1 1 1 0 0 0 0
353 77 103 74 29 39 216 1583 197 837 66 3020 17 20 20 23 NA 17 197 2 6 12 19 2 5 11 18 0 1 1 1 0 0 0 0
354 84 105 77 28 39 214 1563 210 842 65 3009 16 20 20 21 NA 23 210 2 5 13 19 2 5 11 19 0 0 2 0 0 0 0 0
355 71 104 76 28 38 217 1587 197 841 65 3012 17 20 20 21 NA 19 197 1 5 12 20 1 5 10 20 0 0 2 0 0 0 0 0
356 79 101 73 28 40 210 1569 238 842 64 2994 17 20 20 21 NA 18 238 1 7 12 20 1 7 10 20 0 0 2 0 0 0 0 0
357 90 101 73 28 41 211 1543 234 834 65 2985 18 20 20 21 NA 17 234 0 9 12 20 0 9 10 20 0 0 2 0 0 0 0 0
358 70 99 71 28 38 221 1542 207 832 63 2993 19 20 20 21 NA 25 207 0 5 13 20 0 5 11 20 0 0 2 0 0 0 0 0
359 70 103 75 28 42 218 1526 227 831 67 2988 20 19.5 20 19 NA 25 227 0 9 12 21 0 8 10 21 0 1 2 0 0 0 0 0
360 79 101 72 29 40 221 1550 210 828 66 2968 20 19.5 20 19 NA 25 210 0 9 12 19 0 8 10 19 0 1 2 0 0 0 0 0
