1 54 0 0 0 0 2 189 9 0 0 0 NA NA NA NA NA 2 9 0 0 0 0 0 0 0 0 0 0 0 0 0 0 0 0 0 200 0 0
2 63 4 3 1 0 1 327 13 1 0 0 0 NA NA NA NA 0 13 0 0 0 0 0 0 0 0 0 0 0 0 0 0 0 0 2 156 0 0
3 52 6 5 1 0 4 479 23 0 0 0 1 NA NA NA NA 3 23 0 0 0 0 0 0 0 0 0 0 0 0 0 0 0 0 1 180 0 0
4 55 7 6 1 0 8 616 41 0 0 0 2 NA NA NA NA 4 41 0 0 0 0 0 0 0 0 0 0 0 0 0 0 0 0 1 186 0 0
5 75 11 10 1 0 9 741 31 2 0 0 2 NA NA NA NA 4 31 0 0 0 0 0 0 0 0 0 0 0 0 0 0 0 0 2 163 0 0
6 64 11 10 1 1 10 844 38 3 0 0 3 2 NA 2 NA 4 38 1 0 0 0 0 0 0 0 1 0 0 0 0 0 0 0 0 153 0 0
7 36 12 10 2 1 15 965 41 2 0 0 2.5 2 NA 2 NA 7 41 1 0 0 0 0 0 0 0 1 0 0 0 0 0 0 0 2 169 0 0
8 54 18 16 2 1 14 1077 50 5 0 0 3 2 NA 2 NA 4 50 1 0 0 0 0 0 0 0 1 0 0 0 0 0 0 0 3 172 0 0
9 53 20 18 2 1 21 1165 62 3 0 0 3 2 NA 2 NA 10 62 1 0 0 0 0 0 0 0 1 0 0 0 0 0 0 0 2 161 0 0
10 54 21 19 2 1 23 1242 64 6 0 0 3 2 NA 2 NA 9 64 1 0 0 0 0 0 0 0 1 0 0 0 0 0 0 0 0 152 0 0
11 49 24 21 3 1 23 1320 61 4 0 0 3 2 NA 2 NA 5 61 1 0 0 0 0 0 0 0 1 0 0 0 0 0 0 0 2 150 0 0
12 59 27 22 5 1 26 1378 65 4 0 0 4 2 NA 2 NA 7 65 1 0 0 0 0 0 0 0 1 0 0 0 0 0 0 0 1 140 0 0
13 215 31 23 8 1 26 1273 51 4 0 0 5 2 NA 2 NA 5 51 1 0 0 0 0 0 0 0 1 0 0 0 0 0 0 0 1 115 0 103
14 64 35 26 9 1 30 1278 62 3 2 0 5 2 NA 2 NA 7 62 1 0 0 0 0 0 0 0 1 0 0 0 0 0 0 0 4 157 0 175
15 56 41 32 9 1 32 1255 73 3 4 0 4 2 NA 2 NA 6 73 1 0 0 0 0 0 0 0 1 0 0 0 0 0 0 0 5 147 0 259
16 69 42 32 10 1 31 1224 69 6 5 0 4.5 2 NA 2 NA 6 69 0 1 0 0 0 0 0 0 0 1 0 0 0 0 0 0 2 145 1 346
17 74 42 32 10 1 36 1200 66 4 8 0 5 2 NA 2 NA 9 66 0 1 0 0 0 0 0 0 0 1 0 0 0 0 0 0 0 142 1 426
18 48 41 31 10 2 38 1166 59 7 8 0 6 7.5 NA 7.5 NA 8 59 0 2 0 0 0 0 0 0 0 2 0 0 0 0 0 0 0 122 1 508
19 64 48 38 10 4 38 1158 66 8 9 0 6 13.5 NA 13.5 NA 8 66 0 4 0 0 0 0 0 0 0 4 0 0 0 0 0 0 4 144 2 582
20 59 50 40 10 4 43 1162 58 4 14 0 7 13.5 NA 13.5 NA 10 58 0 4 0 0 0 0 0 0 0 4 0 0 0 0 0 0 1 154 3 656
21 59 52 42 10 5 40 1165 56 6 14 0 7.5 13 NA 13 NA 5 56 1 4 0 0 0 0 0 0 1 4 0 0 0 0 0 0 2 150 6 732
22 58 53 43 10 5 38 1177 50 4 13 0 8 13 NA 13 NA 4 50 1 4 0 0 0 0 0 0 1 4 0 0 0 0 0 0 2 150 8 807
23 56 53 43 10 5 42 1181 73 4 16 0 9 13 NA 13 NA 10 73 1 4 0 0 0 0 0 0 1 4 0 0 0 0 0 0 1 154 10 873
24 45 56 46 10 5 43 1196 58 8 19 0 9.5 13 NA 13 NA 11 58 1 4 0 0 0 0 0 0 1 4 0 0 0 0 0 0 3 151 12 943
25 193 58 48 10 6 37 1183 51 7 24 0 10 13.5 NA 13.5 NA 5 51 1 5 0 0 0 0 0 0 1 5 0 0 0 0 0 0 1 138 14 1000
26 73 60 49 11 7 35 1198 49 7 27 0 11 14 NA 14 NA 7 49 1 6 0 0 0 0 0 0 1 6 0 0 0 0 0 0 2 159 17 1073
27 59 60 49 11 7 37 1222 46 5 32 0 12 14 NA 14 NA 7 46 1 5 1 0 0 0 0 0 1 5 1 0 0 0 0 0 0 160 18 1147
28 60 64 52 12 10 35 1255 53 7 35 0 12.5 14.5 NA 14.5 NA 4 53 1 7 2 0 0 0 0 0 1 7 2 0 0 0 0 0 3 172 18 1215
29 70 64 52 12 12 38 1259 65 5 36 0 13.5 15.5 NA 15.5 NA 8 65 1 6 5 0 0 0 0 0 1 6 5 0 0 0 0 0 0 162 20 1289
30 60 68 56 12 15 35 1289 63 8 36 0 14 15 NA 15 NA 8 63 2 8 5 0 0 0 0 0 2 8 5 0 0 0 0 0 3 169 24 1344
31 61 69 56 13 17 29 1292 54 9 42 0 15 15 NA 15 NA 3 54 1 10 6 0 0 0 0 0 1 10 6 0 0 0 0 0 0 140 25 1414
32 70 75 62 13 18 22 1282 60 7 44 0 13 15.5 NA 15.5 NA 4 60 1 9 8 0 0 0 0 0 1 9 8 0 0 0 0 0 1 140 28 1484
33 63 76 63 13 21 26 1281 67 5 47 0 14 16 NA 16 NA 9 67 1 11 9 0 0 0 0 0 1 11 9 0 0 0 0 0 1 156 30 1551
34 59 76 63 13 23 27 1282 57 4 49 0 15 17 NA 17 NA 3 57 1 13 9 0 0 0 0 0 1 13 9 0 0 0 0 0 0 155 30 1632
35 74 74 61 13 24 28 1288 56 5 49 0 16 16.5 NA 16.5 NA 5 56 2 12 10 0 0 0 0 0 2 12 10 0 0 0 0 0 0 135 30 1691
36 61 74 61 13 27 33 1278 57 5 53 0 17 16 NA 16 NA 11 57 2 13 12 0 0 0 0 0 2 13 12 0 0 0 0 0 0 149 33 1770
37 171 75 62 13 26 26 1244 67 7 53 0 18 16 NA 16 NA 4 67 2 8 16 0 0 0 0 0 2 8 16 0 0 0 0 0 1 137 35 1833
38 92 75 62 13 28 30 1224 61 6 54 0 18 16 NA 16 NA 8 61 1 10 17 0 0 0 0 0 1 10 17 0 0 0 0 0 0 143 35 1909
39 72 77 62 15 28 32 1227 51 2 54 0 19 16 NA 16 NA 4 51 1 9 17 1 0 0 0 0 1 9 17 1 0 0 0 0 0 145 35 1982
40 65 82 67 15 28 32 1204 58 5 58 0 19 16 NA 16 NA 6 58 0 9 17 2 0 0 0 0 0 9 17 2 0 0 0 0 3 132 36 2062
41 48 84 67 17 30 35 1191 79 8 58 0 19.5 16 NA 16 NA 9 79 0 10 15 5 0 0 0 0 0 10 15 5 0 0 0 0 0 165 36 2143
42 71 84 67 17 31 32 1167 63 9 61 0 20 16 NA 16 NA 6 63 0 11 16 4 0 0 0 0 0 11 16 4 0 0 0 0 1 148 37 2226
43 66 88 70 18 33 33 1175 49 9 61 0 20 16 NA 16 NA 9 49 0 12 16 5 0 0 0 0 0 12 16 5 0 0 0 0 3 130 37 2283
44 64 87 69 18 33 40 1160 62 5 65 0 20 17 NA 17 NA 11 62 0 10 15 8 0 0 0 0 0 10 15 8 0 0 0 0 1 143 38 2358
45 60 83 66 17 34 37 1133 64 9 64 0 22 17 NA 17 NA 8 64 1 7 17 9 0 0 0 0 1 7 17 9 0 0 0 0 0 137 39 2442
46 76 86 68 18 37 39 1119 49 3 63 0 22 18 NA 18 NA 5 49 1 8 19 9 0 0 0 0 1 8 19 9 0 0 0 0 3 139 40 2517
47 67 88 70 18 39 34 1130 57 10 62 0 21.5 18 NA 18 NA 8 57 2 7 19 11 0 0 0 0 2 7 19 11 0 0 0 0 1 147 42 2583
48 63 90 72 18 39 33 1164 47 3 61 0 21 18 NA 18 NA 3 47 2 7 18 12 0 0 0 0 2 7 18 12 0 0 0 0 3 154 44 2642
49 131 92 74 18 40 31 1136 68 3 62 0 21 19 NA 19 NA 5 68 2 6 17 15 0 0 0 0 2 6 17 15 0 0 0 0 0 142 47 2705
50 81 93 76 17 42 28 1157 47 7 63 0 22 19 NA 19 NA 4 47 2 6 17 17 0 0 0 0 2 6 17 17 0 0 0 0 1 143 47 2763
51 74 94 77 17 43 31 1199 49 2 64 0 23 19 NA 19 NA 7 49 2 6 17 18 0 0 0 0 2 6 17 18 0 0 0 0 1 177 50 2834
52 77 92 76 16 43 40 1201 49 7 66 0 23 19 NA 19 NA 15 49 1 5 17 20 0 0 0 0 1 5 17 20 0 0 0 0 1 123 50 2889
53 78 88 73 15 45 36 1180 56 10 65 0 24 19 NA 19 NA 3 56 1 7 17 20 0 0 0 0 1 7 17 20 0 0 0 0 0 144 50 2973
54 73 90 73 17 46 36 1165 61 6 63 0 23 18.5 NA 18.5 NA 7 61 2 6 20 18 0 0 0 0 2 6 20 18 0 0 0 0 2 136 51 3043
55 79 91 74 17 48 34 1176 55 7 68 0 23 19 NA 19 NA 4 55 2 7 17 22 0 0 0 0 2 7 17 22 0 0 0 0 1 147 51 3106
56 62 89 73 16 49 36 1167 69 5 67 0 26 18 NA 18 NA 7 69 1 8 16 24 0 0 0 0 1 8 16 24 0 0 0 0 0 152 51 3176
57 57 90 74 16 48 41 1160 62 3 66 0 25 18.5 NA 18.5 NA 11 62 1 8 13 26 0 0 0 0 1 8 13 26 0 0 0 0 2 122 52 3230
58 59 87 73 14 45 36 1169 51 10 65 0 26 18 NA 18 NA 7 51 1 8 11 25 0 0 0 0 1 8 11 25 0 0 0 0 0 131 53 3286
59 71 88 74 14 46 37 1178 68 8 68 0 27 17.5 NA 17.5 NA 10 68 1 9 9 27 0 0 0 0 1 9 9 27 0 0 0 0 1 151 54 3342
60 72 87 73 14 46 31 1158 50 8 71 0 28 17.5 NA 17.5 NA 7 50 1 9 9 27 0 0 0 0 1 9 9 27 0 0 0 0 0 112 59 3416
61 128 89 71 18 46 29 1146 64 7 71 0 24 17.5 NA 17.5 NA 5 64 1 7 11 27 0 0 0 0 1 7 11 27 0 0 0 0 0 151 59 3484
62 68 87 69 18 45 30 1138 50 6 71 0 25 17 NA 17 NA 6 50 1 7 10 27 0 0 0 0 1 7 10 27 0 0 0 0 0 136 60 3562
63 81 86 69 17 45 32 1123 50 6 70 0 25.5 16 NA 16 NA 9 50 1 8 10 26 0 0 0 0 1 8 10 26 0 0 0 0 1 140 61 3650
64 61 85 69 16 44 29 1144 61 4 70 0 26 16 NA 16 NA 5 61 1 6 10 27 0 0 0 0 1 6 10 27 0 0 0 0 0 160 62 3717
65 63 87 71 16 46 29 1171 53 5 70 0 25 16 NA 16 NA 4 53 1 7 10 28 0 0 0 0 1 7 10 28 0 0 0 0 0 159 63 3779
66 75 86 70 16 46 29 1175 42 2 70 0 26 16 NA 16 NA 1 42 1 8 8 29 0 0 0 0 1 8 8 29 0 0 0 0 0 141 63 3849
67 61 83 67 16 43 31 1197 46 6 68 0 27 16 NA 16 NA 8 46 1 7 10 25 0 0 0 0 1 7 10 25 0 0 0 0 0 156 64 3924
68 70 87 71 16 41 35 1222 64 1 67 0 25 16 NA 16 NA 5 64 1 6 9 25 0 0 0 0 1 6 9 25 0 0 0 0 1 178 64 3996
69 68 90 74 16 41 36 1229 59 2 68 0 26 16 NA 16 NA 6 59 1 6 9 25 0 0 0 0 1 6 9 25 0 0 0 0 3 143 66 4054
70 51 92 76 16 41 33 1228 67 8 68 0 26.5 16 NA 16 NA 7 67 1 6 9 25 0 0 0 0 1 6 9 25 0 0 0 0 0 141 69 4114
71 78 96 80 16 41 34 1219 59 3 68 0 25 16 NA 16 NA 6 59 0 5 11 25 0 0 0 0 0 5 11 25 0 0 0 0 5 143 70 4182
72 55 98 81 17 42 34 1240 50 5 68 0 25.5 16 NA 16 NA 7 50 0 5 12 25 0 0 0 0 0 5 12 25 0 0 0 0 1 147 72 4240
73 113 98 82 16 42 31 1229 47 6 69 0 25.5 15.5 NA 15.5 NA 4 47 1 5 10 26 0 0 0 0 1 5 10 26 0 0 0 0 0 151 74 4318
74 67 101 84 17 43 35 1213 66 7 69 0 25 15 NA 15 NA 12 66 1 4 11 27 0 0 0 0 1 4 11 27 0 0 0 0 2 140 76 4387
75 70 100 83 17 43 31 1205 73 11 67 0 25.5 15 NA 15 NA 8 73 2 4 11 26 0 0 0 0 2 4 11 26 0 0 0 0 1 132 76 4440
76 70 98 81 17 42 28 1182 48 6 65 0 26 16 NA 16 NA 6 48 2 3 10 27 0 0 0 0 2 3 10 27 0 0 0 0 1 119 79 4514
77 81 97 78 19 41 27 1153 66 7 63 0 25 16 NA 16 NA 7 66 2 4 9 26 0 0 0 0 2 4 9 26 0 0 0 0 0 129 81 4588
78 77 94 76 18 40 28 1163 62 6 60 0 24 15.5 NA 15.5 NA 9 62 2 4 10 24 0 0 0 0 2 4 10 24 0 0 0 0 1 153 84 4656
79 58 93 76 17 37 33 1143 52 4 58 0 24 15 NA 15 NA 8 52 2 2 8 25 0 0 0 0 2 2 8 25 0 0 0 0 1 131 84 4742
80 72 91 74 17 39 32 1112 71 5 62 0 25 16 NA 16 NA 7 71 2 3 7 27 0 0 0 0 2 3 7 27 0 0 0 0 0 140 87 4818
81 59 91 72 19 37 26 1117 56 8 62 0 24 16 NA 16 NA 3 56 2 3 7 25 0 0 0 0 2 3 7 25 0 0 0 0 3 154 88 4888
82 63 93 73 20 36 20 1133 50 6 64 0 21 15.5 NA 15.5 NA 2 50 2 3 7 24 0 0 0 0 2 3 7 24 0 0 0 0 2 149 90 4953
83 84 93 73 20 39 23 1145 60 7 69 0 22 16 NA 16 NA 8 60 0 7 6 26 0 0 0 0 0 7 6 26 0 0 0 0 0 166 92 5027
84 80 94 76 18 41 22 1133 63 9 70 0 23 16 NA 16 NA 7 63 0 9 5 27 0 0 0 0 0 9 5 27 0 0 0 0 3 136 94 5090
85 93 90 76 14 39 21 1139 49 5 69 0 21.5 15 NA 15 NA 2 49 0 7 8 24 0 0 0 0 0 7 8 24 0 0 0 0 2 144 95 5156
86 80 88 73 15 36 21 1161 44 6 66 0 18 15 NA 15 NA 5 44 0 9 5 22 0 0 0 0 0 9 5 22 0 0 0 0 3 154 95 5224
87 76 89 75 14 35 28 1160 61 2 67 0 19 15 NA 15 NA 9 61 0 8 6 21 0 0 0 0 0 8 6 21 0 0 0 0 2 141 95 5286
88 53 86 72 14 37 22 1169 57 9 65 0 20 16 NA 16 NA 4 57 1 10 5 21 0 0 0 0 1 10 5 21 0 0 0 0 0 136 97 5340
89 76 86 73 13 37 24 1173 44 5 64 0 20 17 NA 17 NA 6 44 1 9 6 21 0 0 0 0 1 9 6 21 0 0 0 0 1 129 98 5407
90 75 86 73 13 40 21 1180 45 6 63 0 20.5 16 NA 16 NA 4 45 1 12 6 21 0 0 0 0 1 12 6 21 0 0 0 0 1 145 100 5476
91 55 88 76 12 42 20 1158 59 6 65 0 21 16 NA 16 NA 5 59 1 14 6 21 0 0 0 0 1 14 6 21 0 0 0 0 2 127 101 5551
92 76 90 77 13 41 22 1163 54 0 62 0 21 17 NA 17 NA 4 54 1 12 7 21 0 0 0 0 1 12 7 21 0 0 0 0 4 134 102 5602
93 74 89 77 12 41 30 1180 58 4 61 0 22 17 NA 17 NA 11 58 1 12 8 20 0 0 0 0 1 12 8 20 0 0 0 0 2 162 102 5671
94 67 90 78 12 42 33 1178 68 4 63 0 23 17 NA 17 NA 7 68 1 11 10 20 0 0 0 0 1 11 10 20 0 0 0 0 1 154 102 5745
95 60 92 76 16 44 34 1172 57 10 62 0 23.5 18 NA 18 NA 8 57 1 6 17 20 0 0 0 0 1 6 17 20 0 0 0 0 1 144 102 5823
96 66 92 75 17 44 36 1173 57 5 64 0 23.5 18 NA 18 NA 7 57 1 5 18 20 0 0 0 0 1 5 18 20 0 0 0 0 1 140 102 5888
97 109 90 74 16 43 36 1147 67 4 64 0 24 19 NA 19 NA 7 67 1 4 16 22 0 0 0 0 1 4 16 22 0 0 0 0 0 146 105 5963
98 72 90 73 17 43 39 1157 48 6 66 0 25 19 NA 19 NA 8 48 1 4 17 21 0 0 0 0 1 4 17 21 0 0 0 0 1 152 105 6034
99 75 89 72 17 45 34 1167 51 9 68 0 26 17 NA 17 NA 5 51 0 5 19 21 0 0 0 0 0 5 19 21 0 0 0 0 0 135 107 6099
100 72 91 71 20 46 30 1162 54 6 67 0 26 17 NA 17 NA 4 54 0 6 19 21 0 0 0 0 0 6 19 21 0 0 0 0 1 135 109 6158
101 89 93 71 22 47 25 1173 47 7 65 0 26 17 NA 17 NA 2 47 1 6 20 20 0 0 0 0 1 6 20 20 0 0 0 0 3 143 110 6223
102 70 93 70 23 46 30 1170 64 3 64 0 26 17 NA 17 NA 10 64 1 7 19 19 0 0 0 0 1 7 19 19 0 0 0 0 2 137 112 6283
103 80 93 70 23 45 33 1170 58 4 62 0 24 17 NA 17 NA 6 58 1 6 19 19 0 0 0 0 1 6 19 19 0 0 0 0 1 137 112 6341
104 63 92 69 23 46 31 1180 60 4 67 0 25 17 NA 17 NA 4 60 1 6 16 23 0 0 0 0 1 6 16 23 0 0 0 0 0 151 114 6399
105 69 91 69 22 46 38 1204 51 3 67 0 26 17 NA 17 NA 11 51 1 7 14 24 0 0 0 0 1 7 14 24 0 0 0 0 1 162 116 6473
106 71 92 70 22 46 31 1192 50 9 67 0 24 16 NA 16 NA 3 50 1 8 13 24 0 0 0 0 1 8 13 24 0 0 0 0 2 134 118 6550
107 94 96 74 22 45 29 1194 47 8 67 0 22 15 NA 15 NA 7 47 1 9 9 26 0 0 0 0 1 9 9 26 0 0 0 0 3 153 120 6632
108 54 96 73 23 46 31 1199 57 3 66 0 22 15 NA 15 NA 7 57 1 8 10 27 0 0 0 0 1 8 10 27 0 0 0 0 1 148 122 6702
109 101 100 78 22 43 27 1194 62 6 63 0 18 15 NA 15 NA 3 62 1 7 9 26 0 0 0 0 1 7 9 26 0 0 0 0 5 149 124 6768
110 57 99 76 23 42 31 1198 78 5 63 0 18 15 NA 15 NA 9 78 1 7 7 27 0 0 0 0 1 7 7 27 0 0 0 0 1 161 124 6832
111 83 98 75 23 43 29 1191 52 5 62 0 19 15 NA 15 NA 5 52 1 6 8 28 0 0 0 0 1 6 8 28 0 0 0 0 1 142 127 6907
112 72 98 74 24 42 34 1188 61 2 63 0 20 15 NA 15 NA 7 61 1 7 8 26 0 0 0 0 1 7 8 26 0 0 0 0 3 136 128 6970
113 82 99 75 24 42 35 1172 63 8 63 0 20 15 NA 15 NA 10 63 2 6 8 26 0 0 0 0 2 6 8 26 0 0 0 0 2 137 129 7044
114 57 97 73 24 42 37 1160 68 4 64 0 21 15 NA 15 NA 5 68 1 7 9 25 0 0 0 0 1 7 9 25 0 0 0 0 0 130 129 7107
115 80 96 72 24 41 32 1185 62 10 64 0 21.5 15 NA 15 NA 8 62 1 6 8 26 0 0 0 0 1 6 8 26 0 0 0 0 1 164 132 7166
116 84 93 70 23 40 30 1207 43 5 61 0 22 15 NA 15 NA 5 43 1 4 10 25 0 0 0 0 1 4 10 25 0 0 0 0 0 150 133 7230
117 81 92 70 22 41 31 1177 60 6 63 0 23.5 15 NA 15 NA 9 60 1 5 10 25 0 0 0 0 1 5 10 25 0 0 0 0 1 134 134 7316
118 79 89 66 23 41 33 1173 46 4 63 0 24 15 NA 15 NA 7 46 1 5 10 25 0 0 0 0 1 5 10 25 0 0 0 0 0 138 136 7389
119 79 90 67 23 41 33 1161 62 7 67 0 24 15 NA 15 NA 8 62 1 3 13 24 0 0 0 0 1 3 13 24 0 0 0 0 0 134 137 7456
120 70 89 66 23 39 39 1146 56 1 67 0 25 15 NA 15 NA 6 56 0 5 9 25 0 0 0 0 0 5 9 25 0 0 0 0 1 128 139 7519
121 95 88 64 24 40 40 1140 59 5 72 0 24 15.5 NA 15.5 NA 7 59 0 8 8 24 0 0 0 0 0 8 8 24 0 0 0 0 0 159 139 7597
122 77 86 62 24 37 37 1135 61 4 69 0 23 15 NA 15 NA 3 61 0 7 9 21 0 0 0 0 0 7 9 21 0 0 0 0 1 147 140 7671
123 57 84 60 24 37 35 1149 48 6 68 0 23 16 NA 16 NA 7 48 0 8 7 22 0 0 0 0 0 8 7 22 0 0 0 0 0 136 143 7733
124 81 79 57 22 39 38 1132 68 7 67 0 24 16 NA 16 NA 8 68 0 10 9 20 0 0 0 0 0 10 9 20 0 0 0 0 0 134 144 7789
125 74 81 57 24 42 31 1153 42 11 69 0 23 16 NA 16 NA 4 42 0 13 10 19 0 0 0 0 0 13 10 19 0 0 0 0 2 144 145 7856
126 74 84 60 24 41 35 1170 59 8 67 0 22 17 NA 17 NA 11 59 0 11 11 19 0 0 0 0 0 11 11 19 0 0 0 0 4 153 145 7917
127 67 89 65 24 42 34 1175 48 7 68 0 22 17 NA 17 NA 5 48 0 11 12 19 0 0 0 0 0 11 12 19 0 0 0 0 3 140 146 7992
128 73 90 66 24 42 38 1172 53 2 67 0 22 17 NA 17 NA 7 53 0 12 10 20 0 0 0 0 0 12 10 20 0 0 0 0 2 141 147 8066
129 70 89 65 24 43 41 1178 59 6 68 0 23 17 NA 17 NA 11 59 0 11 12 20 0 0 0 0 0 11 12 20 0 0 0 0 0 142 150 8132
130 78 88 64 24 42 39 1179 64 5 67 0 23.5 17 NA 17 NA 4 64 0 9 13 20 0 0 0 0 0 9 13 20 0 0 0 0 2 143 151 8192
131 68 90 64 26 43 40 1153 68 7 67 0 24 16 NA 16 NA 9 68 2 7 13 21 0 0 0 0 2 7 13 21 0 0 0 0 2 128 153 8257
132 78 92 65 27 45 33 1142 54 9 69 0 25 17 NA 17 NA 4 54 2 5 16 22 0 0 0 0 2 5 16 22 0 0 0 0 1 127 156 8321
133 74 89 64 25 43 35 1169 61 4 66 0 25 16 NA 16 NA 8 61 2 4 18 19 0 0 0 0 2 4 18 19 0 0 0 0 1 171 159 8386
134 77 88 64 24 44 38 1165 71 5 65 0 26 18 NA 18 NA 9 71 1 4 20 19 0 0 0 0 1 4 20 19 0 0 0 0 0 152 160 8448
135 76 88 64 24 45 33 1162 53 8 64 0 26.5 17 NA 17 NA 5 53 2 5 20 18 0 0 0 0 2 5 20 18 0 0 0 0 0 146 161 8515
136 69 89 63 26 44 38 1166 58 5 63 0 27 18 NA 18 NA 9 58 2 3 20 19 0 0 0 0 2 3 20 19 0 0 0 0 2 144 161 8576
137 72 88 64 24 43 40 1145 67 5 63 0 28 17 NA 17 NA 10 67 3 1 21 18 0 0 0 0 3 1 21 18 0 0 0 0 2 134 163 8647
138 66 87 64 23 43 38 1148 62 7 66 0 29 17 NA 17 NA 5 62 2 2 19 20 0 0 0 0 2 2 19 20 0 0 0 0 1 156 163 8716
139 73 88 65 23 44 37 1152 71 9 69 0 27.5 17 NA 17 NA 10 71 1 4 19 20 0 0 0 0 1 4 19 20 0 0 0 0 2 160 166 8782
140 66 90 67 23 43 42 1168 59 2 67 0 27.5 17 NA 17 NA 8 59 1 4 19 19 0 0 0 0 1 4 19 19 0 0 0 0 2 151 166 8843
141 78 87 66 21 42 42 1152 57 5 65 0 28 16.5 NA 16.5 NA 8 57 1 5 16 20 0 0 0 0 1 5 16 20 0 0 0 0 0 133 169 8917
142 79 88 66 22 40 37 1185 49 7 65 0 28 15.5 NA 15.5 NA 4 49 0 6 13 21 0 0 0 0 0 6 13 21 0 0 0 0 1 164 171 8978
143 79 92 69 23 41 37 1180 62 6 68 0 25.5 16 NA 16 NA 6 62 0 5 12 24 0 0 0 0 0 5 12 24 0 0 0 0 3 148 171 9040
144 72 93 69 24 42 43 1184 71 4 68 0 25 16.5 NA 16.5 NA 11 71 0 6 9 27 0 0 0 0 0 6 9 27 0 0 0 0 2 144 172 9097
145 91 98 73 25 43 40 1174 51 7 68 0 20.5 17 NA 17 NA 6 51 1 6 7 29 0 0 0 0 1 6 7 29 0 0 0 0 3 146 174 9172
146 84 95 71 24 39 34 1169 56 7 65 0 20 17 NA 17 NA 5 56 1 6 7 25 0 0 0 0 1 6 7 25 0 0 0 0 1 146 177 9242
147 64 92 70 22 39 43 1151 62 3 64 0 21 17 NA 17 NA 13 62 1 7 6 25 0 0 0 0 1 7 6 25 0 0 0 0 0 126 180 9309
148 68 90 68 22 40 43 1185 50 9 66 0 22 16.5 NA 16.5 NA 8 50 1 8 4 27 0 0 0 0 1 8 4 27 0 0 0 0 0 152 180 9366
149 63 91 70 21 43 44 1211 56 10 67 0 23 16 NA 16 NA 7 56 2 9 3 29 0 0 0 0 2 9 3 29 0 0 0 0 2 159 181 9429
150 88 94 69 25 42 35 1191 56 8 66 0 23.5 16 NA 16 NA 4 56 2 5 7 28 0 0 0 0 2 5 7 28 0 0 0 0 1 120 185 9490
151 68 99 72 27 45 30 1155 61 10 66 0 21 15 NA 15 NA 6 61 2 6 9 28 0 0 0 0 2 6 9 28 0 0 0 0 5 124 186 9568
152 75 98 71 27 45 26 1182 47 5 68 0 21.5 15 NA 15 NA 7 47 2 7 9 27 0 0 0 0 2 7 9 27 0 0 0 0 1 165 191 9638
153 60 97 70 27 42 26 1192 63 6 65 0 22 15 NA 15 NA 7 63 2 7 9 24 0 0 0 0 2 7 9 24 0 0 0 0 1 163 192 9714
154 74 98 71 27 43 26 1165 60 7 67 0 22 15 NA 15 NA 7 60 2 7 10 24 0 0 0 0 2 7 10 24 0 0 0 0 1 120 194 9786
155 62 95 68 27 43 30 1185 44 3 68 0 24 15 NA 15 NA 7 44 2 6 9 26 0 0 0 0 2 6 9 26 0 0 0 0 0 143 194 9855
156 86 95 68 27 45 38 1180 54 5 70 0 25 15 NA 15 NA 12 54 1 8 10 26 0 0 0 0 1 8 10 26 0 0 0 0 1 129 195 9918
157 106 100 71 29 47 31 1179 52 9 74 0 24 15 NA 15 NA 4 52 2 9 10 26 0 0 0 0 2 9 10 26 0 0 0 0 4 147 198 9986
158 58 100 71 29 48 29 1187 55 7 75 0 25 15 NA 15 NA 6 55 2 8 11 27 0 0 0 0 2 8 11 27 0 0 0 0 0 144 199 10054
159 70 99 69 30 47 36 1186 67 5 72 0 24 15 NA 15 NA 10 67 2 9 11 25 0 0 0 0 2 9 11 25 0 0 0 0 1 138 199 10110
160 71 99 68 31 49 30 1191 48 8 71 0 24 15 NA 15 NA 6 48 3 7 13 26 0 0 0 0 3 7 13 26 0 0 0 0 1 147 203 10189
161 71 98 67 31 49 26 1188 49 4 72 0 25 15 NA 15 NA 2 49 3 7 12 27 0 0 0 0 3 7 12 27 0 0 0 0 0 139 205 10261
162 79 101 67 34 47 29 1200 53 3 74 0 23 15 NA 15 NA 6 53 2 8 7 30 0 0 0 0 2 8 7 30 0 0 0 0 5 133 205 10313
163 76 99 66 33 46 41 1213 72 2 78 0 23 15 NA 15 NA 14 72 1 8 6 31 0 0 0 0 1 8 6 31 0 0 0 0 1 162 205 10373
164 62 99 66 33 48 40 1191 61 8 78 0 24 15 NA 15 NA 7 61 1 8 8 31 0 0 0 0 1 8 8 31 0 0 0 0 1 139 206 10456
165 58 97 65 32 47 40 1184 65 3 78 0 25 15 NA 15 NA 3 65 1 8 8 30 0 0 0 0 1 8 8 30 0 0 0 0 1 154 206 10537
166 83 95 65 30 48 40 1182 54 6 76 0 24 15 NA 15 NA 6 54 1 10 7 30 0 0 0 0 1 10 7 30 0 0 0 0 1 133 208 10596
167 75 94 64 30 47 36 1159 64 5 73 0 24 15 NA 15 NA 5 64 1 10 8 28 0 0 0 0 1 10 8 28 0 0 0 0 2 138 211 10675
168 78 93 63 30 47 37 1142 60 6 73 0 26 15 NA 15 NA 9 60 1 8 10 28 0 0 0 0 1 8 10 28 0 0 0 0 0 128 213 10745
169 88 92 63 29 46 38 1121 59 3 75 0 25 15 NA 15 NA 7 59 0 9 11 26 0 0 0 0 0 9 11 26 0 0 0 0 1 138 217 10820
170 85 91 62 29 45 37 1145 48 8 72 0 25 15 NA 15 NA 8 48 1 8 9 27 0 0 0 0 1 8 9 27 0 0 0 0 1 150 217 10880
171 64 94 64 30 46 35 1152 63 11 73 0 25.5 15 NA 15 NA 9 63 1 10 9 26 0 0 0 0 1 10 9 26 0 0 0 0 3 145 218 10942
172 75 96 64 32 46 35 1157 58 6 72 0 22 15 NA 15 NA 10 58 1 10 8 27 0 0 0 0 1 10 8 27 0 0 0 0 2 148 221 11003
173 67 94 62 32 43 32 1166 50 8 68 0 23 15 NA 15 NA 7 50 1 9 7 26 0 0 0 0 1 9 7 26 0 0 0 0 1 144 224 11067
174 78 96 62 34 46 31 1172 52 5 72 0 23.5 15 NA 15 NA 2 52 1 10 9 26 0 0 0 0 1 10 9 26 0 0 0 0 2 138 224 11127
175 72 95 62 33 45 30 1183 49 5 70 0 24 15 NA 15 NA 4 49 1 8 10 26 0 0 0 0 1 8 10 26 0 0 0 0 1 153 225 11207
176 66 96 64 32 45 29 1178 61 6 68 0 23.5 15 NA 15 NA 5 61 0 11 8 26 0 0 0 0 0 11 8 26 0 0 0 0 2 139 228 11281
177 65 94 62 32 45 27 1144 58 7 66 0 24 15 NA 15 NA 6 58 0 9 13 23 0 0 0 0 0 9 13 23 0 0 0 0 1 118 231 11357
178 68 97 63 34 46 28 1183 42 4 68 0 24 15 NA 15 NA 6 42 0 7 14 25 0 0 0 0 0 7 14 25 0 0 0 0 2 141 231 11405
179 83 101 68 33 45 30 1173 59 4 69 0 22 15 NA 15 NA 5 59 0 7 14 24 0 0 0 0 0 7 14 24 0 0 0 0 1 134 231 11469
180 78 101 69 32 45 34 1194 47 4 68 0 23 15 NA 15 NA 8 47 0 7 13 25 0 0 0 0 0 7 13 25 0 0 0 0 1 148 231 11532
181 98 105 73 32 44 35 1179 70 6 67 0 22 15 NA 15 NA 12 70 0 5 14 25 0 0 0 0 0 5 14 25 0 0 0 0 3 150 234 11604
182 79 103 73 30 45 30 1198 42 8 68 0 23 15 NA 15 NA 3 42 0 5 15 25 0 0 0 0 0 5 15 25 0 0 0 0 1 151 235 11677
183 81 103 75 28 44 30 1176 68 7 67 0 21 14.5 NA 14.5 NA 6 68 1 5 16 22 0 0 0 0 1 5 16 22 0 0 0 0 2 134 235 11748
184 77 108 80 28 44 29 1152 49 1 70 0 21.5 14.5 NA 14.5 NA 2 49 0 6 16 22 0 0 0 0 0 6 16 22 0 0 0 0 3 118 237 11820
185 80 107 79 28 44 25 1140 45 1 72 0 23 14.5 NA 14.5 NA 1 45 0 6 16 22 0 0 0 0 0 6 16 22 0 0 0 0 0 117 240 11884
186 66 103 78 25 42 28 1141 62 3 68 0 22 15 NA 15 NA 8 62 0 4 17 21 0 0 0 0 0 4 17 21 0 0 0 0 1 142 243 11947
187 88 100 76 24 41 31 1132 64 8 68 0 22.5 15 NA 15 NA 10 64 0 4 13 24 0 0 0 0 0 4 13 24 0 0 0 0 1 148 243 12022
188 76 102 80 22 41 30 1132 50 5 68 0 21 15 NA 15 NA 6 50 1 3 13 24 0 0 0 0 1 3 13 24 0 0 0 0 2 131 243 12089
189 76 102 80 22 40 30 1143 66 9 67 0 21 15 NA 15 NA 8 66 0 4 10 26 0 0 0 0 0 4 10 26 0 0 0 0 0 154 243 12143
190 65 102 79 23 39 30 1164 55 7 68 0 20.5 16 NA 16 NA 7 55 0 5 8 26 0 0 0 0 0 5 8 26 0 0 0 0 2 161 244 12219
191 62 101 79 22 42 24 1173 50 6 68 0 21 16 NA 16 NA 1 50 0 7 9 26 0 0 0 0 0 7 9 26 0 0 0 0 1 143 246 12285
192 82 98 75 23 42 27 1189 51 4 68 0 21.5 16 NA 16 NA 7 51 0 9 9 24 0 0 0 0 0 9 9 24 0 0 0 0 1 159 247 12358
193 90 99 77 22 40 29 1176 61 2 71 0 21 16 NA 16 NA 5 61 0 8 7 25 0 0 0 0 0 8 7 25 0 0 0 0 2 142 248 12429
194 90 97 76 21 40 26 1146 56 6 71 0 22 15.5 NA 15.5 NA 4 56 0 9 7 24 0 0 0 0 0 9 7 24 0 0 0 0 0 127 250 12507
195 74 100 80 20 39 30 1181 54 6 70 0 20 16 NA 16 NA 8 54 0 7 7 25 0 0 0 0 0 7 7 25 0 0 0 0 3 156 250 12560
196 77 100 81 19 39 28 1205 55 6 73 0 20.5 16 NA 16 NA 5 55 0 6 8 25 0 0 0 0 0 6 8 25 0 0 0 0 2 156 252 12617
197 61 99 81 18 44 30 1201 59 9 73 0 21 16.5 NA 16.5 NA 7 59 0 10 9 25 0 0 0 0 0 10 9 25 0 0 0 0 0 137 252 12682
198 70 98 81 17 42 30 1189 59 7 71 0 21 16 NA 16 NA 7 59 1 10 6 25 0 0 0 0 1 10 6 25 0 0 0 0 1 132 252 12754
199 71 100 83 17 45 36 1215 56 6 71 0 21 17 NA 17 NA 8 56 1 11 7 26 0 0 0 0 1 11 7 26 0 0 0 0 1 167 252 12822
200 66 100 81 19 44 36 1215 52 3 70 0 21 16.5 NA 16.5 NA 7 52 1 9 8 26 0 0 0 0 1 9 8 26 0 0 0 0 3 122 255 12873
201 68 100 81 19 44 36 1230 46 3 73 0 22 16.5 NA 16.5 NA 5 46 1 9 8 26 0 0 0 0 1 9 8 26 0 0 0 0 0 146 257 12940
202 67 102 83 19 46 26 1214 57 9 75 0 22.5 17 NA 17 NA 2 57 1 9 10 26 0 0 0 0 1 9 10 26 0 0 0 0 2 142 260 13026
203 82 101 81 20 46 24 1209 56 4 73 0 22 17 NA 17 NA 5 56 1 8 11 26 0 0 0 0 1 8 11 26 0 0 0 0 4 142 264 13099
204 90 101 81 20 43 30 1211 52 1 71 0 23 17 NA 17 NA 7 52 1 7 12 23 0 0 0 0 1 7 12 23 0 0 0 0 2 161 264 13178
205 94 98 80 18 42 40 1210 66 6 70 0 22.5 17 NA 17 NA 16 66 1 4 15 22 0 0 0 0 1 4 15 22 0 0 0 0 1 155 266 13240
206 81 99 79 20 44 36 1191 67 14 69 0 23 17.5 NA 17.5 NA 11 67 2 2 18 22 0 0 0 0 2 2 18 22 0 0 0 0 1 122 266 13295
207 71 102 82 20 46 34 1185 45 8 74 0 23 17.5 NA 17.5 NA 6 45 1 3 18 24 0 0 0 0 1 3 18 24 0 0 0 0 3 135 268 13370
208 73 102 83 19 45 29 1190 58 7 74 0 24 18 NA 18 NA 2 58 1 3 17 24 0 0 0 0 1 3 17 24 0 0 0 0 0 164 269 13452
209 71 103 83 20 43 26 1186 54 2 71 0 23 19 NA 19 NA 2 54 1 3 15 24 0 0 0 0 1 3 15 24 0 0 0 0 3 137 272 13520
210 80 103 84 19 41 28 1211 53 2 70 0 22 18 NA 18 NA 4 53 1 3 14 23 0 0 0 0 1 3 14 23 0 0 0 0 2 156 272 13575
211 68 105 85 20 39 31 1192 55 3 71 0 22 18 NA 18 NA 5 55 1 2 12 24 0 0 0 0 1 2 12 24 0 0 0 0 2 152 272 13665
212 77 107 87 20 39 29 1199 43 3 72 0 20 18 NA 18 NA 4 43 1 2 11 25 0 0 0 0 1 2 11 25 0 0 0 0 4 130 275 13729
213 84 109 89 20 41 28 1193 63 9 71 0 20 18 NA 18 NA 7 63 1 3 12 25 0 0 0 0 1 3 12 25 0 0 0 0 1 136 276 13790
214 74 110 90 20 42 25 1188 54 7 72 0 20.5 18 NA 18 NA 4 54 1 4 11 26 0 0 0 0 1 4 11 26 0 0 0 0 0 141 276 13864
215 60 111 90 21 40 27 1205 51 1 72 0 20 17.5 NA 17.5 NA 3 51 2 4 10 24 0 0 0 0 2 4 10 24 0 0 0 0 3 151 276 13928
216 68 112 92 20 40 26 1214 52 7 74 0 20.5 17.5 NA 17.5 NA 8 52 1 5 10 24 0 0 0 0 1 5 10 24 0 0 0 0 2 148 280 14000
217 89 114 94 20 39 28 1179 65 4 74 0 18 17 NA 17 NA 7 65 1 7 7 24 0 0 0 0 1 7 7 24 0 0 0 0 2 128 282 14077
218 80 115 95 20 41 25 1173 56 6 77 0 19 17 NA 17 NA 5 56 1 8 5 27 0 0 0 0 1 8 5 27 0 0 0 0 1 131 285 14136
219 75 115 95 20 43 23 1162 52 4 80 0 20 17 NA 17 NA 6 52 2 8 5 28 0 0 0 0 2 8 5 28 0 0 0 0 0 130 289 14200
220 60 118 97 21 42 37 1161 59 1 81 0 20 17 NA 17 NA 15 59 1 9 3 29 0 0 0 0 1 9 3 29 0 0 0 0 3 158 291 14282
221 77 119 97 22 42 31 1161 49 9 81 0 18 17.5 NA 17.5 NA 4 49 1 11 3 27 0 0 0 0 1 11 3 27 0 0 0 0 4 139 292 14357
222 91 120 98 22 43 34 1137 61 7 82 0 19 18 NA 18 NA 8 61 1 11 3 28 0 0 0 0 1 11 3 28 0 0 0 0 0 147 292 14434
223 87 116 94 22 42 34 1127 52 5 82 0 20 18 NA 18 NA 5 52 1 9 5 27 0 0 0 0 1 9 5 27 0 0 0 0 1 147 293 14509
224 71 115 93 22 44 34 1135 65 9 85 0 21 18 NA 18 NA 7 65 1 8 8 27 0 0 0 0 1 8 8 27 0 0 0 0 0 150 293 14568
225 84 111 89 22 44 31 1133 53 8 84 0 22 17.5 NA 17.5 NA 4 53 1 9 8 26 0 0 0 0 1 9 8 26 0 0 0 0 0 130 293 14631
226 76 116 93 23 44 32 1140 51 4 84 0 22 18 NA 18 NA 5 51 1 9 9 25 0 0 0 0 1 9 9 25 0 0 0 0 6 144 293 14695
227 74 113 90 23 45 38 1130 62 7 84 0 23 18 NA 18 NA 12 62 1 8 12 24 0 0 0 0 1 8 12 24 0 0 0 0 0 130 294 14759
228 82 113 88 25 46 29 1125 51 11 84 0 22 17.5 NA 17.5 NA 3 51 1 8 16 21 0 0 0 0 1 8 16 21 0 0 0 0 4 130 294 14830
229 99 115 89 26 49 25 1144 58 8 88 0 23 18 NA 18 NA 6 58 0 11 17 21 0 0 0 0 0 11 17 21 0 0 0 0 1 147 298 14881
230 79 114 90 24 48 28 1174 50 3 88 0 23.5 18 NA 18 NA 7 50 0 10 17 21 0 0 0 0 0 10 17 21 0 0 0 0 2 163 299 14939
231 83 111 87 24 46 31 1178 52 3 85 0 24 18 NA 18 NA 6 52 0 9 15 22 0 0 0 0 0 9 15 22 0 0 0 0 0 138 299 14996
232 80 109 86 23 48 30 1184 61 10 85 0 24 18 NA 18 NA 10 61 0 10 15 23 0 0 0 0 0 10 15 23 0 0 0 0 2 165 301 15073
233 86 111 86 25 48 29 1192 48 7 85 0 24 18 NA 18 NA 8 48 0 9 17 22 0 0 0 0 0 9 17 22 0 0 0 0 4 146 305 15139
234 75 112 87 25 48 26 1186 46 7 86 0 25 18 NA 18 NA 5 46 0 8 17 23 0 0 0 0 0 8 17 23 0 0 0 0 1 138 306 15212
235 77 112 87 25 50 24 1200 54 7 84 0 25.5 18 NA 18 NA 5 54 1 10 15 24 0 0 0 0 1 10 15 24 0 0 0 0 3 156 307 15279
236 71 113 87 26 50 20 1185 64 6 83 0 25 18 NA 18 NA 2 64 1 8 15 26 0 0 0 0 1 8 15 26 0 0 0 0 2 138 308 15353
237 70 113 88 25 53 26 1188 53 4 82 0 25 18 NA 18 NA 8 53 1 9 17 26 0 0 0 0 1 9 17 26 0 0 0 0 1 132 309 15412
238 81 114 90 24 52 29 1184 61 6 86 0 25.5 18 NA 18 NA 5 61 1 9 18 24 0 0 0 0 1 9 18 24 0 0 0 0 1 149 309 15483
239 68 114 90 24 56 24 1222 52 7 85 0 26 18 NA 18 NA 2 52 1 10 20 25 0 0 0 0 1 10 20 25 0 0 0 0 0 167 309 15539
240 77 115 90 25 54 26 1208 62 3 87 0 25 18 NA 18 NA 6 62 1 9 18 26 0 0 0 0 1 9 18 26 0 0 0 0 1 137 310 15605
241 82 116 90 26 54 30 1178 54 2 87 0 25.5 18 NA 18 NA 6 54 1 7 20 26 0 0 0 0 1 7 20 26 0 0 0 0 1 121 311 15679
242 81 116 90 26 54 29 1157 58 6 86 0 25.5 18 NA 18 NA 4 58 1 6 19 28 0 0 0 0 1 6 19 28 0 0 0 0 3 137 312 15756
243 87 120 94 26 55 25 1148 61 5 86 0 26 18 NA 18 NA 4 61 1 6 19 29 0 0 0 0 1 6 19 29 0 0 0 0 3 140 315 15821
244 69 121 95 26 56 26 1141 67 3 87 0 27 18 NA 18 NA 2 67 1 5 19 31 0 0 0 0 1 5 19 31 0 0 0 0 1 159 315 15906
245 72 122 96 26 57 27 1175 49 2 92 0 28 18 NA 18 NA 7 49 0 5 19 33 0 0 0 0 0 5 19 33 0 0 0 0 0 161 319 15971
246 56 122 94 28 56 24 1192 46 8 93 0 28.5 18 NA 18 NA 8 46 0 5 18 33 0 0 0 0 0 5 18 33 0 0 0 0 2 136 322 16024
247 84 117 91 26 55 25 1197 56 5 92 0 30 18 NA 18 NA 7 56 0 5 18 32 0 0 0 0 0 5 18 32 0 0 0 0 0 151 323 16092
248 78 117 93 24 57 25 1191 53 7 92 0 30 19 NA 19 NA 7 53 0 7 16 34 0 0 0 0 0 7 16 34 0 0 0 0 1 137 323 16153
249 82 113 91 22 58 24 1180 58 9 86 0 29 19 NA 19 NA 5 58 2 8 13 35 0 0 0 0 2 8 13 35 0 0 0 0 1 141 323 16220
250 85 115 93 22 57 31 1177 54 3 88 0 29 19 NA 19 NA 11 54 2 5 16 34 0 0 0 0 2 5 16 34 0 0 0 0 1 147 324 16297
251 84 117 96 21 57 28 1151 50 7 87 0 29 19 NA 19 NA 7 50 2 6 14 35 0 0 0 0 2 6 14 35 0 0 0 0 0 117 327 16375
252 81 117 96 21 58 28 1142 66 6 89 0 27 19 NA 19 NA 7 66 2 8 13 35 0 0 0 0 2 8 13 35 0 0 0 0 1 131 328 16437
253 96 117 96 21 62 25 1172 38 5 91 0 27 19.5 NA 19.5 NA 3 38 2 8 12 40 0 0 0 0 2 8 12 40 0 0 0 0 1 150 331 16500
254 73 119 97 22 63 30 1182 59 4 92 0 28 20 NA 20 NA 8 59 1 10 10 42 0 0 0 0 1 10 10 42 0 0 0 0 3 148 331 16561
255 92 117 94 23 62 35 1213 49 5 91 0 27 19.5 NA 19.5 NA 10 49 1 11 10 40 0 0 0 0 1 11 10 40 0 0 0 0 0 156 331 16618
256 84 119 95 24 62 38 1212 62 3 90 0 24 19.5 NA 19.5 NA 6 62 2 11 9 40 0 0 0 0 2 11 9 40 0 0 0 0 3 148 332 16689
257 87 120 96 24 62 49 1182 66 2 90 0 24 19.5 NA 19.5 NA 13 66 2 11 8 41 0 0 0 0 2 11 8 41 0 0 0 0 1 145 332 16776
258 76 118 95 23 59 54 1166 71 9 89 0 24.5 19 NA 19 NA 14 71 1 9 10 39 0 0 0 0 1 9 10 39 0 0 0 0 2 149 333 16851
259 92 117 94 23 61 47 1138 61 11 85 0 25 20 NA 20 NA 5 61 1 9 13 38 0 0 0 0 1 9 13 38 0 0 0 0 4 129 335 16924
260 71 118 95 23 61 43 1143 68 10 85 0 24.5 19 NA 19 NA 5 68 2 10 13 36 0 0 0 0 2 10 13 36 0 0 0 0 3 156 335 16986
261 71 116 93 23 61 40 1141 62 9 85 0 25 19 NA 19 NA 8 62 3 11 12 35 0 0 0 0 3 11 12 35 0 0 0 0 0 146 336 17052
262 73 116 93 23 60 42 1136 60 5 85 0 24.5 19 NA 19 NA 6 60 3 9 12 36 0 0 0 0 3 9 12 36 0 0 0 0 0 141 336 17117
263 81 114 93 21 57 42 1137 64 5 85 0 25 19 NA 19 NA 11 64 2 10 11 34 0 0 0 0 2 10 11 34 0 0 0 0 3 139 341 17167
264 74 115 94 21 58 41 1153 68 10 86 0 26 19 NA 19 NA 10 68 2 10 12 34 0 0 0 0 2 10 12 34 0 0 0 0 1 156 342 17218
265 62 116 95 21 56 44 1153 70 5 84 0 25 18.5 NA 18.5 NA 9 70 1 10 14 31 0 0 0 0 1 10 14 31 0 0 0 0 3 165 344 17296
266 76 115 94 21 58 42 1180 55 7 87 0 26 18.5 NA 18.5 NA 6 55 2 9 16 31 0 0 0 0 2 9 16 31 0 0 0 0 0 149 345 17350
267 77 112 92 20 56 42 1173 61 7 85 0 26.5 19 NA 19 NA 8 61 2 3 21 30 0 0 0 0 2 3 21 30 0 0 0 0 2 140 347 17419
268 67 114 96 18 58 41 1194 55 6 86 0 26 18 NA 18 NA 10 55 2 6 20 30 0 0 0 0 2 6 20 30 0 0 0 0 3 165 353 17490
269 75 112 95 17 57 43 1169 78 5 84 0 26.5 18 NA 18 NA 9 78 2 6 19 30 0 0 0 0 2 6 19 30 0 0 0 0 1 134 355 17552
270 83 110 93 17 56 44 1176 54 6 81 0 27 18 NA 18 NA 11 54 2 6 17 31 0 0 0 0 2 6 17 31 0 0 0 0 1 151 359 17623
271 87 110 92 18 54 38 1165 60 7 82 0 26.5 18 NA 18 NA 2 60 2 7 14 31 0 0 0 0 2 7 14 31 0 0 0 0 2 134 359 17680
272 63 110 92 18 53 40 1172 52 2 83 0 26 19 NA 19 NA 3 52 1 9 13 30 0 0 0 0 1 9 13 30 0 0 0 0 0 152 360 17749
273 69 115 94 21 55 39 1191 49 4 83 0 25 19 NA 19 NA 5 49 1 9 15 30 0 0 0 0 1 9 15 30 0 0 0 0 3 143 361 17808
274 73 114 94 20 52 44 1195 71 2 82 0 24.5 19 NA 19 NA 8 71 1 8 12 31 0 0 0 0 1 8 12 31 0 0 0 0 1 158 363 17874
275 66 112 93 19 52 45 1194 59 7 81 0 24 18.5 NA 18.5 NA 9 59 0 9 15 28 0 0 0 0 0 9 15 28 0 0 0 0 2 131 365 17930
276 82 113 96 17 51 41 1173 63 8 77 0 22 19 NA 19 NA 6 63 0 9 14 28 0 0 0 0 0 9 14 28 0 0 0 0 3 130 368 17998
277 84 112 94 18 52 35 1165 52 6 80 0 22.5 18.5 NA 18.5 NA 2 52 0 11 13 28 0 0 0 0 0 11 13 28 0 0 0 0 1 140 371 18077
278 88 111 95 16 51 42 1163 65 7 78 0 23 19 NA 19 NA 13 65 0 8 14 29 0 0 0 0 0 8 14 29 0 0 0 0 2 154 372 18143
279 74 114 95 19 52 37 1173 58 8 79 0 23 19 NA 19 NA 5 58 0 8 12 32 0 0 0 0 0 8 12 32 0 0 0 0 1 151 375 18208
280 83 112 93 19 53 34 1203 42 8 79 0 24 21 NA 21 NA 4 42 0 5 13 35 0 0 0 0 0 5 13 35 0 0 0 0 0 177 376 18293
281 64 113 94 19 56 33 1219 68 6 80 0 25 19 NA 19 NA 7 68 0 8 13 35 0 0 0 0 0 8 13 35 0 0 0 0 0 154 380 18350
282 77 115 96 19 56 33 1229 66 4 82 0 25 19 NA 19 NA 6 66 0 8 11 37 0 0 0 0 0 8 11 37 0 0 0 0 2 164 382 18420
283 80 114 94 20 53 33 1219 69 5 83 0 24 19 NA 19 NA 8 69 0 7 12 34 0 0 0 0 0 7 12 34 0 0 0 0 3 147 385 18486
284 79 112 92 20 51 35 1218 60 4 83 0 24.5 18 NA 18 NA 8 60 0 6 12 33 0 0 0 0 0 6 12 33 0 0 0 0 1 142 386 18548
285 71 114 94 20 52 35 1240 50 6 86 0 24.5 18.5 NA 18.5 NA 6 50 0 7 12 33 0 0 0 0 0 7 12 33 0 0 0 0 3 168 386 18619
286 85 109 89 20 50 36 1185 69 9 82 0 24 19 NA 19 NA 10 69 0 6 12 32 0 0 0 0 0 6 12 32 0 0 0 0 1 122 387 18703
287 91 107 88 19 49 40 1191 59 4 83 0 25 19 NA 19 NA 9 59 0 4 12 33 0 0 0 0 0 4 12 33 0 0 0 0 0 149 388 18767
288 59 109 90 19 49 35 1193 57 9 86 0 25 19 NA 19 NA 5 57 0 4 12 33 0 0 0 0 0 4 12 33 0 0 0 0 3 138 392 18828
289 71 108 90 18 47 36 1207 46 5 82 0 24 19 NA 19 NA 7 46 0 4 14 29 0 0 0 0 0 4 14 29 0 0 0 0 1 141 394 18886
290 79 108 91 17 51 35 1214 70 8 82 0 25 19 NA 19 NA 8 70 0 7 12 32 0 0 0 0 0 7 12 32 0 0 0 0 0 166 396 18956
291 86 111 95 16 50 36 1212 48 2 85 0 24 19 NA 19 NA 6 48 0 7 10 33 0 0 0 0 0 7 10 33 0 0 0 0 3 144 398 19031
292 76 116 100 16 50 36 1179 69 5 86 0 24 19 NA 19 NA 5 69 0 5 11 34 0 0 0 0 0 5 11 34 0 0 0 0 1 134 398 19107
293 71 114 98 16 50 36 1162 54 6 84 0 25 19 NA 19 NA 9 54 1 5 11 33 0 0 0 0 1 5 11 33 0 0 0 0 1 124 398 19172
294 61 115 98 17 54 31 1150 48 13 84 0 24 19 NA 19 NA 5 48 1 9 12 32 0 0 0 0 1 9 12 32 0 0 0 0 3 133 398 19248
295 73 114 98 16 54 31 1164 50 6 84 0 25 19 NA 19 NA 8 50 1 8 12 33 0 0 0 0 1 8 12 33 0 0 0 0 0 139 400 19310
296 70 115 100 15 56 25 1157 58 7 84 0 25 19 NA 19 NA 5 58 3 8 13 32 0 0 0 0 3 8 13 32 0 0 0 0 1 139 404 19381
297 76 115 99 16 56 28 1157 41 1 87 0 26 19 NA 19 NA 5 41 2 9 12 33 0 0 0 0 2 9 12 33 0 0 0 0 0 140 406 19458
298 86 112 93 19 55 31 1164 61 5 82 0 26 19 NA 19 NA 9 61 2 10 12 31 0 0 0 0 2 10 12 31 0 0 0 0 2 142 408 19516
299 89 110 91 19 56 27 1153 59 6 80 0 26.5 18.5 NA 18.5 NA 2 59 2 10 12 32 0 0 0 0 2 10 12 32 0 0 0 0 1 148 410 19585
300 75 109 92 17 56 29 1138 54 7 78 0 27 19 NA 19 NA 7 54 2 9 14 31 0 0 0 0 2 9 14 31 0 0 0 0 1 131 410 19655
301 67 104 88 16 56 37 1150 59 3 78 0 27 19 NA 19 NA 9 59 1 10 13 32 0 0 0 0 1 10 13 32 0 0 0 0 0 141 410 19711
302 85 103 87 16 55 40 1135 61 9 77 0 26 19 NA 19 NA 12 61 1 9 15 30 0 0 0 0 1 9 15 30 0 0 0 0 2 138 411 19786
303 70 102 86 16 55 41 1107 56 4 79 0 27.5 19 NA 19 NA 8 56 0 7 16 32 0 0 0 0 0 7 16 32 0 0 0 0 1 120 413 19863
304 84 104 88 16 55 38 1130 48 6 81 0 27.5 19 NA 19 NA 2 48 0 8 13 34 0 0 0 0 0 8 13 34 0 0 0 0 3 157 414 19931
305 66 109 91 18 58 36 1134 53 7 81 0 26 19 NA 19 NA 3 53 0 9 14 35 0 0 0 0 0 9 14 35 0 0 0 0 2 130 414 19989
306 67 109 91 18 54 41 1161 45 3 79 0 22 19 NA 19 NA 8 45 0 8 14 32 0 0 0 0 0 8 14 32 0 0 0 0 2 149 415 20050
307 74 112 94 18 55 38 1161 66 8 80 0 22.5 19 NA 19 NA 6 66 0 9 12 34 0 0 0 0 0 9 12 34 0 0 0 0 2 158 417 20121
308 95 107 90 17 53 38 1145 68 7 75 0 22 18 NA 18 NA 11 68 0 10 11 32 0 0 0 0 0 10 11 32 0 0 0 0 0 149 421 20184
309 92 110 94 16 55 29 1153 50 13 75 0 21 18 NA 18 NA 7 50 1 10 11 33 0 0 0 0 1 10 11 33 0 0 0 0 1 148 424 20242
310 85 109 94 15 51 30 1141 69 4 75 0 21 18 NA 18 NA 6 69 1 9 10 31 0 0 0 0 1 9 10 31 0 0 0 0 2 142 425 20308
311 86 108 92 16 50 36 1137 54 3 74 0 21 18.5 NA 18.5 NA 7 54 1 9 8 32 0 0 0 0 1 9 8 32 0 0 0 0 2 140 425 20377
312 84 108 91 17 53 32 1141 53 10 75 0 21.5 19 NA 19 NA 5 53 0 10 11 32 0 0 0 0 0 10 11 32 0 0 0 0 2 141 425 20442
313 84 111 93 18 52 32 1149 51 3 74 0 22 18.5 NA 18.5 NA 3 51 0 9 12 31 0 0 0 0 0 9 12 31 0 0 0 0 3 132 425 20495
314 75 109 91 18 52 27 1149 49 8 73 0 22 18 NA 18 NA 4 49 1 10 12 29 0 0 0 0 1 10 12 29 0 0 0 0 1 133 428 20563
315 72 107 89 18 50 35 1179 75 1 70 0 22 18 NA 18 NA 10 75 1 8 13 28 0 0 0 0 1 8 13 28 0 0 0 0 2 169 431 20610
316 80 108 90 18 50 36 1156 63 4 72 0 20.5 18 NA 18 NA 8 63 1 7 14 28 0 0 0 0 1 7 14 28 0 0 0 0 1 148 434 20691
317 86 108 90 18 51 34 1195 48 7 75 0 20.5 18 NA 18 NA 4 48 2 7 15 27 0 0 0 0 2 7 15 27 0 0 0 0 1 156 434 20742
318 70 109 91 18 53 34 1207 53 7 78 0 21 18 NA 18 NA 7 53 2 9 14 28 0 0 0 0 2 9 14 28 0 0 0 0 1 159 434 20813
319 65 109 92 17 53 38 1205 63 2 78 0 22 18 NA 18 NA 6 63 3 8 14 28 0 0 0 0 3 8 14 28 0 0 0 0 2 152 435 20885
320 79 110 93 17 54 40 1202 47 6 79 0 22 18 NA 18 NA 5 47 3 9 13 29 0 0 0 0 3 9 13 29 0 0 0 0 0 136 435 20953
321 71 108 91 17 54 41 1184 56 6 81 0 23 18 NA 18 NA 11 56 3 9 13 29 0 0 0 0 3 9 13 29 0 0 0 0 1 125 438 21024
322 75 108 92 16 53 46 1180 57 8 82 0 24 18 NA 18 NA 14 57 2 7 15 29 0 0 0 0 2 7 15 29 0 0 0 0 1 139 440 21090
323 78 106 91 15 54 46 1177 61 6 81 0 24 18 NA 18 NA 7 61 1 9 16 28 0 0 0 0 1 9 16 28 0 0 0 0 1 140 441 21155
324 73 105 90 15 54 41 1189 61 8 82 0 24 18 NA 18 NA 7 61 0 10 17 27 0 0 0 0 0 10 17 27 0 0 0 0 1 156 444 21222
325 71 104 89 15 55 34 1199 45 9 84 0 25.5 18 NA 18 NA 4 45 0 11 16 28 0 0 0 0 0 11 16 28 0 0 0 0 0 139 445 21283
326 86 104 90 14 53 37 1189 64 2 82 0 26 18 NA 18 NA 6 64 0 9 16 28 0 0 0 0 0 9 16 28 0 0 0 0 3 137 446 21344
327 73 106 93 13 52 33 1182 46 6 82 0 24.5 18 NA 18 NA 3 46 0 10 12 30 0 0 0 0 0 10 12 30 0 0 0 0 2 139 448 21429
328 80 108 93 15 54 33 1200 43 5 83 0 24.5 17.5 NA 17.5 NA 8 43 0 10 11 33 0 0 0 0 0 10 11 33 0 0 0 0 2 150 452 21496
329 88 107 94 13 52 32 1163 71 5 81 0 25 18 NA 18 NA 7 71 0 7 12 33 0 0 0 0 0 7 12 33 0 0 0 0 1 144 454 21582
330 87 109 95 14 52 26 1171 53 6 80 0 25 18 NA 18 NA 3 53 0 7 14 31 0 0 0 0 0 7 14 31 0 0 0 0 2 151 455 21649
331 80 109 94 15 53 26 1150 64 4 81 0 26 18 NA 18 NA 6 64 0 7 14 32 0 0 0 0 0 7 14 32 0 0 0 0 1 143 458 21730
332 67 109 93 16 52 28 1150 52 4 81 0 27 18 NA 18 NA 6 52 0 7 12 33 0 0 0 0 0 7 12 33 0 0 0 0 1 136 458 21795
333 83 109 93 16 51 32 1147 58 5 81 0 27 18 NA 18 NA 8 58 0 7 12 32 0 0 0 0 0 7 12 32 0 0 0 0 2 136 459 21853
334 90 111 92 19 53 30 1160 53 8 82 0 27 17 NA 17 NA 7 53 0 8 11 34 0 0 0 0 0 8 11 34 0 0 0 0 1 144 461 21918
335 71 113 94 19 57 28 1180 47 7 83 0 27 18 NA 18 NA 5 47 1 7 14 35 0 0 0 0 1 7 14 35 0 0 0 0 3 139 462 21981
336 79 116 97 19 58 27 1157 68 7 83 0 26.5 18 NA 18 NA 6 68 1 7 14 36 0 0 0 0 1 7 14 36 0 0 0 0 3 148 463 22063
337 69 114 94 20 59 31 1185 47 4 79 0 27 18 NA 18 NA 7 47 1 5 18 35 0 0 0 0 1 5 18 35 0 0 0 0 1 151 463 22122
338 85 115 94 21 59 31 1191 58 7 81 0 27 18 NA 18 NA 7 58 1 6 17 35 0 0 0 0 1 6 17 35 0 0 0 0 3 158 465 22192
339 69 114 94 20 58 33 1192 61 5 82 0 28 18.5 NA 18.5 NA 7 61 1 5 18 34 0 0 0 0 1 5 18 34 0 0 0 0 1 155 466 22268
340 73 110 91 19 54 33 1197 59 3 80 0 28 19 NA 19 NA 6 59 1 4 17 32 0 0 0 0 1 4 17 32 0 0 0 0 0 143 468 22332
341 75 109 90 19 56 35 1182 66 5 82 0 29 19 NA 19 NA 10 66 2 3 18 33 0 0 0 0 2 3 18 33 0 0 0 0 1 138 470 22406
342 67 109 90 19 56 38 1189 44 3 83 0 30 19 NA 19 NA 6 44 2 4 15 35 0 0 0 0 2 4 15 35 0 0 0 0 1 138 471 22471
343 68 109 90 19 56 42 1199 61 6 83 0 30 18.5 NA 18.5 NA 11 61 3 3 14 36 0 0 0 0 3 3 14 36 0 0 0 0 1 151 472 22532
344 72 108 90 18 56 36 1191 59 12 83 0 31 18 NA 18 NA 7 59 4 3 14 35 0 0 0 0 4 3 14 35 0 0 0 0 1 137 472 22594
345 74 105 86 19 54 29 1200 44 8 81 0 31 18 NA 18 NA 4 44 3 5 12 34 0 0 0 0 3 5 12 34 0 0 0 0 0 147 475 22667
346 76 107 88 19 54 31 1192 47 4 84 0 29 18 NA 18 NA 5 47 2 7 10 35 0 0 0 0 2 7 10 35 0 0 0 0 1 124 475 22732
347 88 106 89 17 53 28 1164 63 7 84 0 27 18 NA 18 NA 8 63 0 9 10 34 0 0 0 0 0 9 10 34 0 0 0 0 0 123 478 22800
348 67 107 88 19 51 29 1172 59 6 86 0 26 17 NA 17 NA 8 59 0 9 8 34 0 0 0 0 0 9 8 34 0 0 0 0 2 145 479 22861
349 78 105 85 20 56 31 1170 67 8 86 0 27 18 NA 18 NA 9 67 0 12 6 38 0 0 0 0 0 12 6 38 0 0 0 0 0 155 480 22930
350 67 100 80 20 54 35 1159 71 5 84 0 28 17 NA 17 NA 9 71 0 12 7 35 0 0 0 0 0 12 7 35 0 0 0 0 0 149 483 23001
351 75 100 81 19 53 28 1139 55 9 80 0 24 17 NA 17 NA 4 55 0 14 7 32 0 0 0 0 0 14 7 32 0 0 0 0 2 135 486 23077
352 76 102 83 19 55 32 1136 68 5 80 0 24 16 NA 16 NA 10 68 2 13 8 32 0 0 0 0 2 13 8 32 0 0 0 0 2 160 487 23149
353 70 102 82 20 53 36 1142 79 8 78 0 24.5 16 NA 16 NA 11 79 2 11 8 32 0 0 0 0 2 11 8 32 0 0 0 0 2 154 489 23208
354 79 101 81 20 52 33 1139 64 9 76 0 25 16 NA 16 NA 9 64 3 11 7 31 0 0 0 0 3 11 7 31 0 0 0 0 3 142 491 23270
355 72 101 81 20 52 27 1154 34 7 75 0 25 16 NA 16 NA 3 34 2 13 6 31 0 0 0 0 2 13 6 31 0 0 0 0 1 142 493 23345
356 66 102 82 20 53 29 1147 61 7 75 0 25.5 16 NA 16 NA 8 61 2 12 8 31 0 0 0 0 2 12 8 31 0 0 0 0 2 136 493 23411
357 75 102 82 20 51 27 1148 55 6 73 0 24.5 16 NA 16 NA 5 55 1 11 9 30 0 0 0 0 1 11 9 30 0 0 0 0 1 143 494 23473
358 77 99 79 20 50 27 1184 57 5 72 0 25 15.5 NA 15.5 NA 6 57 1 10 10 29 0 0 0 0 1 10 10 29 0 0 0 0 1 158 494 23524
359 79 100 78 22 49 28 1222 45 4 72 0 25.5 16 NA 16 NA 6 45 1 7 11 30 0 0 0 0 1 7 11 30 0 0 0 0 1 156 495 23578
360 65 101 78 23 49 27 1228 64 4 74 0 26 16 NA 16 NA 2 64 1 5 13 30 0 0 0 0 1 5 13 30 0 0 0 0 0 148 495 23639
