1 61 5 4 1 0 1 191 12 0 0 0 0 NA NA NA NA 1 12 0 0 0 0 0 0 0 0 0 0 0 0 0 0 0 0 4 204 0 0
2 53 7 6 1 0 3 366 26 1 0 0 1 NA NA NA NA 3 26 0 0 0 0 0 0 0 0 0 0 0 0 0 0 0 0 1 202 0 0
3 62 10 9 1 0 5 509 28 3 0 0 1.5 NA NA NA NA 5 28 0 0 0 0 0 0 0 0 0 0 0 0 0 0 0 0 3 182 0 0
4 51 13 10 3 0 6 655 34 2 0 0 2 NA NA NA NA 3 34 0 0 0 0 0 0 0 0 0 0 0 0 0 0 0 0 1 185 0 0
5 61 15 12 3 0 6 785 33 3 0 0 2 NA NA NA NA 3 33 0 0 0 0 0 0 0 0 0 0 0 0 0 0 0 0 2 176 0 0
6 57 21 16 5 0 7 891 48 0 0 0 2 NA NA NA NA 1 48 0 0 0 0 0 0 0 0 0 0 0 0 0 0 0 0 3 167 0 0
7 72 21 16 5 0 11 998 44 0 0 0 3 NA NA NA NA 4 44 0 0 0 0 0 0 0 0 0 0 0 0 0 0 0 0 0 168 0 0
8 64 21 16 5 0 14 1130 51 3 0 0 4 NA NA NA NA 6 51 0 0 0 0 0 0 0 0 0 0 0 0 0 0 0 0 1 196 0 0
9 62 24 19 5 0 17 1188 56 2 0 0 4.5 NA NA NA NA 6 56 0 0 0 0 0 0 0 0 0 0 0 0 0 0 0 0 3 127 0 0
10 71 25 19 6 1 18 1252 62 5 0 0 5 4 NA 4 NA 6 62 1 0 0 0 0 0 0 0 1 0 0 0 0 0 0 0 1 147 0 0
11 57 25 19 6 1 21 1322 61 4 0 0 5 4 NA 4 NA 8 61 1 0 0 0 0 0 0 0 1 0 0 0 0 0 0 0 1 147 0 0
12 59 27 20 7 1 24 1387 68 5 0 0 6 4 NA 4 NA 8 68 1 0 0 0 0 0 0 0 1 0 0 0 0 0 0 0 3 149 0 0
13 204 29 21 8 2 30 1311 49 3 4 0 7 4 NA 4 NA 9 49 2 0 0 0 0 0 0 0 2 0 0 0 0 0 0 0 2 142 0 97
14 73 30 23 7 4 31 1271 71 9 5 0 7.5 4 NA 4 NA 9 71 3 1 0 0 0 0 0 0 3 1 0 0 0 0 0 0 4 140 0 189
15 66 30 23 7 4 38 1252 70 4 7 0 8.5 4 NA 4 NA 12 70 3 1 0 0 0 0 0 0 3 1 0 0 0 0 0 0 1 151 0 276
16 73 30 23 7 5 37 1229 64 9 10 0 9.5 4 NA 4 NA 8 64 3 2 0 0 0 0 0 0 3 2 0 0 0 0 0 0 0 143 0 356
17 73 31 24 7 5 31 1242 55 7 11 0 10 4 NA 4 NA 4 55 3 2 0 0 0 0 0 0 3 2 0 0 0 0 0 0 1 177 1 444
18 71 35 25 10 6 30 1262 39 5 15 0 9 8 NA 8 NA 5 39 2 4 0 0 0 0 0 0 2 4 0 0 0 0 0 0 2 165 2 528
19 74 36 25 11 5 32 1251 62 5 15 0 9.5 4 NA 4 NA 7 62 2 3 0 0 0 0 0 0 2 3 0 0 0 0 0 0 1 150 2 606
20 59 37 25 12 6 31 1211 66 6 15 0 10 9 NA 9 NA 5 66 2 4 0 0 0 0 0 0 2 4 0 0 0 0 0 0 1 138 3 701
21 52 45 28 17 6 31 1227 60 3 18 0 8 9 NA 9 NA 5 60 1 5 0 0 0 0 0 0 1 5 0 0 0 0 0 0 6 138 5 754
22 51 46 29 17 6 35 1272 64 2 19 0 9 9 NA 9 NA 8 64 1 5 0 0 0 0 0 0 1 5 0 0 0 0 0 0 0 192 6 817
23 55 47 30 17 6 41 1259 58 1 19 0 10 9 NA 9 NA 7 58 1 5 0 0 0 0 0 0 1 5 0 0 0 0 0 0 0 126 7 887
24 65 51 35 16 6 37 1240 65 7 20 0 10 9.5 NA 9.5 NA 5 65 2 4 0 0 0 0 0 0 2 4 0 0 0 0 0 0 3 141 9 962
25 164 55 39 16 5 35 1215 60 4 21 0 7 14 NA 14 NA 5 60 1 3 1 0 0 0 0 0 1 3 1 0 0 0 0 0 3 146 10 1031
26 59 58 42 16 8 30 1224 68 10 24 0 8 13.5 NA 13.5 NA 4 68 1 6 1 0 0 0 0 0 1 6 1 0 0 0 0 0 1 155 11 1092
27 59 61 45 16 8 35 1229 67 1 25 0 8 13.5 NA 13.5 NA 10 67 1 5 2 0 0 0 0 0 1 5 2 0 0 0 0 0 0 165 13 1171
28 74 66 50 16 7 34 1231 53 4 24 0 7 13 NA 13 NA 5 53 1 4 2 0 0 0 0 0 1 4 2 0 0 0 0 0 5 149 14 1244
29 74 66 51 15 6 33 1184 72 2 25 0 8 13.5 NA 13.5 NA 6 72 0 4 2 0 0 0 0 0 0 4 2 0 0 0 0 0 1 130 18 1331
30 69 65 52 13 7 32 1193 47 6 29 0 9 14 NA 14 NA 7 47 0 5 2 0 0 0 0 0 0 5 2 0 0 0 0 0 0 130 20 1393
31 72 67 54 13 9 30 1189 59 3 29 0 10 15 NA 15 NA 3 59 0 4 5 0 0 0 0 0 0 4 5 0 0 0 0 0 1 150 21 1466
32 66 69 55 14 10 30 1194 69 5 30 0 11 16 NA 16 NA 5 69 0 4 6 0 0 0 0 0 0 4 6 0 0 0 0 0 1 149 23 1525
33 51 72 58 14 14 33 1190 66 7 36 0 11.5 16 NA 16 NA 10 66 0 7 7 0 0 0 0 0 0 7 7 0 0 0 0 0 1 136 24 1584
34 63 75 61 14 14 36 1171 65 2 37 0 11 16 NA 16 NA 6 65 0 7 7 0 0 0 0 0 0 7 7 0 0 0 0 0 2 152 25 1674
35 72 76 60 16 16 39 1169 53 4 38 0 11.5 14.5 NA 14.5 NA 11 53 0 9 7 0 0 0 0 0 0 9 7 0 0 0 0 0 2 138 30 1742
36 49 78 60 18 18 40 1169 61 9 42 0 12 16 NA 16 NA 8 61 0 9 9 0 0 0 0 0 0 9 9 0 0 0 0 0 1 139 31 1806
37 143 79 60 19 18 38 1147 59 9 46 0 13 16 NA 16 NA 9 59 0 6 10 2 0 0 0 0 0 6 10 2 0 0 0 0 1 133 32 1865
38 68 81 63 18 18 39 1145 66 6 46 0 13 14.5 NA 14.5 NA 7 66 1 5 9 3 0 0 0 0 1 5 9 3 0 0 0 0 1 147 33 1936
39 58 81 62 19 17 42 1160 59 3 47 0 14 15 NA 15 NA 6 59 1 6 5 5 0 0 0 0 1 6 5 5 0 0 0 0 2 152 33 2005
40 73 84 65 19 18 45 1144 63 7 53 0 15 16 NA 16 NA 12 63 1 7 5 5 0 0 0 0 1 7 5 5 0 0 0 0 1 127 35 2073
41 70 86 67 19 19 41 1159 53 10 54 0 15.5 17 NA 17 NA 5 53 1 8 5 5 0 0 0 0 1 8 5 5 0 0 0 0 0 146 35 2135
42 62 89 70 19 20 34 1164 62 6 56 0 15 17.5 NA 17.5 NA 3 62 1 7 6 6 0 0 0 0 1 7 6 6 0 0 0 0 2 146 37 2198
43 57 90 70 20 21 36 1165 53 4 58 0 16 18 NA 18 NA 7 53 1 7 6 7 0 0 0 0 1 7 6 7 0 0 0 0 2 147 39 2276
44 64 89 69 20 25 37 1163 57 11 57 0 16 18 NA 18 NA 10 57 2 10 7 6 0 0 0 0 2 10 7 6 0 0 0 0 2 137 39 2347
45 76 86 67 19 28 36 1174 54 11 57 0 17 18.5 NA 18.5 NA 8 54 2 9 11 6 0 0 0 0 2 9 11 6 0 0 0 0 1 139 40 2408
46 58 85 65 20 28 34 1168 64 5 57 0 18 18 NA 18 NA 6 64 2 9 11 6 0 0 0 0 2 9 11 6 0 0 0 0 1 145 43 2481
47 48 84 63 21 30 32 1161 67 5 58 0 19 18.5 NA 18.5 NA 4 67 2 9 13 6 0 0 0 0 2 9 13 6 0 0 0 0 1 134 45 2547
48 61 85 65 20 30 32 1170 61 3 61 0 20 18.5 NA 18.5 NA 7 61 1 7 16 6 0 0 0 0 1 7 16 6 0 0 0 0 2 153 48 2614
49 125 85 65 20 29 39 1170 54 3 62 0 21 19 NA 19 NA 10 54 0 4 17 8 0 0 0 0 0 4 17 8 0 0 0 0 1 150 49 2677
50 94 88 68 20 29 39 1188 60 3 64 0 20.5 20 NA 20 NA 4 60 0 4 18 7 0 0 0 0 0 4 18 7 0 0 0 0 3 166 51 2747
51 72 89 70 19 32 36 1191 49 7 63 0 20 19.5 NA 19.5 NA 5 49 0 8 17 7 0 0 0 0 0 8 17 7 0 0 0 0 2 143 54 2824
52 76 91 71 20 32 35 1217 58 5 66 0 21 19.5 NA 19.5 NA 4 58 0 5 20 7 0 0 0 0 0 5 20 7 0 0 0 0 1 157 54 2879
53 64 91 70 21 33 37 1227 51 3 67 0 22 20 NA 20 NA 4 51 0 4 22 7 0 0 0 0 0 4 22 7 0 0 0 0 1 145 55 2950
54 65 90 69 21 34 40 1225 65 7 67 0 21 19 NA 19 NA 10 65 0 7 17 10 0 0 0 0 0 7 17 10 0 0 0 0 0 148 56 3018
55 64 91 69 22 36 39 1212 57 9 68 0 22 19.5 NA 19.5 NA 8 57 0 7 18 11 0 0 0 0 0 7 18 11 0 0 0 0 1 145 56 3096
56 75 91 69 22 36 36 1216 62 8 68 0 21 19.5 NA 19.5 NA 6 62 1 7 16 12 0 0 0 0 1 7 16 12 0 0 0 0 1 159 57 3163
57 62 93 70 23 39 34 1220 55 8 68 0 21 19 NA 19 NA 8 55 2 7 15 15 0 0 0 0 2 7 15 15 0 0 0 0 2 138 61 3226
58 64 91 68 23 39 33 1202 67 8 68 0 22 19 NA 19 NA 9 67 2 8 15 14 0 0 0 0 2 8 15 14 0 0 0 0 1 138 63 3300
59 73 91 68 23 43 32 1216 58 8 69 0 23 19 NA 19 NA 8 58 2 9 17 15 0 0 0 0 2 9 17 15 0 0 0 0 1 151 64 3363
60 75 89 66 23 40 37 1213 67 5 67 0 23 18.5 NA 18.5 NA 10 67 2 6 17 15 0 0 0 0 2 6 17 15 0 0 0 0 2 157 64 3434
61 142 94 70 24 43 25 1211 61 11 68 0 23 19 NA 19 NA 5 61 1 6 18 18 0 0 0 0 1 6 18 18 0 0 0 0 5 162 69 3498
62 70 97 72 25 44 27 1216 51 3 72 0 23 18.5 NA 18.5 NA 7 51 0 8 17 19 0 0 0 0 0 8 17 19 0 0 0 0 2 158 72 3583
63 79 98 74 24 43 25 1196 55 4 72 0 23 18 NA 18 NA 3 55 0 8 16 19 0 0 0 0 0 8 16 19 0 0 0 0 1 128 73 3652
64 67 97 73 24 45 24 1181 60 9 72 0 24 19 NA 19 NA 8 60 0 7 16 22 0 0 0 0 0 7 16 22 0 0 0 0 1 143 75 3732
65 65 95 73 22 45 24 1208 48 7 71 0 24 19 NA 19 NA 6 48 1 7 15 22 0 0 0 0 1 7 15 22 0 0 0 0 0 149 76 3794
66 65 98 76 22 47 27 1213 60 5 73 0 24.5 19 NA 19 NA 7 60 1 7 15 24 0 0 0 0 1 7 15 24 0 0 0 0 3 155 76 3862
67 66 97 75 22 48 23 1214 59 8 72 0 25 18 NA 18 NA 3 59 1 8 15 24 0 0 0 0 1 8 15 24 0 0 0 0 1 145 76 3929
68 75 95 74 21 47 28 1188 55 3 70 0 26 18 NA 18 NA 8 55 1 8 16 22 0 0 0 0 1 8 16 22 0 0 0 0 2 123 76 4007
69 87 96 75 21 47 31 1148 72 6 71 0 26.5 18 NA 18 NA 9 72 1 8 14 24 0 0 0 0 1 8 14 24 0 0 0 0 1 126 76 4080
70 76 94 74 20 49 32 1145 55 8 69 0 26.5 19 NA 19 NA 8 55 1 8 14 26 0 0 0 0 1 8 14 26 0 0 0 0 0 132 76 4137
71 66 93 73 20 49 27 1175 55 11 69 0 27 18 NA 18 NA 9 55 1 8 14 26 0 0 0 0 1 8 14 26 0 0 0 0 0 168 79 4206
72 64 94 74 20 49 30 1163 64 7 68 0 26.5 18 NA 18 NA 9 64 1 9 12 27 0 0 0 0 1 9 12 27 0 0 0 0 1 141 81 4280
73 99 95 75 20 49 24 1157 51 6 71 0 26 18 NA 18 NA 1 51 1 8 11 29 0 0 0 0 1 8 11 29 0 0 0 0 0 141 83 4353
74 83 96 76 20 50 22 1157 61 6 72 0 25.5 18 NA 18 NA 5 61 1 7 14 28 0 0 0 0 1 7 14 28 0 0 0 0 1 146 86 4417
75 68 99 79 20 50 22 1168 50 5 73 0 25 18 NA 18 NA 5 50 1 7 14 28 0 0 0 0 1 7 14 28 0 0 0 0 3 134 86 4469
76 75 100 80 20 49 24 1171 50 2 74 0 26 18 NA 18 NA 5 50 1 5 13 30 0 0 0 0 1 5 13 30 0 0 0 0 1 139 86 4542
77 72 99 81 18 48 27 1173 54 2 73 0 26 18 NA 18 NA 6 54 2 5 13 28 0 0 0 0 2 5 13 28 0 0 0 0 1 152 86 4620
78 70 98 80 18 47 26 1159 62 4 73 0 26 18 NA 18 NA 5 62 2 5 12 28 0 0 0 0 2 5 12 28 0 0 0 0 3 148 88 4700
79 65 95 78 17 47 26 1136 65 6 71 0 27 18 NA 18 NA 7 65 2 7 11 27 0 0 0 0 2 7 11 27 0 0 0 0 1 144 88 4778
80 72 89 72 17 44 22 1143 47 8 67 0 28 18 NA 18 NA 4 47 2 5 10 27 0 0 0 0 2 5 10 27 0 0 0 0 0 125 89 4829
81 65 88 70 18 44 23 1178 51 6 65 0 28 18 NA 18 NA 6 51 1 5 11 27 0 0 0 0 1 5 11 27 0 0 0 0 1 151 89 4886
82 69 89 71 18 44 28 1196 65 4 65 0 25 18 NA 18 NA 11 65 1 5 10 28 0 0 0 0 1 5 10 28 0 0 0 0 1 160 91 4945
83 70 88 72 16 44 30 1162 57 9 62 0 22.5 18 NA 18 NA 10 57 1 7 9 27 0 0 0 0 1 7 9 27 0 0 0 0 1 120 91 5024
84 91 89 73 16 46 23 1176 49 10 62 0 23 18 NA 18 NA 3 49 1 8 10 27 0 0 0 0 1 8 10 27 0 0 0 0 2 153 93 5085
85 108 90 72 18 45 29 1158 61 6 63 0 22.5 18 NA 18 NA 13 61 1 6 9 29 0 0 0 0 1 6 9 29 0 0 0 0 2 147 94 5158
86 84 92 76 16 45 28 1172 43 7 62 0 22 18 NA 18 NA 6 43 2 7 9 27 0 0 0 0 2 7 9 27 0 0 0 0 3 154 94 5230
87 67 95 80 15 46 31 1178 60 7 64 0 21 18 NA 18 NA 9 60 1 8 9 28 0 0 0 0 1 8 9 28 0 0 0 0 3 140 94 5286
88 75 94 78 16 45 38 1180 70 3 62 0 20.5 18 NA 18 NA 12 70 0 9 7 29 0 0 0 0 0 9 7 29 0 0 0 0 2 150 97 5346
89 70 95 80 15 46 36 1181 60 9 61 0 17 18 NA 18 NA 8 60 0 11 7 28 0 0 0 0 0 11 7 28 0 0 0 0 2 149 98 5411
90 69 98 83 15 46 32 1192 52 7 64 0 17.5 18 NA 18 NA 3 52 0 10 8 28 0 0 0 0 0 10 8 28 0 0 0 0 1 148 98 5481
91 81 96 81 15 46 36 1195 60 6 63 0 18 17 NA 17 NA 9 60 1 10 9 26 0 0 0 0 1 10 9 26 0 0 0 0 0 155 98 5553
92 69 96 79 17 45 41 1216 72 3 61 0 18.5 18 NA 18 NA 8 72 1 9 10 25 0 0 0 0 1 9 10 25 0 0 0 0 2 161 98 5609
93 65 98 81 17 46 37 1229 47 6 62 0 18.5 17 NA 17 NA 2 47 1 10 9 26 0 0 0 0 1 10 9 26 0 0 0 0 1 146 99 5682
94 69 102 82 20 45 35 1194 66 10 63 0 19 16 NA 16 NA 12 66 1 9 10 25 0 0 0 0 1 9 10 25 0 0 0 0 4 135 101 5764
95 78 102 80 22 43 42 1170 65 5 62 0 18 16 NA 16 NA 12 65 1 8 10 24 0 0 0 0 1 8 10 24 0 0 0 0 3 126 102 5826
96 78 104 79 25 42 38 1172 56 14 61 0 16 17 NA 17 NA 10 56 1 8 10 23 0 0 0 0 1 8 10 23 0 0 0 0 3 148 104 5891
97 113 107 81 26 41 40 1151 60 8 64 0 15 16 NA 16 NA 10 60 1 8 8 24 0 0 0 0 1 8 8 24 0 0 0 0 3 136 104 5952
98 73 109 83 26 41 33 1161 52 8 67 0 15 18 NA 18 NA 3 52 1 7 10 23 0 0 0 0 1 7 10 23 0 0 0 0 2 154 105 6026
99 82 108 82 26 41 32 1148 64 7 67 0 15.5 16 NA 16 NA 7 64 2 5 11 23 0 0 0 0 2 5 11 23 0 0 0 0 1 123 107 6083
100 64 107 81 26 40 29 1140 61 6 67 0 16 16 NA 16 NA 5 61 2 5 10 23 0 0 0 0 2 5 10 23 0 0 0 0 1 132 109 6147
101 75 104 78 26 41 29 1139 52 8 68 0 17 16 NA 16 NA 9 52 1 8 9 23 0 0 0 0 1 8 9 23 0 0 0 0 0 140 112 6212
102 86 105 78 27 42 26 1141 59 8 69 0 18 16 NA 16 NA 7 59 1 9 9 23 0 0 0 0 1 9 9 23 0 0 0 0 1 150 115 6287
103 75 103 76 27 45 28 1138 61 10 69 0 19 16 NA 16 NA 11 61 1 11 8 25 0 0 0 0 1 11 8 25 0 0 0 0 0 147 116 6355
104 66 101 74 27 45 27 1127 60 10 69 0 19 16 NA 16 NA 9 60 1 12 6 26 0 0 0 0 1 12 6 26 0 0 0 0 1 150 117 6439
105 71 100 74 26 43 24 1139 54 8 68 0 19.5 18 NA 18 NA 4 54 1 11 8 23 0 0 0 0 1 11 8 23 0 0 0 0 2 148 117 6506
106 82 106 76 30 44 30 1155 45 2 73 0 19.5 17 NA 17 NA 6 45 1 10 10 23 0 0 0 0 1 10 10 23 0 0 0 0 2 144 117 6568
107 61 106 76 30 44 27 1187 60 9 74 0 19.5 16 NA 16 NA 9 60 0 11 12 21 0 0 0 0 0 11 12 21 0 0 0 0 0 155 119 6617
108 66 106 76 30 47 23 1190 54 9 79 0 20.5 16 NA 16 NA 6 54 1 10 14 22 0 0 0 0 1 10 14 22 0 0 0 0 1 156 121 6698
109 107 102 73 29 48 26 1190 63 5 80 0 21.5 16 NA 16 NA 8 63 1 10 15 22 0 0 0 0 1 10 15 22 0 0 0 0 0 153 122 6763
110 75 101 71 30 49 28 1214 55 7 81 0 22 16 NA 16 NA 8 55 0 13 15 21 0 0 0 0 0 13 15 21 0 0 0 0 1 171 125 6836
111 65 106 74 32 55 28 1230 57 12 84 0 22 16 NA 16 NA 9 57 0 18 14 23 0 0 0 0 0 18 14 23 0 0 0 0 3 150 126 6896
112 70 106 74 32 57 30 1233 59 8 82 0 22 16 NA 16 NA 10 59 1 18 15 23 0 0 0 0 1 18 15 23 0 0 0 0 2 136 126 6950
113 71 105 75 30 59 33 1248 55 7 81 0 23 16 NA 16 NA 9 55 1 18 17 23 0 0 0 0 1 18 17 23 0 0 0 0 2 159 126 7020
114 62 106 76 30 59 35 1238 56 7 83 0 23.5 16 NA 16 NA 9 56 1 18 16 24 0 0 0 0 1 18 16 24 0 0 0 0 1 134 126 7090
115 58 107 77 30 61 38 1224 66 8 82 0 23 16 NA 16 NA 9 66 1 18 17 25 0 0 0 0 1 18 17 25 0 0 0 0 2 147 126 7169
116 52 108 78 30 63 32 1228 63 8 82 0 23.5 16 NA 16 NA 3 63 2 17 19 25 0 0 0 0 2 17 19 25 0 0 0 0 1 152 127 7239
117 88 107 78 29 63 30 1192 68 8 82 0 24 16 NA 16 NA 4 68 2 17 19 25 0 0 0 0 2 17 19 25 0 0 0 0 2 132 129 7314
118 64 108 79 29 64 35 1169 73 3 86 0 24 16.5 NA 16.5 NA 10 73 2 13 22 27 0 0 0 0 2 13 22 27 0 0 0 0 1 132 130 7381
119 72 107 78 29 62 33 1185 59 7 83 0 25 16 NA 16 NA 4 59 2 12 22 26 0 0 0 0 2 12 22 26 0 0 0 0 1 157 130 7446
120 78 110 81 29 63 35 1183 53 4 84 0 25.5 16 NA 16 NA 7 53 2 9 24 28 0 0 0 0 2 9 24 28 0 0 0 0 0 145 131 7523
121 95 110 81 29 62 44 1144 74 2 83 0 26 16 NA 16 NA 11 74 2 6 25 29 0 0 0 0 2 6 25 29 0 0 0 0 3 128 132 7598
122 72 111 82 29 64 39 1125 54 8 84 0 27 16 NA 16 NA 4 54 4 5 24 31 0 0 0 0 4 5 24 31 0 0 0 0 0 129 133 7676
123 73 109 81 28 63 40 1112 58 3 87 0 28 16 NA 16 NA 8 58 3 6 24 30 0 0 0 0 3 6 24 30 0 0 0 0 1 135 135 7749
124 62 108 81 27 63 41 1126 57 7 85 0 28.5 16 NA 16 NA 10 57 2 6 23 32 0 0 0 0 2 6 23 32 0 0 0 0 2 146 135 7812
125 61 118 91 27 62 33 1137 60 11 85 0 28 16 NA 16 NA 5 60 2 6 20 34 0 0 0 0 2 6 20 34 0 0 0 0 5 146 137 7873
126 75 122 91 31 61 38 1122 60 3 84 0 28 16 NA 16 NA 9 60 2 4 21 34 0 0 0 0 2 4 21 34 0 0 0 0 2 126 138 7933
127 89 121 88 33 59 34 1113 60 7 81 0 25 16 NA 16 NA 6 60 2 4 21 32 0 0 0 0 2 4 21 32 0 0 0 0 3 141 138 8000
128 73 121 88 33 60 33 1111 54 7 82 0 26 17 NA 17 NA 7 54 2 5 20 33 0 0 0 0 2 5 20 33 0 0 0 0 1 148 141 8081
129 82 121 89 32 62 31 1143 51 4 83 0 24 16.5 NA 16.5 NA 4 51 2 7 19 34 0 0 0 0 2 7 19 34 0 0 0 0 1 165 144 8145
130 75 122 89 33 62 32 1166 59 3 84 0 25 16.5 NA 16.5 NA 3 59 2 5 16 39 0 0 0 0 2 5 16 39 0 0 0 0 2 155 144 8196
131 70 123 90 33 65 32 1183 58 7 84 0 25 18 NA 18 NA 5 58 1 6 17 41 0 0 0 0 1 6 17 41 0 0 0 0 2 165 145 8267
132 56 128 93 35 64 29 1199 48 7 85 0 25.5 17 NA 17 NA 4 48 1 6 15 42 0 0 0 0 1 6 15 42 0 0 0 0 5 150 146 8336
133 82 126 94 32 62 33 1211 71 4 84 0 24 17.5 NA 17.5 NA 11 71 0 7 11 44 0 0 0 0 0 7 11 44 0 0 0 0 2 158 148 8395
134 76 127 95 32 64 37 1207 59 4 85 0 24 17 NA 17 NA 12 59 0 9 8 47 0 0 0 0 0 9 8 47 0 0 0 0 2 136 153 8455
135 84 126 94 32 66 35 1207 75 9 85 0 24.5 16.5 NA 16.5 NA 5 75 1 10 8 47 0 0 0 0 1 10 8 47 0 0 0 0 1 164 153 8526
136 75 124 93 31 64 42 1221 58 2 84 0 25 16.5 NA 16.5 NA 8 58 1 10 9 44 0 0 0 0 1 10 9 44 0 0 0 0 0 163 153 8591
137 66 126 94 32 66 40 1232 65 9 94 0 26 17 NA 17 NA 8 65 1 12 9 44 0 0 0 0 1 12 9 44 0 0 0 0 1 151 155 8654
138 78 126 95 31 69 38 1248 61 8 98 0 24.5 17 NA 17 NA 8 61 0 16 7 46 0 0 0 0 0 16 7 46 0 0 0 0 3 145 157 8703
139 81 130 93 37 69 37 1236 53 7 98 0 22.5 17 NA 17 NA 5 53 0 16 9 44 0 0 0 0 0 16 9 44 0 0 0 0 1 134 159 8776
140 83 128 91 37 67 39 1215 68 3 96 0 22 17 NA 17 NA 7 68 0 15 11 41 0 0 0 0 0 15 11 41 0 0 0 0 2 133 160 8847
141 71 125 89 36 66 38 1213 65 6 95 0 23 16 NA 16 NA 7 65 0 15 9 42 0 0 0 0 0 15 9 42 0 0 0 0 1 144 162 8913
142 80 127 91 36 67 36 1213 59 9 95 0 23 16 NA 16 NA 7 59 1 15 8 43 0 0 0 0 1 15 8 43 0 0 0 0 2 153 162 8986
143 72 127 93 34 66 43 1180 78 6 95 0 23 16 NA 16 NA 15 78 0 15 10 41 0 0 0 0 0 15 10 41 0 0 0 0 3 132 163 9055
144 77 126 93 33 67 42 1172 62 11 98 0 23 16 NA 16 NA 11 62 1 14 13 39 0 0 0 0 1 14 13 39 0 0 0 0 2 152 165 9136
145 100 124 89 35 65 39 1182 58 9 95 0 21 16 NA 16 NA 5 58 1 15 15 34 0 0 0 0 1 15 15 34 0 0 0 0 2 161 165 9205
146 84 123 87 36 61 33 1163 57 2 93 0 21 16 NA 16 NA 0 57 0 16 13 32 0 0 0 0 0 16 13 32 0 0 0 0 1 136 170 9279
147 81 125 89 36 61 27 1166 51 4 92 0 22 17 NA 17 NA 2 51 0 16 11 34 0 0 0 0 0 16 11 34 0 0 0 0 3 147 175 9355
148 82 123 87 36 59 32 1142 68 2 88 0 23 17 NA 17 NA 8 68 0 15 11 33 0 0 0 0 0 15 11 33 0 0 0 0 3 133 176 9428
149 72 124 88 36 60 31 1163 55 6 87 0 23 17 NA 17 NA 7 55 0 12 15 33 0 0 0 0 0 12 15 33 0 0 0 0 1 160 179 9497
150 64 127 89 38 62 33 1158 55 6 88 0 24 17 NA 17 NA 11 55 1 10 18 33 0 0 0 0 1 10 18 33 0 0 0 0 3 136 180 9568
151 71 129 92 37 62 35 1166 62 5 92 0 24 17 NA 17 NA 9 62 1 10 17 34 0 0 0 0 1 10 17 34 0 0 0 0 2 142 183 9621
152 70 128 92 36 58 30 1163 72 8 90 0 22 17 NA 17 NA 4 72 1 9 17 31 0 0 0 0 1 9 17 31 0 0 0 0 3 150 184 9686
153 66 126 92 34 57 37 1175 62 6 87 0 22 17 NA 17 NA 12 62 1 11 15 30 0 0 0 0 1 11 15 30 0 0 0 0 0 139 184 9738
154 70 126 93 33 58 33 1176 44 9 90 0 22.5 17 NA 17 NA 5 44 1 11 16 30 0 0 0 0 1 11 16 30 0 0 0 0 0 137 184 9809
155 81 129 94 35 55 41 1201 65 2 89 0 23 17 NA 17 NA 10 65 0 10 16 29 0 0 0 0 0 10 16 29 0 0 0 0 6 160 185 9863
156 73 126 92 34 56 35 1197 72 12 87 0 22.5 17 NA 17 NA 6 72 2 7 17 30 0 0 0 0 2 7 17 30 0 0 0 0 1 155 186 9933
157 81 129 95 34 59 36 1185 66 6 90 0 22 17 NA 17 NA 7 66 2 7 19 31 0 0 0 0 2 7 19 31 0 0 0 0 1 152 188 10009
158 76 129 95 34 60 34 1204 60 6 91 0 22 17 NA 17 NA 7 60 2 7 20 31 0 0 0 0 2 7 20 31 0 0 0 0 1 161 191 10069
159 75 125 91 34 59 41 1223 52 5 91 0 22 17 NA 17 NA 11 52 2 8 18 31 0 0 0 0 2 8 18 31 0 0 0 0 0 155 191 10142
160 84 124 90 34 61 38 1219 68 13 90 0 21 17 NA 17 NA 8 68 2 10 18 31 0 0 0 0 2 10 18 31 0 0 0 0 1 150 191 10208
161 64 126 91 35 64 39 1203 66 10 92 0 22 17 NA 17 NA 11 66 1 13 15 35 0 0 0 0 1 13 15 35 0 0 0 0 4 144 193 10290
162 73 125 89 36 62 37 1199 54 9 90 0 20 17 NA 17 NA 8 54 2 13 12 35 0 0 0 0 2 13 12 35 0 0 0 0 2 139 194 10354
163 77 127 91 36 64 38 1178 56 5 93 0 21 17 NA 17 NA 8 56 1 12 16 35 0 0 0 0 1 12 16 35 0 0 0 0 1 128 197 10425
164 65 127 91 36 64 36 1160 52 5 95 0 22 17 NA 17 NA 5 52 1 12 17 34 0 0 0 0 1 12 17 34 0 0 0 0 1 128 199 10502
165 65 128 89 39 67 36 1191 45 8 93 0 22 17 NA 17 NA 6 45 1 17 16 33 0 0 0 0 1 17 16 33 0 0 0 0 2 147 199 10558
166 80 130 91 39 69 36 1185 58 6 94 0 22.5 17 NA 17 NA 7 58 1 16 17 35 0 0 0 0 1 16 17 35 0 0 0 0 2 141 202 10625
167 83 133 94 39 70 36 1152 61 6 100 0 23 17 NA 17 NA 8 61 1 15 18 36 0 0 0 0 1 15 18 36 0 0 0 0 1 125 203 10703
168 77 131 92 39 66 39 1128 61 5 99 0 23 17 NA 17 NA 7 61 0 14 17 35 0 0 0 0 0 14 17 35 0 0 0 0 1 133 204 10780
169 91 128 89 39 65 36 1130 62 10 101 0 23.5 17 NA 17 NA 8 62 1 13 15 36 0 0 0 0 1 13 15 36 0 0 0 0 0 149 205 10845
170 73 128 89 39 69 33 1138 58 9 101 0 24 17 NA 17 NA 6 58 1 14 18 36 0 0 0 0 1 14 18 36 0 0 0 0 0 154 208 10911
171 64 126 88 38 67 36 1139 57 4 98 0 24 17 NA 17 NA 8 57 1 13 18 35 0 0 0 0 1 13 18 35 0 0 0 0 0 140 209 10971
172 69 131 93 38 68 35 1154 69 7 98 0 24 17 NA 17 NA 6 69 1 12 20 35 0 0 0 0 1 12 20 35 0 0 0 0 3 173 210 11042
173 67 133 92 41 68 35 1185 46 3 102 0 24 17 NA 17 NA 4 46 1 9 24 34 0 0 0 0 1 9 24 34 0 0 0 0 1 162 212 11106
174 87 133 90 43 66 31 1174 47 5 100 0 25 17 NA 17 NA 3 47 1 9 23 33 0 0 0 0 1 9 23 33 0 0 0 0 2 127 214 11175
175 72 133 91 42 62 38 1171 77 3 98 0 24 17 NA 17 NA 10 77 1 8 19 34 0 0 0 0 1 8 19 34 0 0 0 0 1 149 214 11232
176 80 129 88 41 62 36 1212 55 7 95 0 25 17 NA 17 NA 8 55 1 5 20 36 0 0 0 0 1 5 20 36 0 0 0 0 0 171 217 11286
177 72 128 87 41 64 31 1213 67 12 96 0 25.5 17 NA 17 NA 7 67 1 7 21 35 0 0 0 0 1 7 21 35 0 0 0 0 1 159 219 11353
178 80 127 85 42 65 39 1196 56 2 96 0 26 17 NA 17 NA 11 56 1 8 17 39 0 0 0 0 1 8 17 39 0 0 0 0 3 135 220 11430
179 74 124 84 40 64 45 1205 63 5 95 0 26 17 NA 17 NA 10 63 0 9 17 38 0 0 0 0 0 9 17 38 0 0 0 0 0 144 220 11487
180 69 123 83 40 65 39 1199 56 8 96 0 25 17 NA 17 NA 2 56 0 9 19 37 0 0 0 0 0 9 19 37 0 0 0 0 0 133 221 11556
181 91 122 81 41 66 40 1197 50 7 93 0 26 17 NA 17 NA 8 50 1 8 18 39 0 0 0 0 1 8 18 39 0 0 0 0 2 133 222 11620
182 78 121 79 42 65 37 1195 55 9 91 0 27 17 NA 17 NA 7 55 1 9 18 37 0 0 0 0 1 9 18 37 0 0 0 0 2 155 222 11702
183 84 121 79 42 62 34 1184 60 7 89 0 27 17.5 NA 17.5 NA 4 60 1 9 16 36 0 0 0 0 1 9 16 36 0 0 0 0 1 135 222 11763
184 80 122 79 43 62 31 1174 63 6 94 0 27.5 17.5 NA 17.5 NA 2 63 1 9 16 36 0 0 0 0 1 9 16 36 0 0 0 0 1 141 224 11831
185 67 123 80 43 65 40 1135 71 4 97 0 28 18 NA 18 NA 12 71 1 7 19 38 0 0 0 0 1 7 19 38 0 0 0 0 0 133 224 11916
186 71 119 80 39 63 42 1158 53 5 96 0 29 18 NA 18 NA 7 53 0 8 18 37 0 0 0 0 0 8 18 37 0 0 0 0 1 141 226 11965
187 77 118 80 38 65 39 1167 54 9 98 0 28 17 NA 17 NA 5 54 0 10 17 38 0 0 0 0 0 10 17 38 0 0 0 0 0 153 226 12033
188 72 116 78 38 67 35 1167 55 7 96 0 30.5 17 NA 17 NA 7 55 0 11 16 40 0 0 0 0 0 11 16 40 0 0 0 0 0 140 229 12099
189 82 119 82 37 69 31 1167 45 7 96 0 29 18 NA 18 NA 2 45 0 10 19 40 0 0 0 0 0 10 19 40 0 0 0 0 2 142 231 12171
190 66 118 81 37 70 29 1192 60 4 99 0 30 18 NA 18 NA 6 60 0 9 21 40 0 0 0 0 0 9 21 40 0 0 0 0 0 160 235 12229
191 62 119 81 38 71 31 1169 54 6 99 0 30 18 NA 18 NA 5 54 0 8 20 43 0 0 0 0 0 8 20 43 0 0 0 0 3 120 237 12303
192 89 116 79 37 73 33 1172 61 8 97 0 31 18 NA 18 NA 9 61 0 10 18 45 0 0 0 0 0 10 18 45 0 0 0 0 0 156 238 12371
193 77 116 77 39 73 32 1166 57 6 97 0 32 19 NA 19 NA 7 57 0 10 17 46 0 0 0 0 0 10 17 46 0 0 0 0 0 138 238 12439
194 82 113 74 39 74 32 1148 66 6 96 0 33 19 NA 19 NA 7 66 0 12 18 44 0 0 0 0 0 12 18 44 0 0 0 0 0 137 240 12507
195 72 112 74 38 71 36 1132 71 6 95 0 32 19 NA 19 NA 10 71 0 11 19 41 0 0 0 0 0 11 19 41 0 0 0 0 0 135 241 12568
196 87 113 75 38 71 36 1154 38 3 96 0 33 19 NA 19 NA 3 38 0 8 20 43 0 0 0 0 0 8 20 43 0 0 0 0 1 152 241 12637
197 78 111 74 37 67 40 1152 67 3 94 0 32 19 NA 19 NA 9 67 0 6 17 44 0 0 0 0 0 6 17 44 0 0 0 0 1 153 242 12704
198 93 111 75 36 66 43 1140 56 3 92 0 32 19 NA 19 NA 6 56 0 5 20 41 0 0 0 0 0 5 20 41 0 0 0 0 1 140 243 12774
199 68 111 76 35 67 36 1138 56 10 91 0 32 19 NA 19 NA 6 56 0 6 20 41 0 0 0 0 0 6 20 41 0 0 0 0 0 135 246 12840
200 83 111 77 34 66 34 1141 52 3 88 0 32 19 NA 19 NA 2 52 0 7 20 39 0 0 0 0 0 7 20 39 0 0 0 0 2 135 247 12900
201 73 110 74 36 66 39 1136 69 2 90 0 30.5 19 NA 19 NA 7 69 0 8 17 41 0 0 0 0 0 8 17 41 0 0 0 0 0 141 248 12958
202 63 108 72 36 64 39 1138 63 5 86 0 30.5 19 NA 19 NA 6 63 0 7 16 41 0 0 0 0 0 7 16 41 0 0 0 0 0 155 249 13027
203 71 106 71 35 65 32 1165 49 9 86 0 31 19 NA 19 NA 4 49 0 9 14 42 0 0 0 0 0 9 14 42 0 0 0 0 1 154 253 13087
204 62 104 69 35 64 35 1163 58 3 84 0 32 19 NA 19 NA 6 58 0 10 13 41 0 0 0 0 0 10 13 41 0 0 0 0 1 140 253 13159
205 85 101 66 35 58 33 1180 46 5 80 0 31 19 NA 19 NA 7 46 0 8 13 37 0 0 0 0 0 8 13 37 0 0 0 0 1 147 257 13226
206 82 99 66 33 55 28 1191 51 8 74 0 32 19 NA 19 NA 5 51 0 6 15 34 0 0 0 0 0 6 15 34 0 0 0 0 4 130 259 13279
207 78 98 66 32 53 31 1196 64 4 74 0 32 19 NA 19 NA 8 64 0 5 15 33 0 0 0 0 0 5 15 33 0 0 0 0 1 154 260 13342
208 92 97 66 31 54 30 1167 65 9 73 0 31 17.5 NA 17.5 NA 8 65 0 6 14 34 0 0 0 0 0 6 14 34 0 0 0 0 0 123 262 13409
209 79 96 65 31 54 36 1152 67 8 72 0 30.5 17.5 NA 17.5 NA 14 67 0 6 14 34 0 0 0 0 0 6 14 34 0 0 0 0 1 150 264 13490
210 81 93 64 29 50 33 1159 66 10 70 0 29 17.5 NA 17.5 NA 9 66 0 6 11 33 0 0 0 0 0 6 11 33 0 0 0 0 0 150 266 13549
211 70 96 68 28 53 41 1151 64 6 71 0 29 18 NA 18 NA 15 64 0 8 9 36 0 0 0 0 0 8 9 36 0 0 0 0 1 131 268 13605
212 80 97 70 27 52 34 1164 50 7 72 0 28 18 NA 18 NA 1 50 0 9 9 34 0 0 0 0 0 9 9 34 0 0 0 0 2 142 269 13666
213 74 96 70 26 52 33 1156 65 5 70 0 28 17 NA 17 NA 3 65 0 10 10 32 0 0 0 0 0 10 10 32 0 0 0 0 2 145 270 13737
214 75 96 70 26 50 30 1158 49 4 70 0 26.5 17 NA 17 NA 3 49 0 10 8 32 0 0 0 0 0 10 8 32 0 0 0 0 1 144 272 13808
215 70 92 67 25 49 28 1159 46 5 69 0 26 17 NA 17 NA 3 46 0 10 10 29 0 0 0 0 0 10 10 29 0 0 0 0 0 141 274 13880
216 83 90 68 22 47 31 1158 60 2 66 0 26 17 NA 17 NA 6 60 0 9 11 27 0 0 0 0 0 9 11 27 0 0 0 0 2 135 274 13938
217 80 90 67 23 46 31 1180 51 5 66 0 25.5 16.5 NA 16.5 NA 6 51 0 9 12 25 0 0 0 0 0 9 12 25 0 0 0 0 2 158 275 14009
218 91 88 68 20 45 34 1182 65 5 68 0 25.5 15 NA 15 NA 9 65 0 10 10 25 0 0 0 0 0 10 10 25 0 0 0 0 1 151 276 14081
219 69 90 69 21 46 35 1199 56 7 69 0 26 15 NA 15 NA 11 56 0 10 10 26 0 0 0 0 0 10 10 26 0 0 0 0 1 150 279 14151
220 75 89 68 21 47 30 1206 43 10 68 0 27 15 NA 15 NA 5 43 0 11 9 27 0 0 0 0 0 11 9 27 0 0 0 0 1 131 279 14207
221 88 90 67 23 46 28 1192 47 4 68 0 25.5 15 NA 15 NA 4 47 1 9 9 27 0 0 0 0 1 9 9 27 0 0 0 0 1 120 280 14270
222 73 90 68 22 47 26 1192 67 8 68 0 25.5 15 NA 15 NA 6 67 1 10 10 26 0 0 0 0 1 10 10 26 0 0 0 0 0 155 281 14344
223 88 89 66 23 45 24 1211 42 3 68 0 25 15 NA 15 NA 4 42 1 9 11 24 0 0 0 0 1 9 11 24 0 0 0 0 2 133 284 14398
224 72 90 66 24 45 27 1204 57 5 69 0 25.5 15 NA 15 NA 10 57 1 7 13 24 0 0 0 0 1 7 13 24 0 0 0 0 1 136 287 14465
225 73 94 70 24 45 26 1188 66 8 70 0 25 15 NA 15 NA 7 66 1 6 11 27 0 0 0 0 1 6 11 27 0 0 0 0 1 137 288 14538
226 84 92 71 21 45 34 1161 60 3 69 0 25.5 15 NA 15 NA 8 60 1 6 12 26 0 0 0 0 1 6 12 26 0 0 0 0 2 147 288 14628
227 68 93 71 22 46 35 1177 57 9 67 0 25 15 NA 15 NA 9 57 1 7 12 26 0 0 0 0 1 7 12 26 0 0 0 0 3 150 288 14691
228 59 95 73 22 47 27 1180 55 11 68 0 25 15 NA 15 NA 2 55 1 8 12 26 0 0 0 0 1 8 12 26 0 0 0 0 1 141 289 14758
229 98 95 72 23 48 25 1172 62 7 67 0 24 15 NA 15 NA 3 62 1 9 12 26 0 0 0 0 1 9 12 26 0 0 0 0 1 163 289 14839
230 92 92 70 22 47 27 1158 58 3 66 0 24.5 15 NA 15 NA 8 58 0 9 13 25 0 0 0 0 0 9 13 25 0 0 0 0 0 127 292 14907
231 79 93 71 22 47 25 1154 47 3 66 0 25 15 NA 15 NA 3 47 1 8 13 25 0 0 0 0 1 8 13 25 0 0 0 0 1 139 293 14985
232 75 92 70 22 47 28 1159 54 3 67 0 26 15 NA 15 NA 6 54 1 8 14 24 0 0 0 0 1 8 14 24 0 0 0 0 0 144 294 15056
233 71 92 70 22 47 29 1203 49 5 66 0 24 15 NA 15 NA 7 49 1 8 14 24 0 0 0 0 1 8 14 24 0 0 0 0 1 165 296 15112
234 76 93 70 23 45 27 1197 52 8 64 0 23 15 NA 15 NA 7 52 1 8 12 24 0 0 0 0 1 8 12 24 0 0 0 0 3 138 297 15185
235 63 96 72 24 47 35 1247 50 5 67 0 24 15 NA 15 NA 11 50 1 6 14 26 0 0 0 0 1 6 14 26 0 0 0 0 1 181 297 15245
236 82 95 71 24 46 38 1235 77 6 67 0 24 15 NA 15 NA 8 77 1 7 12 26 0 0 0 0 1 7 12 26 0 0 0 0 1 147 297 15303
237 82 93 68 25 46 30 1235 65 10 67 0 24 15 NA 15 NA 5 65 1 6 11 28 0 0 0 0 1 6 11 28 0 0 0 0 2 139 299 15362
238 56 94 68 26 46 29 1219 68 4 69 0 24.5 15 NA 15 NA 5 68 1 6 9 30 0 0 0 0 1 6 9 30 0 0 0 0 0 147 301 15433
239 75 97 71 26 47 28 1216 45 5 70 0 23 15 NA 15 NA 4 45 2 7 8 30 0 0 0 0 2 7 8 30 0 0 0 0 1 138 301 15504
240 66 95 70 25 46 28 1231 48 7 69 0 23 15 NA 15 NA 7 48 2 6 10 28 0 0 0 0 2 6 10 28 0 0 0 0 2 146 302 15571
241 78 95 70 25 47 26 1190 56 7 72 0 24 15 NA 15 NA 4 56 1 7 10 29 0 0 0 0 1 7 10 29 0 0 0 0 0 128 302 15659
242 92 95 69 26 46 27 1187 53 4 71 0 24 15 NA 15 NA 4 53 1 6 10 29 0 0 0 0 1 6 10 29 0 0 0 0 2 136 302 15725
243 92 95 70 25 47 26 1188 56 3 72 0 23 15 NA 15 NA 5 56 1 8 10 28 0 0 0 0 1 8 10 28 0 0 0 0 2 148 305 15793
244 70 92 67 25 45 28 1197 57 7 69 0 23.5 15 NA 15 NA 9 57 0 8 10 27 0 0 0 0 0 8 10 27 0 0 0 0 1 147 307 15860
245 80 92 67 25 46 28 1190 61 7 69 0 24 15.5 NA 15.5 NA 9 61 0 8 11 27 0 0 0 0 0 8 11 27 0 0 0 0 0 159 308 15937
246 80 93 65 28 47 25 1209 43 10 72 0 23 16 NA 16 NA 5 43 0 9 11 27 0 0 0 0 0 9 11 27 0 0 0 0 0 154 308 16006
247 85 93 67 26 44 30 1194 49 0 72 0 23 16.5 NA 16.5 NA 6 49 0 8 9 27 0 0 0 0 0 8 9 27 0 0 0 0 2 143 309 16094
248 66 92 66 26 42 32 1209 47 2 69 0 23.5 16.5 NA 16.5 NA 7 47 0 7 9 26 0 0 0 0 0 7 9 26 0 0 0 0 0 146 311 16160
249 72 93 68 25 39 40 1226 50 2 67 0 24 17 NA 17 NA 10 50 0 4 11 24 0 0 0 0 0 4 11 24 0 0 0 0 1 160 311 16235
250 79 92 67 25 39 39 1234 58 6 67 0 24.5 17 NA 17 NA 6 58 0 4 11 24 0 0 0 0 0 4 11 24 0 0 0 0 1 162 312 16308
251 65 91 67 24 41 35 1235 62 9 68 0 25 18 NA 18 NA 5 62 0 7 11 23 0 0 0 0 0 7 11 23 0 0 0 0 1 154 313 16379
252 64 95 71 24 42 38 1238 55 4 69 0 24 17.5 NA 17.5 NA 7 55 0 7 11 24 0 0 0 0 0 7 11 24 0 0 0 0 2 145 313 16455
253 67 97 73 24 41 34 1237 56 9 67 0 24 18 NA 18 NA 6 56 0 6 11 24 0 0 0 0 0 6 11 24 0 0 0 0 3 132 315 16510
254 73 94 69 25 40 33 1233 60 5 64 0 23 18 NA 18 NA 6 60 0 8 10 22 0 0 0 0 0 8 10 22 0 0 0 0 2 145 317 16583
255 96 95 70 25 42 32 1193 65 7 65 0 22 18 NA 18 NA 6 65 1 8 11 22 0 0 0 0 1 8 11 22 0 0 0 0 2 131 318 16659
256 74 94 70 24 44 32 1198 65 7 64 0 22 18 NA 18 NA 7 65 1 9 11 23 0 0 0 0 1 9 11 23 0 0 0 0 2 165 320 16733
257 88 91 68 23 43 29 1180 59 5 61 0 22 20 NA 20 NA 4 59 1 8 12 22 0 0 0 0 1 8 12 22 0 0 0 0 0 134 322 16801
258 79 91 68 23 43 27 1191 62 6 63 0 23 18 NA 18 NA 6 62 0 9 13 21 0 0 0 0 0 9 13 21 0 0 0 0 0 164 325 16873
259 68 95 73 22 42 29 1186 60 4 64 0 22 19 NA 19 NA 7 60 0 5 16 21 0 0 0 0 0 5 16 21 0 0 0 0 0 139 326 16938
260 75 94 72 22 41 28 1191 57 7 64 0 21.5 20 NA 20 NA 5 57 0 5 15 21 0 0 0 0 0 5 15 21 0 0 0 0 0 159 326 17009
261 76 97 74 23 41 31 1195 59 4 67 0 22 20 NA 20 NA 7 59 0 5 12 24 0 0 0 0 0 5 12 24 0 0 0 0 3 160 327 17083
262 90 95 73 22 42 31 1185 55 6 67 0 23 20 NA 20 NA 8 55 1 5 11 25 0 0 0 0 1 5 11 25 0 0 0 0 0 145 329 17158
263 71 98 75 23 44 29 1170 60 8 67 0 22 20 NA 20 NA 4 60 1 5 12 26 0 0 0 0 1 5 12 26 0 0 0 0 3 128 330 17222
264 77 98 75 23 46 32 1172 63 8 72 0 23 19 NA 19 NA 11 63 1 5 13 27 0 0 0 0 1 5 13 27 0 0 0 0 0 150 330 17282
265 92 94 71 23 45 35 1158 63 7 70 0 22 18 NA 18 NA 6 63 1 8 11 25 0 0 0 0 1 8 11 25 0 0 0 0 2 127 330 17330
266 83 93 71 22 44 32 1157 54 6 70 0 23 18 NA 18 NA 5 54 1 8 10 25 0 0 0 0 1 8 10 25 0 0 0 0 0 155 332 17408
267 74 93 70 23 45 36 1176 47 4 72 0 23 17 NA 17 NA 9 47 2 9 9 25 0 0 0 0 2 9 9 25 0 0 0 0 1 146 333 17466
268 68 93 71 22 46 33 1166 65 7 70 0 22 17.5 NA 17.5 NA 5 65 2 9 12 23 0 0 0 0 2 9 12 23 0 0 0 0 1 144 335 17538
269 79 94 70 24 47 32 1158 71 4 71 0 23 18 NA 18 NA 6 71 1 10 12 24 0 0 0 0 1 10 12 24 0 0 0 0 0 141 338 17593
270 89 96 72 24 45 31 1156 48 5 69 0 23 18 NA 18 NA 5 48 1 9 9 26 0 0 0 0 1 9 9 26 0 0 0 0 1 137 340 17663
271 84 94 70 24 44 27 1176 55 6 70 0 22 17.5 NA 17.5 NA 3 55 0 11 7 26 0 0 0 0 0 11 7 26 0 0 0 0 1 159 341 17736
272 87 95 71 24 43 30 1177 59 4 68 0 23 18 NA 18 NA 6 59 0 11 8 24 0 0 0 0 0 11 8 24 0 0 0 0 3 153 342 17808
273 77 96 73 23 44 28 1151 59 2 71 0 23.5 18.5 NA 18.5 NA 3 59 0 10 10 24 0 0 0 0 0 10 10 24 0 0 0 0 2 131 344 17882
274 75 98 75 23 45 22 1165 47 5 71 0 23.5 19 NA 19 NA 0 47 0 10 11 24 0 0 0 0 0 10 11 24 0 0 0 0 0 138 346 17943
275 74 99 77 22 44 27 1161 67 3 72 0 23 18.5 NA 18.5 NA 9 67 0 11 9 24 0 0 0 0 0 11 9 24 0 0 0 0 1 145 346 18006
276 73 95 74 21 43 26 1144 59 5 70 0 24 20 NA 20 NA 4 59 0 8 12 23 0 0 0 0 0 8 12 23 0 0 0 0 1 139 347 18082
277 82 97 76 21 44 30 1186 39 2 70 0 25 19.5 NA 19.5 NA 9 39 1 7 13 23 0 0 0 0 1 7 13 23 0 0 0 0 1 147 350 18127
278 82 99 74 25 44 35 1155 67 6 70 0 25 19.5 NA 19.5 NA 12 67 1 6 15 22 0 0 0 0 1 6 15 22 0 0 0 0 2 140 351 18206
279 96 103 76 27 45 33 1165 60 7 70 0 24 19 NA 19 NA 7 60 1 4 17 23 0 0 0 0 1 4 17 23 0 0 0 0 5 159 353 18270
280 90 101 73 28 43 30 1143 66 6 69 0 25 18 NA 18 NA 5 66 1 4 15 23 0 0 0 0 1 4 15 23 0 0 0 0 2 137 355 18333
281 81 97 71 26 42 27 1163 51 4 68 0 26 17.5 NA 17.5 NA 4 51 1 3 16 22 0 0 0 0 1 3 16 22 0 0 0 0 0 152 357 18401
282 74 101 75 26 43 29 1163 64 4 71 0 27 18 NA 18 NA 7 64 1 3 15 24 0 0 0 0 1 3 15 24 0 0 0 0 4 137 359 18458
283 105 97 74 23 40 26 1163 41 5 67 0 26 17.5 NA 17.5 NA 3 41 0 2 16 22 0 0 0 0 0 2 16 22 0 0 0 0 1 140 360 18532
284 69 99 76 23 41 28 1137 55 6 68 0 25 17 NA 17 NA 7 55 0 3 16 22 0 0 0 0 0 3 16 22 0 0 0 0 2 131 360 18607
285 65 101 79 22 41 27 1142 61 6 67 0 26 18 NA 18 NA 5 61 0 3 14 24 0 0 0 0 0 3 14 24 0 0 0 0 2 151 362 18668
286 69 101 81 20 40 29 1162 68 7 66 0 25 17.5 NA 17.5 NA 9 68 0 3 14 23 0 0 0 0 0 3 14 23 0 0 0 0 3 160 362 18727
287 85 99 80 19 38 32 1143 66 3 65 0 24 17 NA 17 NA 6 66 0 2 14 22 0 0 0 0 0 2 14 22 0 0 0 0 1 149 362 18802
288 89 103 80 23 39 31 1129 54 5 66 0 21 17 NA 17 NA 8 54 0 2 11 26 0 0 0 0 0 2 11 26 0 0 0 0 0 133 365 18869
289 76 103 80 23 40 30 1152 50 7 68 0 22 17 NA 17 NA 6 50 0 3 9 28 0 0 0 0 0 3 9 28 0 0 0 0 0 140 366 18919
290 58 102 80 22 40 38 1159 55 5 69 0 21.5 17 NA 17 NA 14 55 0 4 8 28 0 0 0 0 0 4 8 28 0 0 0 0 1 139 368 18983
291 87 100 79 21 38 34 1159 54 9 71 0 21 17 NA 17 NA 4 54 0 5 5 28 0 0 0 0 0 5 5 28 0 0 0 0 1 136 369 19051
292 77 98 78 20 38 31 1176 58 10 71 0 22 16.5 NA 16.5 NA 8 58 0 5 7 26 0 0 0 0 0 5 7 26 0 0 0 0 0 158 371 19114
293 78 99 80 19 38 31 1189 50 6 68 0 20 16 NA 16 NA 8 50 0 6 7 25 0 0 0 0 0 6 7 25 0 0 0 0 1 150 373 19182
294 84 99 79 20 38 34 1199 72 3 71 0 20 16 NA 16 NA 6 72 1 5 8 24 0 0 0 0 1 5 8 24 0 0 0 0 2 170 373 19245
295 89 100 80 20 40 36 1179 57 5 73 0 21 16 NA 16 NA 9 57 1 6 7 26 0 0 0 0 1 6 7 26 0 0 0 0 1 127 376 19312
296 51 101 81 20 40 43 1206 52 5 73 0 21 16 NA 16 NA 9 52 1 6 7 26 0 0 0 0 1 6 7 26 0 0 0 0 1 144 376 19367
297 70 99 79 20 42 36 1199 53 12 75 0 22 16 NA 16 NA 5 53 1 8 6 27 0 0 0 0 1 8 6 27 0 0 0 0 0 136 377 19442
298 72 99 78 21 44 40 1184 66 5 76 0 23 16 NA 16 NA 7 66 0 10 7 27 0 0 0 0 0 10 7 27 0 0 0 0 1 142 377 19517
299 70 95 74 21 41 44 1164 66 5 74 0 22 16 NA 16 NA 12 66 0 9 7 25 0 0 0 0 0 9 7 25 0 0 0 0 0 134 378 19594
300 85 102 76 26 43 44 1175 51 11 77 0 21 16 NA 16 NA 11 51 0 11 8 24 0 0 0 0 0 11 8 24 0 0 0 0 3 151 380 19656
301 77 101 76 25 43 40 1159 52 8 75 0 22 16 NA 16 NA 6 52 0 11 8 24 0 0 0 0 0 11 8 24 0 0 0 0 0 130 382 19728
302 77 104 79 25 44 39 1178 59 3 76 0 23 17 NA 17 NA 4 59 0 10 11 23 0 0 0 0 0 10 11 23 0 0 0 0 3 154 384 19789
303 76 105 81 24 47 41 1188 54 5 76 0 23 18 NA 18 NA 10 54 1 8 15 23 0 0 0 0 1 8 15 23 0 0 0 0 3 146 387 19848
304 85 107 83 24 47 40 1186 55 8 76 0 22 18 NA 18 NA 6 55 1 7 15 24 0 0 0 0 1 7 15 24 0 0 0 0 0 152 387 19921
305 63 112 88 24 46 39 1184 54 3 77 0 21.5 18 NA 18 NA 5 54 1 7 14 24 0 0 0 0 1 7 14 24 0 0 0 0 7 134 389 19990
306 76 110 87 23 45 37 1179 62 5 76 0 21 18 NA 18 NA 7 62 1 8 12 24 0 0 0 0 1 8 12 24 0 0 0 0 1 160 391 20072
307 69 112 88 24 44 37 1182 60 9 73 0 21 18 NA 18 NA 10 60 1 9 12 22 0 0 0 0 1 9 12 22 0 0 0 0 5 132 393 20128
308 68 110 87 23 42 36 1155 71 5 72 0 21.5 18 NA 18 NA 4 71 1 8 12 21 0 0 0 0 1 8 12 21 0 0 0 0 1 140 394 20208
309 82 107 85 22 38 35 1154 59 4 68 0 21 17 NA 17 NA 5 59 1 6 12 19 0 0 0 0 1 6 12 19 0 0 0 0 0 148 395 20277
310 71 105 84 21 37 40 1189 50 3 67 0 20 18 NA 18 NA 6 50 1 4 14 18 0 0 0 0 1 4 14 18 0 0 0 0 1 159 396 20332
311 64 102 82 20 36 42 1232 59 5 64 0 21 18 NA 18 NA 8 59 2 2 14 18 0 0 0 0 2 2 14 18 0 0 0 0 0 178 398 20397
312 84 107 82 25 37 41 1227 51 10 68 0 18 18 NA 18 NA 6 51 2 5 13 17 0 0 0 0 2 5 13 17 0 0 0 0 4 139 399 20468
313 94 104 80 24 36 43 1217 58 4 64 0 18.5 19.5 NA 19.5 NA 8 58 1 6 12 17 0 0 0 0 1 6 12 17 0 0 0 0 2 123 403 20523
314 86 105 78 27 38 39 1206 60 7 66 0 18 18.5 NA 18.5 NA 7 60 1 7 11 19 0 0 0 0 1 7 11 19 0 0 0 0 1 138 408 20592
315 79 103 77 26 36 39 1193 60 2 65 0 17 19.5 NA 19.5 NA 4 60 1 6 10 19 0 0 0 0 1 6 10 19 0 0 0 0 2 136 408 20669
316 72 103 76 27 38 38 1175 61 6 66 0 18 19.5 NA 19.5 NA 5 61 1 7 11 19 0 0 0 0 1 7 11 19 0 0 0 0 1 145 409 20746
317 72 100 74 26 40 38 1163 67 6 71 0 19 18.5 NA 18.5 NA 9 67 1 8 12 19 0 0 0 0 1 8 12 19 0 0 0 0 1 142 410 20813
318 81 97 71 26 38 44 1149 68 4 65 0 18 18 NA 18 NA 10 68 0 8 13 17 0 0 0 0 0 8 13 17 0 0 0 0 3 140 411 20879
319 60 100 72 28 37 41 1162 53 7 69 0 17.5 18 NA 18 NA 6 53 0 8 13 16 0 0 0 0 0 8 13 16 0 0 0 0 4 134 411 20935
320 68 101 72 29 38 43 1144 63 9 70 0 18 18 NA 18 NA 11 63 0 9 13 16 0 0 0 0 0 9 13 16 0 0 0 0 0 124 412 21002
321 68 102 73 29 39 42 1158 40 5 70 0 19 18 NA 18 NA 3 40 0 11 12 16 0 0 0 0 0 11 12 16 0 0 0 0 1 146 414 21077
322 75 104 74 30 40 41 1157 58 5 73 0 19.5 17.5 NA 17.5 NA 9 58 0 11 9 20 0 0 0 0 0 11 9 20 0 0 0 0 1 154 419 21156
323 69 105 76 29 40 40 1141 60 8 69 0 18 17.5 NA 17.5 NA 8 60 1 11 7 21 0 0 0 0 1 11 7 21 0 0 0 0 2 146 421 21247
324 74 104 75 29 42 38 1147 61 8 73 0 19 17.5 NA 17.5 NA 6 61 1 12 7 22 0 0 0 0 1 12 7 22 0 0 0 0 2 155 422 21314
325 96 106 77 29 39 33 1162 62 3 70 0 19 18 NA 18 NA 3 62 1 10 6 22 0 0 0 0 1 10 6 22 0 0 0 0 3 157 425 21370
326 71 106 78 28 38 30 1173 60 5 71 0 19.5 17.5 NA 17.5 NA 3 60 1 9 6 22 0 0 0 0 1 9 6 22 0 0 0 0 2 157 428 21434
327 73 104 78 26 39 29 1171 60 3 72 0 20.5 18 NA 18 NA 4 60 1 10 6 22 0 0 0 0 1 10 6 22 0 0 0 0 1 134 430 21492
328 82 104 77 27 39 36 1151 59 3 70 0 21 18 NA 18 NA 9 59 1 9 7 22 0 0 0 0 1 9 7 22 0 0 0 0 3 119 430 21558
329 80 101 74 27 44 25 1163 61 14 68 0 22 17 NA 17 NA 3 61 2 10 10 22 0 0 0 0 2 10 10 22 0 0 0 0 1 154 430 21619
330 73 101 74 27 45 26 1152 44 4 71 0 21 17 NA 17 NA 8 44 2 11 10 22 0 0 0 0 2 11 10 22 0 0 0 0 1 127 433 21695
331 60 100 73 27 43 30 1168 58 1 73 0 23 18 NA 18 NA 6 58 1 7 13 22 0 0 0 0 1 7 13 22 0 0 0 0 2 141 433 21753
332 73 99 72 27 44 34 1153 74 5 71 0 22 17.5 NA 17.5 NA 9 74 0 10 12 22 0 0 0 0 0 10 12 22 0 0 0 0 1 137 434 21808
333 69 97 72 25 44 39 1157 72 7 71 0 23 18 NA 18 NA 11 72 0 10 14 20 0 0 0 0 0 10 14 20 0 0 0 0 1 162 434 21876
334 71 97 73 24 46 32 1162 66 10 72 0 24 17 NA 17 NA 4 66 2 8 15 21 0 0 0 0 2 8 15 21 0 0 0 0 1 148 435 21937
335 62 94 72 22 43 31 1149 62 7 73 0 23 16 NA 16 NA 7 62 2 8 15 18 0 0 0 0 2 8 15 18 0 0 0 0 0 139 438 22005
336 73 95 74 21 43 32 1137 52 3 73 0 24 17 NA 17 NA 5 52 2 4 17 20 0 0 0 0 2 4 17 20 0 0 0 0 1 130 441 22078
337 92 95 76 19 41 34 1137 62 5 72 0 23 16 NA 16 NA 7 62 0 6 16 19 0 0 0 0 0 6 16 19 0 0 0 0 1 162 442 22150
338 78 96 76 20 45 33 1122 53 9 72 0 22.5 16 NA 16 NA 6 53 1 10 15 19 0 0 0 0 1 10 15 19 0 0 0 0 3 130 442 22228
339 81 96 76 20 45 34 1124 55 2 72 0 22 16 NA 16 NA 5 55 1 9 15 20 0 0 0 0 1 9 15 20 0 0 0 0 1 141 443 22294
340 69 95 76 19 45 36 1110 61 4 72 0 24 16 NA 16 NA 7 61 1 8 14 22 0 0 0 0 1 8 14 22 0 0 0 0 0 126 444 22360
341 71 96 77 19 46 31 1130 49 7 72 0 23 16 NA 16 NA 3 49 1 8 12 25 0 0 0 0 1 8 12 25 0 0 0 0 2 149 446 22422
342 63 97 78 19 46 35 1148 51 2 72 0 24 16 NA 16 NA 7 51 1 8 13 24 0 0 0 0 1 8 13 24 0 0 0 0 3 150 447 22485
343 80 94 77 17 43 28 1162 55 8 70 0 24 16 NA 16 NA 3 55 1 8 10 24 0 0 0 0 1 8 10 24 0 0 0 0 2 149 449 22547
344 73 90 73 17 39 35 1206 47 3 67 0 23.5 16 NA 16 NA 11 47 1 6 10 22 0 0 0 0 1 6 10 22 0 0 0 0 1 176 450 22616
345 86 92 73 19 42 35 1177 54 9 66 0 24 16 NA 16 NA 10 54 2 7 10 23 0 0 0 0 2 7 10 23 0 0 0 0 2 132 452 22699
346 87 92 73 19 42 35 1166 57 7 66 0 24.5 16 NA 16 NA 10 57 3 6 10 23 0 0 0 0 3 6 10 23 0 0 0 0 0 147 455 22771
347 84 95 76 19 43 34 1184 42 8 67 0 24 16 NA 16 NA 7 42 4 4 12 23 0 0 0 0 4 4 12 23 0 0 0 0 2 138 455 22829
348 74 93 74 19 44 37 1208 59 6 68 0 25 16 NA 16 NA 11 59 3 5 8 28 0 0 0 0 3 5 8 28 0 0 0 0 0 153 457 22886
349 65 93 74 19 46 44 1211 64 6 73 0 26 16 NA 16 NA 12 64 2 6 10 28 0 0 0 0 2 6 10 28 0 0 0 0 0 152 458 22952
350 95 98 78 20 49 35 1206 55 11 76 0 26.5 16 NA 16 NA 4 55 2 8 11 28 0 0 0 0 2 8 11 28 0 0 0 0 3 147 461 23021
351 78 95 75 20 49 37 1187 67 5 74 0 27 16 NA 16 NA 9 67 1 8 10 30 0 0 0 0 1 8 10 30 0 0 0 0 0 129 463 23088
352 77 96 77 19 48 40 1207 66 4 72 0 26.5 16 NA 16 NA 7 66 1 8 10 29 0 0 0 0 1 8 10 29 0 0 0 0 3 152 464 23142
353 70 93 74 19 46 36 1194 56 10 71 0 28 16 NA 16 NA 6 56 0 8 10 28 0 0 0 0 0 8 10 28 0 0 0 0 0 134 465 23212
354 79 90 72 18 44 38 1202 55 5 68 0 27 16 NA 16 NA 9 55 0 9 8 27 0 0 0 0 0 9 8 27 0 0 0 0 2 153 466 23285
355 90 89 73 16 44 43 1186 56 6 67 0 25 16 NA 16 NA 10 56 0 9 9 26 0 0 0 0 0 9 9 26 0 0 0 0 2 138 466 23366
356 66 91 75 16 46 44 1168 56 6 68 0 25 16 NA 16 NA 8 56 0 9 9 28 0 0 0 0 0 9 9 28 0 0 0 0 2 135 467 23450
357 82 94 78 16 48 40 1144 62 8 71 0 25 16 NA 16 NA 6 62 0 11 8 29 0 0 0 0 0 11 8 29 0 0 0 0 1 125 469 23510
358 92 93 78 15 45 47 1133 57 2 68 0 24 16 NA 16 NA 10 57 0 10 8 27 0 0 0 0 0 10 8 27 0 0 0 0 2 135 469 23577
359 69 93 78 15 47 49 1151 59 7 70 0 24 16 NA 16 NA 8 59 0 11 7 29 0 0 0 0 0 11 7 29 0 0 0 0 1 144 470 23633
360 81 92 74 18 46 45 1148 49 6 67 0 23 16 NA 16 NA 5 49 1 10 7 28 0 0 0 0 1 10 7 28 0 0 0 0 0 139 473 23712
