1 53 2 2 0 0 0 223 12 0 0 0 0 NA NA NA NA 0 12 0 0 0 0 0 0 0 0 0 0 0 0 0 0 0 0 2 236 0 0
2 60 3 3 0 0 4 399 24 0 0 0 1 NA NA NA NA 4 24 0 0 0 0 0 0 0 0 0 0 0 0 0 0 0 0 1 206 0 0
3 62 4 4 0 0 9 528 32 0 0 0 1.5 NA NA NA NA 5 32 0 0 0 0 0 0 0 0 0 0 0 0 0 0 0 0 0 170 0 0
4 62 4 4 0 0 13 649 30 1 0 0 2.5 NA NA NA NA 5 30 0 0 0 0 0 0 0 0 0 0 0 0 0 0 0 0 0 160 0 0
5 61 7 7 0 0 12 766 48 4 0 0 0 NA NA NA NA 3 48 0 0 0 0 0 0 0 0 0 0 0 0 0 0 0 0 0 170 0 0
6 54 8 8 0 0 15 889 42 0 0 0 1 NA NA NA NA 3 42 0 0 0 0 0 0 0 0 0 0 0 0 0 0 0 0 1 178 0 0
7 59 9 9 0 0 9 1002 43 5 0 0 2 NA NA NA NA 1 43 0 0 0 0 0 0 0 0 0 0 0 0 0 0 0 0 1 174 0 0
8 58 11 11 0 0 11 1103 50 1 0 0 3 NA NA NA NA 3 50 0 0 0 0 0 0 0 0 0 0 0 0 0 0 0 0 2 164 0 0
9 58 12 11 1 0 16 1197 48 1 0 0 4 NA NA NA NA 6 48 0 0 0 0 0 0 0 0 0 0 0 0 0 0 0 0 1 162 0 0
10 62 14 13 1 0 22 1262 54 2 0 0 4.5 NA NA NA NA 8 54 0 0 0 0 0 0 0 0 0 0 0 0 0 0 0 0 1 140 0 0
11 52 15 14 1 0 30 1311 64 1 0 0 4 NA NA NA NA 9 64 0 0 0 0 0 0 0 0 0 0 0 0 0 0 0 0 1 127 0 0
12 62 17 16 1 0 30 1362 63 5 0 0 4 NA NA NA NA 6 63 0 0 0 0 0 0 0 0 0 0 0 0 0 0 0 0 1 137 0 0
13 232 21 20 1 0 34 1276 68 3 0 0 3 NA NA NA NA 10 68 0 0 0 0 0 0 0 0 0 0 0 0 0 0 0 0 1 146 0 108
14 70 23 21 2 0 38 1246 52 3 1 0 4 NA NA NA NA 8 52 0 0 0 0 0 0 0 0 0 0 0 0 0 0 0 0 1 135 0 205
15 58 27 24 3 0 37 1238 56 4 2 0 4 NA NA NA NA 8 56 0 0 0 0 0 0 0 0 0 0 0 0 0 0 0 0 4 143 4 285
16 61 29 26 3 1 35 1221 62 7 2 0 4 9 NA 9 NA 6 62 1 0 0 0 0 0 0 0 1 0 0 0 0 0 0 0 2 151 5 375
17 55 31 27 4 1 36 1219 56 5 4 0 4 9 NA 9 NA 9 56 1 0 0 0 0 0 0 0 1 0 0 0 0 0 0 0 2 141 8 451
18 55 32 28 4 3 35 1216 68 8 5 0 5 9 NA 9 NA 6 68 2 1 0 0 0 0 0 0 2 1 0 0 0 0 0 0 1 164 8 535
19 76 32 29 3 3 34 1180 71 4 6 0 6 9 NA 9 NA 4 71 1 2 0 0 0 0 0 0 1 2 0 0 0 0 0 0 0 133 8 622
20 62 34 30 4 3 39 1166 63 3 8 0 7 9 NA 9 NA 9 63 1 2 0 0 0 0 0 0 1 2 0 0 0 0 0 0 1 140 8 696
21 77 38 33 5 3 44 1158 62 4 9 0 8 9 NA 9 NA 10 62 1 2 0 0 0 0 0 0 1 2 0 0 0 0 0 0 3 155 9 775
22 55 42 34 8 5 33 1155 63 15 11 0 8 13 NA 13 NA 3 63 1 4 0 0 0 0 0 0 1 4 0 0 0 0 0 0 4 147 10 847
23 60 43 35 8 6 27 1159 68 7 13 0 8 13 NA 13 NA 4 68 1 5 0 0 0 0 0 0 1 5 0 0 0 0 0 0 2 158 13 907
24 46 44 36 8 7 24 1152 62 3 15 0 9 13 NA 13 NA 3 62 1 6 0 0 0 0 0 0 1 6 0 0 0 0 0 0 1 129 17 968
25 167 49 41 8 9 24 1139 52 6 19 0 10 13 NA 13 NA 8 52 0 9 0 0 0 0 0 0 0 9 0 0 0 0 0 0 0 145 19 1029
26 80 50 42 8 9 27 1147 56 3 19 0 9.5 13 NA 13 NA 7 56 0 9 0 0 0 0 0 0 0 9 0 0 0 0 0 0 1 131 21 1079
27 60 50 42 8 10 24 1166 60 8 23 0 10.5 13 NA 13 NA 5 60 1 9 0 0 0 0 0 0 1 9 0 0 0 0 0 0 1 158 21 1143
28 57 54 45 9 12 25 1164 65 6 25 0 10.5 13.5 NA 13.5 NA 10 65 1 11 0 0 0 0 0 0 1 11 0 0 0 0 0 0 3 140 23 1205
29 68 53 44 9 12 24 1177 65 7 25 0 10 14 NA 14 NA 8 65 1 9 2 0 0 0 0 0 1 9 2 0 0 0 0 0 2 154 25 1262
30 78 55 45 10 11 21 1188 53 7 25 0 10 14 NA 14 NA 6 53 1 7 3 0 0 0 0 0 1 7 3 0 0 0 0 0 2 157 26 1336
31 60 56 45 11 11 32 1209 68 1 26 0 10.5 14 NA 14 NA 12 68 1 6 4 0 0 0 0 0 1 6 4 0 0 0 0 0 0 171 26 1401
32 59 54 43 11 11 38 1215 64 7 27 0 11.5 14 NA 14 NA 13 64 1 4 6 0 0 0 0 0 1 4 6 0 0 0 0 0 0 150 27 1473
33 53 54 43 11 11 36 1209 46 10 29 0 12 17 NA 17 NA 9 46 1 3 7 0 0 0 0 0 1 3 7 0 0 0 0 0 1 127 29 1545
34 74 58 44 14 11 34 1216 64 9 32 0 12 14 NA 14 NA 8 64 0 5 6 0 0 0 0 0 0 5 6 0 0 0 0 0 2 162 29 1612
35 56 59 44 15 11 37 1259 58 6 33 0 13 17 NA 17 NA 8 58 0 5 6 0 0 0 0 0 0 5 6 0 0 0 0 0 2 175 29 1672
36 54 60 44 16 13 40 1283 63 5 34 0 14 17 NA 17 NA 8 63 0 6 7 0 0 0 0 0 0 6 7 0 0 0 0 0 1 161 30 1735
37 150 65 48 17 15 38 1246 57 8 37 0 14 16 NA 16 NA 7 57 1 6 8 0 0 0 0 0 1 6 8 0 0 0 0 0 2 127 31 1805
38 68 67 50 17 16 34 1238 51 5 39 0 14 16.5 NA 16.5 NA 3 51 1 6 8 1 0 0 0 0 1 6 8 1 0 0 0 0 1 133 33 1874
39 57 65 48 17 16 34 1250 56 6 38 0 14 15 NA 15 NA 6 56 1 6 8 1 0 0 0 0 1 6 8 1 0 0 0 0 0 159 33 1951
40 61 68 50 18 16 38 1247 56 4 42 0 15 15 NA 15 NA 9 56 1 5 9 1 0 0 0 0 1 5 9 1 0 0 0 0 3 150 34 2029
41 51 73 54 19 21 36 1228 65 10 44 0 15 15 NA 15 NA 7 65 2 7 10 2 0 0 0 0 2 7 10 2 0 0 0 0 3 140 35 2106
42 59 72 54 18 23 39 1252 55 9 45 0 15.5 15 NA 15 NA 9 55 2 9 9 3 0 0 0 0 2 9 9 3 0 0 0 0 0 157 35 2172
43 56 77 59 18 25 39 1236 75 6 46 0 15 14 NA 14 NA 7 75 2 11 8 4 0 0 0 0 2 11 8 4 0 0 0 0 4 155 37 2254
44 60 77 59 18 29 40 1226 74 11 46 0 16 14 NA 14 NA 14 74 4 11 9 5 0 0 0 0 4 11 9 5 0 0 0 0 1 150 40 2328
45 54 80 62 18 29 46 1206 71 4 48 0 17 14 NA 14 NA 9 71 3 10 10 6 0 0 0 0 3 10 10 6 0 0 0 0 2 129 40 2387
46 49 79 61 18 31 43 1202 57 9 52 0 18 14 NA 14 NA 6 57 2 11 12 6 0 0 0 0 2 11 12 6 0 0 0 0 0 146 41 2468
47 60 78 60 18 32 40 1210 52 6 54 0 19 14.5 NA 14.5 NA 8 52 2 11 12 7 0 0 0 0 2 11 12 7 0 0 0 0 0 152 44 2549
48 66 79 61 18 32 44 1206 51 2 55 0 20 14.5 NA 14.5 NA 8 51 2 11 12 7 0 0 0 0 2 11 12 7 0 0 0 0 0 148 47 2629
49 125 80 65 15 34 34 1198 70 12 57 0 19.5 15.5 NA 15.5 NA 2 70 3 11 12 8 0 0 0 0 3 11 12 8 0 0 0 0 0 149 49 2684
50 84 82 68 14 36 34 1199 59 7 58 0 19.5 15.5 NA 15.5 NA 9 59 1 13 13 9 0 0 0 0 1 13 13 9 0 0 0 0 3 152 53 2751
51 76 82 68 14 36 30 1203 69 8 56 0 18 15.5 NA 15.5 NA 5 69 2 12 12 10 0 0 0 0 2 12 12 10 0 0 0 0 2 154 54 2817
52 76 81 67 14 35 37 1194 60 3 57 0 19 16 NA 16 NA 10 60 1 10 12 12 0 0 0 0 1 10 12 12 0 0 0 0 0 148 54 2891
53 67 82 68 14 38 31 1191 60 10 61 0 19 18 NA 18 NA 4 60 0 13 11 14 0 0 0 0 0 13 11 14 0 0 0 0 1 132 55 2954
54 67 82 68 14 38 34 1204 55 3 60 0 20 18 NA 18 NA 8 55 0 12 13 13 0 0 0 0 0 12 13 13 0 0 0 0 0 145 57 3018
55 66 86 72 14 39 34 1171 65 8 63 0 20 18 NA 18 NA 9 65 0 12 13 14 0 0 0 0 0 12 13 14 0 0 0 0 2 124 58 3091
56 69 87 73 14 40 28 1185 37 8 63 0 21 18 NA 18 NA 2 37 0 13 12 15 0 0 0 0 0 13 12 15 0 0 0 0 2 141 59 3166
57 65 87 72 15 37 28 1209 49 3 62 0 20 18 NA 18 NA 7 49 0 11 12 14 0 0 0 0 0 11 12 14 0 0 0 0 2 153 63 3229
58 56 92 76 16 37 26 1202 62 6 62 0 21 18 NA 18 NA 5 62 0 9 13 15 0 0 0 0 0 9 13 15 0 0 0 0 4 155 64 3317
59 73 92 76 16 39 27 1205 65 6 62 0 22 18 NA 18 NA 6 65 0 8 15 16 0 0 0 0 0 8 15 16 0 0 0 0 0 150 66 3383
60 60 91 75 16 41 24 1204 63 5 63 0 23 18 NA 18 NA 3 63 0 10 15 16 0 0 0 0 0 10 15 16 0 0 0 0 0 147 68 3446
61 129 90 75 15 41 27 1194 59 2 64 0 23.5 18 NA 18 NA 6 59 0 8 16 17 0 0 0 0 0 8 16 17 0 0 0 0 4 156 68 3513
62 71 90 74 16 44 29 1186 64 5 65 0 23 18 NA 18 NA 5 64 0 10 15 19 0 0 0 0 0 10 15 19 0 0 0 0 1 149 68 3591
63 88 92 76 16 44 31 1168 50 4 66 0 23 18 NA 18 NA 6 50 0 11 15 18 0 0 0 0 0 11 15 18 0 0 0 0 2 139 69 3670
64 69 93 78 15 44 33 1182 46 5 66 0 23 18 NA 18 NA 6 46 0 8 16 20 0 0 0 0 0 8 16 20 0 0 0 0 2 148 69 3736
65 72 96 81 15 45 37 1196 70 4 69 0 24 18 NA 18 NA 11 70 1 5 18 21 0 0 0 0 1 5 18 21 0 0 0 0 2 158 71 3788
66 56 98 79 19 44 32 1203 55 7 67 0 23 18 NA 18 NA 5 55 1 6 17 20 0 0 0 0 1 6 17 20 0 0 0 0 1 134 74 3850
67 58 105 80 25 44 33 1233 56 3 70 0 19 18 NA 18 NA 7 56 1 4 17 22 0 0 0 0 1 4 17 22 0 0 0 0 3 153 76 3902
68 70 102 79 23 41 32 1229 60 5 66 0 18.5 16 NA 16 NA 6 60 1 4 18 18 0 0 0 0 1 4 18 18 0 0 0 0 0 140 77 3969
69 51 100 79 21 41 33 1225 52 3 67 0 19 16 NA 16 NA 5 52 2 3 16 20 0 0 0 0 2 3 16 20 0 0 0 0 0 139 77 4042
70 62 104 81 23 44 31 1200 51 9 70 0 19.5 15 NA 15 NA 7 51 2 6 13 23 0 0 0 0 2 6 13 23 0 0 0 0 4 121 78 4120
71 59 109 86 23 45 29 1187 59 6 70 0 19 15 NA 15 NA 5 59 2 7 11 25 0 0 0 0 2 7 11 25 0 0 0 0 3 137 80 4195
72 56 110 86 24 45 30 1199 48 5 69 0 19 15 NA 15 NA 7 48 2 8 11 24 0 0 0 0 2 8 11 24 0 0 0 0 1 149 82 4273
73 112 110 86 24 45 29 1201 53 5 73 0 20 15 NA 15 NA 5 53 1 9 9 26 0 0 0 0 1 9 9 26 0 0 0 0 1 157 82 4344
74 81 112 88 24 44 28 1187 61 5 73 0 19.5 15 NA 15 NA 7 61 0 10 8 26 0 0 0 0 0 10 8 26 0 0 0 0 3 156 84 4423
75 68 114 90 24 45 27 1182 72 6 75 0 20 15 NA 15 NA 8 72 0 10 10 25 0 0 0 0 0 10 10 25 0 0 0 0 2 149 86 4486
76 63 112 88 24 46 28 1186 53 6 74 0 21 15.5 NA 15.5 NA 7 53 0 11 9 26 0 0 0 0 0 11 9 26 0 0 0 0 0 139 88 4553
77 74 114 91 23 48 22 1201 50 10 76 0 22 15.5 NA 15.5 NA 4 50 1 9 10 28 0 0 0 0 1 9 10 28 0 0 0 0 2 160 89 4627
78 84 117 94 23 48 22 1166 61 5 77 0 21 15 NA 15 NA 5 61 2 10 11 25 0 0 0 0 2 10 11 25 0 0 0 0 2 124 89 4701
79 68 113 90 23 47 21 1130 79 6 80 0 21 15 NA 15 NA 6 79 1 12 10 24 0 0 0 0 1 12 10 24 0 0 0 0 0 129 91 4771
80 78 114 91 23 48 19 1141 52 7 82 0 22 15 NA 15 NA 6 52 1 12 10 25 0 0 0 0 1 12 10 25 0 0 0 0 0 151 93 4842
81 72 111 87 24 49 25 1140 69 5 79 0 23 15 NA 15 NA 9 69 1 12 12 24 0 0 0 0 1 12 12 24 0 0 0 0 1 153 93 4909
82 76 113 89 24 52 29 1189 63 6 82 0 21 15 NA 15 NA 9 63 1 12 15 24 0 0 0 0 1 12 15 24 0 0 0 0 0 184 94 4967
83 81 110 88 22 53 28 1220 41 5 85 0 23.5 15 NA 15 NA 6 41 1 12 15 25 0 0 0 0 1 12 15 25 0 0 0 0 0 136 95 5016
84 78 110 87 23 53 33 1219 62 7 87 0 23 15 NA 15 NA 11 62 0 14 14 25 0 0 0 0 0 14 14 25 0 0 0 0 1 142 96 5080
85 100 109 87 22 54 34 1192 62 5 87 0 24 15 NA 15 NA 5 62 0 13 16 25 0 0 0 0 0 13 16 25 0 0 0 0 2 139 97 5152
86 82 109 84 25 56 33 1198 60 8 87 0 24 15 NA 15 NA 6 60 0 13 17 26 0 0 0 0 0 13 17 26 0 0 0 0 0 156 97 5221
87 73 106 81 25 54 36 1194 54 1 86 0 24 15 NA 15 NA 5 54 0 11 15 28 0 0 0 0 0 11 15 28 0 0 0 0 1 129 98 5288
88 72 107 81 26 55 38 1204 48 8 85 0 23 16 NA 16 NA 8 48 0 13 16 26 0 0 0 0 0 13 16 26 0 0 0 0 2 147 99 5357
89 64 106 81 25 55 38 1189 61 5 86 0 24 16 NA 16 NA 4 61 0 10 17 28 0 0 0 0 0 10 17 28 0 0 0 0 1 143 99 5439
90 63 107 83 24 58 37 1226 54 8 88 0 25 16.5 NA 16.5 NA 7 54 0 12 17 29 0 0 0 0 0 12 17 29 0 0 0 0 2 160 100 5492
91 75 109 85 24 58 41 1213 62 3 86 0 25 16.5 NA 16.5 NA 8 62 0 8 18 32 0 0 0 0 0 8 18 32 0 0 0 0 4 130 100 5555
92 68 105 82 23 54 39 1225 65 5 82 0 26 15 NA 15 NA 4 65 1 6 18 29 0 0 0 0 1 6 18 29 0 0 0 0 1 164 101 5633
93 80 108 85 23 54 41 1208 67 8 81 0 26 15 NA 15 NA 10 67 1 8 16 29 0 0 0 0 1 8 16 29 0 0 0 0 2 135 103 5699
94 79 105 81 24 54 39 1190 70 7 79 0 27 15 NA 15 NA 8 70 1 9 13 31 0 0 0 0 1 9 13 31 0 0 0 0 0 162 105 5797
95 76 104 78 26 54 37 1188 67 9 77 0 27.5 15 NA 15 NA 9 67 2 8 15 29 0 0 0 0 2 8 15 29 0 0 0 0 0 147 107 5861
96 74 103 77 26 54 34 1179 59 9 77 0 28 15 NA 15 NA 7 59 3 7 16 28 0 0 0 0 3 7 16 28 0 0 0 0 1 137 110 5935
97 103 108 83 25 53 32 1162 54 7 74 0 25.5 15 NA 15 NA 6 54 3 6 17 27 0 0 0 0 3 6 17 27 0 0 0 0 2 130 111 5999
98 103 108 82 26 53 35 1162 67 5 74 0 25.5 15 NA 15 NA 10 67 2 6 17 28 0 0 0 0 2 6 17 28 0 0 0 0 2 168 112 6066
99 68 109 84 25 53 37 1171 56 7 73 0 26 15 NA 15 NA 10 56 2 5 16 30 0 0 0 0 2 5 16 30 0 0 0 0 1 144 113 6128
100 71 108 83 25 55 36 1172 55 5 74 0 27 16 NA 16 NA 8 55 3 7 15 30 0 0 0 0 3 7 15 30 0 0 0 0 0 154 116 6206
101 71 107 83 24 54 34 1185 62 8 74 0 27 15 NA 15 NA 7 62 3 8 14 29 0 0 0 0 3 8 14 29 0 0 0 0 1 145 117 6262
102 64 107 83 24 58 38 1180 63 6 76 0 28 15 NA 15 NA 9 63 4 8 15 31 0 0 0 0 4 8 15 31 0 0 0 0 1 142 118 6320
103 78 105 82 23 57 31 1193 54 8 76 0 27 16 NA 16 NA 4 54 3 9 11 34 0 0 0 0 3 9 11 34 0 0 0 0 2 139 120 6372
104 60 107 84 23 56 33 1173 68 3 77 0 27 15.5 NA 15.5 NA 6 68 2 8 11 35 0 0 0 0 2 8 11 35 0 0 0 0 1 143 121 6455
105 69 104 83 21 58 34 1149 65 5 79 0 28 15 NA 15 NA 4 65 2 10 13 33 0 0 0 0 2 10 13 33 0 0 0 0 2 128 121 6522
106 61 105 83 22 60 34 1136 54 5 79 0 29 15.5 NA 15.5 NA 5 54 2 11 13 34 0 0 0 0 2 11 13 34 0 0 0 0 1 136 122 6602
107 84 98 80 18 59 41 1133 58 2 73 0 30 17 NA 17 NA 8 58 2 10 12 35 0 0 0 0 2 10 12 35 0 0 0 0 0 142 123 6667
108 61 98 80 18 61 41 1141 52 5 73 0 31 17 NA 17 NA 4 52 2 10 12 37 0 0 0 0 2 10 12 37 0 0 0 0 1 133 124 6722
109 97 97 79 18 60 46 1143 62 4 79 0 31 17 NA 17 NA 7 62 1 12 10 37 0 0 0 0 1 12 10 37 0 0 0 0 1 141 124 6778
110 77 98 80 18 60 38 1140 47 7 81 0 29.5 17 NA 17 NA 1 47 0 13 10 37 0 0 0 0 0 13 10 37 0 0 0 0 1 137 126 6858
111 64 97 77 20 58 37 1127 60 3 80 0 27 17 NA 17 NA 3 60 0 14 9 35 0 0 0 0 0 14 9 35 0 0 0 0 1 142 129 6935
112 75 95 75 20 58 36 1148 43 5 78 0 28 17 NA 17 NA 9 43 0 13 11 34 0 0 0 0 0 13 11 34 0 0 0 0 0 150 133 7002
113 79 94 74 20 59 34 1153 48 8 77 0 26 17 NA 17 NA 6 48 0 13 10 36 0 0 0 0 0 13 10 36 0 0 0 0 1 145 134 7072
114 80 89 70 19 54 38 1185 59 2 72 0 25 17 NA 17 NA 7 59 0 10 11 33 0 0 0 0 0 10 11 33 0 0 0 0 0 162 136 7125
115 81 90 71 19 52 41 1187 55 6 70 0 25 16.5 NA 16.5 NA 12 55 0 9 12 31 0 0 0 0 0 9 12 31 0 0 0 0 2 147 139 7196
116 65 91 72 19 50 38 1192 60 5 70 0 25 16 NA 16 NA 7 60 0 8 12 30 0 0 0 0 0 8 12 30 0 0 0 0 2 150 142 7260
117 81 92 73 19 49 34 1170 70 10 70 0 24.5 16 NA 16 NA 8 70 0 6 12 31 0 0 0 0 0 6 12 31 0 0 0 0 2 128 144 7321
118 53 90 72 18 47 40 1150 56 2 71 0 25 16 NA 16 NA 10 56 0 6 11 30 0 0 0 0 0 6 11 30 0 0 0 0 0 127 144 7398
119 72 90 71 19 47 36 1165 58 7 70 0 26 16 NA 16 NA 7 58 0 7 10 30 0 0 0 0 0 7 10 30 0 0 0 0 1 156 147 7467
120 71 92 73 19 45 38 1175 56 5 69 0 23 15 NA 15 NA 6 56 0 6 10 29 0 0 0 0 0 6 10 29 0 0 0 0 1 140 147 7526
121 97 92 73 19 44 37 1165 59 6 68 0 24 15.5 NA 15.5 NA 7 59 0 4 12 28 0 0 0 0 0 4 12 28 0 0 0 0 1 130 148 7586
122 56 93 74 19 43 33 1193 48 8 68 0 25 15 NA 15 NA 6 48 0 4 11 28 0 0 0 0 0 4 11 28 0 0 0 0 2 152 151 7648
123 71 93 74 19 42 38 1192 70 4 67 0 25 15.5 NA 15.5 NA 9 70 0 5 10 27 0 0 0 0 0 5 10 27 0 0 0 0 2 140 151 7705
124 79 93 73 20 42 36 1142 70 7 67 0 26 15.5 NA 15.5 NA 5 70 0 5 9 28 0 0 0 0 0 5 9 28 0 0 0 0 0 123 151 7782
125 80 93 74 19 43 36 1125 51 7 65 0 27 17 NA 17 NA 10 51 0 6 9 28 0 0 0 0 0 6 9 28 0 0 0 0 1 123 154 7855
126 70 95 75 20 43 36 1131 39 8 64 0 25 17 NA 17 NA 7 39 0 5 10 28 0 0 0 0 0 5 10 28 0 0 0 0 2 129 155 7925
127 73 93 73 20 42 35 1132 56 4 65 0 25 16.5 NA 16.5 NA 5 56 1 5 9 27 0 0 0 0 1 5 9 27 0 0 0 0 0 148 156 7997
128 63 93 73 20 42 31 1122 68 8 67 0 25 17 NA 17 NA 6 68 1 5 10 26 0 0 0 0 1 5 10 26 0 0 0 0 1 143 159 8067
129 74 93 73 20 43 30 1176 49 7 68 0 25 17 NA 17 NA 8 49 1 6 11 25 0 0 0 0 1 6 11 25 0 0 0 0 2 184 162 8129
130 75 94 71 23 41 29 1176 74 4 65 0 25 17 NA 17 NA 8 74 1 3 13 24 0 0 0 0 1 3 13 24 0 0 0 0 1 153 166 8195
131 66 95 73 22 40 29 1188 55 5 64 0 25 18 NA 18 NA 8 55 1 3 14 22 0 0 0 0 1 3 14 22 0 0 0 0 1 156 169 8267
132 60 96 74 22 40 33 1208 64 5 68 0 25 18 NA 18 NA 8 64 1 3 14 22 0 0 0 0 1 3 14 22 0 0 0 0 1 158 169 8330
133 77 97 75 22 44 37 1208 61 6 71 0 25 17 NA 17 NA 9 61 2 4 12 26 0 0 0 0 2 4 12 26 0 0 0 0 0 144 169 8396
134 84 97 77 20 44 34 1216 41 9 71 0 24 18 NA 18 NA 4 41 2 6 11 25 0 0 0 0 2 6 11 25 0 0 0 0 3 143 170 8471
135 66 96 76 20 45 36 1223 64 4 73 0 24.5 19 NA 19 NA 6 64 2 8 10 25 0 0 0 0 2 8 10 25 0 0 0 0 0 157 171 8540
136 63 96 76 20 47 35 1251 50 8 74 0 25.5 19 NA 19 NA 7 50 1 9 11 26 0 0 0 0 1 9 11 26 0 0 0 0 0 151 172 8593
137 64 97 77 20 47 32 1289 54 7 75 0 23 19 NA 19 NA 7 54 1 9 10 27 0 0 0 0 1 9 10 27 0 0 0 0 2 172 175 8656
138 53 99 79 20 48 32 1291 65 8 78 0 23 19.5 NA 19.5 NA 8 65 0 10 11 27 0 0 0 0 0 10 11 27 0 0 0 0 1 148 175 8720
139 79 96 74 22 46 29 1296 60 7 74 0 23 19 NA 19 NA 6 60 0 9 13 24 0 0 0 0 0 9 13 24 0 0 0 0 1 160 177 8791
140 67 92 70 22 43 30 1290 53 5 71 0 23 19 NA 19 NA 6 53 0 9 11 23 0 0 0 0 0 9 11 23 0 0 0 0 0 131 177 8856
141 74 93 70 23 43 33 1267 61 3 73 0 24 19 NA 19 NA 7 61 0 7 11 25 0 0 0 0 0 7 11 25 0 0 0 0 1 148 177 8950
142 74 94 69 25 42 37 1248 64 9 73 0 22 18 NA 18 NA 12 64 0 9 9 24 0 0 0 0 0 9 9 24 0 0 0 0 3 143 179 9021
143 75 93 68 25 42 39 1213 54 4 75 0 23 19 NA 19 NA 6 54 0 10 9 23 0 0 0 0 0 10 9 23 0 0 0 0 0 128 181 9112
144 73 92 66 26 41 40 1176 67 8 74 0 23.5 19 NA 19 NA 10 67 0 9 10 22 0 0 0 0 0 9 10 22 0 0 0 0 1 130 183 9193
145 96 91 65 26 43 36 1191 48 7 74 0 24 19 NA 19 NA 5 48 0 8 12 23 0 0 0 0 0 8 12 23 0 0 0 0 0 156 186 9259
146 80 94 67 27 44 40 1176 75 4 75 0 24 19 NA 19 NA 8 75 0 8 13 23 0 0 0 0 0 8 13 23 0 0 0 0 4 150 189 9331
147 62 97 70 27 45 33 1180 54 11 73 0 24 19 NA 19 NA 7 54 0 8 14 23 0 0 0 0 0 8 14 23 0 0 0 0 2 136 192 9394
148 70 100 73 27 45 42 1170 74 4 72 0 23.5 19 NA 19 NA 13 74 0 7 15 23 0 0 0 0 0 7 15 23 0 0 0 0 3 149 192 9464
149 73 96 70 26 43 44 1149 56 8 69 0 23 19 NA 19 NA 9 56 0 7 16 20 0 0 0 0 0 7 16 20 0 0 0 0 1 136 192 9542
150 73 99 69 30 43 42 1153 59 12 68 0 24 19 NA 19 NA 8 59 0 6 17 20 0 0 0 0 0 6 17 20 0 0 0 0 2 155 193 9614
151 68 100 70 30 45 42 1145 72 8 70 0 24 19 NA 19 NA 10 72 0 7 17 21 0 0 0 0 0 7 17 21 0 0 0 0 0 145 194 9685
152 58 100 71 29 45 43 1176 57 6 68 0 23.5 19 NA 19 NA 7 57 0 7 16 22 0 0 0 0 0 7 16 22 0 0 0 0 1 159 195 9744
153 75 98 70 28 43 36 1157 60 8 66 0 23 19 NA 19 NA 3 60 0 6 14 23 0 0 0 0 0 6 14 23 0 0 0 0 2 134 196 9822
154 77 98 69 29 44 36 1152 55 8 69 0 24 19 NA 19 NA 8 55 0 5 17 22 0 0 0 0 0 5 17 22 0 0 0 0 0 144 198 9895
155 80 96 67 29 44 38 1177 61 7 66 0 24 19 NA 19 NA 9 61 0 3 19 22 0 0 0 0 0 3 19 22 0 0 0 0 1 159 200 9948
156 67 96 68 28 45 36 1182 60 11 64 0 24 19 NA 19 NA 8 60 1 4 18 22 0 0 0 0 1 4 18 22 0 0 0 0 3 136 200 10002
157 83 101 73 28 47 35 1138 59 6 64 0 23 19 NA 19 NA 9 59 1 4 18 24 0 0 0 0 1 4 18 24 0 0 0 0 4 123 203 10089
158 83 102 74 28 47 34 1145 57 8 67 0 24 19 NA 19 NA 7 57 1 4 18 24 0 0 0 0 1 4 18 24 0 0 0 0 1 155 203 10157
159 71 101 74 27 48 34 1159 55 7 70 0 25 19 NA 19 NA 8 55 1 5 16 26 0 0 0 0 1 5 16 26 0 0 0 0 0 148 204 10212
160 57 104 77 27 49 36 1164 52 4 73 0 24.5 19 NA 19 NA 7 52 1 5 16 27 0 0 0 0 1 5 16 27 0 0 0 0 2 150 206 10287
161 81 106 76 30 50 35 1179 55 6 75 0 23 19 NA 19 NA 6 55 1 5 16 28 0 0 0 0 1 5 16 28 0 0 0 0 0 158 208 10355
162 78 103 73 30 47 34 1172 60 4 76 0 21 18 NA 18 NA 5 60 1 6 12 28 0 0 0 0 1 6 12 28 0 0 0 0 2 146 212 10422
163 69 102 72 30 51 37 1195 61 9 76 0 21.5 18 NA 18 NA 9 61 1 8 14 28 0 0 0 0 1 8 14 28 0 0 0 0 1 166 212 10483
164 63 100 70 30 53 36 1187 60 10 76 0 22 18 NA 18 NA 8 60 1 11 13 28 0 0 0 0 1 11 13 28 0 0 0 0 1 138 214 10554
165 67 100 71 29 51 35 1198 57 6 76 0 23 18 NA 18 NA 7 57 1 10 13 27 0 0 0 0 1 10 13 27 0 0 0 0 3 152 215 10615
166 69 97 68 29 48 42 1207 57 3 74 0 22 18.5 NA 18.5 NA 12 57 1 9 10 28 0 0 0 0 1 9 10 28 0 0 0 0 0 142 215 10676
167 81 94 66 28 47 35 1198 53 9 72 0 25 19 NA 19 NA 4 53 1 8 8 30 0 0 0 0 1 8 8 30 0 0 0 0 1 141 217 10755
168 73 90 63 27 43 39 1184 68 3 68 0 25 19 NA 19 NA 10 68 1 6 7 29 0 0 0 0 1 6 7 29 0 0 0 0 1 133 221 10821
169 108 87 60 27 39 42 1197 53 4 68 0 23 18 NA 18 NA 8 53 1 7 7 24 0 0 0 0 1 7 7 24 0 0 0 0 2 154 222 10878
170 85 87 59 28 40 41 1171 56 9 68 0 23 18 NA 18 NA 8 56 1 6 6 27 0 0 0 0 1 6 6 27 0 0 0 0 2 118 223 10951
171 63 86 59 27 39 44 1172 64 7 67 0 24 18 NA 18 NA 12 64 1 5 6 27 0 0 0 0 1 5 6 27 0 0 0 0 0 144 225 11014
172 71 84 58 26 39 39 1145 64 11 68 0 25 18 NA 18 NA 9 64 2 4 7 26 0 0 0 0 2 4 7 26 0 0 0 0 0 130 227 11090
173 73 84 58 26 43 38 1167 57 8 70 0 26 17 NA 17 NA 9 57 2 7 7 27 0 0 0 0 2 7 7 27 0 0 0 0 0 172 230 11167
174 74 87 60 27 44 29 1165 73 11 71 0 26 17.5 NA 17.5 NA 4 73 2 8 7 27 0 0 0 0 2 8 7 27 0 0 0 0 3 153 234 11230
175 80 89 62 27 45 28 1180 46 6 70 0 25 18 NA 18 NA 5 46 2 8 6 29 0 0 0 0 2 8 6 29 0 0 0 0 3 153 234 11302
176 73 88 61 27 47 33 1195 57 4 71 0 26.5 18 NA 18 NA 10 57 1 7 10 29 0 0 0 0 1 7 10 29 0 0 0 0 0 154 235 11370
177 78 91 64 27 48 28 1201 54 9 73 0 27 18 NA 18 NA 4 54 0 9 9 30 0 0 0 0 0 9 9 30 0 0 0 0 1 153 236 11443
178 72 96 69 27 48 30 1208 58 5 73 0 28 18 NA 18 NA 8 58 0 8 9 31 0 0 0 0 0 8 9 31 0 0 0 0 3 146 237 11504
179 76 96 70 26 47 35 1237 59 6 73 0 28 18 NA 18 NA 10 59 0 8 9 30 0 0 0 0 0 8 9 30 0 0 0 0 1 164 237 11562
180 73 97 72 25 47 31 1244 61 8 74 0 28 18 NA 18 NA 8 61 0 8 10 29 0 0 0 0 0 8 10 29 0 0 0 0 1 157 238 11630
181 101 93 69 24 43 26 1208 50 5 70 0 27 22 NA 22 NA 4 50 0 6 13 24 0 0 0 0 0 6 13 24 0 0 0 0 0 130 242 11717
182 76 93 70 23 42 30 1219 52 3 70 0 26 20 NA 20 NA 6 52 0 4 14 24 0 0 0 0 0 4 14 24 0 0 0 0 1 135 242 11771
183 87 90 67 23 42 29 1215 63 8 66 0 26 18 NA 18 NA 6 63 0 6 13 23 0 0 0 0 0 6 13 23 0 0 0 0 0 150 244 11838
184 74 88 66 22 40 28 1209 51 5 64 0 27 18 NA 18 NA 5 51 0 6 12 22 0 0 0 0 0 6 12 22 0 0 0 0 0 123 245 11896
185 71 91 66 25 40 30 1203 46 4 63 0 27 18 NA 18 NA 6 46 0 5 13 22 0 0 0 0 0 5 13 22 0 0 0 0 3 139 247 11979
186 84 92 65 27 40 38 1197 64 5 65 0 25.5 18 NA 18 NA 12 64 0 4 12 24 0 0 0 0 0 4 12 24 0 0 0 0 2 154 248 12050
187 68 92 63 29 43 44 1191 62 6 66 0 26.5 17 NA 17 NA 11 62 0 7 12 24 0 0 0 0 0 7 12 24 0 0 0 0 1 139 248 12119
188 78 94 65 29 44 43 1181 56 6 65 0 27 17 NA 17 NA 5 56 0 7 11 26 0 0 0 0 0 7 11 26 0 0 0 0 1 142 248 12195
189 75 96 68 28 40 47 1161 64 2 64 0 24 16.5 NA 16.5 NA 9 64 0 6 11 23 0 0 0 0 0 6 11 23 0 0 0 0 3 136 250 12264
190 81 96 69 27 40 45 1139 51 6 68 0 25 16.5 NA 16.5 NA 4 51 0 6 10 24 0 0 0 0 0 6 10 24 0 0 0 0 0 135 250 12347
191 72 93 68 25 38 41 1129 58 7 67 0 26 16.5 NA 16.5 NA 5 58 0 6 10 22 0 0 0 0 0 6 10 22 0 0 0 0 1 147 251 12420
192 81 94 69 25 41 40 1107 54 8 68 0 25.5 16 NA 16 NA 7 54 1 7 10 23 0 0 0 0 1 7 10 23 0 0 0 0 0 129 252 12498
193 102 93 67 26 40 36 1135 50 5 67 0 24 17 NA 17 NA 5 50 1 5 11 23 0 0 0 0 1 5 11 23 0 0 0 0 0 164 254 12558
194 80 94 67 27 42 33 1148 55 6 67 0 22 17 NA 17 NA 4 55 1 5 9 27 0 0 0 0 1 5 9 27 0 0 0 0 1 143 256 12617
195 70 95 69 26 44 34 1150 50 4 67 0 21 17.5 NA 17.5 NA 3 50 1 6 10 27 0 0 0 0 1 6 10 27 0 0 0 0 0 130 256 12675
196 86 97 70 27 44 39 1137 48 5 67 0 22 17 NA 17 NA 10 48 1 7 10 26 0 0 0 0 1 7 10 26 0 0 0 0 2 117 256 12734
197 67 96 69 27 43 40 1152 55 4 70 0 22.5 17 NA 17 NA 8 55 0 8 8 27 0 0 0 0 0 8 8 27 0 0 0 0 1 157 259 12799
198 66 97 72 25 42 39 1154 56 5 67 0 21 17 NA 17 NA 8 56 0 6 9 27 0 0 0 0 0 6 9 27 0 0 0 0 2 144 262 12866
199 78 97 71 26 40 37 1144 57 5 67 0 22 16.5 NA 16.5 NA 7 57 0 4 11 25 0 0 0 0 0 4 11 25 0 0 0 0 0 145 265 12934
200 79 98 72 26 39 32 1175 46 5 69 0 22 17 NA 17 NA 4 46 0 4 10 25 0 0 0 0 0 4 10 25 0 0 0 0 3 160 269 12998
201 72 104 76 28 40 32 1179 58 6 73 0 21.5 17 NA 17 NA 6 58 1 4 9 26 0 0 0 0 1 4 9 26 0 0 0 0 6 141 270 13060
202 56 105 78 27 39 36 1173 62 3 71 0 21 17 NA 17 NA 7 62 1 5 9 24 0 0 0 0 1 5 9 24 0 0 0 0 3 143 272 13135
203 89 108 81 27 41 27 1190 57 10 71 0 20.5 17 NA 17 NA 3 57 2 5 11 23 0 0 0 0 2 5 11 23 0 0 0 0 2 158 274 13197
204 78 106 82 24 39 31 1176 60 2 67 0 19 17 NA 17 NA 6 60 2 5 11 21 0 0 0 0 2 5 11 21 0 0 0 0 2 138 275 13265
205 93 105 84 21 40 28 1153 61 7 65 0 19 17 NA 17 NA 5 61 2 6 9 23 0 0 0 0 2 6 9 23 0 0 0 0 1 144 277 13349
206 82 107 87 20 41 32 1174 62 4 67 0 19 17 NA 17 NA 9 62 1 6 9 25 0 0 0 0 1 6 9 25 0 0 0 0 1 164 279 13409
207 81 108 87 21 41 38 1159 71 3 66 0 18.5 18 NA 18 NA 10 71 1 7 9 24 0 0 0 0 1 7 9 24 0 0 0 0 2 130 279 13467
208 71 110 89 21 42 37 1174 63 7 67 0 19 17 NA 17 NA 8 63 3 6 10 23 0 0 0 0 3 6 10 23 0 0 0 0 0 164 281 13531
209 67 110 87 23 42 40 1160 60 5 69 0 20 17 NA 17 NA 9 60 3 4 12 23 0 0 0 0 3 4 12 23 0 0 0 0 2 141 283 13613
210 84 107 85 22 43 40 1142 76 9 69 0 18 16 NA 16 NA 11 76 2 9 10 22 0 0 0 0 2 9 10 22 0 0 0 0 1 140 287 13671
211 69 104 83 21 43 41 1120 68 10 68 0 17.5 16 NA 16 NA 9 68 0 12 8 23 0 0 0 0 0 12 8 23 0 0 0 0 0 127 287 13735
212 71 102 82 20 44 33 1130 49 10 69 0 18.5 16 NA 16 NA 5 49 0 13 9 22 0 0 0 0 0 13 9 22 0 0 0 0 0 147 289 13806
213 72 104 83 21 47 34 1136 55 6 75 0 19 16 NA 16 NA 8 55 1 12 11 23 0 0 0 0 1 12 11 23 0 0 0 0 3 134 289 13866
214 82 107 86 21 48 30 1132 58 7 77 0 18 16 NA 16 NA 4 58 1 13 10 24 0 0 0 0 1 13 10 24 0 0 0 0 4 146 290 13935
215 80 107 85 22 48 26 1135 54 5 78 0 19 16 NA 16 NA 4 54 1 14 10 23 0 0 0 0 1 14 10 23 0 0 0 0 2 142 293 14001
216 76 108 87 21 46 29 1157 52 2 78 0 18.5 16 NA 16 NA 6 52 1 13 9 23 0 0 0 0 1 13 9 23 0 0 0 0 3 150 294 14058
217 74 108 87 21 46 29 1159 49 7 77 0 18.5 15 NA 15 NA 6 49 2 16 8 20 0 0 0 0 2 16 8 20 0 0 0 0 2 132 294 14117
218 71 110 86 24 47 32 1127 58 2 78 0 18.5 15 NA 15 NA 6 58 3 14 9 21 0 0 0 0 3 14 9 21 0 0 0 0 0 114 295 14185
219 74 111 87 24 47 32 1145 57 3 80 0 19 15 NA 15 NA 6 57 3 13 10 21 0 0 0 0 3 13 10 21 0 0 0 0 0 153 297 14246
220 83 110 87 23 46 33 1150 52 4 82 0 19.5 15 NA 15 NA 8 52 2 13 11 20 0 0 0 0 2 13 11 20 0 0 0 0 0 148 298 14318
221 77 108 86 22 45 33 1154 51 7 81 0 20 15 NA 15 NA 7 51 1 13 10 21 0 0 0 0 1 13 10 21 0 0 0 0 1 141 298 14389
222 71 108 84 24 46 38 1160 55 4 79 0 21 16 NA 16 NA 9 55 1 10 13 22 0 0 0 0 1 10 13 22 0 0 0 0 3 142 299 14451
223 77 107 84 23 43 44 1146 64 2 76 0 21 15 NA 15 NA 10 64 2 9 13 19 0 0 0 0 2 9 13 19 0 0 0 0 0 144 300 14522
224 76 106 83 23 41 37 1134 57 10 72 0 21.5 16 NA 16 NA 5 57 1 8 15 17 0 0 0 0 1 8 15 17 0 0 0 0 2 134 302 14594
225 80 103 82 21 39 39 1167 56 4 71 0 22 16 NA 16 NA 6 56 1 6 14 18 0 0 0 0 1 6 14 18 0 0 0 0 0 162 303 14651
226 80 101 82 19 39 44 1168 67 5 70 0 22 16 NA 16 NA 10 67 1 6 15 17 0 0 0 0 1 6 15 17 0 0 0 0 2 153 304 14717
227 66 101 82 19 41 48 1201 52 7 69 0 23 16 NA 16 NA 9 52 1 7 18 15 0 0 0 0 1 7 18 15 0 0 0 0 1 168 304 14784
228 80 101 81 20 39 48 1188 56 6 69 0 21 16 NA 16 NA 6 56 1 6 19 13 0 0 0 0 1 6 19 13 0 0 0 0 3 146 304 14858
229 87 100 80 20 44 48 1186 62 11 72 0 21.5 16 NA 16 NA 9 62 1 10 20 13 0 0 0 0 1 10 20 13 0 0 0 0 1 136 304 14912
230 81 98 78 20 43 45 1207 50 6 73 0 22 16 NA 16 NA 5 50 1 11 18 13 0 0 0 0 1 11 18 13 0 0 0 0 0 137 307 14955
231 75 100 80 20 44 40 1218 43 5 73 0 23 16 NA 16 NA 4 43 1 12 17 14 0 0 0 0 1 12 17 14 0 0 0 0 2 145 310 15029
232 62 100 80 20 44 37 1204 70 6 72 0 24 16 NA 16 NA 7 70 1 11 17 15 0 0 0 0 1 11 17 15 0 0 0 0 0 132 314 15092
233 74 100 81 19 44 40 1230 59 6 71 0 24 16 NA 16 NA 7 59 1 11 17 15 0 0 0 0 1 11 17 15 0 0 0 0 3 162 314 15145
234 77 102 82 20 46 39 1216 54 9 74 0 24.5 16 NA 16 NA 10 54 1 12 15 18 0 0 0 0 1 12 15 18 0 0 0 0 1 135 318 15218
235 87 106 87 19 46 36 1186 61 7 74 0 21.5 16 NA 16 NA 5 61 1 12 15 18 0 0 0 0 1 12 15 18 0 0 0 0 3 126 320 15288
236 66 104 86 18 49 34 1189 54 7 76 0 22.5 16 NA 16 NA 6 54 0 15 14 20 0 0 0 0 0 15 14 20 0 0 0 0 0 148 323 15355
237 75 102 84 18 48 33 1195 50 6 76 0 22.5 16 NA 16 NA 7 50 1 13 12 22 0 0 0 0 1 13 12 22 0 0 0 0 1 147 325 15427
238 67 103 83 20 48 32 1229 56 2 77 0 23 16 NA 16 NA 6 56 1 11 13 23 0 0 0 0 1 11 13 23 0 0 0 0 1 167 328 15490
239 87 106 86 20 50 31 1191 54 9 78 0 23 16 NA 16 NA 9 54 1 12 13 24 0 0 0 0 1 12 13 24 0 0 0 0 3 120 330 15575
240 70 102 83 19 50 31 1205 61 7 78 0 24 16 NA 16 NA 5 61 2 10 12 26 0 0 0 0 2 10 12 26 0 0 0 0 0 154 331 15641
241 91 100 81 19 51 34 1179 59 4 76 0 24.5 16 NA 16 NA 7 59 2 8 15 26 0 0 0 0 2 8 15 26 0 0 0 0 1 128 332 15710
242 87 100 81 19 50 31 1154 50 4 74 0 25 16 NA 16 NA 4 50 2 7 16 25 0 0 0 0 2 7 16 25 0 0 0 0 1 120 334 15781
243 77 98 79 19 48 36 1165 56 4 73 0 24.5 16 NA 16 NA 7 56 2 6 18 22 0 0 0 0 2 6 18 22 0 0 0 0 1 137 335 15838
244 79 100 81 19 50 36 1173 51 7 74 0 24 16 NA 16 NA 9 51 2 8 14 26 0 0 0 0 2 8 14 26 0 0 0 0 2 152 335 15911
245 80 102 82 20 50 32 1169 66 7 75 0 23 16 NA 16 NA 5 66 0 11 13 26 0 0 0 0 0 11 13 26 0 0 0 0 1 163 338 15988
246 77 101 82 19 49 39 1177 52 2 74 0 23 16 NA 16 NA 9 52 0 11 13 25 0 0 0 0 0 11 13 25 0 0 0 0 0 146 339 16053
247 60 99 80 19 46 41 1195 51 4 76 0 23 15.5 NA 15.5 NA 10 51 0 12 12 22 0 0 0 0 0 12 12 22 0 0 0 0 1 150 342 16116
248 67 102 83 19 49 37 1195 55 11 75 0 23 16 NA 16 NA 6 55 0 11 15 23 0 0 0 0 0 11 15 23 0 0 0 0 2 140 342 16186
249 68 99 81 18 48 37 1181 56 5 75 0 24 16 NA 16 NA 5 56 0 10 15 23 0 0 0 0 0 10 15 23 0 0 0 0 0 135 343 16260
250 71 94 78 16 46 37 1153 64 2 72 0 24.5 16 NA 16 NA 8 64 0 10 13 23 0 0 0 0 0 10 13 23 0 0 0 0 0 136 347 16339
251 76 94 79 15 47 37 1164 52 4 75 0 25.5 16 NA 16 NA 4 52 0 10 12 25 0 0 0 0 0 10 12 25 0 0 0 0 1 144 348 16397
252 72 91 75 16 43 45 1166 57 4 70 0 25 16 NA 16 NA 13 57 0 8 11 24 0 0 0 0 0 8 11 24 0 0 0 0 1 147 349 16474
253 75 88 72 16 42 44 1172 65 5 70 0 26.5 16 NA 16 NA 7 65 0 8 8 26 0 0 0 0 0 8 8 26 0 0 0 0 0 164 349 16547
254 84 85 69 16 42 35 1163 44 9 69 0 27 16 NA 16 NA 4 44 0 10 7 25 0 0 0 0 0 10 7 25 0 0 0 0 0 114 353 16608
255 70 81 66 15 40 33 1168 51 4 66 0 28 15.5 NA 15.5 NA 5 51 0 7 9 24 0 0 0 0 0 7 9 24 0 0 0 0 1 137 355 16673
256 68 81 67 14 41 34 1170 66 4 66 0 29 16 NA 16 NA 3 66 0 7 9 25 0 0 0 0 0 7 9 25 0 0 0 0 2 158 355 16745
257 75 80 66 14 42 31 1202 45 6 67 0 30 16 NA 16 NA 5 45 0 7 10 25 0 0 0 0 0 7 10 25 0 0 0 0 1 159 359 16812
258 70 85 71 14 44 33 1201 62 4 68 0 29 16 NA 16 NA 7 62 0 7 11 26 0 0 0 0 0 7 11 26 0 0 0 0 1 148 360 16882
259 69 89 74 15 45 28 1210 63 6 67 0 26 16 NA 16 NA 5 63 0 6 14 25 0 0 0 0 0 6 14 25 0 0 0 0 2 145 365 16943
260 97 86 71 15 43 30 1209 53 1 67 0 25.5 16 NA 16 NA 4 53 0 6 13 24 0 0 0 0 0 6 13 24 0 0 0 0 1 147 368 17018
261 77 86 71 15 46 31 1193 61 6 67 0 26.5 16 NA 16 NA 6 61 0 6 14 26 0 0 0 0 0 6 14 26 0 0 0 0 1 139 369 17089
262 80 87 72 15 46 39 1207 52 2 66 0 27 16.5 NA 16.5 NA 8 52 0 6 13 27 0 0 0 0 0 6 13 27 0 0 0 0 1 140 370 17146
263 96 88 74 14 47 29 1205 53 12 65 0 28 18 NA 18 NA 2 53 0 6 13 28 0 0 0 0 0 6 13 28 0 0 0 0 1 150 371 17226
264 71 87 73 14 46 32 1205 64 4 65 0 29 18.5 NA 18.5 NA 9 64 0 6 12 28 0 0 0 0 0 6 12 28 0 0 0 0 0 149 373 17289
265 89 84 71 13 47 33 1212 51 3 62 0 29 19 NA 19 NA 6 51 0 5 13 29 0 0 0 0 0 5 13 29 0 0 0 0 0 154 376 17358
266 86 82 70 12 47 29 1217 52 6 58 0 27.5 19 NA 19 NA 5 52 1 5 14 27 0 0 0 0 1 5 14 27 0 0 0 0 2 138 376 17414
267 83 84 72 12 47 33 1204 54 2 60 0 28 19 NA 19 NA 7 54 1 4 13 29 0 0 0 0 1 4 13 29 0 0 0 0 2 130 377 17479
268 94 83 72 11 46 35 1162 65 7 58 0 29 18.5 NA 18.5 NA 9 65 1 4 14 27 0 0 0 0 1 4 14 27 0 0 0 0 3 130 377 17557
269 78 83 72 11 47 38 1124 65 5 56 0 27 18 NA 18 NA 8 65 1 5 14 27 0 0 0 0 1 5 14 27 0 0 0 0 1 130 378 17636
270 71 81 69 12 46 34 1119 40 8 56 0 27 18 NA 18 NA 5 40 1 5 14 26 0 0 0 0 1 5 14 26 0 0 0 0 0 129 380 17712
271 70 82 70 12 47 41 1137 55 5 61 0 26.5 18 NA 18 NA 10 55 1 6 10 30 0 0 0 0 1 6 10 30 0 0 0 0 0 149 380 17773
272 69 84 72 12 49 38 1165 59 8 62 0 27 18 NA 18 NA 6 59 1 5 13 30 0 0 0 0 1 5 13 30 0 0 0 0 2 162 382 17833
273 75 85 74 11 48 38 1180 55 4 63 0 27 18.5 NA 18.5 NA 7 55 0 6 11 31 0 0 0 0 0 6 11 31 0 0 0 0 1 150 384 17895
274 70 88 78 10 46 37 1168 57 3 62 0 26 18.5 NA 18.5 NA 6 57 0 6 10 30 0 0 0 0 0 6 10 30 0 0 0 0 2 136 387 17966
275 86 88 78 10 45 42 1148 66 6 63 0 23.5 19 NA 19 NA 13 66 0 5 9 31 0 0 0 0 0 5 9 31 0 0 0 0 1 137 387 18038
276 66 88 78 10 47 41 1136 61 8 62 0 24.5 18 NA 18 NA 7 61 1 5 10 31 0 0 0 0 1 5 10 31 0 0 0 0 0 140 387 18108
277 68 87 77 10 48 33 1146 40 9 61 0 25 18 NA 18 NA 4 40 2 6 9 31 0 0 0 0 2 6 9 31 0 0 0 0 1 142 391 18181
278 77 88 78 10 47 35 1161 61 6 62 0 20 18 NA 18 NA 7 61 2 8 8 29 0 0 0 0 2 8 8 29 0 0 0 0 3 152 391 18239
279 85 86 75 11 46 32 1143 56 5 61 0 21 18 NA 18 NA 4 56 1 10 7 28 0 0 0 0 1 10 7 28 0 0 0 0 0 119 392 18300
280 71 85 74 11 44 37 1171 57 2 60 0 21 18 NA 18 NA 8 57 1 9 7 27 0 0 0 0 1 9 7 27 0 0 0 0 1 165 392 18361
281 74 86 74 12 42 37 1190 58 4 59 0 22 18 NA 18 NA 7 58 1 9 6 26 0 0 0 0 1 9 6 26 0 0 0 0 3 155 395 18419
282 66 86 73 13 40 37 1211 59 6 57 0 21 18 NA 18 NA 7 59 1 6 7 26 0 0 0 0 1 6 7 26 0 0 0 0 2 159 395 18483
283 75 86 73 13 41 34 1231 39 5 57 0 20.5 17 NA 17 NA 3 39 1 5 10 25 0 0 0 0 1 5 10 25 0 0 0 0 2 154 396 18555
284 87 83 70 13 40 39 1223 82 2 55 0 22 17.5 NA 17.5 NA 8 82 1 5 9 25 0 0 0 0 1 5 9 25 0 0 0 0 1 163 397 18632
285 66 84 70 14 40 37 1220 60 8 56 0 22 17.5 NA 17.5 NA 7 60 0 6 9 25 0 0 0 0 0 6 9 25 0 0 0 0 1 146 398 18699
286 66 86 70 16 40 39 1226 64 3 60 0 23 17.5 NA 17.5 NA 6 64 0 6 9 25 0 0 0 0 0 6 9 25 0 0 0 0 1 135 400 18755
287 71 89 72 17 40 37 1238 51 9 60 0 21 17 NA 17 NA 9 51 0 6 10 24 0 0 0 0 0 6 10 24 0 0 0 0 4 144 401 18820
288 73 87 72 15 42 34 1225 59 7 58 0 22 16.5 NA 16.5 NA 5 59 1 8 8 25 0 0 0 0 1 8 8 25 0 0 0 0 3 136 403 18891
289 77 89 74 15 42 42 1198 67 4 59 0 22 16.5 NA 16.5 NA 10 67 1 8 8 25 0 0 0 0 1 8 8 25 0 0 0 0 1 127 403 18952
290 85 89 73 16 42 40 1167 60 7 62 0 23 16.5 NA 16.5 NA 5 60 0 7 11 24 0 0 0 0 0 7 11 24 0 0 0 0 1 132 404 19029
291 74 87 72 15 42 35 1153 62 7 60 0 22 16 NA 16 NA 4 62 1 6 13 22 0 0 0 0 1 6 13 22 0 0 0 0 1 130 406 19091
292 59 88 73 15 41 36 1131 59 5 60 0 21 16 NA 16 NA 8 59 1 6 14 20 0 0 0 0 1 6 14 20 0 0 0 0 3 125 409 19162
293 84 90 74 16 41 33 1141 55 3 61 0 19.5 16 NA 16 NA 2 55 1 6 14 20 0 0 0 0 1 6 14 20 0 0 0 0 3 156 411 19236
294 79 92 76 16 41 35 1122 70 4 63 0 20 16 NA 16 NA 7 70 1 7 10 23 0 0 0 0 1 7 10 23 0 0 0 0 2 147 412 19316
295 71 90 74 16 41 31 1156 47 4 65 0 21 16 NA 16 NA 3 47 1 8 8 24 0 0 0 0 1 8 8 24 0 0 0 0 0 168 416 19390
296 76 92 76 16 42 37 1162 59 4 66 0 21.5 16 NA 16 NA 10 59 1 9 8 24 0 0 0 0 1 9 8 24 0 0 0 0 0 151 416 19454
297 86 91 75 16 42 37 1157 61 3 66 0 22 16.5 NA 16.5 NA 6 61 1 9 8 24 0 0 0 0 1 9 8 24 0 0 0 0 1 130 419 19509
298 76 90 74 16 42 39 1151 52 7 67 0 23.5 16.5 NA 16.5 NA 9 52 1 9 8 24 0 0 0 0 1 9 8 24 0 0 0 0 0 140 420 19585
299 75 92 74 18 40 39 1137 60 7 68 0 21.5 17 NA 17 NA 10 60 1 8 6 25 0 0 0 0 1 8 6 25 0 0 0 0 1 131 423 19651
300 86 92 75 17 38 36 1145 50 4 68 0 22 17 NA 17 NA 4 50 0 8 7 23 0 0 0 0 0 8 7 23 0 0 0 0 1 142 426 19711
301 86 93 75 18 39 35 1150 63 9 68 0 23 18 NA 18 NA 8 63 0 9 8 22 0 0 0 0 0 9 8 22 0 0 0 0 1 146 427 19770
302 82 93 75 18 40 40 1133 78 9 64 0 22 18 NA 18 NA 15 78 0 9 10 21 0 0 0 0 0 9 10 21 0 0 0 0 4 134 430 19827
303 84 94 75 19 38 37 1152 58 5 63 0 22 18 NA 18 NA 3 58 0 7 10 21 0 0 0 0 0 7 10 21 0 0 0 0 3 151 431 19884
304 63 92 73 19 36 36 1160 49 6 63 0 22 18.5 NA 18.5 NA 7 49 0 6 8 22 0 0 0 0 0 6 8 22 0 0 0 0 0 130 433 19941
305 77 94 75 19 38 34 1154 47 7 65 0 22.5 18.5 NA 18.5 NA 8 47 0 6 10 22 0 0 0 0 0 6 10 22 0 0 0 0 3 141 436 20021
306 79 97 75 22 40 39 1146 52 6 67 0 22 18.5 NA 18.5 NA 9 52 0 6 12 22 0 0 0 0 0 6 12 22 0 0 0 0 3 127 436 20086
307 65 97 76 21 41 41 1137 61 6 67 0 23 19 NA 19 NA 8 61 0 6 13 22 0 0 0 0 0 6 13 22 0 0 0 0 1 151 436 20165
308 93 99 78 21 41 39 1123 59 11 68 0 22 18 NA 18 NA 10 59 1 5 14 21 0 0 0 0 1 5 14 21 0 0 0 0 1 148 437 20242
309 65 98 77 21 40 35 1149 52 6 67 0 22 18.5 NA 18.5 NA 5 52 1 5 13 21 0 0 0 0 1 5 13 21 0 0 0 0 0 156 440 20303
310 69 96 76 20 39 34 1147 58 6 66 0 23 18 NA 18 NA 7 58 1 5 12 21 0 0 0 0 1 5 12 21 0 0 0 0 0 140 442 20368
311 77 97 76 21 38 36 1182 53 3 68 0 23 18.5 NA 18.5 NA 7 53 1 4 12 21 0 0 0 0 1 4 12 21 0 0 0 0 1 162 443 20425
312 76 97 77 20 37 30 1208 57 6 70 0 23 19 NA 19 NA 4 57 0 4 13 20 0 0 0 0 0 4 13 20 0 0 0 0 1 155 446 20483
313 73 96 74 22 37 32 1193 64 3 70 0 22 19 NA 19 NA 5 64 0 5 12 20 0 0 0 0 0 5 12 20 0 0 0 0 1 126 446 20542
314 78 97 73 24 36 35 1158 69 5 71 0 22 20 NA 20 NA 8 69 0 6 10 20 0 0 0 0 0 6 10 20 0 0 0 0 4 117 446 20611
315 84 98 74 24 35 38 1142 65 4 73 0 22 20 NA 20 NA 9 65 0 6 9 20 0 0 0 0 0 6 9 20 0 0 0 0 0 141 448 20683
316 92 95 72 23 32 34 1138 56 8 70 0 22 20 NA 20 NA 3 56 0 5 8 19 0 0 0 0 0 5 8 19 0 0 0 0 0 138 449 20747
317 76 95 73 22 34 38 1136 63 5 71 0 23 20 NA 20 NA 9 63 0 4 8 22 0 0 0 0 0 4 8 22 0 0 0 0 0 136 450 20806
318 60 96 76 20 33 44 1122 65 4 71 0 24 20 NA 20 NA 12 65 0 2 7 24 0 0 0 0 0 2 7 24 0 0 0 0 0 122 451 20861
319 82 92 72 20 36 39 1138 54 16 69 0 24 20 NA 20 NA 11 54 0 5 9 22 0 0 0 0 0 5 9 22 0 0 0 0 0 163 453 20930
320 96 89 69 20 36 36 1115 48 7 69 0 24 20 NA 20 NA 5 48 0 5 11 20 0 0 0 0 0 5 11 20 0 0 0 0 0 125 454 21002
321 64 92 74 18 37 36 1116 51 4 67 0 22 20 NA 20 NA 7 51 1 5 11 20 0 0 0 0 1 5 11 20 0 0 0 0 3 145 458 21076
322 70 97 79 18 38 31 1143 62 6 66 0 20 20 NA 20 NA 2 62 1 6 11 20 0 0 0 0 1 6 11 20 0 0 0 0 6 163 459 21134
323 75 100 81 19 39 35 1151 52 6 68 0 21 20 NA 20 NA 8 52 1 6 12 20 0 0 0 0 1 6 12 20 0 0 0 0 3 153 459 21211
324 70 101 82 19 40 36 1151 69 6 70 0 22 20 NA 20 NA 11 69 1 4 13 22 0 0 0 0 1 4 13 22 0 0 0 0 1 155 462 21284
325 66 101 81 20 40 37 1157 54 5 68 0 22 20 NA 20 NA 6 54 0 6 13 21 0 0 0 0 0 6 13 21 0 0 0 0 3 130 462 21339
326 89 99 79 20 41 39 1155 69 5 69 0 21 20 NA 20 NA 11 69 1 7 13 20 0 0 0 0 1 7 13 20 0 0 0 0 0 141 465 21395
327 82 100 82 18 39 37 1183 50 7 66 0 19.5 20 NA 20 NA 9 50 1 6 13 19 0 0 0 0 1 6 13 19 0 0 0 0 2 157 469 21454
328 88 101 84 17 40 29 1160 71 12 66 0 20 20 NA 20 NA 6 71 1 7 11 21 0 0 0 0 1 7 11 21 0 0 0 0 0 134 472 21514
329 69 98 81 17 37 31 1169 67 4 63 0 19.5 17 NA 17 NA 9 67 2 7 9 19 0 0 0 0 2 7 9 19 0 0 0 0 1 138 473 21563
330 70 99 81 18 35 30 1199 53 7 64 0 19 17 NA 17 NA 7 53 2 6 7 20 0 0 0 0 2 6 7 20 0 0 0 0 2 156 473 21615
331 83 100 82 18 35 26 1193 50 7 62 0 20 17 NA 17 NA 5 50 2 5 8 20 0 0 0 0 2 5 8 20 0 0 0 0 2 150 475 21692
332 88 104 86 18 35 28 1194 52 4 61 0 19 17 NA 17 NA 6 52 2 4 8 21 0 0 0 0 2 4 8 21 0 0 0 0 2 135 475 21750
333 90 104 87 17 37 27 1171 62 5 64 0 19 17 NA 17 NA 6 62 1 7 7 22 0 0 0 0 1 7 7 22 0 0 0 0 1 139 478 21822
334 86 103 86 17 39 31 1171 57 3 70 0 20 16 NA 16 NA 6 57 1 8 8 22 0 0 0 0 1 8 8 22 0 0 0 0 0 156 478 21894
335 91 103 85 18 37 38 1171 49 1 70 0 20 16 NA 16 NA 8 49 1 7 7 22 0 0 0 0 1 7 7 22 0 0 0 0 1 143 478 21961
336 82 101 83 18 39 39 1133 56 13 69 0 20 15 NA 15 NA 12 56 1 11 6 21 0 0 0 0 1 11 6 21 0 0 0 0 0 113 478 22037
337 76 94 77 17 37 43 1145 54 8 66 0 16 17 NA 17 NA 11 54 1 10 8 18 0 0 0 0 1 10 8 18 0 0 0 0 0 145 479 22098
338 78 92 76 16 39 37 1150 46 7 63 0 16.5 17 NA 17 NA 4 46 1 11 9 18 0 0 0 0 1 11 9 18 0 0 0 0 2 125 481 22158
339 94 93 77 16 39 41 1159 54 5 67 0 17 17 NA 17 NA 11 54 1 11 9 18 0 0 0 0 1 11 9 18 0 0 0 0 1 160 483 22235
340 83 89 73 16 40 48 1160 75 7 67 0 18 17 NA 17 NA 15 75 1 10 12 17 0 0 0 0 1 10 12 17 0 0 0 0 0 160 485 22298
341 76 88 74 14 39 45 1138 71 9 67 0 19 17 NA 17 NA 8 71 1 10 12 16 0 0 0 0 1 10 12 16 0 0 0 0 1 133 487 22359
342 81 87 73 14 42 43 1144 58 11 67 0 20 17 NA 17 NA 9 58 0 12 11 19 0 0 0 0 0 12 11 19 0 0 0 0 1 163 487 22439
343 86 90 76 14 42 39 1139 68 6 69 0 21 17 NA 17 NA 7 68 0 12 10 20 0 0 0 0 0 12 10 20 0 0 0 0 2 142 488 22502
344 69 90 76 14 40 39 1149 67 7 71 0 21 18 NA 18 NA 8 67 0 11 8 21 0 0 0 0 0 11 8 21 0 0 0 0 3 153 489 22560
345 93 93 76 17 41 35 1133 69 9 71 0 21 19 NA 19 NA 7 69 0 9 10 22 0 0 0 0 0 9 10 22 0 0 0 0 0 155 492 22626
346 73 95 78 17 42 38 1137 65 6 71 0 21 18 NA 18 NA 8 65 0 7 14 21 0 0 0 0 0 7 14 21 0 0 0 0 3 161 492 22702
347 78 92 76 16 42 37 1167 57 8 71 0 22 17 NA 17 NA 5 57 0 8 13 21 0 0 0 0 0 8 13 21 0 0 0 0 0 160 494 22758
348 70 93 76 17 42 36 1193 63 7 70 0 22 17 NA 17 NA 6 63 0 9 13 20 0 0 0 0 0 9 13 20 0 0 0 0 1 155 494 22816
349 77 96 79 17 43 36 1197 60 9 69 0 22 17 NA 17 NA 9 60 0 7 15 21 0 0 0 0 0 7 15 21 0 0 0 0 1 146 495 22879
350 65 96 79 17 44 41 1186 59 4 72 0 23 17 NA 17 NA 11 59 0 7 13 24 0 0 0 0 0 7 13 24 0 0 0 0 0 126 497 22942
351 83 94 78 16 43 42 1170 56 6 72 0 24 17 NA 17 NA 8 56 0 7 12 24 0 0 0 0 0 7 12 24 0 0 0 0 1 133 498 23016
352 79 92 77 15 44 36 1172 60 10 69 0 25 17 NA 17 NA 5 60 0 7 14 23 0 0 0 0 0 7 14 23 0 0 0 0 1 137 499 23074
353 78 93 78 15 45 29 1196 52 7 69 0 26 17 NA 17 NA 4 52 1 8 14 22 0 0 0 0 1 8 14 22 0 0 0 0 2 155 501 23131
354 85 94 78 16 47 28 1162 60 6 70 0 27 18 NA 18 NA 4 60 1 8 17 21 0 0 0 0 1 8 17 21 0 0 0 0 1 125 502 23201
355 65 92 75 17 48 26 1177 64 4 73 0 28 18.5 NA 18.5 NA 3 64 1 6 20 21 0 0 0 0 1 6 20 21 0 0 0 0 0 160 503 23269
356 65 91 73 18 46 25 1166 59 5 72 0 29 19.5 NA 19.5 NA 6 59 1 3 22 20 0 0 0 0 1 3 22 20 0 0 0 0 1 142 505 23339
357 67 95 74 21 50 27 1145 76 7 74 0 29 20 NA 20 NA 9 76 1 4 22 23 0 0 0 0 1 4 22 23 0 0 0 0 1 139 507 23406
358 76 98 76 22 50 32 1146 64 3 75 0 27.5 19.5 NA 19.5 NA 8 64 0 5 20 25 0 0 0 0 0 5 20 25 0 0 0 0 2 158 508 23482
359 83 103 81 22 50 30 1152 51 5 74 0 27 20 NA 20 NA 3 51 0 4 19 27 0 0 0 0 0 4 19 27 0 0 0 0 1 145 508 23553
360 62 104 82 22 51 30 1201 52 7 75 0 28 20 NA 20 NA 6 52 0 5 19 27 0 0 0 0 0 5 19 27 0 0 0 0 3 179 509 23622
