1 88 98 83 15 43 34 1251 66 9 73 0 25 18 NA 18 NA 10 66 1 5 17 20 0 0 0 0 1 5 17 20 0 0 0 0 1 173 0 0 4927 19 27 27
2 72 101 85 16 42 29 1305 61 13 72 0 25 18 NA 18 NA 8 61 1 5 17 19 0 0 0 0 1 5 17 19 0 0 0 0 2 130 0 0 4928 19 27 26
3 90 104 86 18 42 31 1341 74 5 72 0 24 18 NA 18 NA 6 74 1 4 18 19 0 0 0 0 1 4 18 19 0 0 0 0 5 135 0 0 4928 19 27 26
4 67 107 86 21 45 33 1398 64 7 74 0 24 18 NA 18 NA 10 64 2 6 17 20 0 0 0 0 2 6 17 20 0 0 0 0 0 132 0 0 4926 20 27 27
5 89 105 84 21 47 29 1422 71 13 75 0 25 18 NA 18 NA 8 71 2 8 17 20 0 0 0 0 2 8 17 20 0 0 0 0 0 127 0 0 4925 22 27 26
6 78 102 81 21 46 39 1478 67 5 72 0 25 18 NA 18 NA 14 67 1 6 18 21 0 0 0 0 1 6 18 21 0 0 0 0 1 143 0 0 4928 19 26 27
7 68 103 80 23 48 37 1516 66 9 71 0 25 18 NA 18 NA 7 66 1 8 16 23 0 0 0 0 1 8 16 23 0 0 0 0 2 122 0 0 4929 18 23 30
8 73 104 80 24 47 42 1540 77 4 71 0 24.5 18 NA 18 NA 10 77 1 6 18 22 0 0 0 0 1 6 18 22 0 0 0 0 2 130 0 0 4929 17 24 30
9 75 100 79 21 45 45 1561 78 8 68 0 25 18 NA 18 NA 10 78 1 5 15 24 0 0 0 0 1 5 15 24 0 0 0 0 1 121 0 0 4932 16 22 30
10 81 101 80 21 45 47 1597 78 6 73 0 26 18 NA 18 NA 8 78 0 5 14 26 0 0 0 0 0 5 14 26 0 0 0 0 2 141 0 0 4927 19 22 32
11 82 104 82 22 44 47 1620 69 6 73 0 25 18 NA 18 NA 5 69 1 2 13 28 0 0 0 0 1 2 13 28 0 0 0 0 2 128 0 0 4927 16 22 35
12 68 103 82 21 45 51 1632 74 6 71 0 26 18 NA 18 NA 10 74 1 2 12 30 0 0 0 0 1 2 12 30 0 0 0 0 0 112 0 0 4929 14 19 38
13 77 98 78 20 42 46 1063 58 7 68 0 26 18 NA 18 NA 8 58 1 2 10 29 0 0 0 0 1 2 10 29 0 0 0 0 1 129 5 624 4932 16 16 36
14 83 100 79 21 42 44 1059 45 6 71 0 24.5 18 NA 18 NA 6 45 2 3 9 28 0 0 0 0 2 3 9 28 0 0 0 0 3 140 8 702 4929 21 15 35
15 71 99 79 20 43 38 1044 43 10 73 0 24 18 NA 18 NA 6 43 1 4 10 28 0 0 0 0 1 4 10 28 0 0 0 0 2 122 11 778 4927 23 15 35
16 70 99 79 20 44 43 1063 66 8 74 0 24 18 NA 18 NA 12 66 1 5 11 27 0 0 0 0 1 5 11 27 0 0 0 0 1 160 11 843 4926 23 16 35
17 72 96 79 17 44 41 1063 56 9 69 0 24.5 18 NA 18 NA 7 56 2 6 11 25 0 0 0 0 2 6 11 25 0 0 0 0 1 136 12 902 4931 20 16 33
18 66 98 81 17 43 41 1098 59 4 67 0 20.5 18 NA 18 NA 6 59 2 6 10 25 0 0 0 0 2 6 10 25 0 0 0 0 3 182 15 979 4933 20 16 31
19 93 98 81 17 46 44 1124 55 7 70 0 21.5 18 NA 18 NA 10 55 2 7 11 26 0 0 0 0 2 7 11 26 0 0 0 0 0 156 19 1034 4930 23 15 32
20 83 99 82 17 49 39 1123 71 12 71 0 22 18 NA 18 NA 7 71 2 9 10 28 0 0 0 0 2 9 10 28 0 0 0 0 3 141 21 1086 4929 24 13 34
21 75 100 81 19 46 38 1124 55 2 67 0 20 18 NA 18 NA 3 55 2 8 10 26 0 0 0 0 2 8 10 26 0 0 0 0 3 137 23 1148 4933 23 13 31
22 89 98 79 19 42 36 1133 54 9 65 0 20 18 NA 18 NA 9 54 1 8 9 24 0 0 0 0 1 8 9 24 0 0 0 0 1 152 26 1210 4935 21 15 29
23 75 98 79 19 45 35 1132 59 10 68 0 21 18 NA 18 NA 8 59 1 9 8 27 0 0 0 0 1 9 8 27 0 0 0 0 0 140 28 1272 4932 24 13 31
24 81 98 78 20 45 34 1159 58 9 67 0 21 18 NA 18 NA 9 58 2 9 7 27 0 0 0 0 2 9 7 27 0 0 0 0 2 159 30 1323 4933 24 12 31
25 61 97 77 20 46 34 1176 37 6 67 0 22 18 NA 18 NA 5 37 2 10 8 26 0 0 0 0 2 10 8 26 0 0 0 0 0 127 32 1383 4933 24 13 30
26 85 95 76 19 46 30 1168 56 6 68 0 23 18 NA 18 NA 6 56 1 9 11 25 0 0 0 0 1 9 11 25 0 0 0 0 0 131 34 1447 4932 22 17 29
27 84 95 77 18 45 44 1193 57 3 67 0 23 18 NA 18 NA 15 57 1 7 12 25 0 0 0 0 1 7 12 25 0 0 0 0 2 156 34 1504 4933 20 18 29
28 74 97 79 18 45 41 1197 58 7 66 0 21 18 NA 18 NA 5 58 1 7 11 26 0 0 0 0 1 7 11 26 0 0 0 0 3 169 34 1585 4934 19 18 29
29 68 97 78 19 45 32 1207 52 13 67 0 22 18 NA 18 NA 3 52 1 8 10 26 0 0 0 0 1 8 10 26 0 0 0 0 1 155 34 1659 4933 21 17 29
30 73 97 79 18 45 35 1200 60 3 71 0 23 18 NA 18 NA 7 60 1 9 9 26 0 0 0 0 1 9 9 26 0 0 0 0 1 149 37 1740 4929 25 17 29
31 78 100 81 19 47 36 1202 52 7 71 0 23 18 NA 18 NA 9 52 1 10 10 26 0 0 0 0 1 10 10 26 0 0 0 0 2 147 39 1810 4929 22 20 29
32 71 101 83 18 47 34 1229 49 6 72 0 22 18 NA 18 NA 5 49 1 9 12 25 0 0 0 0 1 9 12 25 0 0 0 0 2 161 40 1874 4928 22 21 29
33 76 99 82 17 45 30 1224 50 9 72 0 22 18 NA 18 NA 6 50 2 8 12 23 0 0 0 0 2 8 12 23 0 0 0 0 2 127 41 1937 4928 25 20 27
34 89 100 80 20 45 35 1212 67 7 74 0 22.5 18 NA 18 NA 11 67 2 9 11 23 0 0 0 0 2 9 11 23 0 0 0 0 0 151 41 2011 4926 28 17 29
35 96 95 76 19 47 37 1190 70 9 71 0 24 18 NA 18 NA 11 70 2 8 13 24 0 0 0 0 2 8 13 24 0 0 0 0 0 140 42 2077 4929 23 18 30
36 87 96 77 19 48 37 1165 58 7 72 0 23.5 18 NA 18 NA 9 58 3 8 14 23 0 0 0 0 3 8 14 23 0 0 0 0 1 134 44 2160 4928 24 19 29
37 77 96 78 18 48 34 1191 44 9 71 0 23.5 18 NA 18 NA 7 44 3 9 13 23 0 0 0 0 3 9 13 23 0 0 0 0 1 140 46 2212 4929 23 19 29
38 88 94 74 20 46 35 1204 57 4 67 0 22.5 18 NA 18 NA 7 57 3 8 11 24 0 0 0 0 3 8 11 24 0 0 0 0 2 150 47 2275 4933 22 16 29
39 71 92 72 20 45 35 1181 63 5 68 0 23.5 18 NA 18 NA 6 63 3 6 11 25 0 0 0 0 3 6 11 25 0 0 0 0 0 130 49 2348 4932 22 16 30
40 81 90 71 19 47 28 1177 51 8 70 0 23.5 18 NA 18 NA 3 51 2 10 10 25 0 0 0 0 2 10 10 25 0 0 0 0 0 149 53 2429 4930 25 14 31
41 80 90 70 20 47 36 1188 55 5 69 0 23.5 18 NA 18 NA 12 55 2 10 11 24 0 0 0 0 2 10 11 24 0 0 0 0 1 154 54 2498 4931 24 15 30
42 70 92 72 20 46 45 1195 72 4 68 0 24 18 NA 18 NA 14 72 2 7 14 23 0 0 0 0 2 7 14 23 0 0 0 0 4 167 55 2570 4932 20 19 29
43 59 92 73 19 47 46 1189 71 8 68 0 25 18 NA 18 NA 10 71 2 7 14 24 0 0 0 0 2 7 14 24 0 0 0 0 1 137 56 2631 4932 21 17 30
44 89 91 72 19 48 43 1170 66 12 71 0 26 18 NA 18 NA 9 66 2 6 15 25 0 0 0 0 2 6 15 25 0 0 0 0 0 137 57 2698 4929 21 19 31
45 80 92 73 19 49 40 1215 48 5 74 0 26 18 NA 18 NA 2 48 1 6 17 25 0 0 0 0 1 6 17 25 0 0 0 0 0 163 57 2748 4926 20 24 30
46 86 94 70 24 49 42 1189 47 2 75 0 26 18 NA 18 NA 5 47 1 4 18 26 0 0 0 0 1 4 18 26 0 0 0 0 0 125 57 2828 4925 20 25 30
47 85 92 68 24 49 41 1179 58 5 72 0 26.5 18 NA 18 NA 4 58 1 4 15 29 0 0 0 0 1 4 15 29 0 0 0 0 1 133 58 2889 4928 18 21 33
48 71 94 69 25 49 44 1171 60 5 72 0 27 18 NA 18 NA 11 60 1 3 15 30 0 0 0 0 1 3 15 30 0 0 0 0 1 138 61 2959 4928 17 21 34
49 90 96 71 25 47 46 1155 63 7 70 0 27 18 NA 18 NA 12 63 1 3 15 28 0 0 0 0 1 3 15 28 0 0 0 0 4 131 62 3021 4930 18 20 32
50 70 96 70 26 47 44 1144 46 6 72 0 27.5 18 NA 18 NA 2 46 0 5 14 28 0 0 0 0 0 5 14 28 0 0 0 0 2 153 63 3106 4928 21 19 32
51 84 94 68 26 50 38 1154 48 8 71 0 29 18 NA 18 NA 5 48 0 7 13 30 0 0 0 0 0 7 13 30 0 0 0 0 0 141 65 3163 4929 18 19 34
52 86 94 67 27 49 39 1159 55 6 69 0 28.5 18 NA 18 NA 8 55 0 7 14 28 0 0 0 0 0 7 14 28 0 0 0 0 1 149 67 3232 4931 16 20 33
53 77 93 67 26 49 41 1153 70 7 67 0 29 18 NA 18 NA 11 70 0 6 15 28 0 0 0 0 0 6 15 28 0 0 0 0 1 156 68 3304 4933 15 20 32
54 73 92 65 27 49 32 1121 63 10 67 0 26.5 18 NA 18 NA 7 63 0 5 14 30 0 0 0 0 0 5 14 30 0 0 0 0 1 120 74 3375 4933 17 17 33
55 74 92 65 27 48 22 1164 42 7 66 0 27 18 NA 18 NA 2 42 0 5 14 29 0 0 0 0 0 5 14 29 0 0 0 0 1 170 78 3449 4934 17 17 32
56 75 89 63 26 44 24 1155 58 2 63 0 26 18 NA 18 NA 4 58 0 5 11 28 0 0 0 0 0 5 11 28 0 0 0 0 1 130 78 3510 4937 17 15 31
57 66 91 66 25 43 29 1127 55 3 64 0 24 18 NA 18 NA 11 55 0 3 10 30 0 0 0 0 0 3 10 30 0 0 0 0 3 122 81 3586 4936 15 14 35
58 59 91 66 25 44 34 1150 63 7 68 0 25 18 NA 18 NA 12 63 0 3 11 30 0 0 0 0 0 3 11 30 0 0 0 0 0 160 82 3645 4932 17 16 35
59 60 87 63 24 41 32 1179 50 7 65 0 26 18 NA 18 NA 7 50 0 4 10 27 0 0 0 0 0 4 10 27 0 0 0 0 1 150 83 3700 4935 18 15 32
60 87 84 61 23 39 38 1208 52 1 65 0 26 20 NA 20 NA 7 52 0 4 10 25 0 0 0 0 0 4 10 25 0 0 0 0 1 162 83 3761 4935 20 15 30
61 70 86 63 23 42 41 1207 57 5 69 0 27 19.5 NA 19.5 NA 10 57 1 5 11 25 0 0 0 0 1 5 11 25 0 0 0 0 1 128 86 3815 4931 23 16 30
62 70 86 63 23 43 37 1182 64 12 70 0 28 19 NA 19 NA 10 64 1 3 14 25 0 0 0 0 1 3 14 25 0 0 0 0 0 140 89 3895 4930 21 19 30
63 68 85 63 22 43 34 1198 59 8 69 0 29 19 NA 19 NA 7 59 1 3 12 27 0 0 0 0 1 3 12 27 0 0 0 0 0 162 90 3960 4931 21 16 32
64 82 89 68 21 42 38 1185 49 3 69 0 26 19 NA 19 NA 8 49 1 3 10 28 0 0 0 0 1 3 10 28 0 0 0 0 3 132 90 4033 4931 23 14 32
65 71 88 67 21 41 35 1170 46 6 68 0 27 19 NA 19 NA 7 46 1 3 9 28 0 0 0 0 1 3 9 28 0 0 0 0 2 126 92 4109 4932 22 14 32
66 94 94 69 25 42 34 1186 51 7 70 0 24 19 NA 19 NA 6 51 1 3 9 29 0 0 0 0 1 3 9 29 0 0 0 0 2 146 93 4161 4930 21 16 33
67 81 95 71 24 44 37 1162 59 7 71 0 25 18.5 NA 18.5 NA 5 59 1 5 10 28 0 0 0 0 1 5 10 28 0 0 0 0 1 149 93 4249 4929 23 16 32
68 81 95 71 24 47 45 1160 70 6 71 0 24 19 NA 19 NA 13 70 1 7 10 29 0 0 0 0 1 7 10 29 0 0 0 0 1 148 93 4311 4929 23 16 32
69 78 96 73 23 47 44 1183 60 8 71 0 24 19 NA 19 NA 7 60 0 7 9 31 0 0 0 0 0 7 9 31 0 0 0 0 2 151 94 4366 4929 22 14 35
70 79 99 76 23 48 35 1175 49 8 70 0 24 19.5 NA 19.5 NA 2 49 0 7 9 32 0 0 0 0 0 7 9 32 0 0 0 0 1 136 95 4444 4930 19 15 36
71 69 100 78 22 47 35 1154 63 4 70 0 24.5 20 NA 20 NA 8 63 0 6 10 31 0 0 0 0 0 6 10 31 0 0 0 0 0 134 99 4523 4930 19 16 35
72 84 102 77 25 48 28 1179 60 5 69 0 24 19.5 NA 19.5 NA 4 60 1 5 11 31 0 0 0 0 1 5 11 31 0 0 0 0 0 177 103 4590 4931 16 18 35
73 66 99 75 24 45 33 1205 51 6 64 0 24 20 NA 20 NA 11 51 1 4 11 29 0 0 0 0 1 4 11 29 0 0 0 0 1 158 105 4654 4936 11 20 33
74 85 98 74 24 45 31 1213 65 6 62 0 25 19 NA 19 NA 6 65 2 5 9 29 0 0 0 0 2 5 9 29 0 0 0 0 3 157 107 4723 4938 10 19 33
75 90 96 73 23 43 38 1200 55 2 60 0 25.5 19 NA 19 NA 10 55 2 5 8 28 0 0 0 0 2 5 8 28 0 0 0 0 1 144 109 4797 4940 11 18 31
76 79 96 74 22 43 31 1223 53 9 64 0 23.5 20 NA 20 NA 4 53 2 4 11 26 0 0 0 0 2 4 11 26 0 0 0 0 2 159 111 4862 4936 16 19 29
77 79 99 77 22 42 35 1239 62 3 65 0 23 20 NA 20 NA 7 62 2 4 9 27 0 0 0 0 2 4 9 27 0 0 0 0 3 162 111 4919 4935 17 18 30
78 66 100 78 22 42 39 1224 57 5 70 0 22.5 20 NA 20 NA 11 57 2 3 8 29 0 0 0 0 2 3 8 29 0 0 0 0 1 128 113 4986 4930 21 16 33
79 74 96 75 21 40 38 1197 68 7 65 0 21.5 19.5 NA 19.5 NA 8 68 2 3 8 27 0 0 0 0 2 3 8 27 0 0 0 0 0 131 115 5054 4935 19 15 31
80 74 95 73 22 41 35 1188 57 9 64 0 21 19 NA 19 NA 7 57 2 4 8 27 0 0 0 0 2 4 8 27 0 0 0 0 1 132 116 5120 4936 19 15 30
81 84 93 71 22 42 32 1182 58 7 64 0 22 19 NA 19 NA 8 58 2 4 7 29 0 0 0 0 2 4 7 29 0 0 0 0 0 139 119 5186 4936 19 13 32
82 79 93 70 23 39 34 1190 66 7 67 0 18 19 NA 19 NA 10 66 0 5 5 29 0 0 0 0 0 5 5 29 0 0 0 0 2 158 120 5252 4933 23 10 34
83 83 93 70 23 44 30 1195 71 12 67 0 19 19 NA 19 NA 7 71 0 8 7 29 0 0 0 0 0 8 7 29 0 0 0 0 1 155 120 5311 4933 23 10 34
84 77 90 68 22 44 30 1183 52 5 69 0 20 19 NA 19 NA 5 52 0 9 6 29 0 0 0 0 0 9 6 29 0 0 0 0 0 150 120 5400 4931 26 8 35
85 79 92 69 23 45 29 1189 46 5 69 0 21 19 NA 19 NA 7 46 0 9 5 31 0 0 0 0 0 9 5 31 0 0 0 0 1 148 121 5480 4931 25 6 38
86 77 92 68 24 43 32 1178 66 6 68 0 22 19 NA 19 NA 10 66 0 9 5 29 0 0 0 0 0 9 5 29 0 0 0 0 1 134 123 5544 4932 26 6 36
87 75 91 66 25 43 23 1181 51 9 67 0 23 19 NA 19 NA 2 51 0 8 5 30 0 0 0 0 0 8 5 30 0 0 0 0 1 136 126 5608 4933 25 6 36
88 76 92 65 27 44 25 1190 64 4 67 0 23 19 NA 19 NA 8 64 0 7 7 30 0 0 0 0 0 7 7 30 0 0 0 0 1 170 128 5679 4933 21 10 36
89 73 93 66 27 44 26 1192 63 5 72 0 23 19 NA 19 NA 6 63 0 7 6 31 0 0 0 0 0 7 6 31 0 0 0 0 1 148 128 5745 4928 26 9 37
90 77 93 67 26 43 31 1173 73 3 73 0 24 19 NA 19 NA 8 73 0 5 7 31 0 0 0 0 0 5 7 31 0 0 0 0 0 140 129 5807 4927 22 14 37
91 72 91 66 25 41 32 1169 62 5 73 0 25 20 NA 20 NA 8 62 0 4 8 29 0 0 0 0 0 4 8 29 0 0 0 0 1 144 131 5874 4927 23 14 36
92 85 89 64 25 41 34 1156 56 6 70 0 26 19 NA 19 NA 6 56 0 4 9 28 0 0 0 0 0 4 9 28 0 0 0 0 2 124 131 5932 4930 20 15 35
93 83 90 63 27 43 25 1188 52 11 69 0 27 19 NA 19 NA 3 52 0 5 9 29 0 0 0 0 0 5 9 29 0 0 0 0 1 164 132 5991 4931 18 15 36
94 87 89 62 27 42 28 1171 55 2 70 0 28 19 NA 19 NA 6 55 0 5 10 27 0 0 0 0 0 5 10 27 0 0 0 0 1 133 133 6066 4930 18 18 34
95 86 90 64 26 45 26 1165 53 7 69 0 28.5 19 NA 19 NA 6 53 0 7 9 29 0 0 0 0 0 7 9 29 0 0 0 0 1 127 135 6133 4931 19 16 34
96 81 93 67 26 44 30 1172 60 1 68 0 27 19 NA 19 NA 6 60 0 6 10 28 0 0 0 0 0 6 10 28 0 0 0 0 2 146 137 6197 4932 17 18 33
97 79 97 71 26 44 32 1186 64 5 69 0 25 19 NA 19 NA 7 64 0 6 9 29 0 0 0 0 0 6 9 29 0 0 0 0 2 163 137 6267 4931 18 18 33
98 85 99 72 27 44 34 1186 51 5 71 0 25 19 NA 19 NA 7 51 0 5 11 28 0 0 0 0 0 5 11 28 0 0 0 0 2 136 137 6327 4929 19 20 32
99 67 100 72 28 43 35 1208 45 4 69 0 23 19 NA 19 NA 6 45 0 6 12 25 0 0 0 0 0 6 12 25 0 0 0 0 3 142 139 6390 4931 20 20 29
100 76 101 72 29 43 36 1198 54 3 70 0 23 19 NA 19 NA 3 54 0 6 12 25 0 0 0 0 0 6 12 25 0 0 0 0 2 133 139 6463 4930 21 18 31
101 84 101 72 29 42 41 1195 64 2 70 0 24 19 NA 19 NA 7 64 0 6 12 24 0 0 0 0 0 6 12 24 0 0 0 0 1 162 139 6539 4930 19 21 30
102 70 101 74 27 39 40 1198 72 3 68 0 23 19 NA 19 NA 6 72 0 5 10 24 0 0 0 0 0 5 10 24 0 0 0 0 1 158 141 6605 4932 19 16 33
103 87 100 73 27 40 31 1182 54 7 66 0 22 19 NA 19 NA 3 54 0 5 11 24 0 0 0 0 0 5 11 24 0 0 0 0 1 135 145 6681 4934 17 17 32
104 70 97 70 27 40 33 1223 51 4 65 0 22 19 NA 19 NA 5 51 0 5 11 24 0 0 0 0 0 5 11 24 0 0 0 0 1 155 145 6723 4935 17 17 31
105 77 97 70 27 37 39 1202 55 2 63 0 20 19 NA 19 NA 8 55 0 6 8 23 0 0 0 0 0 6 8 23 0 0 0 0 3 136 146 6806 4937 19 14 30
106 76 97 71 26 35 42 1200 60 3 62 0 20 20 NA 20 NA 8 60 0 5 6 24 0 0 0 0 0 5 6 24 0 0 0 0 1 143 147 6874 4938 18 14 30
107 73 101 74 27 37 38 1210 64 9 64 0 19 20 NA 20 NA 8 64 0 6 7 24 0 0 0 0 0 6 7 24 0 0 0 0 3 152 150 6938 4936 20 15 29
108 75 102 75 27 36 38 1213 57 4 67 0 19.5 20 NA 20 NA 7 57 0 6 7 23 0 0 0 0 0 6 7 23 0 0 0 0 2 152 154 7012 4933 24 14 29
109 75 103 77 26 36 38 1189 67 6 70 0 18 20 NA 20 NA 7 67 0 7 5 24 0 0 0 0 0 7 5 24 0 0 0 0 1 126 155 7078 4930 28 12 30
110 82 104 76 28 41 32 1207 55 13 70 0 17.5 19 NA 19 NA 6 55 1 8 7 25 0 0 0 0 1 8 7 25 0 0 0 0 3 150 155 7137 4930 27 13 30
111 83 102 75 27 41 29 1237 48 7 72 0 18 19 NA 19 NA 6 48 1 8 8 24 0 0 0 0 1 8 8 24 0 0 0 0 0 157 158 7198 4928 29 14 29
112 78 102 75 27 39 28 1236 49 6 72 0 18 19 NA 19 NA 6 49 1 6 8 24 0 0 0 0 1 6 8 24 0 0 0 0 0 142 160 7271 4928 27 16 29
113 71 104 76 28 39 35 1212 64 2 71 0 18 19 NA 19 NA 10 64 1 7 7 24 0 0 0 0 1 7 7 24 0 0 0 0 1 134 161 7348 4929 26 14 31
114 75 103 75 28 40 32 1202 57 8 74 0 19 19 NA 19 NA 6 57 0 8 8 24 0 0 0 0 0 8 8 24 0 0 0 0 0 138 164 7421 4926 29 14 31
115 80 99 71 28 39 35 1222 65 2 72 0 20 19 NA 19 NA 6 65 0 9 7 23 0 0 0 0 0 9 7 23 0 0 0 0 0 163 165 7481 4928 30 12 30
116 89 105 78 27 42 34 1212 63 7 72 0 20 19 NA 19 NA 6 63 1 8 10 23 0 0 0 0 1 8 10 23 0 0 0 0 4 144 165 7553 4928 28 14 30
117 69 106 79 27 41 33 1227 48 4 72 0 21 19 NA 19 NA 4 48 1 7 11 22 0 0 0 0 1 7 11 22 0 0 0 0 2 149 166 7621 4928 27 16 29
118 57 108 81 27 41 32 1209 69 5 73 0 21 18 NA 18 NA 6 69 1 7 11 22 0 0 0 0 1 7 11 22 0 0 0 0 2 124 169 7681 4927 27 16 30
119 64 105 79 26 41 33 1196 56 3 77 0 22 18 NA 18 NA 4 56 0 8 11 22 0 0 0 0 0 8 11 22 0 0 0 0 1 145 170 7767 4923 29 18 30
120 60 104 78 26 42 30 1164 69 9 78 0 23 19 NA 19 NA 6 69 0 7 13 22 0 0 0 0 0 7 13 22 0 0 0 0 0 130 171 7839 4922 27 21 30
121 85 100 74 26 43 29 1170 44 7 78 0 24.5 19 NA 19 NA 6 44 0 8 13 22 0 0 0 0 0 8 13 22 0 0 0 0 1 152 172 7916 4922 25 23 30
122 72 100 76 24 43 33 1163 54 4 78 0 25 19 NA 19 NA 6 54 0 7 13 23 0 0 0 0 0 7 13 23 0 0 0 0 2 135 172 7987 4922 25 22 31
123 82 104 80 24 45 26 1168 56 10 78 0 24.5 19 NA 19 NA 5 56 0 7 15 23 0 0 0 0 0 7 15 23 0 0 0 0 4 165 175 8073 4922 22 25 31
124 77 107 82 25 47 27 1147 62 4 77 0 25 19 NA 19 NA 6 62 0 7 15 25 0 0 0 0 0 7 15 25 0 0 0 0 5 131 177 8142 4923 21 23 33
125 75 107 82 25 45 33 1121 61 3 76 0 25 19 NA 19 NA 11 61 0 7 15 23 0 0 0 0 0 7 15 23 0 0 0 0 2 124 179 8211 4924 22 22 32
126 76 104 79 25 44 33 1146 55 3 75 0 26.5 19 NA 19 NA 3 55 0 5 16 23 0 0 0 0 0 5 16 23 0 0 0 0 0 152 181 8262 4925 20 23 32
127 62 108 82 26 46 26 1148 49 7 75 0 25 19 NA 19 NA 2 49 0 6 17 23 0 0 0 0 0 6 17 23 0 0 0 0 2 128 183 8325 4925 19 24 32
128 76 105 80 25 44 30 1142 59 4 77 0 24 19 NA 19 NA 8 59 0 6 15 23 0 0 0 0 0 6 15 23 0 0 0 0 0 143 184 8396 4923 24 22 31
129 86 104 81 23 45 34 1122 65 4 76 0 24 18 NA 18 NA 10 65 1 8 14 22 0 0 0 0 1 8 14 22 0 0 0 0 0 140 186 8471 4924 23 22 31
130 79 100 77 23 44 29 1138 61 9 74 0 24.5 18 NA 18 NA 5 61 1 9 14 20 0 0 0 0 1 9 14 20 0 0 0 0 0 149 187 8529 4926 22 23 29
131 69 98 75 23 45 27 1145 61 5 72 0 24.5 18 NA 18 NA 4 61 2 7 14 22 0 0 0 0 2 7 14 22 0 0 0 0 1 136 189 8579 4928 19 23 30
132 87 98 76 22 46 34 1140 71 7 71 0 25 17.5 NA 17.5 NA 14 71 2 9 12 23 0 0 0 0 2 9 12 23 0 0 0 0 1 152 189 8641 4929 19 21 31
133 71 100 78 22 49 30 1146 62 8 72 0 26 18 NA 18 NA 7 62 2 9 14 24 0 0 0 0 2 9 14 24 0 0 0 0 3 148 189 8709 4928 17 22 33
134 64 103 81 22 49 31 1159 52 6 73 0 26 18 NA 18 NA 11 52 2 8 13 26 0 0 0 0 2 8 13 26 0 0 0 0 1 149 193 8774 4927 16 22 35
135 89 104 81 23 50 33 1165 50 6 75 0 26 18 NA 18 NA 9 50 1 8 12 29 0 0 0 0 1 8 12 29 0 0 0 0 3 148 194 8849 4925 17 20 38
136 70 103 79 24 49 33 1177 61 7 79 0 27 18 NA 18 NA 7 61 1 8 11 29 0 0 0 0 1 8 11 29 0 0 0 0 0 154 194 8905 4921 23 18 38
137 85 105 81 24 52 34 1167 70 7 82 0 27 17 NA 17 NA 10 70 3 8 12 29 0 0 0 0 3 8 12 29 0 0 0 0 0 137 196 8961 4918 25 19 38
138 68 105 81 24 51 31 1161 56 7 80 0 28 17 NA 17 NA 6 56 3 7 10 31 0 0 0 0 3 7 10 31 0 0 0 0 1 130 199 9032 4920 23 17 40
139 87 107 83 24 54 32 1156 63 8 79 0 26 17 NA 17 NA 9 63 3 10 10 31 0 0 0 0 3 10 10 31 0 0 0 0 4 156 199 9100 4921 25 16 38
140 78 108 85 23 54 33 1150 63 6 78 0 24 18 NA 18 NA 6 63 3 10 11 30 0 0 0 0 3 10 11 30 0 0 0 0 0 136 199 9165 4922 23 18 37
141 74 105 83 22 52 31 1165 57 5 75 0 23 17 NA 17 NA 4 57 3 10 10 29 0 0 0 0 3 10 10 29 0 0 0 0 1 151 200 9229 4925 23 15 37
142 65 109 86 23 55 36 1168 66 5 76 0 24 17 NA 17 NA 7 66 3 9 12 31 0 0 0 0 3 9 12 31 0 0 0 0 3 151 201 9297 4924 21 17 38
143 63 105 83 22 55 30 1168 50 7 74 0 24 17 NA 17 NA 3 50 2 11 10 32 0 0 0 0 2 11 10 32 0 0 0 0 1 125 202 9361 4926 21 15 38
144 94 103 82 21 52 40 1152 61 4 72 0 23 17 NA 17 NA 14 61 1 10 10 31 0 0 0 0 1 10 10 31 0 0 0 0 2 135 202 9429 4928 21 15 36
145 77 106 83 23 54 34 1159 43 10 75 0 22 17 NA 17 NA 4 43 1 10 10 33 0 0 0 0 1 10 10 33 0 0 0 0 2 136 204 9494 4925 23 13 39
146 77 106 83 23 54 27 1151 60 9 76 0 22.5 17 NA 17 NA 3 60 1 11 10 32 0 0 0 0 1 11 10 32 0 0 0 0 1 136 206 9561 4924 25 12 39
147 84 105 83 22 52 25 1162 53 4 74 0 23 17 NA 17 NA 3 53 0 12 10 30 0 0 0 0 0 12 10 30 0 0 0 0 2 154 207 9630 4926 24 13 37
148 86 108 86 22 53 26 1177 74 3 74 0 24 17 NA 17 NA 7 74 0 8 15 30 0 0 0 0 0 8 15 30 0 0 0 0 2 171 209 9692 4926 19 18 37
149 87 107 86 21 51 28 1192 47 3 73 0 24 17 NA 17 NA 5 47 0 7 16 28 0 0 0 0 0 7 16 28 0 0 0 0 2 143 210 9755 4927 18 20 35
150 71 106 85 21 53 27 1191 39 6 74 0 25 18 NA 18 NA 4 39 0 7 18 28 0 0 0 0 0 7 18 28 0 0 0 0 2 116 211 9812 4926 20 19 35
151 76 105 83 22 51 25 1186 62 4 77 0 24 17 NA 17 NA 4 62 0 6 19 26 0 0 0 0 0 6 19 26 0 0 0 0 0 150 213 9888 4923 23 21 33
152 76 102 80 22 50 28 1202 57 4 75 0 23.5 18 NA 18 NA 10 57 0 5 17 28 0 0 0 0 0 5 17 28 0 0 0 0 3 156 216 9952 4925 24 18 33
153 79 102 81 21 48 29 1179 57 6 73 0 21 18 NA 18 NA 7 57 0 5 17 26 0 0 0 0 0 5 17 26 0 0 0 0 0 132 217 10032 4927 24 18 31
154 69 103 83 20 51 29 1196 58 6 76 0 21 17 NA 17 NA 8 58 0 8 15 28 0 0 0 0 0 8 15 28 0 0 0 0 2 165 218 10112 4924 27 16 33
155 89 101 80 21 48 28 1206 59 5 74 0 22 17 NA 17 NA 7 59 0 8 14 26 0 0 0 0 0 8 14 26 0 0 0 0 1 147 222 10172 4926 28 15 31
156 76 101 79 22 50 31 1209 53 7 74 0 22 17 NA 17 NA 11 53 0 9 14 27 0 0 0 0 0 9 14 27 0 0 0 0 2 136 222 10233 4926 27 16 31
157 75 98 76 22 48 28 1202 52 7 72 0 23 17 NA 17 NA 5 52 0 8 15 25 0 0 0 0 0 8 15 25 0 0 0 0 1 141 222 10307 4928 24 19 29
158 75 95 74 21 43 32 1196 71 3 68 0 21 17 NA 17 NA 8 71 0 7 15 21 0 0 0 0 0 7 15 21 0 0 0 0 3 152 222 10376 4932 23 20 25
159 77 93 72 21 40 36 1168 71 6 65 0 20 17 NA 17 NA 10 71 0 5 15 20 0 0 0 0 0 5 15 20 0 0 0 0 3 141 223 10454 4935 23 19 23
160 68 95 74 21 42 29 1173 44 10 68 0 21 17 NA 17 NA 3 44 0 7 10 25 0 0 0 0 0 7 10 25 0 0 0 0 0 143 224 10529 4932 26 14 28
161 75 97 76 21 42 32 1170 54 4 69 0 22 17 NA 17 NA 7 54 1 7 8 26 0 0 0 0 1 7 8 26 0 0 0 0 2 148 224 10605 4931 27 13 29
162 86 98 75 23 42 31 1186 47 2 67 0 22 17 NA 17 NA 6 47 2 7 9 24 0 0 0 0 2 7 9 24 0 0 0 0 1 142 226 10662 4933 25 15 27
163 96 98 75 23 45 33 1158 68 6 68 0 23 16 NA 16 NA 7 68 3 7 10 25 0 0 0 0 3 7 10 25 0 0 0 0 0 141 226 10735 4932 21 18 29
164 64 98 75 23 45 35 1175 47 4 69 0 23.5 16 NA 16 NA 6 47 3 6 11 25 0 0 0 0 3 6 11 25 0 0 0 0 1 152 226 10808 4931 20 20 29
165 86 95 72 23 43 36 1146 71 5 68 0 23 16 NA 16 NA 7 71 2 7 11 23 0 0 0 0 2 7 11 23 0 0 0 0 0 140 227 10879 4932 21 20 27
166 66 100 75 25 43 36 1133 57 5 70 0 24 17 NA 17 NA 6 57 2 5 12 24 0 0 0 0 2 5 12 24 0 0 0 0 4 122 229 10943 4930 19 23 28
167 80 100 74 26 44 34 1139 44 8 68 0 22.5 16.5 NA 16.5 NA 6 44 3 5 13 23 0 0 0 0 3 5 13 23 0 0 0 0 2 129 231 11002 4932 19 23 26
168 71 101 75 26 46 36 1161 52 4 71 0 23 16.5 NA 16.5 NA 8 52 3 6 14 23 0 0 0 0 3 6 14 23 0 0 0 0 0 148 233 11057 4929 21 23 27
169 79 101 75 26 47 34 1204 54 9 70 0 23 17 NA 17 NA 10 54 2 7 16 22 0 0 0 0 2 7 16 22 0 0 0 0 1 182 237 11122 4930 21 23 26
170 74 102 76 26 48 32 1180 65 9 73 0 23 17.5 NA 17.5 NA 7 65 2 6 17 23 0 0 0 0 2 6 17 23 0 0 0 0 0 138 237 11196 4927 23 22 28
171 73 104 76 28 48 37 1207 60 5 75 0 23 17.5 NA 17.5 NA 10 60 1 8 16 23 0 0 0 0 1 8 16 23 0 0 0 0 4 167 239 11258 4925 24 23 28
172 77 101 74 27 47 43 1202 67 5 72 0 23 18 NA 18 NA 12 67 1 8 17 21 0 0 0 0 1 8 17 21 0 0 0 0 1 148 240 11323 4928 22 24 26
173 76 103 74 29 50 43 1185 60 8 73 0 22 17.5 NA 17.5 NA 7 60 1 10 18 21 0 0 0 0 1 10 18 21 0 0 0 0 1 132 241 11395 4927 22 25 26
174 81 101 71 30 49 36 1170 59 7 73 0 21 17 NA 17 NA 4 59 1 11 15 22 0 0 0 0 1 11 15 22 0 0 0 0 2 133 244 11463 4927 26 21 26
175 77 101 71 30 48 35 1163 61 8 71 0 21 17.5 NA 17.5 NA 4 61 1 11 12 24 0 0 0 0 1 11 12 24 0 0 0 0 1 145 244 11537 4929 25 17 29
176 76 102 72 30 49 33 1164 59 6 70 0 21.5 18 NA 18 NA 7 59 1 11 11 26 0 0 0 0 1 11 11 26 0 0 0 0 0 147 248 11598 4930 24 16 30
177 80 103 72 31 50 34 1162 68 9 69 0 21 18 NA 18 NA 8 68 1 12 12 25 0 0 0 0 1 12 12 25 0 0 0 0 3 147 249 11659 4931 23 17 29
178 58 101 69 32 48 36 1146 60 5 72 0 22 17.5 NA 17.5 NA 9 60 1 10 11 26 0 0 0 0 1 10 11 26 0 0 0 0 2 122 251 11717 4928 25 15 32
179 76 104 72 32 50 36 1161 49 7 74 0 21 17 NA 17 NA 6 49 1 13 10 26 0 0 0 0 1 13 10 26 0 0 0 0 3 144 252 11778 4926 27 15 32
180 71 104 73 31 47 36 1182 48 2 72 0 21.5 17 NA 17 NA 4 48 1 12 10 24 0 0 0 0 1 12 10 24 0 0 0 0 1 157 254 11847 4928 25 16 31
181 56 104 74 30 47 37 1170 61 3 73 0 22 17 NA 17 NA 5 61 2 11 9 25 0 0 0 0 2 11 9 25 0 0 0 0 1 149 255 11928 4927 26 15 32
182 92 105 75 30 47 34 1178 62 5 72 0 21 17 NA 17 NA 4 62 2 9 12 24 0 0 0 0 2 9 12 24 0 0 0 0 1 145 258 11985 4928 23 19 30
183 75 106 74 32 48 35 1180 50 4 74 0 21 17 NA 17 NA 5 50 1 9 13 25 0 0 0 0 1 9 13 25 0 0 0 0 3 150 260 12069 4926 24 20 30
184 83 106 74 32 48 39 1172 59 5 75 0 22 17 NA 17 NA 12 59 1 9 12 26 0 0 0 0 1 9 12 26 0 0 0 0 0 144 263 12142 4925 26 19 30
185 80 107 75 32 49 37 1178 56 4 77 0 23 17 NA 17 NA 5 56 1 9 12 27 0 0 0 0 1 9 12 27 0 0 0 0 0 135 266 12195 4923 26 20 31
186 81 110 76 34 48 40 1172 48 4 77 0 20 17.5 NA 17.5 NA 6 48 0 8 13 27 0 0 0 0 0 8 13 27 0 0 0 0 3 132 266 12262 4923 24 23 30
187 73 113 77 36 51 39 1178 54 8 79 0 21 17 NA 17 NA 6 54 0 10 13 28 0 0 0 0 0 10 13 28 0 0 0 0 2 141 266 12323 4921 26 22 31
188 73 114 78 36 53 38 1147 65 6 81 0 22 18 NA 18 NA 6 65 0 11 12 30 0 0 0 0 0 11 12 30 0 0 0 0 2 119 267 12389 4919 27 21 33
189 59 115 78 37 52 39 1161 53 5 82 0 23 18.5 NA 18.5 NA 7 53 0 11 11 30 0 0 0 0 0 11 11 30 0 0 0 0 2 155 268 12463 4918 29 20 33
190 84 118 81 37 56 37 1175 57 10 82 0 23 18.5 NA 18.5 NA 8 57 0 11 14 31 0 0 0 0 0 11 14 31 0 0 0 0 1 154 271 12529 4918 24 23 35
191 65 114 79 35 55 37 1174 66 4 83 0 24 19 NA 19 NA 7 66 0 8 16 31 0 0 0 0 0 8 16 31 0 0 0 0 0 154 274 12603 4917 24 23 36
192 67 115 81 34 56 34 1171 53 4 84 0 24 19 NA 19 NA 5 53 0 8 16 32 0 0 0 0 0 8 16 32 0 0 0 0 0 147 278 12677 4916 26 22 36
193 62 116 81 35 55 33 1180 44 4 85 0 24 19 NA 19 NA 3 44 0 7 15 33 0 0 0 0 0 7 15 33 0 0 0 0 1 141 278 12746 4915 26 22 37
194 69 114 79 35 53 33 1169 56 3 85 0 23.5 19 NA 19 NA 2 56 1 7 11 34 0 0 0 0 1 7 11 34 0 0 0 0 1 129 279 12811 4915 28 19 38
195 53 113 78 35 55 32 1179 59 6 88 0 24 19 NA 19 NA 9 59 1 8 10 36 0 0 0 0 1 8 10 36 0 0 0 0 1 163 282 12891 4912 28 20 40
196 76 114 79 35 56 31 1193 50 6 87 0 25 19 NA 19 NA 5 50 1 8 13 34 0 0 0 0 1 8 13 34 0 0 0 0 1 149 282 12959 4913 28 21 38
197 80 113 77 36 55 35 1202 50 2 86 0 26 19 NA 19 NA 8 50 1 7 13 34 0 0 0 0 1 7 13 34 0 0 0 0 1 148 285 13032 4914 25 22 39
198 73 114 80 34 56 37 1206 52 5 86 0 25 20 NA 20 NA 9 52 0 8 14 34 0 0 0 0 0 8 14 34 0 0 0 0 3 136 288 13099 4914 27 20 39
199 77 108 73 35 53 41 1185 62 7 83 0 24.5 20 NA 20 NA 9 62 0 8 15 30 0 0 0 0 0 8 15 30 0 0 0 0 0 129 290 13162 4917 28 21 34
200 79 109 75 34 54 43 1179 49 4 84 0 24 19.5 NA 19.5 NA 7 49 0 10 15 29 0 0 0 0 0 10 15 29 0 0 0 0 2 125 291 13217 4916 28 22 34
201 81 112 77 35 54 38 1168 60 8 83 0 23 19.5 NA 19.5 NA 4 60 0 10 16 28 0 0 0 0 0 10 16 28 0 0 0 0 2 144 292 13290 4917 27 23 33
202 80 114 80 34 57 33 1184 53 11 85 0 23 19 NA 19 NA 5 53 0 13 12 32 0 0 0 0 0 13 12 32 0 0 0 0 3 147 294 13344 4915 31 18 36
203 77 108 76 32 54 30 1152 54 7 81 0 23.5 18.5 NA 18.5 NA 6 54 0 10 13 31 0 0 0 0 0 10 13 31 0 0 0 0 0 129 296 13432 4919 27 19 35
204 72 108 76 32 56 31 1152 56 5 81 0 23.5 18.5 NA 18.5 NA 6 56 1 11 14 30 0 0 0 0 1 11 14 30 0 0 0 0 2 138 297 13495 4919 27 19 35
205 92 105 74 31 58 30 1186 43 9 80 0 25 18.5 NA 18.5 NA 7 43 2 12 13 31 0 0 0 0 2 12 13 31 0 0 0 0 1 167 297 13561 4920 25 19 36
206 70 104 74 30 55 35 1187 60 0 78 0 25 18 NA 18 NA 6 60 2 9 15 29 0 0 0 0 2 9 15 29 0 0 0 0 1 154 298 13636 4922 22 21 35
207 83 106 75 31 55 41 1176 67 4 77 0 25 19 NA 19 NA 9 67 2 9 13 31 0 0 0 0 2 9 13 31 0 0 0 0 3 159 298 13721 4923 21 20 36
208 74 103 73 30 54 41 1205 47 4 77 0 26 18.5 NA 18.5 NA 5 47 2 8 13 31 0 0 0 0 2 8 13 31 0 0 0 0 0 166 300 13793 4923 21 20 36
209 77 107 74 33 55 42 1219 44 6 77 0 26 19 NA 19 NA 9 44 2 8 14 31 0 0 0 0 2 8 14 31 0 0 0 0 4 149 303 13860 4923 19 21 37
210 69 105 73 32 54 39 1213 65 5 79 0 27 18.5 NA 18.5 NA 4 65 2 6 16 30 0 0 0 0 2 6 16 30 0 0 0 0 0 128 305 13918 4921 19 24 36
211 68 109 77 32 53 36 1212 58 3 79 0 26 18 NA 18 NA 4 58 1 5 17 30 0 0 0 0 1 5 17 30 0 0 0 0 4 138 308 13984 4921 17 26 36
212 52 107 77 30 50 41 1209 65 4 78 0 27 19 NA 19 NA 12 65 0 3 17 30 0 0 0 0 0 3 17 30 0 0 0 0 0 133 310 14047 4922 16 25 37
213 78 107 77 30 51 35 1205 60 9 80 0 27 19 NA 19 NA 5 60 1 3 17 30 0 0 0 0 1 3 17 30 0 0 0 0 2 137 312 14114 4920 19 25 36
214 68 109 79 30 53 33 1185 53 6 82 0 28 19 NA 19 NA 5 53 1 2 20 30 0 0 0 0 1 2 20 30 0 0 0 0 3 131 314 14188 4918 20 26 36
215 67 113 83 30 54 36 1207 56 6 81 0 28 20.5 NA 20.5 NA 8 56 1 2 17 34 0 0 0 0 1 2 17 34 0 0 0 0 2 166 315 14259 4919 20 21 40
216 79 111 83 28 51 37 1203 51 7 79 0 27 22 NA 22 NA 6 51 1 2 15 33 0 0 0 0 1 2 15 33 0 0 0 0 1 126 315 14320 4921 21 20 38
217 73 111 83 28 55 33 1173 58 8 78 0 27 22 NA 22 NA 5 58 1 5 17 32 0 0 0 0 1 5 17 32 0 0 0 0 2 136 317 14411 4922 20 20 38
218 89 114 84 30 57 35 1156 53 5 79 0 25.5 22 NA 22 NA 9 53 0 7 15 35 0 0 0 0 0 7 15 35 0 0 0 0 2 130 320 14484 4921 20 18 41
219 66 113 82 31 55 35 1160 59 4 81 0 25 22 NA 22 NA 6 59 0 6 15 34 0 0 0 0 0 6 15 34 0 0 0 0 1 157 322 14560 4919 23 17 41
220 59 115 85 30 55 35 1157 59 6 81 0 25 22 NA 22 NA 9 59 0 6 14 35 0 0 0 0 0 6 14 35 0 0 0 0 1 147 325 14638 4919 22 17 42
221 86 114 85 29 58 35 1144 49 8 84 0 25.5 22 NA 22 NA 7 49 2 7 11 38 0 0 0 0 2 7 11 38 0 0 0 0 1 130 326 14709 4916 26 14 44
222 71 111 85 26 52 37 1146 55 4 78 0 24 22 NA 22 NA 8 55 2 4 11 35 0 0 0 0 2 4 11 35 0 0 0 0 3 147 327 14782 4922 22 15 41
223 88 111 87 24 50 40 1156 59 2 80 0 22 22 NA 22 NA 5 59 2 4 8 36 0 0 0 0 2 4 8 36 0 0 0 0 1 150 327 14847 4920 27 12 41
224 74 112 89 23 50 45 1154 71 6 80 0 23 22 NA 22 NA 9 71 2 5 8 35 0 0 0 0 2 5 8 35 0 0 0 0 1 147 328 14904 4920 27 13 40
225 77 112 91 21 49 44 1154 55 7 80 0 23 22 NA 22 NA 7 55 2 4 9 34 0 0 0 0 2 4 9 34 0 0 0 0 3 138 330 14969 4920 25 16 39
226 72 108 89 19 53 43 1173 58 10 80 0 24 22 NA 22 NA 7 58 3 5 12 33 0 0 0 0 3 5 12 33 0 0 0 0 0 148 331 15023 4920 25 17 38
227 67 110 89 21 57 45 1164 53 6 83 0 23 22 NA 22 NA 6 53 3 9 13 32 0 0 0 0 3 9 13 32 0 0 0 0 1 145 331 15102 4917 29 17 37
228 82 112 89 23 59 46 1183 51 7 84 0 23.5 20 NA 20 NA 9 51 4 9 13 33 0 0 0 0 4 9 13 33 0 0 0 0 0 142 333 15158 4916 28 18 38
229 67 111 87 24 59 41 1170 57 12 82 0 23 20 NA 20 NA 6 57 3 11 12 33 0 0 0 0 3 11 12 33 0 0 0 0 1 132 335 15229 4918 27 17 38
230 77 114 91 23 60 39 1180 56 7 83 0 23 21 NA 21 NA 6 56 2 13 13 32 0 0 0 0 2 13 13 32 0 0 0 0 4 145 338 15286 4917 28 18 37
231 67 115 92 23 59 39 1177 58 5 83 0 22 20 NA 20 NA 8 58 1 13 15 30 0 0 0 0 1 13 15 30 0 0 0 0 3 151 341 15366 4917 26 22 35
232 87 113 90 23 59 33 1154 50 8 84 0 23 20 NA 20 NA 3 50 1 14 15 29 0 0 0 0 1 14 15 29 0 0 0 0 0 134 342 15443 4916 28 21 35
233 63 115 91 24 59 34 1148 56 5 82 0 24 20 NA 20 NA 6 56 1 13 16 29 0 0 0 0 1 13 16 29 0 0 0 0 4 130 343 15504 4918 24 24 34
234 91 115 92 23 57 29 1153 54 6 80 0 23 22 NA 22 NA 5 54 0 13 13 31 0 0 0 0 0 13 13 31 0 0 0 0 3 159 347 15580 4920 25 19 36
235 72 116 94 22 57 36 1167 64 3 81 0 23.5 20 NA 20 NA 14 64 0 11 16 30 0 0 0 0 0 11 16 30 0 0 0 0 2 154 350 15639 4919 23 23 35
236 76 119 96 23 58 31 1148 52 9 84 0 24 20 NA 20 NA 5 52 0 10 16 32 0 0 0 0 0 10 16 32 0 0 0 0 3 126 351 15709 4916 24 23 37
237 90 113 89 24 54 34 1155 65 6 79 0 22 19.5 NA 19.5 NA 11 65 1 10 12 31 0 0 0 0 1 10 12 31 0 0 0 0 1 154 352 15773 4921 24 20 35
238 67 111 87 24 57 31 1152 55 8 77 0 23 19 NA 19 NA 4 55 1 13 11 32 0 0 0 0 1 13 11 32 0 0 0 0 2 144 353 15841 4923 22 20 35
239 87 111 86 25 58 27 1158 60 6 79 0 24 19.5 NA 19.5 NA 4 60 1 11 14 32 0 0 0 0 1 11 14 32 0 0 0 0 0 157 354 15912 4921 22 22 35
240 76 111 86 25 57 29 1164 62 3 79 0 23 20 NA 20 NA 5 62 1 11 13 32 0 0 0 0 1 11 13 32 0 0 0 0 1 154 355 15975 4921 24 20 35
241 77 113 88 25 59 25 1168 59 7 82 0 23 20 NA 20 NA 4 59 1 11 14 33 0 0 0 0 1 11 14 33 0 0 0 0 0 152 357 16045 4918 26 20 36
242 74 111 88 23 56 27 1193 49 1 82 0 24 20 NA 20 NA 3 49 1 8 15 32 0 0 0 0 1 8 15 32 0 0 0 0 1 165 357 16115 4918 25 22 35
243 71 110 88 22 57 30 1187 49 5 82 0 24.5 20 NA 20 NA 5 49 0 11 13 33 0 0 0 0 0 11 13 33 0 0 0 0 1 139 357 16185 4918 26 19 37
244 81 106 85 21 53 34 1192 67 3 76 0 22 19 NA 19 NA 7 67 0 10 15 28 0 0 0 0 0 10 15 28 0 0 0 0 1 146 357 16240 4924 24 21 31
245 65 108 86 22 55 36 1211 66 6 78 0 22 19 NA 19 NA 7 66 0 13 14 28 0 0 0 0 0 13 14 28 0 0 0 0 2 154 358 16289 4922 27 18 33
246 73 107 84 23 57 37 1190 65 5 81 0 22 18 NA 18 NA 6 65 0 14 16 27 0 0 0 0 0 14 16 27 0 0 0 0 1 129 360 16360 4919 31 19 31
247 67 104 82 22 58 38 1204 50 4 84 0 24 18 NA 18 NA 7 50 1 12 15 30 0 0 0 0 1 12 15 30 0 0 0 0 0 142 361 16421 4916 31 18 35
248 72 104 83 21 59 37 1219 58 5 83 0 24 18 NA 18 NA 5 58 0 11 17 31 0 0 0 0 0 11 17 31 0 0 0 0 2 142 364 16476 4917 28 20 35
249 91 99 78 21 56 36 1210 62 8 79 0 25 18 NA 18 NA 9 62 0 8 19 29 0 0 0 0 0 8 19 29 0 0 0 0 1 147 366 16544 4921 25 21 33
250 84 100 79 21 55 42 1203 62 4 78 0 25.5 18 NA 18 NA 10 62 0 8 19 28 0 0 0 0 0 8 19 28 0 0 0 0 2 148 367 16611 4922 25 21 32
251 61 101 80 21 55 44 1185 73 7 77 0 26 18 NA 18 NA 9 73 1 7 18 29 0 0 0 0 1 7 18 29 0 0 0 0 1 133 369 16674 4923 23 21 33
252 72 102 79 23 55 42 1182 50 7 77 0 26 18 NA 18 NA 8 50 2 6 19 28 0 0 0 0 2 6 19 28 0 0 0 0 4 136 372 16742 4923 22 23 32
253 63 107 83 24 57 40 1169 57 10 77 0 25 18 NA 18 NA 6 57 2 8 18 29 0 0 0 0 2 8 18 29 0 0 0 0 3 136 372 16821 4923 21 24 32
254 78 109 85 24 56 36 1139 48 5 77 0 24 17.5 NA 17.5 NA 2 48 1 6 18 31 0 0 0 0 1 6 18 31 0 0 0 0 3 116 374 16901 4923 19 25 33
255 65 111 88 23 57 35 1143 52 5 77 0 25 17 NA 17 NA 4 52 1 6 20 30 0 0 0 0 1 6 20 30 0 0 0 0 1 153 374 16977 4923 19 25 33
256 95 107 86 21 53 35 1144 55 3 72 0 22 16 NA 16 NA 4 55 0 9 17 27 0 0 0 0 0 9 17 27 0 0 0 0 3 141 376 17042 4928 20 22 30
257 82 110 89 21 52 36 1135 59 4 73 0 22.5 16.5 NA 16.5 NA 8 59 0 9 16 27 0 0 0 0 0 9 16 27 0 0 0 0 1 146 379 17115 4927 22 21 30
258 84 109 89 20 52 37 1145 55 5 74 0 23 16.5 NA 16.5 NA 6 55 0 8 16 28 0 0 0 0 0 8 16 28 0 0 0 0 0 150 380 17179 4926 20 24 30
259 65 109 89 20 51 35 1160 61 6 71 0 22 16 NA 16 NA 6 61 0 10 13 28 0 0 0 0 0 10 13 28 0 0 0 0 2 152 382 17241 4929 18 23 30
260 87 108 89 19 51 39 1146 72 4 71 0 22.5 16 NA 16 NA 8 72 0 10 12 29 0 0 0 0 0 10 12 29 0 0 0 0 3 142 382 17307 4929 19 20 32
261 75 105 86 19 50 35 1126 59 8 69 0 23 16 NA 16 NA 5 59 0 9 10 31 0 0 0 0 0 9 10 31 0 0 0 0 0 124 383 17371 4931 17 19 33
262 75 107 88 19 50 35 1143 54 3 71 0 22 16.5 NA 16.5 NA 7 54 0 9 11 30 0 0 0 0 0 9 11 30 0 0 0 0 2 163 388 17440 4929 19 20 32
263 63 107 88 19 51 37 1122 57 7 73 0 23 17 NA 17 NA 12 57 1 9 10 31 0 0 0 0 1 9 10 31 0 0 0 0 1 118 391 17502 4927 21 18 34
264 69 106 86 20 50 36 1132 59 4 75 0 23 17 NA 17 NA 6 59 1 7 12 30 0 0 0 0 1 7 12 30 0 0 0 0 1 146 392 17571 4925 22 19 34
265 84 106 86 20 50 40 1152 58 4 78 0 23 17 NA 17 NA 9 58 1 7 12 30 0 0 0 0 1 7 12 30 0 0 0 0 0 153 393 17630 4922 26 17 35
266 69 109 87 22 51 34 1181 47 7 79 0 22 17 NA 17 NA 3 47 1 7 10 33 0 0 0 0 1 7 10 33 0 0 0 0 4 140 395 17676 4921 26 15 38
267 83 111 89 22 52 36 1165 64 5 81 0 22 16 NA 16 NA 8 64 2 7 10 33 0 0 0 0 2 7 10 33 0 0 0 0 1 134 396 17740 4919 28 15 38
268 69 112 89 23 52 33 1159 62 6 81 0 21 16 NA 16 NA 3 62 2 9 10 31 0 0 0 0 2 9 10 31 0 0 0 0 2 146 397 17816 4919 30 15 36
269 69 112 89 23 51 33 1140 59 7 83 0 19.5 16 NA 16 NA 6 59 1 8 12 30 0 0 0 0 1 8 12 30 0 0 0 0 2 125 398 17884 4917 32 18 33
270 70 108 86 22 50 42 1134 71 6 79 0 20 16 NA 16 NA 14 71 1 9 10 30 0 0 0 0 1 9 10 30 0 0 0 0 0 161 399 17963 4921 30 14 35
271 58 108 85 23 51 39 1138 45 8 79 0 20.5 16 NA 16 NA 8 45 0 10 10 31 0 0 0 0 0 10 10 31 0 0 0 0 1 140 403 18040 4921 30 13 36
272 75 110 87 23 51 42 1151 57 5 80 0 21 16 NA 16 NA 8 57 0 10 9 32 0 0 0 0 0 10 9 32 0 0 0 0 2 145 404 18095 4920 30 14 36
273 80 108 86 22 48 48 1164 56 4 77 0 21 17 NA 17 NA 9 56 0 10 9 29 0 0 0 0 0 10 9 29 0 0 0 0 1 131 406 18140 4923 29 14 34
274 70 108 87 21 50 40 1171 50 13 80 0 21.5 17 NA 17 NA 6 50 1 10 11 28 0 0 0 0 1 10 11 28 0 0 0 0 1 157 406 18223 4920 32 16 32
275 76 111 89 22 51 39 1184 51 4 80 0 22 17 NA 17 NA 5 51 1 10 11 29 0 0 0 0 1 10 11 29 0 0 0 0 4 151 409 18289 4920 29 18 33
276 72 110 88 22 50 33 1170 53 8 79 0 22.5 16.5 NA 16.5 NA 5 53 1 9 12 28 0 0 0 0 1 9 12 28 0 0 0 0 1 128 413 18366 4921 28 19 32
277 83 109 86 23 51 30 1169 55 6 77 0 22 16 NA 16 NA 6 55 3 8 14 26 0 0 0 0 3 8 14 26 0 0 0 0 2 155 415 18438 4923 25 23 29
278 81 111 88 23 52 36 1151 60 5 82 0 23 16 NA 16 NA 10 60 2 10 14 26 0 0 0 0 2 10 14 26 0 0 0 0 0 129 416 18497 4918 28 24 30
279 72 116 94 22 60 36 1141 75 15 83 0 23 16 NA 16 NA 13 75 3 14 17 26 0 0 0 0 3 14 17 26 0 0 0 0 3 138 416 18552 4917 27 26 30
280 55 115 93 22 61 35 1140 62 8 85 0 24 16 NA 16 NA 7 62 3 13 18 27 0 0 0 0 3 13 18 27 0 0 0 0 0 147 417 18624 4915 26 28 31
281 93 115 94 21 60 33 1141 53 10 86 0 24 16 NA 16 NA 8 53 3 11 19 27 0 0 0 0 3 11 19 27 0 0 0 0 0 138 417 18685 4914 24 30 32
282 94 114 94 20 59 35 1145 51 7 81 0 25 16 NA 16 NA 9 51 3 12 16 28 0 0 0 0 3 12 16 28 0 0 0 0 3 161 417 18765 4919 22 26 33
283 61 114 94 20 58 32 1159 60 6 82 0 26 16 NA 16 NA 6 60 1 14 15 28 0 0 0 0 1 14 15 28 0 0 0 0 1 155 421 18829 4918 23 26 33
284 66 115 94 21 61 26 1164 53 7 84 0 27 16 NA 16 NA 3 53 1 13 16 31 0 0 0 0 1 13 16 31 0 0 0 0 1 144 424 18894 4916 23 26 35
285 78 117 96 21 62 34 1168 59 4 84 0 25 16.5 NA 16.5 NA 11 59 1 13 17 31 0 0 0 0 1 13 17 31 0 0 0 0 0 146 424 18958 4916 23 26 35
286 78 112 92 20 59 28 1176 41 8 80 0 24.5 16 NA 16 NA 4 41 1 11 18 29 0 0 0 0 1 11 18 29 0 0 0 0 1 142 425 19031 4920 20 28 32
287 82 109 90 19 58 25 1158 56 4 81 0 25 16 NA 16 NA 5 56 0 12 17 29 0 0 0 0 0 12 17 29 0 0 0 0 0 136 428 19107 4919 22 27 32
288 88 107 90 17 59 24 1147 60 7 81 0 26 16 NA 16 NA 6 60 0 12 17 30 0 0 0 0 0 12 17 30 0 0 0 0 0 137 429 19174 4919 22 27 32
289 75 108 91 17 57 27 1140 51 3 81 0 26.5 16 NA 16 NA 5 51 0 12 13 32 0 0 0 0 0 12 13 32 0 0 0 0 2 136 429 19244 4919 23 24 34
290 86 111 92 19 60 34 1153 63 7 84 0 26 16 NA 16 NA 13 63 0 9 19 32 0 0 0 0 0 9 19 32 0 0 0 0 2 153 430 19301 4916 22 26 36
291 81 109 90 19 57 27 1158 59 12 86 0 25 16 NA 16 NA 6 59 0 8 17 32 0 0 0 0 0 8 17 32 0 0 0 0 1 146 431 19361 4914 27 24 35
292 81 106 88 18 60 24 1141 59 9 82 0 26 16 NA 16 NA 2 59 0 9 19 32 0 0 0 0 0 9 19 32 0 0 0 0 0 134 432 19426 4918 25 24 33
293 59 105 88 17 60 27 1131 61 1 81 0 27 16 NA 16 NA 5 61 1 7 16 36 0 0 0 0 1 7 16 36 0 0 0 0 0 128 434 19486 4919 23 20 38
294 85 105 89 16 58 27 1120 59 6 82 0 26 16 NA 16 NA 6 59 1 8 16 33 0 0 0 0 1 8 16 33 0 0 0 0 1 145 435 19566 4918 27 20 35
295 88 107 91 16 59 33 1132 55 4 83 0 26 16 NA 16 NA 9 55 1 9 16 33 0 0 0 0 1 9 16 33 0 0 0 0 1 160 436 19634 4917 28 20 35
296 65 107 91 16 58 33 1146 60 5 83 0 24 16 NA 16 NA 6 60 1 10 14 33 0 0 0 0 1 10 14 33 0 0 0 0 1 152 438 19698 4917 28 20 35
297 77 109 93 16 57 33 1151 43 4 86 0 24 16 NA 16 NA 4 43 1 9 14 33 0 0 0 0 1 9 14 33 0 0 0 0 0 136 438 19770 4914 31 20 35
298 81 111 94 17 54 32 1167 62 5 84 0 23 16 NA 16 NA 4 62 1 7 12 34 0 0 0 0 1 7 12 34 0 0 0 0 2 157 438 19830 4916 30 17 37
299 59 110 93 17 56 33 1148 56 5 83 0 24 16 NA 16 NA 5 56 0 9 11 36 0 0 0 0 0 9 11 36 0 0 0 0 0 118 439 19900 4917 27 18 38
300 66 108 91 17 56 34 1172 56 5 81 0 24.5 16 NA 16 NA 5 56 0 10 11 35 0 0 0 0 0 10 11 35 0 0 0 0 1 148 440 19956 4919 25 18 38
301 82 110 93 17 55 32 1174 58 4 82 0 24.5 16 NA 16 NA 6 58 0 8 13 34 0 0 0 0 0 8 13 34 0 0 0 0 3 141 443 20020 4918 25 19 38
302 79 103 87 16 52 31 1152 59 6 78 0 25 16 NA 16 NA 5 59 0 6 12 34 0 0 0 0 0 6 12 34 0 0 0 0 0 128 444 20083 4922 22 19 37
303 74 103 88 15 56 33 1126 58 6 79 0 26 17 NA 17 NA 9 58 0 8 13 35 0 0 0 0 0 8 13 35 0 0 0 0 1 126 448 20157 4921 20 21 38
304 66 103 89 14 55 25 1144 71 10 78 0 26 17 NA 17 NA 6 71 0 9 11 35 0 0 0 0 0 9 11 35 0 0 0 0 0 159 451 20212 4922 21 19 38
305 76 106 92 14 55 31 1138 63 5 77 0 26 17 NA 17 NA 10 63 0 8 12 35 0 0 0 0 0 8 12 35 0 0 0 0 1 147 451 20277 4923 21 18 38
306 78 109 94 15 56 34 1170 46 7 78 0 24 17 NA 17 NA 8 46 0 6 16 34 0 0 0 0 0 6 16 34 0 0 0 0 4 155 452 20334 4922 20 22 36
307 79 109 94 15 57 30 1149 42 11 79 0 25 17 NA 17 NA 7 42 1 6 18 32 0 0 0 0 1 6 18 32 0 0 0 0 0 116 454 20408 4921 21 23 35
308 74 111 95 16 59 29 1159 68 6 80 0 25 18 NA 18 NA 8 68 1 7 20 31 0 0 0 0 1 7 20 31 0 0 0 0 3 168 456 20478 4920 22 23 35
309 79 113 95 18 61 29 1171 51 6 83 0 26 17 NA 17 NA 5 51 2 6 21 32 0 0 0 0 2 6 21 32 0 0 0 0 2 150 456 20547 4917 21 26 36
310 80 115 95 20 62 27 1144 52 7 86 0 25 17 NA 17 NA 6 52 2 6 21 33 0 0 0 0 2 6 21 33 0 0 0 0 3 127 457 20626 4914 24 26 36
311 73 116 95 21 61 24 1178 46 6 85 0 26 18 NA 18 NA 2 46 2 5 20 34 0 0 0 0 2 5 20 34 0 0 0 0 2 153 457 20679 4915 24 24 37
312 75 115 94 21 60 25 1199 56 4 84 0 27 17.5 NA 17.5 NA 8 56 1 6 18 35 0 0 0 0 1 6 18 35 0 0 0 0 1 163 460 20748 4916 24 22 38
313 74 112 92 20 59 26 1206 54 5 83 0 26.5 18 NA 18 NA 5 54 1 5 19 34 0 0 0 0 1 5 19 34 0 0 0 0 0 143 460 20808 4917 24 22 37
314 88 109 89 20 58 27 1201 60 5 79 0 25 17.5 NA 17.5 NA 6 60 2 5 17 34 0 0 0 0 2 5 17 34 0 0 0 0 1 136 460 20864 4921 21 21 37
315 62 107 87 20 57 31 1214 56 4 77 0 26 17 NA 17 NA 8 56 1 7 14 35 0 0 0 0 1 7 14 35 0 0 0 0 2 136 461 20918 4923 19 20 38
316 88 107 87 20 58 29 1190 52 9 77 0 26 17.5 NA 17.5 NA 5 52 0 10 15 33 0 0 0 0 0 10 15 33 0 0 0 0 1 132 462 21002 4923 20 21 36
317 69 109 88 21 58 34 1201 59 5 81 0 26 17.5 NA 17.5 NA 11 59 0 9 16 33 0 0 0 0 0 9 16 33 0 0 0 0 2 164 463 21077 4919 24 21 36
318 78 108 88 20 54 41 1213 55 2 80 0 24 18 NA 18 NA 10 55 0 6 14 34 0 0 0 0 0 6 14 34 0 0 0 0 2 143 464 21137 4920 24 19 37
319 70 106 87 19 53 38 1238 64 6 78 0 24.5 17 NA 17 NA 4 64 0 7 13 33 0 0 0 0 0 7 13 33 0 0 0 0 0 156 466 21193 4922 24 18 36
320 69 106 87 19 53 39 1207 62 4 81 0 25.5 17 NA 17 NA 6 62 0 7 12 34 0 0 0 0 0 7 12 34 0 0 0 0 0 142 468 21280 4919 26 18 37
321 82 107 90 17 59 43 1180 56 8 81 0 25 16 NA 16 NA 10 56 2 9 11 37 0 0 0 0 2 9 11 37 0 0 0 0 2 127 469 21351 4919 24 17 40
322 73 108 91 17 59 43 1174 59 4 84 0 25 16 NA 16 NA 5 59 2 9 11 37 0 0 0 0 2 9 11 37 0 0 0 0 2 139 470 21415 4916 24 20 40
323 84 108 91 17 58 51 1165 51 5 85 0 26 16 NA 16 NA 10 51 2 9 10 37 0 0 0 0 2 9 10 37 0 0 0 0 0 136 470 21490 4915 26 19 40
324 83 110 92 18 61 47 1149 42 6 83 0 26 16 NA 16 NA 3 42 2 10 13 36 0 0 0 0 2 10 13 36 0 0 0 0 4 126 472 21569 4917 24 20 39
325 96 107 89 18 57 43 1158 44 7 78 0 25 16 NA 16 NA 6 44 2 8 12 35 0 0 0 0 2 8 12 35 0 0 0 0 2 146 475 21632 4922 22 18 38
326 82 107 87 20 55 41 1133 61 7 77 0 25 16 NA 16 NA 7 61 2 8 11 34 0 0 0 0 2 8 11 34 0 0 0 0 2 130 477 21710 4923 23 16 38
327 80 110 90 20 53 42 1149 54 2 77 0 22.5 16 NA 16 NA 5 54 2 7 10 34 0 0 0 0 2 7 10 34 0 0 0 0 1 157 479 21776 4923 24 15 38
328 72 111 91 20 53 37 1160 51 8 77 0 23 16 NA 16 NA 3 51 3 6 12 32 0 0 0 0 3 6 12 32 0 0 0 0 1 134 480 21835 4923 24 16 37
329 78 109 88 21 52 33 1165 50 6 77 0 23 16 NA 16 NA 5 50 2 6 14 30 0 0 0 0 2 6 14 30 0 0 0 0 0 152 484 21912 4923 23 20 34
330 64 108 86 22 52 33 1190 51 2 77 0 23.5 15.5 NA 15.5 NA 7 51 1 8 11 32 0 0 0 0 1 8 11 32 0 0 0 0 1 149 490 21970 4923 23 18 36
331 71 107 86 21 55 26 1179 51 11 77 0 23 15 NA 15 NA 5 51 1 10 12 32 0 0 0 0 1 10 12 32 0 0 0 0 1 135 495 22046 4923 24 18 35
332 72 106 85 21 53 22 1180 56 6 75 0 23.5 15 NA 15 NA 4 56 1 9 13 30 0 0 0 0 1 9 13 30 0 0 0 0 0 144 495 22115 4925 22 19 34
333 88 109 88 21 54 29 1204 61 6 78 0 23 15 NA 15 NA 12 61 1 9 11 33 0 0 0 0 1 9 11 33 0 0 0 0 0 168 496 22176 4922 24 18 36
334 82 108 87 21 55 30 1194 52 5 79 0 24 15 NA 15 NA 7 52 1 9 13 32 0 0 0 0 1 9 13 32 0 0 0 0 1 144 499 22249 4921 23 20 36
335 94 102 82 20 56 26 1184 68 10 75 0 25 15 NA 15 NA 5 68 2 9 15 30 0 0 0 0 2 9 15 30 0 0 0 0 0 152 500 22315 4925 20 22 33
336 70 105 84 21 57 26 1154 74 4 79 0 26 15 NA 15 NA 5 74 2 9 15 31 0 0 0 0 2 9 15 31 0 0 0 0 3 131 502 22386 4921 24 21 34
337 97 105 84 21 56 29 1139 55 3 80 0 26 15 NA 15 NA 6 55 1 10 13 32 0 0 0 0 1 10 13 32 0 0 0 0 1 136 502 22455 4920 26 19 35
338 75 109 87 22 56 31 1146 57 4 81 0 23 15 NA 15 NA 6 57 1 11 13 31 0 0 0 0 1 11 13 31 0 0 0 0 4 133 503 22505 4919 28 19 34
339 71 110 89 21 55 36 1121 66 3 84 0 22.5 15 NA 15 NA 12 66 0 11 12 32 0 0 0 0 0 11 12 32 0 0 0 0 0 133 507 22582 4916 31 19 34
340 67 111 90 21 55 36 1126 55 8 86 0 23 16 NA 16 NA 8 55 0 10 13 32 0 0 0 0 0 10 13 32 0 0 0 0 1 137 507 22645 4914 32 19 35
341 78 108 87 21 53 34 1151 51 6 83 0 23.5 16 NA 16 NA 4 51 0 9 12 32 0 0 0 0 0 9 12 32 0 0 0 0 1 163 507 22716 4917 29 18 36
342 77 106 86 20 53 31 1169 53 7 83 0 24 16 NA 16 NA 5 53 0 9 13 31 0 0 0 0 0 9 13 31 0 0 0 0 1 148 509 22779 4917 28 19 36
343 74 104 84 20 54 27 1205 50 9 82 0 25 16 NA 16 NA 4 50 1 9 13 31 0 0 0 0 1 9 13 31 0 0 0 0 0 154 510 22835 4918 27 19 36
344 73 102 84 18 52 34 1204 64 2 80 0 25.5 16 NA 16 NA 9 64 0 9 12 31 0 0 0 0 0 9 12 31 0 0 0 0 1 153 510 22905 4920 27 17 36
345 80 104 86 18 55 29 1207 53 9 83 0 26 15 NA 15 NA 5 53 2 9 12 32 0 0 0 0 2 9 12 32 0 0 0 0 3 159 511 22981 4917 26 19 38
346 71 103 84 19 54 29 1206 53 4 82 0 25 15 NA 15 NA 6 53 3 8 11 32 0 0 0 0 3 8 11 32 0 0 0 0 0 143 513 23053 4918 26 17 39
347 74 104 85 19 55 31 1207 48 5 81 0 26 15 NA 15 NA 7 48 3 9 9 34 0 0 0 0 3 9 9 34 0 0 0 0 2 135 514 23121 4919 25 15 41
348 67 103 84 19 53 27 1222 54 8 80 0 27 15 NA 15 NA 6 54 3 7 10 33 0 0 0 0 3 7 10 33 0 0 0 0 1 151 515 23185 4920 22 18 40
349 81 104 85 19 54 28 1235 58 7 80 0 26.5 15 NA 15 NA 8 58 3 7 11 33 0 0 0 0 3 7 11 33 0 0 0 0 0 157 516 23254 4920 23 18 39
350 88 109 88 21 55 30 1233 57 3 84 0 26 15 NA 15 NA 7 57 2 8 12 33 0 0 0 0 2 8 12 33 0 0 0 0 4 145 519 23316 4916 25 20 39
351 71 108 87 21 56 34 1236 54 6 84 0 27 15.5 NA 15.5 NA 11 54 1 8 14 33 0 0 0 0 1 8 14 33 0 0 0 0 0 137 522 23378 4916 22 23 39
352 88 108 88 20 58 30 1213 57 10 84 0 27 16 NA 16 NA 6 57 2 9 14 33 0 0 0 0 2 9 14 33 0 0 0 0 1 126 522 23448 4916 20 25 39
353 83 105 84 21 53 31 1195 61 2 81 0 26 16 NA 16 NA 6 61 2 9 12 30 0 0 0 0 2 9 12 30 0 0 0 0 1 149 524 23536 4919 21 25 35
354 62 105 84 21 56 35 1216 59 7 81 0 27 16 NA 16 NA 11 59 2 9 13 32 0 0 0 0 2 9 13 32 0 0 0 0 1 157 524 23597 4919 20 24 37
355 73 102 81 21 55 34 1219 58 9 77 0 27.5 16 NA 16 NA 4 58 2 11 12 30 0 0 0 0 2 11 12 30 0 0 0 0 1 160 524 23678 4923 19 23 35
356 67 100 80 20 54 34 1193 58 5 75 0 27.5 15.5 NA 15.5 NA 6 58 2 11 14 27 0 0 0 0 2 11 14 27 0 0 0 0 2 131 525 23762 4925 19 24 32
357 78 97 78 19 52 37 1200 56 5 74 0 28 16 NA 16 NA 6 56 1 9 15 27 0 0 0 0 1 9 15 27 0 0 0 0 1 151 525 23828 4926 18 23 33
358 77 97 80 17 52 39 1188 66 5 73 0 27 16 NA 16 NA 8 66 1 10 15 26 0 0 0 0 1 10 15 26 0 0 0 0 1 137 526 23893 4927 19 22 32
359 84 95 78 17 51 42 1184 55 5 72 0 28 16 NA 16 NA 11 55 1 9 15 26 0 0 0 0 1 9 15 26 0 0 0 0 0 133 528 23954 4928 19 21 32
360 66 94 77 17 48 40 1172 42 7 70 0 27 16 NA 16 NA 5 42 0 9 14 25 0 0 0 0 0 9 14 25 0 0 0 0 2 123 528 24029 4930 18 20 32
