1 78 97 81 16 47 22 1242 61 16 74 0 26 18 NA 18 NA 3 61 1 7 16 23 0 0 0 0 1 7 16 23 0 0 0 0 2 154 0 0 4926 19 26 29
2 101 99 83 16 47 18 1297 53 8 74 0 26 18 NA 18 NA 3 53 1 7 16 23 0 0 0 0 1 7 16 23 0 0 0 0 2 130 0 0 4926 19 26 29
3 82 102 85 17 45 23 1346 67 3 73 0 26 18 NA 18 NA 8 67 1 7 15 22 0 0 0 0 1 7 15 22 0 0 0 0 4 143 0 0 4927 18 26 29
4 84 106 88 18 45 30 1374 85 7 73 0 25 18 NA 18 NA 14 85 1 8 14 22 0 0 0 0 1 8 14 22 0 0 0 0 5 133 0 0 4927 18 26 29
5 75 107 87 20 45 32 1411 75 5 74 0 25 17 NA 17 NA 7 75 2 8 14 21 0 0 0 0 2 8 14 21 0 0 0 0 0 139 0 0 4926 20 26 28
6 76 109 89 20 45 33 1444 65 9 73 0 24 18 NA 18 NA 9 65 1 7 14 23 0 0 0 0 1 7 14 23 0 0 0 0 1 129 0 0 4927 17 25 31
7 72 109 89 20 44 37 1483 70 3 72 0 25 17.5 NA 17.5 NA 7 70 1 7 13 23 0 0 0 0 1 7 13 23 0 0 0 0 0 134 0 0 4928 16 23 33
8 78 109 87 22 44 44 1527 73 7 71 0 24 17.5 NA 17.5 NA 11 73 1 8 14 21 0 0 0 0 1 8 14 21 0 0 0 0 2 135 0 0 4929 16 23 32
9 76 108 85 23 44 46 1566 79 8 71 0 23.5 17.5 NA 17.5 NA 10 79 1 7 13 23 0 0 0 0 1 7 13 23 0 0 0 0 1 138 0 0 4929 17 22 32
10 83 109 87 22 45 49 1568 81 7 76 0 24 17 NA 17 NA 10 81 1 7 12 25 0 0 0 0 1 7 12 25 0 0 0 0 0 118 0 0 4924 21 21 34
11 77 110 86 24 46 45 1611 69 8 75 0 24 17 NA 17 NA 6 69 2 7 12 25 0 0 0 0 2 7 12 25 0 0 0 0 1 137 0 0 4925 18 21 36
12 67 109 86 23 45 45 1618 72 7 72 0 24 17 NA 17 NA 6 72 2 7 11 25 0 0 0 0 2 7 11 25 0 0 0 0 0 103 0 0 4928 17 19 36
13 82 106 84 22 42 47 1079 57 2 71 0 21.5 17 NA 17 NA 12 57 2 7 9 24 0 0 0 0 2 7 9 24 0 0 0 0 1 128 8 592 4929 20 16 35
14 77 116 90 26 45 48 1086 61 8 72 0 19 17 NA 17 NA 7 61 1 9 10 25 0 0 0 0 1 9 10 25 0 0 0 0 6 150 8 653 4928 20 16 36
15 71 115 89 26 47 47 1092 58 7 74 0 18 17 NA 17 NA 7 58 1 10 10 26 0 0 0 0 1 10 10 26 0 0 0 0 1 153 9 720 4926 23 15 36
16 78 112 86 26 47 46 1086 55 7 77 0 19 17 NA 17 NA 7 55 2 7 12 26 0 0 0 0 2 7 12 26 0 0 0 0 0 140 11 786 4923 26 16 35
17 70 111 85 26 49 44 1089 60 7 78 0 20 17 NA 17 NA 8 60 2 6 14 27 0 0 0 0 2 6 14 27 0 0 0 0 1 142 14 848 4922 27 17 34
18 66 115 89 26 51 41 1104 52 6 84 0 20 17 NA 17 NA 5 52 0 7 15 29 0 0 0 0 0 7 15 29 0 0 0 0 2 138 16 905 4916 31 17 36
19 83 115 88 27 52 39 1118 41 6 83 0 21 17 NA 17 NA 4 41 0 8 15 29 0 0 0 0 0 8 15 29 0 0 0 0 2 140 18 972 4917 31 16 36
20 74 112 84 28 53 35 1133 48 8 84 0 22 18 NA 18 NA 6 48 0 10 14 29 0 0 0 0 0 10 14 29 0 0 0 0 0 149 21 1039 4916 33 16 35
21 66 110 81 29 53 36 1138 52 4 82 0 23 18 NA 18 NA 6 52 0 9 14 30 0 0 0 0 0 9 14 30 0 0 0 0 1 143 23 1103 4918 30 17 35
22 85 107 79 28 50 39 1173 45 2 79 0 21 18 NA 18 NA 7 45 0 7 13 30 0 0 0 0 0 7 13 30 0 0 0 0 0 155 24 1157 4921 27 18 34
23 84 106 78 28 50 40 1185 72 5 80 0 22 18 NA 18 NA 10 72 0 6 12 32 0 0 0 0 0 6 12 32 0 0 0 0 1 161 27 1216 4920 28 15 37
24 75 103 77 26 47 44 1218 66 2 79 0 23 18 NA 18 NA 10 66 0 6 10 31 0 0 0 0 0 6 10 31 0 0 0 0 0 160 30 1259 4921 30 13 36
25 71 100 74 26 45 40 1222 73 10 77 0 22.5 17 NA 17 NA 9 73 0 6 10 29 0 0 0 0 0 6 10 29 0 0 0 0 0 154 33 1318 4923 28 15 34
26 57 96 71 25 47 41 1197 62 9 79 0 23 17 NA 17 NA 10 62 1 7 11 28 0 0 0 0 1 7 11 28 0 0 0 0 0 129 35 1392 4921 32 15 32
27 83 95 71 24 44 33 1193 51 9 75 0 23 17.5 NA 17.5 NA 2 51 2 6 9 27 0 0 0 0 2 6 9 27 0 0 0 0 3 135 36 1464 4925 28 16 31
28 71 94 70 24 43 40 1194 65 3 74 0 24 17 NA 17 NA 10 65 2 4 10 27 0 0 0 0 2 4 10 27 0 0 0 0 1 143 36 1523 4926 23 20 31
29 74 95 71 24 43 36 1190 76 8 74 0 25 17 NA 17 NA 6 76 1 7 9 26 0 0 0 0 1 7 9 26 0 0 0 0 2 156 38 1591 4926 23 21 30
30 66 95 71 24 42 40 1193 67 6 75 0 25 17 NA 17 NA 11 67 1 6 9 26 0 0 0 0 1 6 9 26 0 0 0 0 2 149 40 1652 4925 22 23 30
31 73 97 73 24 42 44 1168 62 3 78 0 26 17 NA 17 NA 8 62 1 5 10 26 0 0 0 0 1 5 10 26 0 0 0 0 1 128 40 1722 4922 24 24 30
32 73 94 71 23 40 43 1159 52 7 73 0 26 16.5 NA 16.5 NA 8 52 2 5 10 23 0 0 0 0 2 5 10 23 0 0 0 0 0 128 43 1790 4927 21 25 27
33 69 93 70 23 41 44 1176 43 3 73 0 27 17 NA 17 NA 5 43 2 5 11 23 0 0 0 0 2 5 11 23 0 0 0 0 0 153 45 1865 4927 20 25 28
34 83 92 71 21 41 48 1164 57 5 72 0 27.5 17 NA 17 NA 10 57 0 8 9 24 0 0 0 0 0 8 9 24 0 0 0 0 1 131 49 1925 4928 21 21 30
35 79 93 72 21 46 43 1124 63 8 73 0 28 17.5 NA 17.5 NA 2 63 1 8 11 26 0 0 0 0 1 8 11 26 0 0 0 0 0 121 50 2007 4927 20 22 31
36 68 94 75 19 45 39 1146 49 5 72 0 27.5 18 NA 18 NA 3 49 1 9 11 24 0 0 0 0 1 9 11 24 0 0 0 0 2 156 53 2074 4928 20 23 29
37 66 93 75 18 42 40 1145 50 4 70 0 26 18 NA 18 NA 8 50 1 8 11 22 0 0 0 0 1 8 11 22 0 0 0 0 1 131 56 2145 4930 19 23 28
38 91 94 77 17 39 41 1165 51 3 65 0 25 18 NA 18 NA 6 51 1 5 13 20 0 0 0 0 1 5 13 20 0 0 0 0 3 147 57 2203 4935 12 27 26
39 84 95 77 18 41 44 1165 56 5 69 0 26 18 NA 18 NA 9 56 1 6 12 22 0 0 0 0 1 6 12 22 0 0 0 0 1 143 60 2267 4931 15 26 28
40 70 100 82 18 44 39 1180 52 10 70 0 26 18.5 NA 18.5 NA 5 52 0 8 12 24 0 0 0 0 0 8 12 24 0 0 0 0 3 147 61 2329 4930 15 21 34
41 63 98 80 18 45 36 1186 61 9 71 0 27 18 NA 18 NA 6 61 0 8 14 23 0 0 0 0 0 8 14 23 0 0 0 0 1 159 63 2410 4929 16 22 33
42 79 99 80 19 44 39 1152 66 3 72 0 28 18 NA 18 NA 7 66 0 6 12 26 0 0 0 0 0 6 12 26 0 0 0 0 1 115 63 2474 4928 15 20 37
43 67 96 79 17 43 34 1158 51 6 72 0 29 18 NA 18 NA 7 51 0 6 11 26 0 0 0 0 0 6 11 26 0 0 0 0 1 152 69 2543 4928 16 20 36
44 70 96 78 18 44 35 1164 73 4 71 0 29.5 17.5 NA 17.5 NA 8 73 1 6 10 27 0 0 0 0 1 6 10 27 0 0 0 0 1 156 72 2607 4929 16 18 37
45 78 92 75 17 42 33 1154 45 3 66 0 28 17.5 NA 17.5 NA 3 45 1 6 9 26 0 0 0 0 1 6 9 26 0 0 0 0 0 143 74 2692 4934 16 16 34
46 68 93 75 18 41 33 1166 50 5 66 0 28 17 NA 17 NA 6 50 1 4 11 25 0 0 0 0 1 4 11 25 0 0 0 0 2 135 75 2750 4934 15 17 34
47 88 97 79 18 41 27 1187 54 6 66 0 28 17 NA 17 NA 5 54 1 4 10 26 0 0 0 0 1 4 10 26 0 0 0 0 3 152 79 2802 4934 14 17 35
48 88 100 81 19 42 28 1168 61 5 68 0 25.5 17.5 NA 17.5 NA 5 61 1 4 11 26 0 0 0 0 1 4 11 26 0 0 0 0 3 140 80 2879 4932 17 16 35
49 70 100 80 20 45 33 1191 59 7 68 0 26.5 17 NA 17 NA 10 59 1 7 10 27 0 0 0 0 1 7 10 27 0 0 0 0 2 151 81 2931 4932 16 16 36
50 65 102 81 21 46 36 1199 56 5 71 0 26 17.5 NA 17.5 NA 9 56 1 7 7 31 0 0 0 0 1 7 7 31 0 0 0 0 1 159 83 3012 4929 19 11 41
51 85 100 79 21 45 29 1182 64 10 68 0 24 17 NA 17 NA 3 64 0 7 9 29 0 0 0 0 0 7 9 29 0 0 0 0 2 140 83 3079 4932 17 13 38
52 91 101 79 22 47 31 1173 55 4 72 0 23 16 NA 16 NA 4 55 1 9 8 29 0 0 0 0 1 9 8 29 0 0 0 0 1 133 84 3143 4928 22 12 38
53 78 102 80 22 48 35 1171 60 5 72 0 24 15 NA 15 NA 9 60 1 9 8 30 0 0 0 0 1 9 8 30 0 0 0 0 2 155 85 3223 4928 20 13 39
54 77 101 78 23 47 40 1166 71 5 71 0 23 15 NA 15 NA 11 71 0 11 6 30 0 0 0 0 0 11 6 30 0 0 0 0 1 134 87 3278 4929 21 11 39
55 61 96 76 20 46 34 1176 67 11 69 0 24 15 NA 15 NA 7 67 0 10 8 28 0 0 0 0 0 10 8 28 0 0 0 0 0 149 88 3335 4931 20 11 38
56 67 98 78 20 44 33 1166 63 5 69 0 21.5 15.5 NA 15.5 NA 6 63 0 10 8 26 0 0 0 0 0 10 8 26 0 0 0 0 2 145 90 3408 4931 22 11 36
57 85 98 79 19 43 29 1199 57 6 67 0 21 16 NA 16 NA 5 57 0 10 8 25 0 0 0 0 0 10 8 25 0 0 0 0 3 164 93 3458 4933 21 11 35
58 82 97 77 20 43 26 1170 61 5 67 0 22 17 NA 17 NA 2 61 0 8 8 27 0 0 0 0 0 8 8 27 0 0 0 0 1 133 93 3533 4933 20 12 35
59 77 96 77 19 43 30 1163 68 5 70 0 22.5 15 NA 15 NA 8 68 0 10 8 25 0 0 0 0 0 10 8 25 0 0 0 0 0 143 93 3594 4930 25 12 33
60 65 98 79 19 44 27 1201 47 6 73 0 22.5 15 NA 15 NA 4 47 0 8 11 25 0 0 0 0 0 8 11 25 0 0 0 0 1 149 95 3649 4927 25 15 33
61 83 94 75 19 43 29 1169 60 1 72 0 23.5 16 NA 16 NA 5 60 0 6 12 25 0 0 0 0 0 6 12 25 0 0 0 0 0 127 97 3725 4928 25 14 33
62 77 96 77 19 42 29 1183 58 3 73 0 23.5 15.5 NA 15.5 NA 6 58 0 5 13 24 0 0 0 0 0 5 13 24 0 0 0 0 3 163 99 3796 4927 25 16 32
63 78 98 79 19 44 33 1189 51 4 74 0 23.5 15.5 NA 15.5 NA 7 51 0 6 12 26 0 0 0 0 0 6 12 26 0 0 0 0 3 145 100 3863 4926 25 15 34
64 77 100 81 19 45 29 1179 63 6 75 0 24 16 NA 16 NA 3 63 1 6 14 24 0 0 0 0 1 6 14 24 0 0 0 0 2 155 101 3934 4925 24 19 32
65 83 96 76 20 43 32 1175 53 3 72 0 24.5 15 NA 15 NA 5 53 1 7 9 26 0 0 0 0 1 7 9 26 0 0 0 0 1 140 102 4007 4928 23 15 34
66 64 94 74 20 42 30 1178 63 4 72 0 24.5 15 NA 15 NA 6 63 1 6 10 25 0 0 0 0 1 6 10 25 0 0 0 0 1 141 106 4066 4928 24 16 32
67 82 98 74 24 43 31 1151 61 5 71 0 21.5 15 NA 15 NA 6 61 1 6 11 25 0 0 0 0 1 6 11 25 0 0 0 0 2 131 107 4137 4929 23 16 32
68 81 95 72 23 44 31 1169 48 5 71 0 23 15 NA 15 NA 7 48 0 8 11 25 0 0 0 0 0 8 11 25 0 0 0 0 0 147 108 4195 4929 24 16 31
69 81 95 72 23 44 27 1176 54 5 71 0 22 15 NA 15 NA 3 54 1 8 11 24 0 0 0 0 1 8 11 24 0 0 0 0 0 145 109 4268 4929 25 16 30
70 76 93 71 22 42 30 1176 57 4 70 0 23 15 NA 15 NA 7 57 1 8 9 24 0 0 0 0 1 8 9 24 0 0 0 0 0 137 109 4328 4930 25 14 31
71 93 89 68 21 38 32 1172 55 4 66 0 23 16 NA 16 NA 7 55 1 6 11 20 0 0 0 0 1 6 11 20 0 0 0 0 1 139 110 4390 4934 22 17 27
72 87 90 69 21 38 39 1173 67 4 67 0 23 16 NA 16 NA 14 67 0 6 9 23 0 0 0 0 0 6 9 23 0 0 0 0 1 164 113 4459 4933 23 15 29
73 79 87 67 20 36 39 1174 57 9 65 0 24 16 NA 16 NA 9 57 0 6 8 22 0 0 0 0 0 6 8 22 0 0 0 0 0 139 114 4521 4935 21 16 28
74 81 87 65 22 38 37 1155 60 13 65 0 23 17.5 NA 17.5 NA 9 60 0 9 8 21 0 0 0 0 0 9 8 21 0 0 0 0 1 145 114 4600 4935 23 15 27
75 71 91 66 25 38 33 1147 61 6 68 0 23 17.5 NA 17.5 NA 4 61 0 6 10 22 0 0 0 0 0 6 10 22 0 0 0 0 1 137 116 4671 4932 23 17 28
76 65 90 65 25 39 34 1134 64 3 70 0 24 17 NA 17 NA 7 64 0 5 11 23 0 0 0 0 0 5 11 23 0 0 0 0 1 149 120 4750 4930 23 18 29
77 68 89 64 25 41 32 1154 43 7 70 0 25 16 NA 16 NA 6 43 0 7 10 24 0 0 0 0 0 7 10 24 0 0 0 0 0 149 122 4819 4930 21 19 30
78 67 90 63 27 42 33 1156 68 8 69 0 26 16.5 NA 16.5 NA 10 68 0 8 10 24 0 0 0 0 0 8 10 24 0 0 0 0 1 140 124 4874 4931 19 20 30
79 74 92 66 26 41 35 1156 41 5 72 0 26 17 NA 17 NA 8 41 0 8 10 23 0 0 0 0 0 8 10 23 0 0 0 0 2 126 125 4937 4928 23 19 30
80 75 91 66 25 41 32 1163 54 6 70 0 26 18 NA 18 NA 3 54 0 6 12 23 0 0 0 0 0 6 12 23 0 0 0 0 0 151 125 5003 4930 21 20 29
81 81 92 66 26 43 31 1159 53 8 70 0 26 17 NA 17 NA 8 53 0 9 12 22 0 0 0 0 0 9 12 22 0 0 0 0 1 138 127 5069 4930 20 21 29
82 78 92 66 26 43 31 1176 51 6 71 0 27 17 NA 17 NA 6 51 0 9 12 22 0 0 0 0 0 9 12 22 0 0 0 0 0 142 127 5122 4929 20 22 29
83 78 90 66 24 42 31 1153 61 5 69 0 26.5 17 NA 17 NA 7 61 0 8 11 23 0 0 0 0 0 8 11 23 0 0 0 0 1 129 130 5195 4931 20 18 31
84 71 92 68 24 41 39 1136 65 3 71 0 26.5 17 NA 17 NA 13 65 0 5 13 23 0 0 0 0 0 5 13 23 0 0 0 0 2 134 130 5268 4929 20 20 31
85 82 94 71 23 42 30 1141 64 12 69 0 25 16.5 NA 16.5 NA 2 64 0 6 14 22 0 0 0 0 0 6 14 22 0 0 0 0 4 147 132 5328 4931 19 20 30
86 90 93 70 23 42 31 1123 50 6 67 0 26 17.5 NA 17.5 NA 9 50 0 6 15 21 0 0 0 0 0 6 15 21 0 0 0 0 1 118 133 5394 4933 18 21 28
87 77 95 71 24 42 37 1104 60 3 71 0 25 17.5 NA 17.5 NA 8 60 0 5 13 24 0 0 0 0 0 5 13 24 0 0 0 0 1 128 135 5457 4929 20 20 31
88 72 91 71 20 42 34 1100 72 7 69 0 26 18 NA 18 NA 9 72 0 3 13 26 0 0 0 0 0 3 13 26 0 0 0 0 1 154 135 5525 4931 17 20 32
89 74 90 71 19 40 37 1110 49 5 67 0 26 18 NA 18 NA 9 49 0 3 12 25 0 0 0 0 0 3 12 25 0 0 0 0 0 152 135 5592 4933 17 18 32
90 79 93 72 21 39 32 1108 70 9 68 0 26 18 NA 18 NA 4 70 0 3 11 25 0 0 0 0 0 3 11 25 0 0 0 0 2 153 135 5656 4932 19 16 33
91 85 93 72 21 38 32 1112 46 6 69 0 27 18 NA 18 NA 7 46 0 1 13 24 0 0 0 0 0 1 13 24 0 0 0 0 1 121 136 5713 4931 18 19 32
92 81 97 76 21 38 32 1128 53 3 69 0 25 18 NA 18 NA 2 53 0 1 11 26 0 0 0 0 0 1 11 26 0 0 0 0 4 145 136 5774 4931 18 17 34
93 78 99 78 21 42 32 1144 52 5 71 0 26 18 NA 18 NA 4 52 0 4 11 27 0 0 0 0 0 4 11 27 0 0 0 0 0 149 136 5836 4929 19 16 36
94 66 97 77 20 40 29 1144 51 4 68 0 27 18 NA 18 NA 4 51 0 3 11 26 0 0 0 0 0 3 11 26 0 0 0 0 1 136 138 5902 4932 17 15 36
95 85 97 76 21 39 35 1157 52 4 67 0 25 18 NA 18 NA 9 52 0 4 10 25 0 0 0 0 0 4 10 25 0 0 0 0 2 148 139 5965 4933 18 14 35
96 81 99 78 21 39 35 1172 43 5 69 0 24 18 NA 18 NA 5 43 0 4 10 25 0 0 0 0 0 4 10 25 0 0 0 0 2 143 140 6029 4931 18 16 35
97 59 97 77 20 41 34 1192 49 5 71 0 25 18 NA 18 NA 6 49 1 5 10 25 0 0 0 0 1 5 10 25 0 0 0 0 0 151 143 6094 4929 22 15 34
98 82 98 79 19 42 44 1200 67 5 72 0 23.5 17.5 NA 17.5 NA 14 67 1 7 9 25 0 0 0 0 1 7 9 25 0 0 0 0 0 152 143 6151 4928 23 14 35
99 80 96 78 18 43 37 1213 49 11 71 0 24 18 NA 18 NA 11 49 2 6 11 24 0 0 0 0 2 6 11 24 0 0 0 0 1 140 148 6205 4929 21 15 35
100 67 99 81 18 43 32 1197 63 9 71 0 24 18 NA 18 NA 5 63 2 5 9 27 0 0 0 0 2 5 9 27 0 0 0 0 2 141 150 6277 4929 21 12 38
101 76 98 81 17 40 36 1190 56 3 68 0 22 17.5 NA 17.5 NA 7 56 2 5 8 25 0 0 0 0 2 5 8 25 0 0 0 0 1 145 150 6350 4932 22 11 35
102 77 96 79 17 38 37 1195 53 4 70 0 23 17 NA 17 NA 7 53 2 4 9 23 0 0 0 0 2 4 9 23 0 0 0 0 0 148 151 6426 4930 24 13 33
103 74 96 78 18 37 37 1226 58 6 71 0 24 17 NA 17 NA 5 58 1 2 9 25 0 0 0 0 1 2 9 25 0 0 0 0 1 169 151 6487 4929 22 14 35
104 77 96 78 18 39 35 1252 56 5 75 0 25 18 NA 18 NA 5 56 0 5 9 25 0 0 0 0 0 5 9 25 0 0 0 0 0 172 153 6560 4925 25 15 35
105 84 95 77 18 37 41 1239 65 1 74 0 24 18 NA 18 NA 7 65 0 4 9 24 0 0 0 0 0 4 9 24 0 0 0 0 1 159 153 6634 4926 25 16 33
106 82 96 80 16 38 47 1231 63 3 75 0 24 18.5 NA 18.5 NA 9 63 0 5 9 24 0 0 0 0 0 5 9 24 0 0 0 0 1 154 155 6706 4925 27 16 32
107 69 95 79 16 41 44 1231 65 8 76 0 26 18 NA 18 NA 6 65 1 7 9 24 0 0 0 0 1 7 9 24 0 0 0 0 1 147 156 6769 4924 27 17 32
108 83 96 80 16 43 33 1229 51 10 76 0 24 18 NA 18 NA 2 51 1 7 10 25 0 0 0 0 1 7 10 25 0 0 0 0 1 139 160 6841 4924 26 18 32
109 83 97 82 15 44 45 1173 80 3 74 0 24 18.5 NA 18.5 NA 14 80 1 6 12 25 0 0 0 0 1 6 12 25 0 0 0 0 2 118 161 6913 4926 22 20 32
110 81 95 80 15 42 43 1178 69 7 73 0 25 18 NA 18 NA 8 69 1 5 12 24 0 0 0 0 1 5 12 24 0 0 0 0 1 159 163 6975 4927 21 20 32
111 65 97 82 15 42 41 1186 56 9 72 0 25 18 NA 18 NA 10 56 0 7 11 24 0 0 0 0 0 7 11 24 0 0 0 0 1 142 166 7038 4928 21 19 32
112 67 98 83 15 42 40 1190 58 3 74 0 26 18 NA 18 NA 6 58 0 6 11 25 0 0 0 0 0 6 11 25 0 0 0 0 0 139 170 7100 4926 22 19 33
113 77 96 82 14 43 42 1189 41 5 72 0 26.5 18 NA 18 NA 6 41 0 7 12 24 0 0 0 0 0 7 12 24 0 0 0 0 0 133 170 7176 4928 22 19 31
114 73 96 82 14 46 40 1215 59 10 71 0 26.5 18 NA 18 NA 8 59 0 9 13 24 0 0 0 0 0 9 13 24 0 0 0 0 1 181 171 7250 4929 18 21 32
115 76 98 87 11 44 29 1182 58 10 70 0 25 18 NA 18 NA 4 58 0 8 10 26 0 0 0 0 0 8 10 26 0 0 0 0 3 132 175 7337 4930 18 18 34
116 85 95 83 12 40 26 1189 45 4 66 0 24 19 NA 19 NA 2 45 0 5 12 23 0 0 0 0 0 5 12 23 0 0 0 0 3 155 178 7420 4934 15 20 31
117 76 98 86 12 40 32 1169 82 2 68 0 25 19 NA 19 NA 9 82 0 3 13 24 0 0 0 0 0 3 13 24 0 0 0 0 2 157 179 7500 4932 15 20 33
118 89 101 90 11 37 33 1154 64 4 68 0 24 19 NA 19 NA 8 64 0 3 11 23 0 0 0 0 0 3 11 23 0 0 0 0 2 142 181 7566 4932 16 20 32
119 76 99 88 11 36 34 1179 54 5 66 0 24 19.5 NA 19.5 NA 4 54 0 4 12 20 0 0 0 0 0 4 12 20 0 0 0 0 1 152 181 7626 4934 16 21 29
120 77 99 88 11 38 37 1178 62 6 68 0 25 19 NA 19 NA 8 62 0 6 10 22 0 0 0 0 0 6 10 22 0 0 0 0 1 144 183 7695 4932 17 19 32
121 76 99 87 12 38 39 1168 60 3 69 0 26 19 NA 19 NA 6 60 0 6 7 25 0 0 0 0 0 6 7 25 0 0 0 0 4 119 183 7746 4931 18 15 36
122 68 98 85 13 37 33 1166 58 4 68 0 25 19 NA 19 NA 7 58 0 6 6 25 0 0 0 0 0 6 6 25 0 0 0 0 0 139 190 7810 4932 18 14 36
123 86 97 84 13 36 35 1177 62 4 68 0 23 19 NA 19 NA 4 62 0 5 6 25 0 0 0 0 0 5 6 25 0 0 0 0 2 158 190 7874 4932 21 13 34
124 82 97 83 14 37 32 1199 39 4 68 0 22 19 NA 19 NA 3 39 0 6 6 25 0 0 0 0 0 6 6 25 0 0 0 0 0 142 193 7942 4932 20 14 34
125 74 97 83 14 38 32 1231 59 5 66 0 22 19 NA 19 NA 5 59 0 7 6 25 0 0 0 0 0 7 6 25 0 0 0 0 2 172 193 8000 4934 20 12 34
126 90 95 82 13 39 30 1194 56 6 66 0 22 19 NA 19 NA 1 56 0 8 8 23 0 0 0 0 0 8 8 23 0 0 0 0 0 135 193 8087 4934 21 12 33
127 83 93 80 13 38 38 1187 70 1 68 0 23 19 NA 19 NA 10 70 0 6 9 23 0 0 0 0 0 6 9 23 0 0 0 0 0 144 194 8149 4932 23 12 33
128 88 93 80 13 38 45 1175 69 2 70 0 23 19 NA 19 NA 13 69 0 4 9 25 0 0 0 0 0 4 9 25 0 0 0 0 1 153 196 8230 4930 24 11 35
129 70 96 82 14 39 45 1178 56 4 72 0 23 19 NA 19 NA 7 56 2 3 9 25 0 0 0 0 2 3 9 25 0 0 0 0 5 147 197 8300 4928 26 12 34
130 84 99 85 14 40 39 1176 53 12 76 0 22 18 NA 18 NA 5 53 2 4 9 25 0 0 0 0 2 4 9 25 0 0 0 0 2 134 198 8357 4924 28 13 35
131 80 99 84 15 39 30 1157 62 10 75 0 22 17 NA 17 NA 6 62 2 4 9 24 0 0 0 0 2 4 9 24 0 0 0 0 1 138 202 8436 4925 28 13 34
132 68 98 82 16 38 37 1169 61 1 74 0 21.5 18 NA 18 NA 8 61 2 3 9 24 0 0 0 0 2 3 9 24 0 0 0 0 0 155 203 8502 4926 27 13 34
133 71 102 82 20 39 34 1188 66 9 77 0 22 17 NA 17 NA 8 66 2 4 9 24 0 0 0 0 2 4 9 24 0 0 0 0 2 160 206 8553 4923 29 14 34
134 76 104 83 21 41 31 1198 62 7 75 0 20 17 NA 17 NA 5 62 2 6 9 24 0 0 0 0 2 6 9 24 0 0 0 0 3 144 207 8608 4925 28 13 34
135 71 104 83 21 42 29 1179 65 8 75 0 20 17 NA 17 NA 9 65 2 8 9 23 0 0 0 0 2 8 9 23 0 0 0 0 2 139 210 8685 4925 28 15 32
136 79 103 81 22 40 27 1172 66 6 73 0 21 17 NA 17 NA 4 66 2 8 9 21 0 0 0 0 2 8 9 21 0 0 0 0 1 147 210 8754 4927 27 16 30
137 78 103 81 22 41 22 1163 63 9 73 0 21 17 NA 17 NA 5 63 1 10 9 21 0 0 0 0 1 10 9 21 0 0 0 0 1 150 211 8831 4927 29 16 28
138 72 100 78 22 43 27 1178 52 4 71 0 22 17 NA 17 NA 10 52 1 10 9 23 0 0 0 0 1 10 9 23 0 0 0 0 0 149 214 8896 4929 26 16 29
139 79 99 78 21 42 23 1184 50 5 69 0 23 17 NA 17 NA 3 50 1 10 7 24 0 0 0 0 1 10 7 24 0 0 0 0 1 139 214 8957 4931 22 18 29
140 69 98 79 19 40 25 1198 44 2 68 0 23 17 NA 17 NA 7 44 0 11 5 24 0 0 0 0 0 11 5 24 0 0 0 0 0 145 217 9031 4932 20 19 29
141 89 100 81 19 41 22 1175 60 5 72 0 24 17 NA 17 NA 3 60 0 10 5 26 0 0 0 0 0 10 5 26 0 0 0 0 3 138 219 9101 4928 21 20 31
142 85 104 84 20 42 28 1185 65 2 74 0 24 17 NA 17 NA 10 65 0 8 7 27 0 0 0 0 0 8 7 27 0 0 0 0 3 152 220 9162 4926 19 23 32
143 94 103 83 20 45 33 1178 66 5 74 0 25 17 NA 17 NA 7 66 0 7 11 27 0 0 0 0 0 7 11 27 0 0 0 0 0 149 220 9227 4926 18 23 33
144 76 105 85 20 43 35 1205 45 4 72 0 26 17 NA 17 NA 7 45 0 5 12 26 0 0 0 0 0 5 12 26 0 0 0 0 2 156 221 9288 4928 16 23 33
145 79 102 82 20 43 36 1208 58 5 74 0 27 17 NA 17 NA 6 58 0 3 15 25 0 0 0 0 0 3 15 25 0 0 0 0 1 160 221 9363 4926 17 26 31
146 82 100 82 18 45 38 1208 55 7 74 0 27.5 19 NA 19 NA 7 55 0 4 14 27 0 0 0 0 0 4 14 27 0 0 0 0 1 147 222 9430 4926 18 24 32
147 85 100 84 16 46 41 1200 56 7 74 0 27.5 18 NA 18 NA 11 56 0 4 15 27 0 0 0 0 0 4 15 27 0 0 0 0 2 125 223 9490 4926 18 23 33
148 72 100 85 15 44 41 1218 52 6 74 0 27.5 19 NA 19 NA 5 52 0 3 15 26 0 0 0 0 0 3 15 26 0 0 0 0 1 149 223 9554 4926 19 22 33
149 91 96 82 14 42 44 1197 67 3 71 0 28 19 NA 19 NA 8 67 0 2 16 24 0 0 0 0 0 2 16 24 0 0 0 0 0 141 224 9621 4929 18 22 31
150 62 97 82 15 42 41 1200 47 7 70 0 27 19 NA 19 NA 6 47 0 2 15 25 0 0 0 0 0 2 15 25 0 0 0 0 4 140 225 9693 4930 19 20 31
151 85 96 81 15 41 36 1174 63 5 69 0 28 19 NA 19 NA 3 63 0 2 13 26 0 0 0 0 0 2 13 26 0 0 0 0 0 132 228 9769 4931 19 17 33
152 77 96 81 15 44 37 1168 79 5 70 0 28 19 NA 19 NA 8 79 0 4 13 27 0 0 0 0 0 4 13 27 0 0 0 0 1 160 230 9837 4930 21 15 34
153 78 93 79 14 42 40 1176 52 4 68 0 24 19 NA 19 NA 8 52 0 5 10 27 0 0 0 0 0 5 10 27 0 0 0 0 2 149 233 9903 4932 20 15 33
154 99 90 78 12 41 40 1165 52 8 70 0 24.5 19 NA 19 NA 9 52 0 5 7 29 0 0 0 0 0 5 7 29 0 0 0 0 0 133 234 9969 4930 23 12 35
155 68 88 76 12 41 36 1168 47 3 69 0 25.5 19 NA 19 NA 3 47 0 5 6 30 0 0 0 0 0 5 6 30 0 0 0 0 0 143 238 10045 4931 22 12 35
156 73 87 74 13 41 40 1171 66 8 71 0 26 17 NA 17 NA 11 66 0 6 5 30 0 0 0 0 0 6 5 30 0 0 0 0 1 151 239 10109 4929 25 11 35
157 76 85 72 13 44 39 1157 51 9 70 0 27 18 NA 18 NA 7 51 0 8 6 30 0 0 0 0 0 8 6 30 0 0 0 0 1 134 240 10186 4930 23 11 36
158 84 84 72 12 42 43 1181 52 7 69 0 26 19 NA 19 NA 11 52 0 7 8 27 0 0 0 0 0 7 8 27 0 0 0 0 0 158 241 10255 4931 22 14 33
159 87 89 78 11 41 39 1205 43 10 69 0 25 19 NA 19 NA 5 43 0 6 6 29 0 0 0 0 0 6 6 29 0 0 0 0 3 146 242 10318 4931 22 13 34
160 71 84 74 10 40 34 1200 60 6 67 0 26 19.5 NA 19.5 NA 6 60 0 6 7 27 0 0 0 0 0 6 7 27 0 0 0 0 0 142 246 10391 4933 21 14 32
161 74 85 76 9 39 37 1182 54 5 66 0 27 19 NA 19 NA 9 54 0 5 6 28 0 0 0 0 0 5 6 28 0 0 0 0 1 126 247 10462 4934 20 13 33
162 67 88 77 11 41 37 1199 54 6 69 0 26 19 NA 19 NA 6 54 0 6 7 28 0 0 0 0 0 6 7 28 0 0 0 0 2 160 248 10533 4931 23 14 32
163 66 91 81 10 40 33 1235 53 9 68 0 23 19 NA 19 NA 8 53 0 6 7 27 0 0 0 0 0 6 7 27 0 0 0 0 3 160 250 10593 4932 23 14 31
164 73 89 77 12 37 36 1230 55 4 65 0 23 20 NA 20 NA 8 55 0 5 7 25 0 0 0 0 0 5 7 25 0 0 0 0 0 144 252 10673 4935 22 14 29
165 83 90 77 13 37 32 1225 56 7 67 0 23.5 20 NA 20 NA 7 56 0 5 7 25 0 0 0 0 0 5 7 25 0 0 0 0 1 139 255 10741 4933 22 14 31
166 87 92 79 13 38 31 1235 57 4 67 0 24 20 NA 20 NA 4 57 0 2 10 26 0 0 0 0 0 2 10 26 0 0 0 0 1 152 256 10803 4933 17 17 33
167 79 93 80 13 36 33 1242 61 2 65 0 25 20 NA 20 NA 4 61 0 2 9 25 0 0 0 0 0 2 9 25 0 0 0 0 1 147 258 10866 4935 16 17 32
168 76 95 81 14 37 37 1246 67 6 65 0 26 20 NA 20 NA 11 67 0 1 11 25 0 0 0 0 0 1 11 25 0 0 0 0 1 155 259 10933 4935 14 19 32
169 68 91 77 14 35 40 1236 66 6 62 0 26 20 NA 20 NA 10 66 0 1 9 25 0 0 0 0 0 1 9 25 0 0 0 0 0 151 261 11007 4938 13 17 32
170 71 95 79 16 36 40 1229 59 5 63 0 25 20 NA 20 NA 5 59 0 0 10 26 0 0 0 0 0 0 10 26 0 0 0 0 4 149 262 11080 4937 13 16 34
171 80 98 82 16 35 43 1222 55 2 68 0 24.5 20 NA 20 NA 9 55 0 0 9 26 0 0 0 0 0 0 9 26 0 0 0 0 1 152 265 11162 4932 17 17 34
172 75 104 88 16 39 41 1222 60 10 67 0 22.5 20 NA 20 NA 7 60 0 1 11 27 0 0 0 0 0 1 11 27 0 0 0 0 5 147 266 11232 4933 16 17 34
173 78 104 88 16 38 44 1216 64 4 68 0 23 20 NA 20 NA 7 64 0 1 10 27 0 0 0 0 0 1 10 27 0 0 0 0 1 134 266 11288 4932 17 17 34
174 70 103 87 16 40 40 1210 59 6 69 0 24 20 NA 20 NA 3 59 0 4 9 27 0 0 0 0 0 4 9 27 0 0 0 0 0 161 268 11366 4931 17 19 33
175 62 106 89 17 38 44 1233 52 2 70 0 17 19 NA 19 NA 9 52 1 4 8 25 0 0 0 0 1 4 8 25 0 0 0 0 4 164 270 11436 4930 21 18 31
176 76 104 87 17 37 48 1197 55 2 69 0 17.5 19 NA 19 NA 7 55 1 4 7 25 0 0 0 0 1 4 7 25 0 0 0 0 1 120 272 11513 4931 21 18 30
177 77 109 90 19 39 54 1170 76 6 70 0 18 19 NA 19 NA 12 76 1 4 8 26 0 0 0 0 1 4 8 26 0 0 0 0 5 132 273 11582 4930 21 18 31
178 72 109 89 20 40 53 1168 50 6 70 0 19 19.5 NA 19.5 NA 7 50 1 5 5 29 0 0 0 0 1 5 5 29 0 0 0 0 2 125 275 11643 4930 23 14 33
179 85 104 85 19 36 54 1151 65 8 67 0 18 20 NA 20 NA 11 65 0 5 5 26 0 0 0 0 0 5 5 26 0 0 0 0 1 140 277 11710 4933 23 13 31
180 70 106 86 20 37 49 1181 48 8 68 0 18 19 NA 19 NA 3 48 0 7 4 26 0 0 0 0 0 7 4 26 0 0 0 0 2 156 279 11770 4932 25 12 31
181 70 106 86 20 36 50 1174 55 4 66 0 18.5 19.5 NA 19.5 NA 7 55 0 7 3 26 0 0 0 0 0 7 3 26 0 0 0 0 0 129 282 11834 4934 24 11 31
182 69 108 89 19 37 51 1158 69 5 68 0 18.5 20 NA 20 NA 12 69 0 8 2 27 0 0 0 0 0 8 2 27 0 0 0 0 1 144 288 11912 4932 24 12 32
183 70 110 91 19 39 46 1122 67 8 70 0 18.5 20 NA 20 NA 4 67 0 6 6 27 0 0 0 0 0 6 6 27 0 0 0 0 1 131 289 11993 4930 23 14 33
184 70 107 89 18 42 41 1140 52 9 73 0 19 20 NA 20 NA 6 52 1 7 6 28 0 0 0 0 1 7 6 28 0 0 0 0 1 158 292 12066 4927 28 13 32
185 76 107 88 19 41 37 1155 46 4 72 0 19 20 NA 20 NA 5 46 1 5 6 29 0 0 0 0 1 5 6 29 0 0 0 0 1 147 296 12134 4928 26 14 32
186 80 106 87 19 38 32 1135 54 6 71 0 18.5 19.5 NA 19.5 NA 3 54 1 5 6 26 0 0 0 0 1 5 6 26 0 0 0 0 3 129 297 12207 4929 27 12 32
187 74 107 86 21 40 29 1132 54 10 76 0 19 19 NA 19 NA 6 54 1 7 7 25 0 0 0 0 1 7 7 25 0 0 0 0 0 150 297 12294 4924 31 14 31
188 61 107 85 22 39 30 1161 54 3 75 0 18 19 NA 19 NA 6 54 2 6 8 23 0 0 0 0 2 6 8 23 0 0 0 0 2 144 298 12343 4925 30 15 30
189 73 107 84 23 41 31 1172 63 7 77 0 19 18 NA 18 NA 8 63 1 9 6 25 0 0 0 0 1 9 6 25 0 0 0 0 2 146 300 12403 4923 32 14 31
190 73 108 85 23 40 31 1174 51 3 78 0 19.5 17.5 NA 17.5 NA 7 51 1 8 6 25 0 0 0 0 1 8 6 25 0 0 0 0 2 127 304 12463 4922 32 15 31
191 86 107 84 23 40 35 1185 48 8 76 0 20 18.5 NA 18.5 NA 12 48 1 7 8 24 0 0 0 0 1 7 8 24 0 0 0 0 1 143 305 12530 4924 30 16 30
192 66 104 82 22 37 31 1151 74 8 76 0 20.5 18 NA 18 NA 7 74 1 6 8 22 0 0 0 0 1 6 8 22 0 0 0 0 0 145 308 12615 4924 30 18 28
193 70 104 82 22 38 30 1143 64 10 77 0 21 18.5 NA 18.5 NA 8 64 1 7 8 22 0 0 0 0 1 7 8 22 0 0 0 0 0 148 308 12692 4923 32 18 27
194 68 103 81 22 37 32 1148 59 8 78 0 22 17 NA 17 NA 10 59 0 8 9 20 0 0 0 0 0 8 9 20 0 0 0 0 0 151 309 12763 4922 32 20 26
195 83 104 79 25 40 27 1151 65 9 80 0 23 16.5 NA 16.5 NA 5 65 1 10 5 24 0 0 0 0 1 10 5 24 0 0 0 0 3 152 312 12823 4920 33 18 29
196 73 102 75 27 38 29 1149 58 5 77 0 23.5 16.5 NA 16.5 NA 7 58 1 8 7 22 0 0 0 0 1 8 7 22 0 0 0 0 1 140 312 12888 4923 26 24 27
197 68 104 79 25 39 27 1138 55 4 79 0 23.5 18 NA 18 NA 4 55 1 7 9 22 0 0 0 0 1 7 9 22 0 0 0 0 3 130 315 12955 4921 27 24 28
198 76 104 79 25 40 28 1133 55 9 78 0 23 17.5 NA 17.5 NA 9 55 1 7 10 22 0 0 0 0 1 7 10 22 0 0 0 0 1 123 315 13008 4922 28 22 28
199 67 104 78 26 41 30 1139 50 5 75 0 24 18 NA 18 NA 5 50 1 5 14 21 0 0 0 0 1 5 14 21 0 0 0 0 3 141 315 13080 4925 22 26 27
200 82 104 78 26 42 32 1155 58 8 76 0 24 17 NA 17 NA 8 58 1 7 13 21 0 0 0 0 1 7 13 21 0 0 0 0 1 156 316 13145 4924 24 25 27
201 73 101 76 25 40 36 1133 67 4 73 0 24 17 NA 17 NA 12 67 1 7 15 17 0 0 0 0 1 7 15 17 0 0 0 0 3 123 320 13207 4927 22 28 23
202 70 102 75 27 40 32 1137 57 9 73 0 23.5 17 NA 17 NA 6 57 1 7 14 18 0 0 0 0 1 7 14 18 0 0 0 0 0 148 320 13272 4927 22 27 24
203 70 101 74 27 40 37 1144 59 5 75 0 25 17 NA 17 NA 10 59 1 6 13 20 0 0 0 0 1 6 13 20 0 0 0 0 0 151 320 13333 4925 23 26 26
204 63 101 74 27 40 38 1126 65 8 74 0 25 18 NA 18 NA 9 65 1 7 13 19 0 0 0 0 1 7 13 19 0 0 0 0 1 137 321 13408 4926 21 26 27
205 71 102 75 27 42 41 1145 54 5 73 0 25 18 NA 18 NA 4 54 1 9 14 18 0 0 0 0 1 9 14 18 0 0 0 0 2 152 322 13472 4927 20 27 26
206 68 103 75 28 43 39 1156 57 9 74 0 26 18 NA 18 NA 6 57 1 9 13 20 0 0 0 0 1 9 13 20 0 0 0 0 1 160 324 13550 4926 19 26 29
207 76 101 73 28 42 37 1153 59 8 75 0 25 18 NA 18 NA 8 59 1 9 13 19 0 0 0 0 1 9 13 19 0 0 0 0 1 144 325 13616 4925 21 26 28
208 66 97 70 27 40 32 1174 41 8 72 0 25 18 NA 18 NA 4 41 2 8 8 22 0 0 0 0 2 8 8 22 0 0 0 0 1 141 325 13674 4928 22 20 30
209 65 96 72 24 38 29 1182 48 5 71 0 24 18 NA 18 NA 3 48 2 6 9 21 0 0 0 0 2 6 9 21 0 0 0 0 4 129 326 13732 4929 21 20 30
210 74 95 71 24 38 34 1188 50 2 75 0 25 18 NA 18 NA 9 50 1 6 9 22 0 0 0 0 1 6 9 22 0 0 0 0 0 142 327 13795 4925 23 21 31
211 66 97 74 23 38 37 1154 65 4 76 0 26 18 NA 18 NA 9 65 0 6 7 25 0 0 0 0 0 6 7 25 0 0 0 0 2 117 329 13869 4924 24 18 34
212 88 102 78 24 41 33 1146 53 10 75 0 23.5 18 NA 18 NA 7 53 0 5 10 26 0 0 0 0 0 5 10 26 0 0 0 0 5 140 330 13947 4925 24 19 32
213 97 101 78 23 42 31 1170 48 6 75 0 23 18.5 NA 18.5 NA 5 48 0 5 10 27 0 0 0 0 0 5 10 27 0 0 0 0 1 157 332 14008 4925 25 17 33
214 90 102 78 24 41 31 1159 58 2 75 0 20.5 18 NA 18 NA 5 58 0 6 8 27 0 0 0 0 0 6 8 27 0 0 0 0 2 143 335 14081 4925 26 16 33
215 93 104 80 24 41 34 1141 64 5 73 0 20 18 NA 18 NA 7 64 0 6 8 27 0 0 0 0 0 6 8 27 0 0 0 0 3 134 335 14145 4927 25 16 32
216 71 103 79 24 43 36 1129 54 4 72 0 21 19 NA 19 NA 10 54 0 8 9 26 0 0 0 0 0 8 9 26 0 0 0 0 0 126 338 14211 4928 25 15 32
217 72 103 79 24 42 35 1146 60 7 73 0 22 18 NA 18 NA 9 60 0 7 10 25 0 0 0 0 0 7 10 25 0 0 0 0 1 155 339 14271 4927 26 15 32
218 74 102 79 23 43 34 1126 67 7 74 0 22.5 18 NA 18 NA 6 67 1 7 9 26 0 0 0 0 1 7 9 26 0 0 0 0 1 147 340 14352 4926 26 16 32
219 80 102 79 23 44 38 1111 61 5 74 0 23.5 18 NA 18 NA 8 61 2 6 10 26 0 0 0 0 2 6 10 26 0 0 0 0 0 140 341 14420 4926 23 17 34
220 71 102 80 22 48 39 1112 51 6 72 0 23.5 18.5 NA 18.5 NA 5 51 1 10 10 27 0 0 0 0 1 10 10 27 0 0 0 0 3 144 342 14493 4928 21 18 33
221 76 100 80 20 46 39 1128 54 4 71 0 23.5 18 NA 18 NA 4 54 1 7 9 29 0 0 0 0 1 7 9 29 0 0 0 0 1 132 343 14543 4929 21 16 34
222 75 99 80 19 46 32 1113 60 9 66 0 24 18 NA 18 NA 3 60 1 7 9 29 0 0 0 0 1 7 9 29 0 0 0 0 1 137 345 14615 4934 16 16 34
223 69 102 83 19 46 43 1128 58 4 69 0 23.5 18.5 NA 18.5 NA 17 58 0 7 10 29 0 0 0 0 0 7 10 29 0 0 0 0 2 141 347 14666 4931 18 17 34
224 78 101 84 17 44 42 1153 54 11 72 0 23 19 NA 19 NA 9 54 0 7 10 27 0 0 0 0 0 7 10 27 0 0 0 0 1 154 348 14722 4928 23 17 32
225 77 103 86 17 46 34 1177 56 10 74 0 23 19 NA 19 NA 5 56 1 6 10 29 0 0 0 0 1 6 10 29 0 0 0 0 1 163 351 14791 4926 23 17 34
226 93 103 87 16 47 35 1191 51 7 75 0 21 18 NA 18 NA 7 51 1 7 12 27 0 0 0 0 1 7 12 27 0 0 0 0 0 162 352 14866 4925 24 18 33
227 74 101 85 16 48 39 1204 79 5 77 0 22 18.5 NA 18.5 NA 10 79 1 7 14 26 0 0 0 0 1 7 14 26 0 0 0 0 1 172 354 14924 4923 27 18 32
228 84 101 85 16 47 48 1206 61 9 74 0 22 19 NA 19 NA 17 61 1 8 15 23 0 0 0 0 1 8 15 23 0 0 0 0 0 139 355 14982 4926 27 18 29
229 77 98 81 17 47 45 1230 65 8 71 0 21.5 18 NA 18 NA 6 65 0 9 16 22 0 0 0 0 0 9 16 22 0 0 0 0 0 181 357 15056 4929 24 19 28
230 83 96 80 16 48 38 1252 49 11 68 0 21 18 NA 18 NA 6 49 0 9 16 23 0 0 0 0 0 9 16 23 0 0 0 0 3 157 359 15121 4932 23 17 28
231 94 96 80 16 50 34 1275 47 5 67 0 22 18.5 NA 18.5 NA 1 47 0 10 13 27 0 0 0 0 0 10 13 27 0 0 0 0 0 153 360 15178 4933 21 15 31
232 74 98 81 17 50 34 1249 55 4 70 0 23 18.5 NA 18.5 NA 8 55 0 9 13 28 0 0 0 0 0 9 13 28 0 0 0 0 3 124 363 15247 4930 23 14 33
233 83 104 87 17 51 38 1266 60 4 72 0 22 18 NA 18 NA 8 60 0 8 14 29 0 0 0 0 0 8 14 29 0 0 0 0 2 156 363 15306 4928 23 16 33
234 85 104 87 17 50 38 1237 68 6 71 0 22 19 NA 19 NA 6 68 0 9 12 29 0 0 0 0 0 9 12 29 0 0 0 0 2 123 364 15362 4929 25 13 33
235 74 100 85 15 47 38 1223 60 7 70 0 23 19 NA 19 NA 8 60 0 8 12 27 0 0 0 0 0 8 12 27 0 0 0 0 1 132 364 15433 4930 24 15 31
236 94 101 86 15 47 39 1194 75 4 71 0 24 19 NA 19 NA 8 75 0 6 13 28 0 0 0 0 0 6 13 28 0 0 0 0 0 138 367 15508 4929 20 19 32
237 79 103 88 15 50 37 1180 60 10 71 0 24 18 NA 18 NA 7 60 1 6 13 30 0 0 0 0 1 6 13 30 0 0 0 0 1 136 367 15582 4929 19 18 34
238 77 101 85 16 48 40 1176 67 6 70 0 24 18 NA 18 NA 10 67 2 4 13 29 0 0 0 0 2 4 13 29 0 0 0 0 2 146 367 15651 4930 18 19 33
239 75 99 83 16 50 38 1171 58 7 71 0 26 18 NA 18 NA 7 58 3 5 13 29 0 0 0 0 3 5 13 29 0 0 0 0 0 150 370 15730 4929 19 19 33
240 74 102 85 17 48 44 1190 56 7 70 0 22.5 18 NA 18 NA 12 56 3 5 13 27 0 0 0 0 3 5 13 27 0 0 0 0 3 151 371 15789 4930 20 19 31
241 81 99 83 16 49 37 1153 54 12 66 0 21 18 NA 18 NA 5 54 3 6 12 28 0 0 0 0 3 6 12 28 0 0 0 0 2 130 373 15884 4934 19 17 30
242 75 103 88 15 48 35 1120 69 6 67 0 21 18 NA 18 NA 5 69 2 7 12 27 0 0 0 0 2 7 12 27 0 0 0 0 1 134 374 15964 4933 20 18 29
243 72 107 92 15 48 40 1114 52 4 68 0 21 18 NA 18 NA 7 52 2 7 12 27 0 0 0 0 2 7 12 27 0 0 0 0 1 140 374 16044 4932 21 17 30
244 85 113 98 15 48 39 1128 46 6 72 0 21 18 NA 18 NA 5 46 0 8 13 27 0 0 0 0 0 8 13 27 0 0 0 0 2 148 374 16112 4928 21 21 30
245 56 111 96 15 47 38 1138 61 5 76 0 22 18 NA 18 NA 5 61 0 5 13 29 0 0 0 0 0 5 13 29 0 0 0 0 0 145 376 16174 4924 24 20 32
246 67 109 94 15 51 36 1145 62 8 80 0 23 18 NA 18 NA 4 62 0 8 14 29 0 0 0 0 0 8 14 29 0 0 0 0 1 146 377 16231 4920 27 21 32
247 93 108 93 15 47 36 1161 51 1 77 0 22.5 17 NA 17 NA 4 51 0 7 12 28 0 0 0 0 0 7 12 28 0 0 0 0 2 142 378 16290 4923 25 20 32
248 76 109 93 16 49 38 1159 68 6 79 0 23 17 NA 17 NA 6 68 0 8 11 30 0 0 0 0 0 8 11 30 0 0 0 0 1 155 378 16359 4921 25 18 36
249 83 109 93 16 50 39 1171 55 5 80 0 23 17 NA 17 NA 9 55 1 8 9 32 0 0 0 0 1 8 9 32 0 0 0 0 0 145 380 16420 4920 26 17 37
250 76 109 94 15 46 41 1188 55 7 77 0 20 17 NA 17 NA 10 55 1 8 7 30 0 0 0 0 1 8 7 30 0 0 0 0 3 159 381 16488 4923 26 16 35
251 82 111 96 15 47 36 1183 65 9 75 0 19 17 NA 17 NA 8 65 1 9 7 30 0 0 0 0 1 9 7 30 0 0 0 0 2 141 385 16556 4925 24 17 34
252 90 114 100 14 47 37 1169 60 7 78 0 20 17 NA 17 NA 11 60 1 9 8 29 0 0 0 0 1 9 8 29 0 0 0 0 3 134 387 16624 4922 27 18 33
253 79 114 100 14 48 35 1199 54 8 78 0 20.5 17 NA 17 NA 5 54 1 10 8 29 0 0 0 0 1 10 8 29 0 0 0 0 2 161 389 16676 4922 28 17 33
254 60 116 101 15 49 33 1199 80 5 82 0 21 17 NA 17 NA 3 80 1 10 9 29 0 0 0 0 1 10 9 29 0 0 0 0 2 168 389 16749 4918 31 18 33
255 75 114 100 14 49 32 1186 63 3 84 0 22 17 NA 17 NA 5 63 0 12 9 28 0 0 0 0 0 12 9 28 0 0 0 0 0 123 392 16807 4916 34 19 31
256 83 111 96 15 50 28 1186 55 6 86 0 23 17.5 NA 17.5 NA 3 55 0 9 12 29 0 0 0 0 0 9 12 29 0 0 0 0 1 148 394 16878 4914 33 18 35
257 82 106 91 15 50 25 1187 40 8 82 0 24 17 NA 17 NA 4 40 0 9 12 29 0 0 0 0 0 9 12 29 0 0 0 0 0 138 394 16951 4918 28 20 34
258 82 105 90 15 50 31 1181 61 3 83 0 25 17 NA 17 NA 8 61 0 6 14 30 0 0 0 0 0 6 14 30 0 0 0 0 0 142 394 17019 4917 24 24 35
259 81 106 90 16 54 34 1176 56 7 85 0 25.5 17.5 NA 17.5 NA 8 56 0 9 15 30 0 0 0 0 0 9 15 30 0 0 0 0 1 143 395 17085 4915 27 22 36
260 78 107 89 18 51 39 1189 53 2 82 0 26 18 NA 18 NA 8 53 0 8 14 29 0 0 0 0 0 8 14 29 0 0 0 0 2 145 395 17150 4918 27 21 34
261 84 108 90 18 53 37 1182 64 9 83 0 26 18 NA 18 NA 7 64 0 8 14 31 0 0 0 0 0 8 14 31 0 0 0 0 1 144 396 17218 4917 27 21 35
262 78 109 90 19 53 42 1168 65 6 86 0 25 18 NA 18 NA 12 65 0 7 15 31 0 0 0 0 0 7 15 31 0 0 0 0 2 147 398 17296 4914 29 21 36
263 75 109 91 18 53 38 1155 50 11 85 0 25 17 NA 17 NA 8 50 0 9 14 30 0 0 0 0 0 9 14 30 0 0 0 0 1 121 400 17357 4915 30 20 35
264 73 111 91 20 51 35 1179 45 9 86 0 24 17 NA 17 NA 4 45 0 9 13 29 0 0 0 0 0 9 13 29 0 0 0 0 2 153 401 17425 4914 30 22 34
265 64 113 93 20 53 33 1164 56 5 88 0 24 18 NA 18 NA 6 56 0 10 14 29 0 0 0 0 0 10 14 29 0 0 0 0 1 143 406 17517 4912 30 24 34
266 91 112 90 22 50 28 1160 53 8 84 0 24 18 NA 18 NA 4 53 0 6 17 27 0 0 0 0 0 6 17 27 0 0 0 0 2 149 406 17596 4916 25 27 32
267 73 112 90 22 51 26 1202 50 7 83 0 25 18 NA 18 NA 5 50 0 4 21 26 0 0 0 0 0 4 21 26 0 0 0 0 0 167 407 17653 4917 21 31 31
268 75 110 90 20 49 31 1211 52 4 81 0 25.5 19 NA 19 NA 9 52 0 3 21 25 0 0 0 0 0 3 21 25 0 0 0 0 1 147 407 17719 4919 20 31 30
269 80 108 89 19 48 35 1211 49 4 80 0 26 18.5 NA 18.5 NA 7 49 0 3 17 28 0 0 0 0 0 3 17 28 0 0 0 0 0 132 407 17779 4920 20 26 34
270 85 109 90 19 47 38 1189 70 7 79 0 27 18 NA 18 NA 12 70 0 3 12 32 0 0 0 0 0 3 12 32 0 0 0 0 0 145 408 17852 4921 19 21 39
271 62 113 93 20 49 39 1206 54 6 80 0 28 18 NA 18 NA 9 54 1 3 13 32 0 0 0 0 1 3 13 32 0 0 0 0 3 148 410 17913 4920 19 22 39
272 79 116 95 21 51 43 1186 71 4 85 0 27.5 19 NA 19 NA 9 71 1 3 13 34 0 0 0 0 1 3 13 34 0 0 0 0 2 148 413 17985 4915 23 22 40
273 79 118 93 25 52 41 1177 54 10 85 0 26.5 18.5 NA 18.5 NA 9 54 1 5 12 34 0 0 0 0 1 5 12 34 0 0 0 0 1 133 415 18052 4915 23 22 40
274 80 115 91 24 54 38 1169 60 9 84 0 27 19 NA 19 NA 7 60 1 4 16 33 0 0 0 0 1 4 16 33 0 0 0 0 0 143 417 18124 4916 20 24 40
275 61 115 91 24 53 40 1204 55 7 85 0 26 19 NA 19 NA 10 55 0 5 16 32 0 0 0 0 0 5 16 32 0 0 0 0 0 170 417 18187 4915 21 25 39
276 69 116 91 25 52 42 1212 57 5 86 0 26 18.5 NA 18.5 NA 5 57 1 5 14 32 0 0 0 0 1 5 14 32 0 0 0 0 2 148 419 18253 4914 23 24 39
277 80 115 92 23 53 42 1212 52 6 85 0 26 19 NA 19 NA 6 52 1 6 14 32 0 0 0 0 1 6 14 32 0 0 0 0 2 142 420 18322 4915 22 24 39
278 69 115 92 23 51 42 1228 50 5 85 0 26 19 NA 19 NA 6 50 1 5 12 33 0 0 0 0 1 5 12 33 0 0 0 0 3 152 422 18393 4915 24 21 40
279 74 114 91 23 50 40 1229 51 6 85 0 26.5 18.5 NA 18.5 NA 5 51 1 5 8 36 0 0 0 0 1 5 8 36 0 0 0 0 1 149 423 18473 4915 25 17 43
280 71 113 90 23 49 44 1198 67 5 83 0 27 18 NA 18 NA 10 67 1 6 7 35 0 0 0 0 1 6 7 35 0 0 0 0 0 132 424 18553 4917 24 17 42
281 59 113 90 23 50 46 1227 62 7 81 0 25 19 NA 19 NA 13 62 1 5 10 34 0 0 0 0 1 5 10 34 0 0 0 0 1 163 427 18613 4919 23 17 41
282 68 110 87 23 48 44 1221 51 6 81 0 24 19.5 NA 19.5 NA 5 51 1 5 9 33 0 0 0 0 1 5 9 33 0 0 0 0 1 132 428 18685 4919 26 16 39
283 80 111 87 24 51 48 1215 57 7 83 0 23 19 NA 19 NA 9 57 1 8 8 34 0 0 0 0 1 8 8 34 0 0 0 0 2 143 430 18758 4917 29 16 38
284 73 114 88 26 52 40 1206 43 8 85 0 24 19 NA 19 NA 3 43 1 8 8 35 0 0 0 0 1 8 8 35 0 0 0 0 2 129 433 18833 4915 27 19 39
285 75 113 86 27 51 40 1193 58 6 85 0 23 18 NA 18 NA 7 58 0 10 8 33 0 0 0 0 0 10 8 33 0 0 0 0 2 126 434 18897 4915 29 19 37
286 88 110 84 26 51 39 1186 55 5 83 0 23.5 18 NA 18 NA 4 55 1 11 6 33 0 0 0 0 1 11 6 33 0 0 0 0 1 138 434 18963 4917 28 17 38
287 80 111 84 27 50 39 1168 56 6 82 0 23 18.5 NA 18.5 NA 7 56 1 9 8 32 0 0 0 0 1 9 8 32 0 0 0 0 3 141 435 19047 4918 27 18 37
288 71 105 80 25 49 36 1139 54 8 80 0 24 19 NA 19 NA 8 54 1 8 9 31 0 0 0 0 1 8 9 31 0 0 0 0 0 121 439 19124 4920 24 19 37
289 77 105 80 25 50 31 1150 52 9 79 0 25 18.5 NA 18.5 NA 5 52 1 9 9 31 0 0 0 0 1 9 9 31 0 0 0 0 0 141 440 19186 4921 23 19 37
290 73 106 78 28 50 28 1135 46 6 81 0 25.5 18 NA 18 NA 6 46 1 8 10 31 0 0 0 0 1 8 10 31 0 0 0 0 0 130 442 19274 4919 24 20 37
291 84 108 77 31 49 30 1139 53 4 81 0 25 18 NA 18 NA 6 53 0 10 10 29 0 0 0 0 0 10 10 29 0 0 0 0 3 140 443 19337 4919 25 21 35
292 92 110 80 30 49 27 1160 57 6 80 0 22 18 NA 18 NA 8 57 0 10 10 29 0 0 0 0 0 10 10 29 0 0 0 0 1 173 445 19402 4920 26 20 34
293 91 113 82 31 49 22 1117 67 9 82 0 23 18 NA 18 NA 8 67 0 10 9 30 0 0 0 0 0 10 9 30 0 0 0 0 3 128 449 19482 4918 28 19 35
294 78 114 82 32 51 22 1107 56 7 82 0 23 19 NA 19 NA 5 56 0 10 12 29 0 0 0 0 0 10 12 29 0 0 0 0 2 127 449 19548 4918 26 22 34
295 81 115 82 33 51 28 1113 60 8 84 0 24 19 NA 19 NA 12 60 0 8 15 28 0 0 0 0 0 8 15 28 0 0 0 0 2 150 449 19608 4916 24 25 35
296 85 117 84 33 52 28 1127 54 5 85 0 24 20 NA 20 NA 5 54 0 6 16 30 0 0 0 0 0 6 16 30 0 0 0 0 2 145 449 19669 4915 25 23 37
297 74 118 85 33 53 29 1150 55 7 87 0 24.5 20 NA 20 NA 8 55 0 6 17 30 0 0 0 0 0 6 17 30 0 0 0 0 1 148 450 19725 4913 24 26 37
298 97 114 84 30 49 31 1157 59 1 83 0 25 20 NA 20 NA 5 59 0 5 17 27 0 0 0 0 0 5 17 27 0 0 0 0 0 146 452 19781 4917 24 24 35
299 69 115 85 30 49 25 1163 58 7 85 0 26 20 NA 20 NA 1 58 0 5 15 29 0 0 0 0 0 5 15 29 0 0 0 0 2 159 452 19861 4915 25 23 37
300 82 114 84 30 47 25 1177 51 4 81 0 24.5 20 NA 20 NA 4 51 0 3 13 31 0 0 0 0 0 3 13 31 0 0 0 0 1 146 453 19922 4919 21 22 38
301 56 117 85 32 46 31 1172 61 1 82 0 25 20 NA 20 NA 6 61 0 2 12 32 0 0 0 0 0 2 12 32 0 0 0 0 1 149 453 19999 4918 22 20 40
302 71 118 86 32 45 33 1168 64 2 83 0 24 20 NA 20 NA 5 64 0 1 11 33 0 0 0 0 0 1 11 33 0 0 0 0 2 142 455 20060 4917 22 21 40
303 78 118 85 33 48 41 1157 68 4 85 0 25 20 NA 20 NA 11 68 0 4 11 33 0 0 0 0 0 4 11 33 0 0 0 0 1 151 455 20131 4915 24 21 40
304 79 114 82 32 47 35 1154 57 11 85 0 26 20 NA 20 NA 5 57 0 3 12 32 0 0 0 0 0 3 12 32 0 0 0 0 0 139 456 20204 4915 25 22 38
305 94 117 86 31 45 29 1165 48 10 82 0 22 20 NA 20 NA 7 48 0 5 11 29 0 0 0 0 0 5 11 29 0 0 0 0 5 147 458 20270 4918 26 22 34
306 75 123 87 36 45 33 1177 56 4 83 0 21 20 NA 20 NA 8 56 1 4 9 31 0 0 0 0 1 4 9 31 0 0 0 0 3 142 459 20326 4917 27 20 36
307 70 122 87 35 48 30 1214 45 8 84 0 22 20 NA 20 NA 5 45 3 4 10 31 0 0 0 0 3 4 10 31 0 0 0 0 0 159 460 20386 4916 27 19 38
308 78 122 87 35 51 36 1213 48 4 87 0 23 20 NA 20 NA 12 48 3 7 9 32 0 0 0 0 3 7 9 32 0 0 0 0 0 136 463 20457 4913 28 20 39
309 92 120 86 34 49 35 1193 58 6 86 0 23.5 20 NA 20 NA 8 58 3 6 8 32 0 0 0 0 3 6 8 32 0 0 0 0 0 140 465 20526 4914 26 20 40
310 71 118 85 33 47 29 1199 59 9 86 0 23.5 19 NA 19 NA 5 59 3 6 7 31 0 0 0 0 3 6 7 31 0 0 0 0 1 151 467 20592 4914 27 20 39
311 79 117 83 34 45 29 1171 59 6 86 0 24 19 NA 19 NA 6 59 2 5 9 29 0 0 0 0 2 5 9 29 0 0 0 0 1 123 468 20668 4914 27 22 37
312 67 120 85 35 47 38 1158 53 3 88 0 22.5 19 NA 19 NA 10 53 2 7 9 29 0 0 0 0 2 7 9 29 0 0 0 0 3 133 468 20744 4912 30 19 39
313 85 117 80 37 47 34 1146 53 11 86 0 22 20 NA 20 NA 3 53 2 7 12 26 0 0 0 0 2 7 12 26 0 0 0 0 0 134 470 20811 4914 31 19 36
314 84 119 83 36 50 25 1169 47 8 86 0 22 19.5 NA 19.5 NA 1 47 1 11 11 27 0 0 0 0 1 11 11 27 0 0 0 0 2 145 473 20867 4914 30 18 38
315 56 117 82 35 47 27 1187 54 2 84 0 22 20 NA 20 NA 5 54 0 13 8 26 0 0 0 0 0 13 8 26 0 0 0 0 1 151 474 20936 4916 29 18 37
316 72 119 84 35 48 35 1180 57 4 82 0 22 20 NA 20 NA 10 57 0 11 10 27 0 0 0 0 0 11 10 27 0 0 0 0 3 140 474 21008 4918 26 19 37
317 77 116 83 33 45 31 1200 46 7 82 0 21.5 18 NA 18 NA 4 46 0 10 11 24 0 0 0 0 0 10 11 24 0 0 0 0 2 155 475 21072 4918 29 22 31
318 72 117 85 32 46 31 1215 65 8 86 0 22 17.5 NA 17.5 NA 8 65 0 10 11 25 0 0 0 0 0 10 11 25 0 0 0 0 1 162 476 21137 4914 33 22 31
319 75 116 85 31 45 33 1204 52 4 83 0 21 18 NA 18 NA 5 52 0 10 10 25 0 0 0 0 0 10 10 25 0 0 0 0 0 146 476 21222 4917 30 22 31
320 93 120 88 32 46 32 1188 66 5 83 0 21 17.5 NA 17.5 NA 6 66 0 8 14 24 0 0 0 0 0 8 14 24 0 0 0 0 5 145 478 21292 4917 28 23 32
321 67 120 89 31 46 31 1187 62 4 82 0 21.5 17 NA 17 NA 6 62 1 8 13 24 0 0 0 0 1 8 13 24 0 0 0 0 1 145 483 21359 4918 27 22 33
322 96 123 93 30 46 32 1174 58 6 82 0 22 17 NA 17 NA 8 58 1 7 14 24 0 0 0 0 1 7 14 24 0 0 0 0 4 128 484 21424 4918 26 23 33
323 80 123 91 32 47 35 1165 65 7 83 0 22 17 NA 17 NA 10 65 1 8 13 25 0 0 0 0 1 8 13 25 0 0 0 0 3 141 485 21483 4917 26 24 33
324 82 123 89 34 45 38 1168 55 5 84 0 22 17 NA 17 NA 9 55 1 7 14 23 0 0 0 0 1 7 14 23 0 0 0 0 0 153 487 21550 4916 26 27 31
325 74 122 89 33 45 36 1176 61 10 83 0 20 17 NA 17 NA 8 61 2 7 13 23 0 0 0 0 2 7 13 23 0 0 0 0 3 144 489 21613 4917 27 26 30
326 76 122 88 34 45 37 1163 49 5 85 0 21 17 NA 17 NA 7 49 1 6 16 22 0 0 0 0 1 6 16 22 0 0 0 0 1 127 490 21684 4915 28 26 31
327 92 119 87 32 47 39 1173 44 7 85 0 22 17 NA 17 NA 9 44 1 6 17 23 0 0 0 0 1 6 17 23 0 0 0 0 0 145 491 21752 4915 28 26 31
328 88 120 88 32 47 39 1174 78 10 87 0 22.5 17 NA 17 NA 11 78 1 8 14 24 0 0 0 0 1 8 14 24 0 0 0 0 1 161 492 21814 4913 32 23 32
329 72 121 89 32 45 43 1177 64 7 83 0 23 17 NA 17 NA 9 64 1 7 14 23 0 0 0 0 1 7 14 23 0 0 0 0 3 159 493 21890 4917 27 24 32
330 61 120 88 32 47 41 1195 63 10 86 0 23.5 17 NA 17 NA 8 63 1 7 15 24 0 0 0 0 1 7 15 24 0 0 0 0 0 159 494 21951 4914 26 27 33
331 83 123 90 33 48 42 1167 63 6 88 0 21 17 NA 17 NA 6 63 1 8 14 25 0 0 0 0 1 8 14 25 0 0 0 0 2 129 495 22027 4912 28 25 35
332 73 122 90 32 49 44 1179 60 6 89 0 21 17 NA 17 NA 8 60 1 10 10 28 0 0 0 0 1 10 10 28 0 0 0 0 2 158 495 22091 4911 31 21 37
333 88 123 91 32 48 41 1164 54 5 86 0 21 16.5 NA 16.5 NA 7 54 1 11 9 27 0 0 0 0 1 11 9 27 0 0 0 0 2 133 497 22160 4914 31 20 35
334 86 127 94 33 47 45 1167 64 6 87 0 21 17 NA 17 NA 11 64 1 10 9 27 0 0 0 0 1 10 9 27 0 0 0 0 3 142 498 22216 4913 32 20 35
335 68 127 94 33 46 38 1161 57 7 88 0 21 17 NA 17 NA 5 57 0 11 9 26 0 0 0 0 0 11 9 26 0 0 0 0 1 146 503 22287 4912 32 21 35
336 72 125 93 32 46 36 1178 63 10 87 0 21 17 NA 17 NA 11 63 0 11 10 25 0 0 0 0 0 11 10 25 0 0 0 0 2 164 506 22349 4913 32 20 35
337 65 127 94 33 47 35 1178 52 5 89 0 21 17 NA 17 NA 4 52 0 11 11 25 0 0 0 0 0 11 11 25 0 0 0 0 2 134 508 22407 4911 32 22 35
338 73 124 93 31 46 32 1170 77 11 86 0 20.5 17 NA 17 NA 8 77 0 11 10 25 0 0 0 0 0 11 10 25 0 0 0 0 1 147 510 22470 4914 30 21 35
339 76 121 91 30 47 31 1186 56 7 86 0 21 17 NA 17 NA 3 56 0 10 11 26 0 0 0 0 0 10 11 26 0 0 0 0 0 152 510 22534 4914 30 21 35
340 65 114 85 29 46 33 1201 72 6 83 0 22 17.5 NA 17.5 NA 7 72 0 9 14 23 0 0 0 0 0 9 14 23 0 0 0 0 1 161 511 22598 4917 28 24 31
341 81 111 82 29 48 27 1208 47 6 87 0 23 17 NA 17 NA 5 47 0 10 14 24 0 0 0 0 0 10 14 24 0 0 0 0 0 154 515 22676 4913 32 21 34
342 80 112 84 28 47 31 1186 60 5 84 0 23.5 17 NA 17 NA 10 60 1 9 14 23 0 0 0 0 1 9 14 23 0 0 0 0 3 129 517 22748 4916 28 22 34
343 67 113 85 28 50 28 1211 46 5 89 0 24 16.5 NA 16.5 NA 3 46 1 10 16 23 0 0 0 0 1 10 16 23 0 0 0 0 1 143 519 22809 4911 30 24 35
344 63 114 86 28 52 30 1209 56 5 90 0 25 16.5 NA 16.5 NA 8 56 1 8 19 24 0 0 0 0 1 8 19 24 0 0 0 0 1 148 520 22887 4910 27 27 36
345 85 114 88 26 51 31 1209 44 5 92 0 26 17 NA 17 NA 7 44 0 9 19 23 0 0 0 0 0 9 19 23 0 0 0 0 0 129 521 22955 4908 30 27 35
346 66 111 85 26 51 33 1200 67 8 93 0 26 17 NA 17 NA 8 67 0 10 20 21 0 0 0 0 0 10 20 21 0 0 0 0 1 152 522 23031 4907 33 29 31
347 84 118 92 26 53 31 1172 67 10 93 0 24.5 17 NA 17 NA 8 67 1 9 20 23 0 0 0 0 1 9 20 23 0 0 0 0 3 123 523 23091 4907 31 29 33
348 90 122 94 28 54 35 1171 65 4 94 0 25 17 NA 17 NA 8 65 1 10 19 24 0 0 0 0 1 10 19 24 0 0 0 0 2 162 524 23164 4906 30 29 35
349 63 123 97 26 54 41 1173 68 4 94 0 25 17 NA 17 NA 12 68 1 9 18 26 0 0 0 0 1 9 18 26 0 0 0 0 4 145 525 23223 4906 29 28 37
350 72 125 99 26 56 43 1171 62 6 95 0 25 18 NA 18 NA 8 62 1 9 19 27 0 0 0 0 1 9 19 27 0 0 0 0 2 149 526 23289 4905 30 27 38
351 61 123 99 24 58 40 1145 66 6 92 0 26 18 NA 18 NA 5 66 1 11 17 29 0 0 0 0 1 11 17 29 0 0 0 0 2 121 528 23356 4908 28 25 39
352 85 126 101 25 59 37 1141 47 8 93 0 26.5 18 NA 18 NA 6 47 1 11 16 31 0 0 0 0 1 11 16 31 0 0 0 0 1 139 528 23432 4907 25 26 42
353 83 127 101 26 58 37 1132 66 5 92 0 25 18 NA 18 NA 7 66 1 8 19 30 0 0 0 0 1 8 19 30 0 0 0 0 1 148 529 23504 4908 21 30 41
354 84 128 102 26 58 40 1147 63 6 93 0 26 19 NA 19 NA 11 63 1 8 17 32 0 0 0 0 1 8 17 32 0 0 0 0 2 151 531 23554 4907 24 26 43
355 77 128 100 28 56 40 1169 62 6 91 0 26 20 NA 20 NA 9 62 1 6 17 32 0 0 0 0 1 6 17 32 0 0 0 0 2 157 534 23609 4909 21 27 43
356 74 126 99 27 57 38 1171 69 6 89 0 27 21 NA 21 NA 4 69 1 6 15 35 0 0 0 0 1 6 15 35 0 0 0 0 1 161 535 23680 4911 19 24 46
357 76 123 97 26 52 45 1171 62 4 84 0 26 18 NA 18 NA 11 62 2 6 14 30 0 0 0 0 2 6 14 30 0 0 0 0 3 145 537 23740 4916 17 26 41
358 75 124 95 29 55 39 1160 62 7 85 0 26.5 20 NA 20 NA 5 62 1 5 17 32 0 0 0 0 1 5 17 32 0 0 0 0 0 142 540 23811 4915 13 29 43
359 82 125 97 28 56 36 1191 55 7 92 0 27 20 NA 20 NA 4 55 1 5 16 34 0 0 0 0 1 5 16 34 0 0 0 0 2 157 540 23866 4908 19 27 46
360 69 122 94 28 53 38 1218 53 6 90 0 27 20 NA 20 NA 9 53 2 4 15 32 0 0 0 0 2 4 15 32 0 0 0 0 0 161 541 23933 4910 20 25 45
