1 79 99 82 17 47 33 1245 56 13 76 0 26 18 NA 18 NA 12 56 1 5 18 23 0 0 0 0 1 5 18 23 0 0 0 0 1 160 0 0 4924 19 27 30
2 77 100 82 18 47 25 1311 69 14 75 0 26 18 NA 18 NA 6 69 1 4 17 25 0 0 0 0 1 4 17 25 0 0 0 0 2 158 0 0 4925 19 26 30
3 81 99 81 18 49 26 1385 66 9 76 0 27 18 NA 18 NA 9 66 3 4 16 26 0 0 0 0 3 4 16 26 0 0 0 0 0 172 0 0 4924 19 26 31
4 83 99 83 16 47 29 1421 78 3 76 0 27 18 NA 18 NA 6 78 1 5 15 26 0 0 0 0 1 5 15 26 0 0 0 0 1 142 0 0 4924 20 25 31
5 81 102 85 17 50 34 1439 81 10 78 0 28 18 NA 18 NA 11 81 1 8 15 26 0 0 0 0 1 8 15 26 0 0 0 0 3 130 0 0 4922 22 25 31
6 87 100 81 19 48 38 1479 74 5 72 0 27.5 18 NA 18 NA 9 74 1 6 16 25 0 0 0 0 1 6 16 25 0 0 0 0 2 145 0 0 4928 17 24 31
7 77 101 82 19 49 43 1494 72 6 72 0 28 18 NA 18 NA 9 72 2 7 15 25 0 0 0 0 2 7 15 25 0 0 0 0 1 110 0 0 4928 17 22 33
8 70 100 80 20 48 43 1529 64 7 72 0 29 18 NA 18 NA 7 64 1 7 14 26 0 0 0 0 1 7 14 26 0 0 0 0 1 117 0 0 4928 15 23 34
9 74 103 83 20 48 42 1557 73 9 72 0 27 18 NA 18 NA 7 73 1 7 13 27 0 0 0 0 1 7 13 27 0 0 0 0 3 125 0 0 4928 15 23 34
10 66 104 84 20 49 37 1584 79 11 77 0 27.5 18 NA 18 NA 6 79 1 8 12 28 0 0 0 0 1 8 12 28 0 0 0 0 0 126 0 0 4923 19 23 35
11 73 104 84 20 49 47 1610 63 2 78 0 27.5 18 NA 18 NA 13 63 0 8 11 30 0 0 0 0 0 8 11 30 0 0 0 0 1 113 0 0 4922 17 23 38
12 65 106 85 21 47 48 1652 76 7 76 0 26.5 18 NA 18 NA 9 76 0 7 9 31 0 0 0 0 0 7 9 31 0 0 0 0 3 136 0 0 4924 16 20 40
13 77 104 83 21 42 39 1091 40 6 71 0 25.5 17 NA 17 NA 4 40 0 7 8 27 0 0 0 0 0 7 8 27 0 0 0 0 5 112 5 620 4929 18 17 36
14 67 103 80 23 42 40 1089 52 6 71 0 24 17 NA 17 NA 8 52 0 7 8 27 0 0 0 0 0 7 8 27 0 0 0 0 1 147 5 697 4929 19 17 35
15 74 103 80 23 44 35 1086 65 8 71 0 24 17 NA 17 NA 3 65 0 7 10 27 0 0 0 0 0 7 10 27 0 0 0 0 1 165 7 777 4929 18 17 36
16 79 105 80 25 43 28 1085 40 5 71 0 24 17 NA 17 NA 3 40 0 5 12 26 0 0 0 0 0 5 12 26 0 0 0 0 3 127 10 847 4929 18 18 35
17 68 103 78 25 48 35 1122 51 5 71 0 25 17 NA 17 NA 8 51 0 9 13 26 0 0 0 0 0 9 13 26 0 0 0 0 1 161 12 905 4929 18 19 34
18 87 103 79 24 47 34 1122 47 4 73 0 25 17 NA 17 NA 5 47 0 9 11 27 0 0 0 0 0 9 11 27 0 0 0 0 1 143 14 980 4927 21 17 35
19 78 101 78 23 48 32 1156 47 8 73 0 23 17 NA 17 NA 6 47 0 10 11 27 0 0 0 0 0 10 11 27 0 0 0 0 1 156 16 1037 4927 23 16 34
20 76 100 77 23 46 30 1169 53 4 72 0 22 17 NA 17 NA 3 53 0 9 9 28 0 0 0 0 0 9 9 28 0 0 0 0 0 150 18 1100 4928 23 14 35
21 69 99 77 22 45 38 1161 65 2 73 0 23 17 NA 17 NA 9 65 0 10 9 26 0 0 0 0 0 10 9 26 0 0 0 0 1 137 19 1159 4927 26 13 34
22 69 98 73 25 45 35 1182 39 4 73 0 23.5 17 NA 17 NA 4 39 0 8 10 27 0 0 0 0 0 8 10 27 0 0 0 0 0 139 20 1215 4927 24 15 34
23 75 101 74 27 45 33 1194 63 7 71 0 22 17 NA 17 NA 9 63 0 8 9 28 0 0 0 0 0 8 9 28 0 0 0 0 3 157 24 1269 4929 22 12 37
24 85 99 73 26 44 37 1185 61 5 71 0 22 17 NA 17 NA 10 61 0 9 8 27 0 0 0 0 0 9 8 27 0 0 0 0 2 142 28 1338 4929 26 11 34
25 59 99 74 25 43 35 1181 59 7 72 0 21 17 NA 17 NA 6 59 0 10 8 25 0 0 0 0 0 10 8 25 0 0 0 0 2 130 28 1393 4928 28 12 32
26 82 99 74 25 42 35 1178 63 9 71 0 21 17 NA 17 NA 8 63 0 9 9 24 0 0 0 0 0 9 9 24 0 0 0 0 0 154 28 1462 4929 26 14 31
27 74 100 75 25 46 39 1181 58 4 72 0 21.5 17 NA 17 NA 6 58 0 11 9 26 0 0 0 0 0 11 9 26 0 0 0 0 0 156 30 1534 4928 26 13 33
28 76 103 77 26 46 41 1188 48 3 76 0 22 17 NA 17 NA 4 48 0 9 9 28 0 0 0 0 0 9 9 28 0 0 0 0 4 135 30 1592 4924 28 13 35
29 67 104 77 27 48 36 1166 52 9 75 0 22.5 17 NA 17 NA 4 52 0 11 9 28 0 0 0 0 0 11 9 28 0 0 0 0 3 123 31 1667 4925 27 14 34
30 68 102 75 27 50 34 1170 59 4 75 0 23.5 17 NA 17 NA 8 59 1 8 13 28 0 0 0 0 1 8 13 28 0 0 0 0 2 153 35 1735 4925 24 18 33
31 56 106 80 26 49 37 1170 51 6 74 0 22 17 NA 17 NA 9 51 1 9 12 27 0 0 0 0 1 9 12 27 0 0 0 0 2 138 36 1807 4926 23 19 32
32 84 106 82 24 47 34 1162 45 6 71 0 21 17 NA 17 NA 7 45 1 10 12 24 0 0 0 0 1 10 12 24 0 0 0 0 1 133 39 1881 4929 23 19 29
33 73 113 86 27 48 35 1165 52 5 71 0 20 17 NA 17 NA 7 52 1 8 15 24 0 0 0 0 1 8 15 24 0 0 0 0 7 138 41 1947 4929 21 22 28
34 64 113 86 27 48 39 1202 56 2 73 0 21 17 NA 17 NA 8 56 1 7 14 26 0 0 0 0 1 7 14 26 0 0 0 0 1 166 42 2004 4927 22 20 31
35 85 114 87 27 48 41 1207 64 7 75 0 21.5 17 NA 17 NA 10 64 1 8 14 25 0 0 0 0 1 8 14 25 0 0 0 0 2 163 42 2074 4925 26 20 29
36 76 115 88 27 52 35 1195 58 12 76 0 22 17.5 NA 17.5 NA 5 58 1 7 18 26 0 0 0 0 1 7 18 26 0 0 0 0 2 141 44 2145 4924 24 23 29
37 88 114 87 27 52 32 1191 62 7 78 0 22.5 17.5 NA 17.5 NA 7 62 0 6 18 28 0 0 0 0 0 6 18 28 0 0 0 0 0 153 46 2212 4922 22 25 31
38 77 115 88 27 54 26 1200 58 7 79 0 23 17.5 NA 17.5 NA 3 58 1 6 16 31 0 0 0 0 1 6 16 31 0 0 0 0 1 158 49 2283 4921 22 23 34
39 89 115 88 27 53 22 1215 43 4 78 0 23 17 NA 17 NA 3 43 1 6 17 29 0 0 0 0 1 6 17 29 0 0 0 0 2 158 53 2355 4922 22 23 33
40 97 116 89 27 52 25 1179 68 2 81 0 24 17 NA 17 NA 8 68 1 4 17 30 0 0 0 0 1 4 17 30 0 0 0 0 3 130 56 2420 4919 22 25 34
41 66 118 89 29 53 28 1212 53 6 82 0 23.5 17 NA 17 NA 8 53 1 4 17 31 0 0 0 0 1 4 17 31 0 0 0 0 2 156 57 2472 4918 23 24 35
42 78 116 87 29 54 29 1212 51 8 82 0 22.5 17 NA 17 NA 8 51 1 5 16 32 0 0 0 0 1 5 16 32 0 0 0 0 0 154 57 2557 4918 24 22 36
43 79 118 89 29 57 31 1226 56 8 87 0 21.5 17 NA 17 NA 8 56 1 5 18 33 0 0 0 0 1 5 18 33 0 0 0 0 2 156 57 2625 4913 29 21 37
44 64 115 88 27 55 33 1201 61 5 86 0 22 17 NA 17 NA 8 61 2 6 18 29 0 0 0 0 2 6 18 29 0 0 0 0 0 120 58 2689 4914 32 21 33
45 80 113 86 27 54 37 1178 59 5 89 0 23 17 NA 17 NA 11 59 1 7 14 32 0 0 0 0 1 7 14 32 0 0 0 0 1 120 60 2758 4911 35 18 36
46 81 111 85 26 53 36 1151 56 8 88 0 23 17 NA 17 NA 4 56 1 7 13 32 0 0 0 0 1 7 13 32 0 0 0 0 0 129 61 2831 4912 33 19 36
47 83 109 85 24 54 32 1149 59 8 89 0 24 17.5 NA 17.5 NA 4 59 0 9 13 32 0 0 0 0 0 9 13 32 0 0 0 0 0 147 61 2898 4911 32 21 36
48 63 108 84 24 54 28 1163 49 4 91 0 25 17.5 NA 17.5 NA 3 49 0 9 10 35 0 0 0 0 0 9 10 35 0 0 0 0 0 142 63 2964 4909 33 19 39
49 73 105 82 23 53 30 1152 64 4 88 0 26 18 NA 18 NA 6 64 0 7 10 36 0 0 0 0 0 7 10 36 0 0 0 0 1 143 64 3038 4912 30 17 41
50 77 107 84 23 56 30 1151 43 7 88 0 27 18 NA 18 NA 6 43 0 9 9 38 0 0 0 0 0 9 9 38 0 0 0 0 2 134 64 3110 4912 29 17 42
51 82 105 84 21 55 30 1126 46 4 87 0 26 18 NA 18 NA 4 46 0 9 10 36 0 0 0 0 0 9 10 36 0 0 0 0 0 116 65 3182 4913 30 18 39
52 75 107 86 21 55 36 1137 62 4 89 0 27 18 NA 18 NA 10 62 0 9 7 39 0 0 0 0 0 9 7 39 0 0 0 0 3 155 66 3247 4911 29 17 43
53 80 106 83 23 56 32 1120 59 9 88 0 28 18 NA 18 NA 6 59 0 9 7 40 0 0 0 0 0 9 7 40 0 0 0 0 1 142 68 3327 4912 26 18 44
54 62 106 83 23 55 33 1120 60 3 85 0 28.5 18 NA 18 NA 6 60 0 9 7 39 0 0 0 0 0 9 7 39 0 0 0 0 1 146 70 3398 4915 23 19 43
55 76 108 83 25 57 34 1143 52 10 86 0 27 18 NA 18 NA 9 52 0 11 9 37 0 0 0 0 0 11 9 37 0 0 0 0 3 153 71 3463 4914 24 21 41
56 81 108 84 24 58 35 1143 53 5 86 0 28 18 NA 18 NA 7 53 0 13 9 36 0 0 0 0 0 13 9 36 0 0 0 0 2 127 73 3516 4914 25 21 40
57 76 109 83 26 58 36 1178 47 7 86 0 28 18 NA 18 NA 9 47 0 8 14 36 0 0 0 0 0 8 14 36 0 0 0 0 1 164 73 3581 4914 20 26 40
58 67 111 82 29 59 33 1179 60 8 85 0 29 18 NA 18 NA 7 60 0 8 14 37 0 0 0 0 0 8 14 37 0 0 0 0 1 149 76 3648 4915 18 26 41
59 74 114 86 28 62 36 1200 58 6 86 0 28.5 18 NA 18 NA 8 58 2 8 13 39 0 0 0 0 2 8 13 39 0 0 0 0 1 171 77 3718 4914 18 23 45
60 54 112 86 26 62 28 1202 48 8 83 0 29 17.5 NA 17.5 NA 3 48 2 7 15 38 0 0 0 0 2 7 15 38 0 0 0 0 2 132 78 3791 4917 15 24 44
61 85 111 84 27 61 30 1184 53 4 82 0 28 17 NA 17 NA 5 53 2 8 14 37 0 0 0 0 2 8 14 37 0 0 0 0 0 131 78 3856 4918 16 21 45
62 81 111 83 28 59 29 1179 47 5 82 0 29 17 NA 17 NA 5 47 1 9 14 35 0 0 0 0 1 9 14 35 0 0 0 0 4 135 79 3926 4918 19 19 44
63 81 111 83 28 59 30 1175 56 5 81 0 30 18 NA 18 NA 7 56 2 8 15 34 0 0 0 0 2 8 15 34 0 0 0 0 0 129 81 3980 4919 18 20 43
64 74 113 85 28 58 29 1159 50 4 83 0 30 18 NA 18 NA 6 50 2 6 16 34 0 0 0 0 2 6 16 34 0 0 0 0 0 126 82 4056 4917 18 21 44
65 78 115 87 28 59 28 1143 57 6 86 0 30 18 NA 18 NA 8 57 1 5 17 36 0 0 0 0 1 5 17 36 0 0 0 0 1 139 85 4131 4914 18 22 46
66 75 112 84 28 57 42 1139 68 2 83 0 30.5 18 NA 18 NA 14 68 1 5 15 36 0 0 0 0 1 5 15 36 0 0 0 0 1 146 85 4196 4917 19 19 45
67 74 113 85 28 59 39 1150 53 11 86 0 31 18 NA 18 NA 12 53 0 8 15 36 0 0 0 0 0 8 15 36 0 0 0 0 2 143 87 4256 4914 20 20 46
68 65 116 87 29 59 30 1153 66 10 88 0 28 18 NA 18 NA 5 66 0 7 16 36 0 0 0 0 0 7 16 36 0 0 0 0 1 138 89 4306 4912 21 21 46
69 70 120 91 29 61 25 1125 62 9 90 0 28.5 18 NA 18 NA 3 62 0 8 11 42 0 0 0 0 0 8 11 42 0 0 0 0 3 134 89 4383 4910 22 16 52
70 75 117 90 27 60 27 1134 53 4 89 0 29 18 NA 18 NA 5 53 0 8 10 42 0 0 0 0 0 8 10 42 0 0 0 0 0 138 91 4447 4911 24 15 50
71 76 115 88 27 62 27 1116 63 8 90 0 28 18 NA 18 NA 5 63 0 7 14 41 0 0 0 0 0 7 14 41 0 0 0 0 1 151 93 4536 4910 26 15 49
72 82 116 89 27 63 26 1114 49 6 91 0 29 18 NA 18 NA 3 49 0 8 12 43 0 0 0 0 0 8 12 43 0 0 0 0 0 138 93 4605 4909 28 13 50
73 81 114 86 28 62 22 1141 54 7 88 0 28.5 18 NA 18 NA 4 54 0 9 12 41 0 0 0 0 0 9 12 41 0 0 0 0 0 166 95 4668 4912 27 14 47
74 71 115 87 28 63 25 1160 48 3 92 0 29 18 NA 18 NA 5 48 0 9 13 41 0 0 0 0 0 9 13 41 0 0 0 0 0 154 95 4736 4908 28 17 47
75 68 117 89 28 63 30 1142 68 5 92 0 26 18 NA 18 NA 9 68 0 9 14 40 0 0 0 0 0 9 14 40 0 0 0 0 2 130 95 4796 4908 29 18 45
76 93 112 85 27 60 27 1133 64 5 91 0 26 18 NA 18 NA 6 64 0 8 11 41 0 0 0 0 0 8 11 41 0 0 0 0 0 125 98 4850 4909 29 16 46
77 84 114 87 27 62 30 1144 58 7 93 0 27 18 NA 18 NA 11 58 0 8 10 44 0 0 0 0 0 8 10 44 0 0 0 0 0 136 100 4895 4907 28 16 49
78 66 115 87 28 62 29 1148 51 5 93 0 27 18 NA 18 NA 6 51 1 7 11 43 0 0 0 0 1 7 11 43 0 0 0 0 2 133 102 4960 4907 28 17 48
79 74 115 86 29 63 33 1162 68 4 93 0 27 18 NA 18 NA 9 68 2 8 11 42 0 0 0 0 2 8 11 42 0 0 0 0 2 163 103 5026 4907 27 18 48
80 62 114 86 28 61 30 1186 53 5 91 0 27 18 NA 18 NA 5 53 2 7 10 42 0 0 0 0 2 7 10 42 0 0 0 0 2 162 105 5092 4909 27 18 46
81 76 110 83 27 59 35 1186 60 5 90 0 26 17 NA 17 NA 8 60 2 10 9 38 0 0 0 0 2 10 9 38 0 0 0 0 1 142 106 5152 4910 29 19 42
82 89 107 81 26 57 40 1166 71 4 86 0 27 17 NA 17 NA 10 71 2 10 9 36 0 0 0 0 2 10 9 36 0 0 0 0 0 136 107 5219 4914 26 21 39
83 63 106 81 25 56 40 1188 53 7 86 0 27.5 17 NA 17 NA 8 53 2 7 11 36 0 0 0 0 2 7 11 36 0 0 0 0 0 157 107 5287 4914 23 24 39
84 80 104 79 25 57 43 1198 64 8 86 0 28.5 17 NA 17 NA 12 64 2 8 12 35 0 0 0 0 2 8 12 35 0 0 0 0 1 159 109 5354 4914 22 26 38
85 84 100 75 25 57 43 1174 56 10 82 0 28.5 17 NA 17 NA 8 56 3 9 14 31 0 0 0 0 3 9 14 31 0 0 0 0 1 134 109 5434 4918 21 26 35
86 75 98 75 23 57 40 1168 50 12 79 0 28.5 18 NA 18 NA 7 50 3 8 15 31 0 0 0 0 3 8 15 31 0 0 0 0 1 132 109 5499 4921 17 26 36
87 72 98 75 23 57 47 1186 56 1 81 0 29.5 18 NA 18 NA 9 56 2 7 16 32 0 0 0 0 2 7 16 32 0 0 0 0 1 159 110 5570 4919 18 26 37
88 85 100 77 23 56 43 1215 50 4 79 0 29.5 17.5 NA 17.5 NA 4 50 2 6 15 33 0 0 0 0 2 6 15 33 0 0 0 0 3 157 113 5632 4921 14 26 39
89 82 101 77 24 53 40 1238 45 4 78 0 30 17 NA 17 NA 4 45 2 5 15 31 0 0 0 0 2 5 15 31 0 0 0 0 2 146 116 5688 4922 14 26 38
90 80 104 80 24 56 39 1236 41 4 80 0 30 17.5 NA 17.5 NA 4 41 2 7 16 31 0 0 0 0 2 7 16 31 0 0 0 0 1 122 117 5750 4920 15 27 38
91 77 107 83 24 58 43 1199 65 3 82 0 30 18 NA 18 NA 9 65 2 6 16 34 0 0 0 0 2 6 16 34 0 0 0 0 2 135 120 5835 4918 15 26 41
92 70 105 79 26 53 41 1163 64 4 80 0 30 18 NA 18 NA 6 64 1 5 16 31 0 0 0 0 1 5 16 31 0 0 0 0 1 129 124 5915 4920 16 25 39
93 79 105 79 26 52 44 1146 58 6 79 0 30 17.5 NA 17.5 NA 11 58 1 4 16 31 0 0 0 0 1 4 16 31 0 0 0 0 2 127 126 5982 4921 16 23 40
94 53 105 79 26 54 41 1160 56 7 81 0 31 17.5 NA 17.5 NA 8 56 1 5 15 33 0 0 0 0 1 5 15 33 0 0 0 0 0 149 130 6047 4919 18 21 42
95 95 108 80 28 55 40 1142 65 7 81 0 31 18 NA 18 NA 10 65 1 6 11 37 0 0 0 0 1 6 11 37 0 0 0 0 1 146 132 6119 4919 17 18 46
96 98 106 80 26 53 39 1124 45 7 79 0 31.5 18 NA 18 NA 6 45 1 5 11 36 0 0 0 0 1 5 11 36 0 0 0 0 1 129 132 6198 4921 17 17 45
97 90 102 76 26 51 37 1137 49 4 77 0 32 18 NA 18 NA 4 49 1 4 11 35 0 0 0 0 1 4 11 35 0 0 0 0 0 141 134 6253 4923 17 17 43
98 93 101 75 26 53 32 1159 54 8 77 0 33 18 NA 18 NA 4 54 1 6 10 36 0 0 0 0 1 6 10 36 0 0 0 0 0 167 134 6322 4923 16 16 45
99 75 104 78 26 53 42 1165 53 2 75 0 32 18 NA 18 NA 13 53 1 5 10 37 0 0 0 0 1 5 10 37 0 0 0 0 3 154 136 6399 4925 14 16 45
100 86 105 79 26 52 40 1156 44 5 76 0 32 18 NA 18 NA 6 44 0 6 8 38 0 0 0 0 0 6 8 38 0 0 0 0 1 142 140 6481 4924 16 12 48
101 91 103 77 26 49 38 1162 56 6 76 0 29 18 NA 18 NA 5 56 0 5 9 35 0 0 0 0 0 5 9 35 0 0 0 0 2 155 142 6554 4924 18 12 46
102 71 106 80 26 52 33 1199 50 10 79 0 27.5 18 NA 18 NA 5 50 0 7 10 35 0 0 0 0 0 7 10 35 0 0 0 0 3 159 142 6608 4921 20 13 46
103 87 106 82 24 51 34 1199 57 4 80 0 27 18 NA 18 NA 6 57 0 7 11 33 0 0 0 0 0 7 11 33 0 0 0 0 1 145 143 6677 4920 21 14 45
104 84 103 78 25 48 29 1195 57 4 79 0 26 18 NA 18 NA 3 57 0 5 12 31 0 0 0 0 0 5 12 31 0 0 0 0 1 135 143 6735 4921 21 16 42
105 81 103 77 26 46 28 1197 53 3 78 0 26 18 NA 18 NA 5 53 1 4 11 30 0 0 0 0 1 4 11 30 0 0 0 0 2 141 145 6795 4922 22 15 41
106 98 102 76 26 46 29 1220 52 5 76 0 26 18 NA 18 NA 6 52 1 5 12 28 0 0 0 0 1 5 12 28 0 0 0 0 1 166 146 6867 4924 20 17 39
107 68 104 78 26 48 29 1218 62 6 78 0 26.5 18 NA 18 NA 7 62 1 8 11 28 0 0 0 0 1 8 11 28 0 0 0 0 2 136 148 6930 4922 23 16 39
108 67 105 79 26 50 24 1214 62 7 79 0 27 17.5 NA 17.5 NA 4 62 1 10 11 28 0 0 0 0 1 10 11 28 0 0 0 0 0 136 151 6993 4921 23 17 39
109 76 103 78 25 49 29 1216 68 3 76 0 27 18 NA 18 NA 9 68 1 11 10 27 0 0 0 0 1 11 10 27 0 0 0 0 2 158 152 7059 4924 23 16 37
110 81 106 79 27 48 30 1184 65 4 75 0 22.5 18 NA 18 NA 6 65 1 11 10 26 0 0 0 0 1 11 10 26 0 0 0 0 1 125 153 7132 4925 23 15 37
111 78 109 80 29 50 39 1180 74 2 80 0 23 18 NA 18 NA 9 74 1 11 9 29 0 0 0 0 1 11 9 29 0 0 0 0 2 162 153 7205 4920 27 14 39
112 78 110 81 29 49 32 1203 60 6 80 0 23 18 NA 18 NA 5 60 1 9 12 27 0 0 0 0 1 9 12 27 0 0 0 0 4 163 157 7267 4920 27 16 37
113 85 111 82 29 49 35 1204 58 3 81 0 23 18 NA 18 NA 7 58 1 7 13 28 0 0 0 0 1 7 13 28 0 0 0 0 2 152 159 7338 4919 26 17 38
114 85 109 80 29 49 36 1182 58 7 79 0 24 18 NA 18 NA 6 58 1 8 13 27 0 0 0 0 1 8 13 27 0 0 0 0 1 145 159 7417 4921 24 19 36
115 65 110 81 29 53 38 1171 70 9 81 0 24.5 18 NA 18 NA 11 70 2 10 13 28 0 0 0 0 2 10 13 28 0 0 0 0 2 142 159 7479 4919 24 19 38
116 53 111 80 31 53 38 1185 58 9 80 0 24 18 NA 18 NA 8 58 2 10 12 29 0 0 0 0 2 10 12 29 0 0 0 0 3 146 159 7542 4920 22 19 39
117 91 114 79 35 52 39 1201 57 5 81 0 24 17.5 NA 17.5 NA 9 57 1 10 12 29 0 0 0 0 1 10 12 29 0 0 0 0 1 157 160 7604 4919 23 20 38
118 71 116 81 35 55 41 1183 51 4 82 0 24 18 NA 18 NA 8 51 1 12 12 30 0 0 0 0 1 12 12 30 0 0 0 0 1 135 162 7686 4918 24 18 40
119 78 118 82 36 54 42 1201 46 6 83 0 23 17.5 NA 17.5 NA 9 46 1 10 15 28 0 0 0 0 1 10 15 28 0 0 0 0 4 150 165 7752 4917 25 21 37
120 73 118 82 36 57 46 1209 70 8 83 0 21 17 NA 17 NA 13 70 1 13 14 29 0 0 0 0 1 13 14 29 0 0 0 0 1 150 167 7808 4917 25 22 36
121 91 118 81 37 59 42 1211 62 12 81 0 22 17 NA 17 NA 7 62 2 15 14 28 0 0 0 0 2 15 14 28 0 0 0 0 3 155 167 7874 4919 26 22 33
122 86 118 82 36 60 37 1232 60 5 83 0 23 17.5 NA 17.5 NA 5 60 2 15 15 28 0 0 0 0 2 15 15 28 0 0 0 0 1 152 172 7925 4917 29 22 32
123 83 120 85 35 59 39 1201 65 3 83 0 22.5 18 NA 18 NA 7 65 2 10 20 27 0 0 0 0 2 10 20 27 0 0 0 0 2 137 174 8004 4917 25 27 31
124 91 119 86 33 59 36 1192 63 7 86 0 23 18 NA 18 NA 6 63 2 11 17 29 0 0 0 0 2 11 17 29 0 0 0 0 1 147 177 8081 4914 28 25 33
125 78 122 85 37 61 33 1195 49 7 85 0 23 18 NA 18 NA 5 49 1 12 16 32 0 0 0 0 1 12 16 32 0 0 0 0 0 144 178 8151 4915 25 24 36
126 81 123 84 39 60 38 1186 68 1 86 0 23 18 NA 18 NA 7 68 1 10 14 35 0 0 0 0 1 10 14 35 0 0 0 0 3 163 179 8230 4914 25 21 40
127 92 124 85 39 60 41 1187 62 4 87 0 23.5 18 NA 18 NA 7 62 2 9 13 36 0 0 0 0 2 9 13 36 0 0 0 0 3 147 179 8288 4913 25 20 42
128 90 123 85 38 60 41 1158 78 6 89 0 25 18 NA 18 NA 11 78 2 8 12 38 0 0 0 0 2 8 12 38 0 0 0 0 1 139 184 8359 4911 26 18 45
129 70 121 83 38 57 36 1132 48 8 89 0 24 17 NA 17 NA 5 48 2 6 14 35 0 0 0 0 2 6 14 35 0 0 0 0 2 121 186 8442 4911 27 19 43
130 91 123 86 37 58 41 1152 59 3 89 0 24 17.5 NA 17.5 NA 10 59 2 7 14 35 0 0 0 0 2 7 14 35 0 0 0 0 1 158 188 8496 4911 27 20 42
131 62 123 87 36 55 37 1173 51 4 89 0 24 17 NA 17 NA 4 51 2 7 11 35 0 0 0 0 2 7 11 35 0 0 0 0 1 164 192 8574 4911 27 20 42
132 90 123 87 36 55 44 1164 62 5 88 0 23 18 NA 18 NA 13 62 1 8 10 36 0 0 0 0 1 8 10 36 0 0 0 0 3 132 193 8632 4912 28 18 42
133 77 124 87 37 56 38 1181 54 9 90 0 23 17.5 NA 17.5 NA 4 54 0 9 13 34 0 0 0 0 0 9 13 34 0 0 0 0 2 150 195 8697 4910 30 20 40
134 83 122 86 36 54 38 1158 67 7 87 0 23 16.5 NA 16.5 NA 9 67 1 8 14 31 0 0 0 0 1 8 14 31 0 0 0 0 2 133 197 8762 4913 27 23 37
135 87 126 87 39 57 38 1144 69 8 91 0 23 17 NA 17 NA 9 69 1 9 11 36 0 0 0 0 1 9 11 36 0 0 0 0 1 122 199 8812 4909 29 21 41
136 86 123 85 38 56 38 1126 66 5 91 0 24 17.5 NA 17.5 NA 7 66 1 7 12 36 0 0 0 0 1 7 12 36 0 0 0 0 0 145 201 8884 4909 26 23 42
137 77 122 84 38 56 39 1136 63 7 90 0 23.5 16 NA 16 NA 8 63 1 8 13 34 0 0 0 0 1 8 13 34 0 0 0 0 3 161 203 8948 4910 29 20 41
138 62 123 84 39 55 41 1156 67 5 91 0 23 15 NA 15 NA 9 67 2 7 13 33 0 0 0 0 2 7 13 33 0 0 0 0 3 171 204 9014 4909 30 21 40
139 62 122 84 38 56 43 1148 58 8 90 0 22 15 NA 15 NA 8 58 2 10 13 31 0 0 0 0 2 10 13 31 0 0 0 0 4 143 204 9089 4910 31 22 37
140 72 125 87 38 57 37 1180 48 7 90 0 23 15 NA 15 NA 3 48 2 11 13 31 0 0 0 0 2 11 13 31 0 0 0 0 2 159 205 9160 4910 30 23 37
141 67 123 85 38 56 37 1182 67 7 89 0 22 15.5 NA 15.5 NA 7 67 1 12 10 33 0 0 0 0 1 12 10 33 0 0 0 0 2 149 207 9220 4911 29 23 37
142 74 121 83 38 54 33 1196 42 6 88 0 23 16.5 NA 16.5 NA 3 42 1 11 10 32 0 0 0 0 1 11 10 32 0 0 0 0 0 148 209 9294 4912 28 23 37
143 68 123 86 37 55 27 1189 58 4 90 0 23 17 NA 17 NA 4 58 1 12 8 34 0 0 0 0 1 12 8 34 0 0 0 0 2 146 215 9369 4910 29 24 37
144 73 122 87 35 55 28 1213 59 4 89 0 23.5 18 NA 18 NA 5 59 0 11 11 33 0 0 0 0 0 11 11 33 0 0 0 0 1 161 217 9428 4911 28 25 36
145 87 120 87 33 52 31 1223 61 4 88 0 24 18 NA 18 NA 6 61 0 8 11 33 0 0 0 0 0 8 11 33 0 0 0 0 3 149 218 9491 4912 27 25 36
146 84 119 87 32 54 37 1203 85 8 89 0 25 16.5 NA 16.5 NA 11 85 0 9 11 34 0 0 0 0 0 9 11 34 0 0 0 0 1 135 218 9544 4911 27 23 39
147 69 122 90 32 55 39 1216 65 8 92 0 24.5 17 NA 17 NA 10 65 0 8 13 34 0 0 0 0 0 8 13 34 0 0 0 0 1 162 219 9601 4908 27 25 40
148 86 122 90 32 56 32 1233 58 10 91 0 25.5 17.5 NA 17.5 NA 6 58 0 7 12 37 0 0 0 0 0 7 12 37 0 0 0 0 1 154 221 9662 4909 25 22 44
149 87 118 88 30 57 35 1210 57 4 91 0 26.5 17 NA 17 NA 8 57 1 7 11 38 0 0 0 0 1 7 11 38 0 0 0 0 1 126 222 9730 4909 25 23 43
150 77 117 88 29 54 32 1170 65 4 87 0 27 17.5 NA 17.5 NA 7 65 1 6 11 36 0 0 0 0 1 6 11 36 0 0 0 0 3 132 224 9814 4913 24 21 42
151 80 116 88 28 56 29 1175 59 9 89 0 27 18 NA 18 NA 9 59 0 7 11 38 0 0 0 0 0 7 11 38 0 0 0 0 0 153 228 9886 4911 27 20 42
152 62 114 86 28 58 28 1224 53 8 87 0 27 19 NA 19 NA 5 53 0 9 11 38 0 0 0 0 0 9 11 38 0 0 0 0 2 181 228 9957 4913 27 18 42
153 89 114 84 30 59 24 1184 57 8 87 0 26.5 20 NA 20 NA 2 57 1 8 13 37 0 0 0 0 1 8 13 37 0 0 0 0 0 122 228 10036 4913 27 18 42
154 63 113 83 30 59 30 1177 52 2 88 0 28 20 NA 20 NA 9 52 1 7 14 37 0 0 0 0 1 7 14 37 0 0 0 0 1 133 229 10110 4912 27 19 42
155 75 109 81 28 58 34 1181 62 7 84 0 26 19 NA 19 NA 8 62 1 8 15 34 0 0 0 0 1 8 15 34 0 0 0 0 2 147 229 10168 4916 24 20 40
156 79 109 81 28 57 39 1204 61 5 82 0 25 18 NA 18 NA 7 61 1 8 16 32 0 0 0 0 1 8 16 32 0 0 0 0 3 171 229 10239 4918 23 21 38
157 80 111 83 28 57 33 1202 52 11 82 0 25 19 NA 19 NA 4 52 1 7 15 34 0 0 0 0 1 7 15 34 0 0 0 0 2 145 229 10313 4918 22 20 40
158 71 111 83 28 58 30 1225 57 4 83 0 26 19 NA 19 NA 2 57 1 6 15 36 0 0 0 0 1 6 15 36 0 0 0 0 0 156 231 10370 4917 21 21 41
159 99 109 81 28 57 30 1211 66 2 81 0 27 18 NA 18 NA 7 66 1 6 13 37 0 0 0 0 1 6 13 37 0 0 0 0 1 149 233 10449 4919 18 21 42
160 73 107 79 28 57 33 1195 60 3 80 0 27 17 NA 17 NA 5 60 2 6 13 36 0 0 0 0 2 6 13 36 0 0 0 0 0 130 233 10521 4920 19 20 41
161 68 105 78 27 57 26 1191 56 9 77 0 28 17 NA 17 NA 6 56 2 5 15 35 0 0 0 0 2 5 15 35 0 0 0 0 1 139 236 10587 4923 16 21 40
162 74 107 78 29 55 30 1186 59 3 79 0 27 17 NA 17 NA 9 59 2 5 14 34 0 0 0 0 2 5 14 34 0 0 0 0 4 139 238 10649 4921 20 20 39
163 62 110 81 29 56 27 1196 62 7 80 0 28 17.5 NA 17.5 NA 5 62 2 5 14 35 0 0 0 0 2 5 14 35 0 0 0 0 2 163 239 10723 4920 20 20 40
164 85 111 82 29 57 30 1176 57 5 81 0 27 18 NA 18 NA 7 57 1 6 15 35 0 0 0 0 1 6 15 35 0 0 0 0 1 146 240 10812 4919 20 22 39
165 67 109 80 29 56 31 1186 56 8 79 0 28 17.5 NA 17.5 NA 8 56 1 7 14 34 0 0 0 0 1 7 14 34 0 0 0 0 1 140 240 10865 4921 20 22 37
166 75 110 81 29 56 32 1192 60 5 79 0 28 18.5 NA 18.5 NA 7 60 1 7 13 35 0 0 0 0 1 7 13 35 0 0 0 0 1 159 241 10933 4921 20 21 38
167 96 106 79 27 51 32 1181 60 2 75 0 26.5 20 NA 20 NA 6 60 1 4 13 33 0 0 0 0 1 4 13 33 0 0 0 0 2 134 244 11000 4925 18 20 37
168 77 107 80 27 51 36 1189 58 5 78 0 25 21 NA 21 NA 10 58 1 3 12 35 0 0 0 0 1 3 12 35 0 0 0 0 2 169 246 11083 4922 21 18 39
169 92 106 78 28 48 35 1195 58 5 79 0 24.5 20.5 NA 20.5 NA 4 58 0 3 10 35 0 0 0 0 0 3 10 35 0 0 0 0 5 148 246 11145 4921 23 17 39
170 79 106 79 27 48 33 1189 53 6 76 0 25 19.5 NA 19.5 NA 7 53 1 3 10 34 0 0 0 0 1 3 10 34 0 0 0 0 2 151 249 11229 4924 21 17 38
171 81 103 76 27 45 27 1179 68 10 72 0 23 21 NA 21 NA 5 68 1 4 7 33 0 0 0 0 1 4 7 33 0 0 0 0 2 139 250 11295 4928 21 14 37
172 74 102 74 28 43 33 1176 55 3 70 0 23.5 21 NA 21 NA 8 55 1 2 8 32 0 0 0 0 1 2 8 32 0 0 0 0 1 129 250 11357 4930 19 15 36
173 81 103 76 27 42 33 1187 42 5 69 0 20 19.5 NA 19.5 NA 4 42 0 4 7 31 0 0 0 0 0 4 7 31 0 0 0 0 3 136 250 11418 4931 19 14 36
174 66 103 78 25 43 26 1189 63 10 71 0 21 20 NA 20 NA 6 63 0 5 7 31 0 0 0 0 0 5 7 31 0 0 0 0 1 139 253 11478 4929 21 14 36
175 91 107 82 25 43 28 1196 48 4 73 0 20 19 NA 19 NA 5 48 1 5 7 30 0 0 0 0 1 5 7 30 0 0 0 0 4 161 253 11559 4927 23 14 36
176 80 107 83 24 45 25 1188 41 6 74 0 20 19 NA 19 NA 3 41 1 7 7 30 0 0 0 0 1 7 7 30 0 0 0 0 1 123 253 11630 4926 26 13 35
177 93 106 84 22 43 26 1167 63 6 73 0 20.5 19 NA 19 NA 7 63 0 6 7 30 0 0 0 0 0 6 7 30 0 0 0 0 2 124 253 11692 4927 26 12 35
178 80 105 82 23 42 26 1155 59 3 72 0 21 18.5 NA 18.5 NA 4 59 0 5 9 28 0 0 0 0 0 5 9 28 0 0 0 0 3 136 255 11766 4928 27 13 32
179 85 104 81 23 41 29 1162 43 2 70 0 22 18 NA 18 NA 4 43 0 6 6 29 0 0 0 0 0 6 6 29 0 0 0 0 1 138 256 11835 4930 27 11 32
180 59 104 82 22 43 25 1173 53 8 71 0 21 18 NA 18 NA 4 53 0 9 6 28 0 0 0 0 0 9 6 28 0 0 0 0 1 158 257 11914 4929 26 14 31
181 83 104 78 26 39 29 1171 63 1 71 0 19 18 NA 18 NA 8 63 0 6 7 26 0 0 0 0 0 6 7 26 0 0 0 0 1 148 261 11979 4929 23 18 30
182 71 104 79 25 45 34 1166 56 8 73 0 20 19 NA 19 NA 9 56 0 9 10 26 0 0 0 0 0 9 10 26 0 0 0 0 0 143 261 12054 4927 25 17 31
183 82 103 79 24 44 32 1170 74 8 73 0 21 18.5 NA 18.5 NA 7 74 0 7 11 26 0 0 0 0 0 7 11 26 0 0 0 0 0 164 262 12120 4927 25 17 31
184 54 103 79 24 48 26 1176 65 14 73 0 21 18.5 NA 18.5 NA 7 65 1 10 10 27 0 0 0 0 1 10 10 27 0 0 0 0 0 147 264 12184 4927 26 16 31
185 63 105 81 24 48 33 1168 62 5 75 0 22 18.5 NA 18.5 NA 12 62 1 9 11 27 0 0 0 0 1 9 11 27 0 0 0 0 1 131 264 12246 4925 27 16 32
186 76 105 82 23 47 37 1155 63 5 77 0 23 18 NA 18 NA 8 63 1 8 12 26 0 0 0 0 1 8 12 26 0 0 0 0 0 140 264 12319 4923 27 19 31
187 73 108 81 27 49 30 1136 51 9 81 0 23 18 NA 18 NA 3 51 1 8 13 27 0 0 0 0 1 8 13 27 0 0 0 0 0 133 266 12402 4919 29 21 31
188 80 108 80 28 51 32 1171 50 5 80 0 23.5 19 NA 19 NA 6 50 1 6 17 27 0 0 0 0 1 6 17 27 0 0 0 0 3 151 267 12448 4920 26 23 31
189 79 107 81 26 51 35 1180 58 7 79 0 23 19 NA 19 NA 9 58 1 8 17 25 0 0 0 0 1 8 17 25 0 0 0 0 2 144 268 12507 4921 26 24 29
190 79 105 81 24 50 38 1192 56 4 78 0 24 18.5 NA 18.5 NA 8 56 1 8 17 24 0 0 0 0 1 8 17 24 0 0 0 0 0 157 269 12574 4922 25 25 28
191 48 102 78 24 51 46 1187 67 7 78 0 23 19 NA 19 NA 13 67 1 11 18 21 0 0 0 0 1 11 18 21 0 0 0 0 0 143 269 12641 4922 28 24 26
192 66 100 75 25 47 50 1183 74 6 77 0 23 19 NA 19 NA 11 74 0 11 15 21 0 0 0 0 0 11 15 21 0 0 0 0 1 150 270 12712 4923 28 22 27
193 80 99 73 26 48 52 1172 71 7 79 0 24 18.5 NA 18.5 NA 12 71 0 9 14 25 0 0 0 0 0 9 14 25 0 0 0 0 0 145 271 12774 4921 27 22 30
194 67 96 71 25 46 46 1176 66 10 76 0 24.5 18 NA 18 NA 8 66 0 10 15 21 0 0 0 0 0 10 15 21 0 0 0 0 1 144 275 12836 4924 27 23 26
195 78 98 72 26 49 44 1171 53 8 77 0 24.5 18 NA 18 NA 5 53 0 12 15 22 0 0 0 0 0 12 15 22 0 0 0 0 4 148 275 12912 4923 26 24 27
196 82 99 74 25 50 39 1172 69 10 78 0 25 18.5 NA 18.5 NA 5 69 0 12 16 22 0 0 0 0 0 12 16 22 0 0 0 0 1 167 277 12989 4922 26 25 27
197 64 103 74 29 51 46 1188 60 5 78 0 24 19 NA 19 NA 12 60 0 12 17 22 0 0 0 0 0 12 17 22 0 0 0 0 3 155 278 13052 4922 25 26 27
198 64 103 74 29 51 39 1196 62 5 78 0 25 19 NA 19 NA 5 62 0 11 15 25 0 0 0 0 0 11 15 25 0 0 0 0 1 149 283 13108 4922 23 26 29
199 79 104 74 30 51 39 1209 57 4 78 0 25 19 NA 19 NA 5 57 0 9 16 26 0 0 0 0 0 9 16 26 0 0 0 0 1 152 285 13173 4922 20 27 31
200 66 104 73 31 52 40 1224 51 7 80 0 26 20 NA 20 NA 7 51 0 8 16 28 0 0 0 0 0 8 16 28 0 0 0 0 0 150 286 13240 4920 22 25 33
201 77 103 72 31 50 38 1237 57 3 78 0 26 20 NA 20 NA 2 57 0 8 16 26 0 0 0 0 0 8 16 26 0 0 0 0 3 154 287 13306 4922 23 23 32
202 78 105 74 31 51 34 1225 63 9 79 0 27 20 NA 20 NA 8 63 0 7 17 27 0 0 0 0 0 7 17 27 0 0 0 0 1 139 290 13378 4921 22 23 34
203 64 106 75 31 51 36 1222 58 3 79 0 27.5 20 NA 20 NA 7 58 0 5 19 27 0 0 0 0 0 5 19 27 0 0 0 0 1 129 291 13433 4921 19 26 34
204 81 106 78 28 49 33 1205 58 8 79 0 26 20 NA 20 NA 6 58 0 3 19 27 0 0 0 0 0 3 19 27 0 0 0 0 0 141 292 13513 4921 19 26 34
205 67 109 80 29 49 38 1185 55 3 79 0 26 20 NA 20 NA 11 55 0 0 19 30 0 0 0 0 0 0 19 30 0 0 0 0 3 126 295 13588 4921 15 26 38
206 71 107 79 28 51 35 1186 59 11 76 0 27 19 NA 19 NA 6 59 1 1 19 30 0 0 0 0 1 1 19 30 0 0 0 0 1 138 297 13646 4924 14 26 36
207 83 106 79 27 51 32 1175 65 8 75 0 27 19 NA 19 NA 8 65 1 3 18 29 0 0 0 0 1 3 18 29 0 0 0 0 3 142 299 13711 4925 16 24 35
208 76 104 77 27 48 29 1145 62 6 74 0 27 17 NA 17 NA 5 62 1 3 17 27 0 0 0 0 1 3 17 27 0 0 0 0 1 125 301 13782 4926 18 22 34
209 77 103 75 28 48 25 1129 50 6 77 0 28 16 NA 16 NA 3 50 1 4 15 28 0 0 0 0 1 4 15 28 0 0 0 0 0 127 303 13856 4923 21 22 34
210 72 105 77 28 49 22 1141 52 5 77 0 28 16 NA 16 NA 6 52 1 5 14 29 0 0 0 0 1 5 14 29 0 0 0 0 2 150 306 13922 4923 21 22 34
211 77 108 79 29 49 22 1148 49 4 78 0 25.5 16 NA 16 NA 3 49 1 6 10 32 0 0 0 0 1 6 10 32 0 0 0 0 3 144 306 13995 4922 22 19 37
212 96 109 80 29 48 26 1134 61 1 79 0 24 16 NA 16 NA 7 61 1 6 10 31 0 0 0 0 1 6 10 31 0 0 0 0 1 152 308 14078 4921 22 21 36
213 77 114 84 30 51 27 1156 46 3 81 0 24.5 16 NA 16 NA 2 46 1 7 10 33 0 0 0 0 1 7 10 33 0 0 0 0 5 163 309 14155 4919 22 22 37
214 76 113 85 28 51 31 1156 68 4 80 0 25 16 NA 16 NA 7 68 1 8 9 33 0 0 0 0 1 8 9 33 0 0 0 0 1 151 309 14219 4920 23 19 38
215 93 114 85 29 54 35 1150 58 6 81 0 23.5 17.5 NA 17.5 NA 9 58 1 10 10 33 0 0 0 0 1 10 10 33 0 0 0 0 2 140 309 14281 4919 24 18 39
216 85 116 85 31 54 29 1152 62 10 81 0 22.5 18.5 NA 18.5 NA 4 62 1 8 11 34 0 0 0 0 1 8 11 34 0 0 0 0 4 155 310 14345 4919 23 17 41
217 69 114 84 30 52 31 1167 45 5 81 0 22 17.5 NA 17.5 NA 7 45 0 10 8 34 0 0 0 0 0 10 8 34 0 0 0 0 2 131 311 14407 4919 26 13 42
218 79 113 83 30 52 32 1169 54 2 80 0 23 17.5 NA 17.5 NA 5 54 0 11 7 34 0 0 0 0 0 11 7 34 0 0 0 0 2 137 314 14471 4920 26 12 42
219 86 113 84 29 53 34 1172 58 6 81 0 23 19 NA 19 NA 7 58 0 9 10 34 0 0 0 0 0 9 10 34 0 0 0 0 1 141 314 14529 4919 25 15 41
220 77 112 83 29 53 32 1191 53 5 81 0 24.5 19 NA 19 NA 8 53 0 8 11 34 0 0 0 0 0 8 11 34 0 0 0 0 1 146 317 14584 4919 23 17 41
221 70 111 83 28 50 28 1183 56 5 79 0 24 19 NA 19 NA 4 56 0 7 11 32 0 0 0 0 0 7 11 32 0 0 0 0 2 137 317 14650 4921 20 19 40
222 70 111 84 27 47 34 1200 52 2 78 0 25 19 NA 19 NA 8 52 0 6 11 30 0 0 0 0 0 6 11 30 0 0 0 0 3 144 317 14712 4922 21 18 39
223 79 112 85 27 46 38 1191 61 5 79 0 23.5 19.5 NA 19.5 NA 10 61 0 5 12 29 0 0 0 0 0 5 12 29 0 0 0 0 1 135 319 14776 4921 23 18 38
224 86 111 85 26 47 35 1201 50 7 78 0 24 19 NA 19 NA 7 50 0 4 12 31 0 0 0 0 0 4 12 31 0 0 0 0 1 151 320 14842 4922 22 17 39
225 62 105 79 26 44 36 1193 57 4 75 0 25 18.5 NA 18.5 NA 9 57 0 4 10 30 0 0 0 0 0 4 10 30 0 0 0 0 2 142 323 14921 4925 21 15 39
226 93 105 80 25 46 36 1189 48 4 75 0 26 17.5 NA 17.5 NA 5 48 1 5 10 30 0 0 0 0 1 5 10 30 0 0 0 0 0 132 323 14988 4925 20 16 39
227 67 103 79 24 45 31 1214 49 6 73 0 26 17 NA 17 NA 3 49 1 4 10 30 0 0 0 0 1 4 10 30 0 0 0 0 0 161 324 15062 4927 19 16 38
228 82 102 78 24 43 34 1208 76 3 75 0 25.5 17 NA 17 NA 8 76 0 4 9 30 0 0 0 0 0 4 9 30 0 0 0 0 2 153 326 15133 4925 20 17 38
229 78 103 79 24 43 34 1201 50 6 77 0 26 17 NA 17 NA 7 50 0 3 10 30 0 0 0 0 0 3 10 30 0 0 0 0 1 133 327 15209 4923 20 19 38
230 82 101 78 23 41 40 1181 62 2 76 0 26 18 NA 18 NA 7 62 0 3 9 29 0 0 0 0 0 3 9 29 0 0 0 0 1 131 327 15277 4924 21 18 37
231 87 102 80 22 38 36 1169 52 8 75 0 25.5 19 NA 19 NA 7 52 0 3 6 29 0 0 0 0 0 3 6 29 0 0 0 0 1 130 328 15342 4925 22 16 37
232 80 102 80 22 38 38 1185 50 6 73 0 24 19 NA 19 NA 10 50 1 3 5 29 0 0 0 0 1 3 5 29 0 0 0 0 2 158 330 15412 4927 21 17 35
233 79 101 78 23 39 41 1169 78 7 74 0 25 19 NA 19 NA 12 78 0 4 6 29 0 0 0 0 0 4 6 29 0 0 0 0 1 157 332 15486 4926 22 15 37
234 88 97 76 21 36 46 1167 60 3 73 0 26 21 NA 21 NA 8 60 0 3 4 29 0 0 0 0 0 3 4 29 0 0 0 0 1 151 333 15552 4927 22 14 37
235 81 95 75 20 37 44 1145 65 7 74 0 25 20 NA 20 NA 6 65 0 4 4 29 0 0 0 0 0 4 4 29 0 0 0 0 1 128 333 15616 4926 24 14 36
236 71 95 75 20 37 47 1137 48 2 75 0 26 20 NA 20 NA 7 48 0 4 4 29 0 0 0 0 0 4 4 29 0 0 0 0 1 130 335 15682 4925 23 16 36
237 72 93 73 20 35 45 1140 56 6 74 0 26 20 NA 20 NA 8 56 1 4 3 27 0 0 0 0 1 4 3 27 0 0 0 0 0 148 337 15749 4926 23 16 35
238 77 92 72 20 35 44 1160 47 6 71 0 25.5 19 NA 19 NA 9 47 1 6 4 24 0 0 0 0 1 6 4 24 0 0 0 0 0 158 341 15819 4929 22 16 33
239 79 91 71 20 33 43 1142 56 10 69 0 25 18 NA 18 NA 9 56 1 7 4 21 0 0 0 0 1 7 4 21 0 0 0 0 1 144 342 15899 4931 23 16 30
240 81 95 75 20 36 42 1158 66 8 71 0 24 18 NA 18 NA 8 66 1 8 5 22 0 0 0 0 1 8 5 22 0 0 0 0 2 154 343 15955 4929 21 17 33
241 77 99 78 21 38 38 1165 62 7 72 0 25 18.5 NA 18.5 NA 6 62 1 8 5 24 0 0 0 0 1 8 5 24 0 0 0 0 2 148 344 16016 4928 20 18 34
242 81 101 82 19 42 38 1201 57 10 72 0 25 18.5 NA 18.5 NA 7 57 1 8 7 26 0 0 0 0 1 8 7 26 0 0 0 0 3 167 345 16067 4928 18 20 34
243 73 103 84 19 43 36 1184 68 4 74 0 25 18 NA 18 NA 4 68 1 8 8 26 0 0 0 0 1 8 8 26 0 0 0 0 2 130 347 16125 4926 20 20 34
244 79 109 86 23 47 36 1175 63 8 77 0 24 19 NA 19 NA 9 63 1 10 9 27 0 0 0 0 1 10 9 27 0 0 0 0 3 149 349 16203 4923 22 19 36
245 84 111 85 26 48 32 1183 55 8 75 0 23 19.5 NA 19.5 NA 6 55 1 10 11 26 0 0 0 0 1 10 11 26 0 0 0 0 2 144 351 16269 4925 20 21 34
246 83 112 85 27 47 32 1197 41 6 75 0 23.5 19 NA 19 NA 9 41 1 9 12 25 0 0 0 0 1 9 12 25 0 0 0 0 3 146 354 16334 4925 19 21 35
247 68 111 85 26 46 28 1201 55 9 73 0 24 18.5 NA 18.5 NA 5 55 1 8 12 25 0 0 0 0 1 8 12 25 0 0 0 0 2 133 355 16394 4927 17 22 34
248 77 112 86 26 47 28 1206 46 4 72 0 23.5 19 NA 19 NA 7 46 0 8 12 27 0 0 0 0 0 8 12 27 0 0 0 0 0 149 356 16467 4928 16 21 35
249 85 112 86 26 47 29 1189 62 4 71 0 22.5 19 NA 19 NA 6 62 0 7 13 27 0 0 0 0 0 7 13 27 0 0 0 0 2 141 356 16540 4929 15 21 35
250 80 112 86 26 45 34 1177 61 2 70 0 22 19 NA 19 NA 9 61 0 7 13 25 0 0 0 0 0 7 13 25 0 0 0 0 2 147 358 16616 4930 16 20 34
251 68 112 88 24 46 33 1193 65 7 70 0 22.5 19.5 NA 19.5 NA 7 65 0 7 14 25 0 0 0 0 0 7 14 25 0 0 0 0 3 158 359 16674 4930 17 20 33
252 83 113 89 24 49 29 1189 51 8 74 0 22 20 NA 20 NA 7 51 0 7 14 28 0 0 0 0 0 7 14 28 0 0 0 0 1 151 363 16749 4926 19 19 36
253 90 111 88 23 48 33 1169 64 3 77 0 22 19.5 NA 19.5 NA 9 64 0 6 14 28 0 0 0 0 0 6 14 28 0 0 0 0 1 146 364 16826 4923 23 18 36
254 59 112 89 23 51 31 1147 60 7 80 0 22.5 20 NA 20 NA 6 60 1 5 14 31 0 0 0 0 1 5 14 31 0 0 0 0 2 120 365 16894 4920 26 16 38
255 65 111 88 23 47 39 1153 57 3 79 0 22 20 NA 20 NA 10 57 1 3 14 29 0 0 0 0 1 3 14 29 0 0 0 0 2 141 365 16960 4921 27 16 36
256 81 111 89 22 51 43 1176 47 8 81 0 22 19 NA 19 NA 12 47 2 4 14 31 0 0 0 0 2 4 14 31 0 0 0 0 0 158 365 17026 4919 27 18 36
257 78 112 90 22 51 44 1188 52 6 83 0 21.5 19 NA 19 NA 7 52 2 4 14 31 0 0 0 0 2 4 14 31 0 0 0 0 1 155 366 17099 4917 29 17 37
258 74 113 89 24 53 40 1207 64 10 85 0 19 18 NA 18 NA 7 64 2 7 13 31 0 0 0 0 2 7 13 31 0 0 0 0 3 171 368 17169 4915 32 15 38
259 69 114 91 23 55 37 1231 59 9 84 0 19.5 18 NA 18 NA 6 59 2 9 11 33 0 0 0 0 2 9 11 33 0 0 0 0 1 157 371 17226 4916 31 14 39
260 76 117 94 23 54 41 1221 55 5 85 0 20 18 NA 18 NA 8 55 1 10 10 33 0 0 0 0 1 10 10 33 0 0 0 0 3 135 371 17295 4915 33 13 39
261 70 113 91 22 56 46 1206 65 6 85 0 21 18 NA 18 NA 10 65 1 13 8 34 0 0 0 0 1 13 8 34 0 0 0 0 0 140 372 17367 4915 34 12 39
262 73 118 96 22 57 43 1212 46 7 88 0 21 18 NA 18 NA 8 46 0 15 8 34 0 0 0 0 0 15 8 34 0 0 0 0 2 138 374 17434 4912 37 12 39
263 83 117 95 22 58 48 1208 66 5 89 0 22 18 NA 18 NA 10 66 0 15 9 34 0 0 0 0 0 15 9 34 0 0 0 0 0 151 375 17501 4911 37 13 39
264 75 117 95 22 56 51 1212 40 6 87 0 23 18.5 NA 18.5 NA 10 40 0 13 10 33 0 0 0 0 0 13 10 33 0 0 0 0 3 146 377 17580 4913 33 16 38
265 87 114 92 22 57 43 1204 46 10 87 0 24 18 NA 18 NA 4 46 0 12 12 33 0 0 0 0 0 12 12 33 0 0 0 0 1 130 377 17642 4913 29 20 38
266 89 113 91 22 59 52 1211 53 5 87 0 25 19 NA 19 NA 14 53 0 11 15 33 0 0 0 0 0 11 15 33 0 0 0 0 0 142 378 17704 4913 26 23 38
267 94 109 88 21 57 50 1212 60 7 85 0 25 19 NA 19 NA 10 60 0 9 16 32 0 0 0 0 0 9 16 32 0 0 0 0 0 141 380 17767 4915 25 25 35
268 81 112 91 21 60 46 1175 64 12 84 0 25 19.5 NA 19.5 NA 9 64 0 7 20 33 0 0 0 0 0 7 20 33 0 0 0 0 4 142 383 17852 4916 23 25 36
269 60 115 94 21 61 38 1186 53 9 85 0 26 19 NA 19 NA 3 53 1 7 20 33 0 0 0 0 1 7 20 33 0 0 0 0 2 154 386 17925 4915 21 27 37
270 81 116 95 21 63 37 1183 51 5 89 0 26.5 19 NA 19 NA 5 51 1 6 23 33 0 0 0 0 1 6 23 33 0 0 0 0 1 163 387 18019 4911 22 30 37
271 67 117 96 21 62 39 1171 65 5 90 0 27 19 NA 19 NA 9 65 1 6 22 33 0 0 0 0 1 6 22 33 0 0 0 0 1 139 389 18085 4910 24 29 37
272 83 115 94 21 60 41 1191 59 6 89 0 27 19 NA 19 NA 7 59 0 6 22 32 0 0 0 0 0 6 22 32 0 0 0 0 2 146 389 18138 4911 24 31 34
273 60 113 93 20 63 38 1191 55 7 88 0 28 18 NA 18 NA 4 55 0 8 23 32 0 0 0 0 0 8 23 32 0 0 0 0 0 130 390 18200 4912 22 32 34
274 91 113 95 18 61 36 1184 51 7 90 0 29 18 NA 18 NA 9 51 0 6 24 31 0 0 0 0 0 6 24 31 0 0 0 0 2 137 394 18270 4910 24 33 33
275 70 113 95 18 61 40 1183 53 4 89 0 30 18 NA 18 NA 10 53 0 6 23 32 0 0 0 0 0 6 23 32 0 0 0 0 1 145 395 18346 4911 22 33 34
276 72 114 94 20 62 35 1176 58 8 92 0 29 18 NA 18 NA 5 58 0 7 20 35 0 0 0 0 0 7 20 35 0 0 0 0 1 138 398 18420 4908 25 30 37
277 79 110 90 20 61 33 1192 50 4 88 0 29 18 NA 18 NA 6 50 1 7 17 36 0 0 0 0 1 7 17 36 0 0 0 0 0 145 401 18485 4912 23 27 38
278 74 111 91 20 62 38 1184 50 3 86 0 29 18 NA 18 NA 8 50 1 7 15 39 0 0 0 0 1 7 15 39 0 0 0 0 2 125 401 18549 4914 21 24 41
279 71 110 89 21 58 33 1193 50 5 83 0 28.5 18 NA 18 NA 4 50 1 6 13 38 0 0 0 0 1 6 13 38 0 0 0 0 3 141 405 18616 4917 20 23 40
280 72 109 88 21 59 39 1188 69 6 87 0 29 18 NA 18 NA 12 69 0 7 12 40 0 0 0 0 0 7 12 40 0 0 0 0 0 151 406 18688 4913 24 21 42
281 73 109 87 22 61 38 1161 57 6 89 0 30 18 NA 18 NA 4 57 0 7 13 41 0 0 0 0 0 7 13 41 0 0 0 0 1 130 408 18765 4911 25 19 45
282 73 104 83 21 58 33 1158 50 10 84 0 30 18.5 NA 18.5 NA 7 50 0 7 13 38 0 0 0 0 0 7 13 38 0 0 0 0 1 144 409 18845 4916 21 20 43
283 60 101 82 19 57 32 1162 54 7 80 0 30 18 NA 18 NA 7 54 0 7 14 36 0 0 0 0 0 7 14 36 0 0 0 0 4 147 411 18915 4920 20 19 41
284 78 103 83 20 57 33 1150 58 4 81 0 30 18 NA 18 NA 5 58 0 6 12 39 0 0 0 0 0 6 12 39 0 0 0 0 3 146 412 18993 4919 19 18 44
285 84 107 85 22 56 30 1163 53 6 78 0 27 18 NA 18 NA 3 53 0 8 10 38 0 0 0 0 0 8 10 38 0 0 0 0 5 142 413 19050 4922 19 16 43
286 91 108 85 23 55 33 1129 67 5 78 0 27.5 18 NA 18 NA 8 67 0 7 9 39 0 0 0 0 0 7 9 39 0 0 0 0 2 130 413 19125 4922 20 15 43
287 77 107 84 23 54 33 1138 52 4 76 0 27 18 NA 18 NA 7 52 0 8 8 38 0 0 0 0 0 8 8 38 0 0 0 0 2 149 414 19191 4924 21 13 42
288 71 108 86 22 53 30 1162 48 6 78 0 25 18 NA 18 NA 5 48 0 6 10 37 0 0 0 0 0 6 10 37 0 0 0 0 0 143 416 19247 4922 22 14 42
289 78 105 86 19 53 28 1144 74 8 76 0 25 17 NA 17 NA 7 74 0 7 11 35 0 0 0 0 0 7 11 35 0 0 0 0 0 146 417 19317 4924 22 14 40
290 75 103 84 19 52 32 1139 53 7 76 0 23 18 NA 18 NA 9 53 0 10 9 33 0 0 0 0 0 10 9 33 0 0 0 0 2 132 418 19377 4924 25 13 38
291 77 101 83 18 50 27 1141 47 5 76 0 23 18 NA 18 NA 3 47 0 10 10 30 0 0 0 0 0 10 10 30 0 0 0 0 1 133 421 19446 4924 27 14 35
292 75 107 85 22 50 27 1163 44 5 75 0 23 18 NA 18 NA 5 44 0 7 12 31 0 0 0 0 0 7 12 31 0 0 0 0 5 141 421 19505 4925 22 18 35
293 83 104 82 22 49 32 1181 55 2 72 0 24 18 NA 18 NA 9 55 0 6 13 30 0 0 0 0 0 6 13 30 0 0 0 0 0 157 423 19570 4928 19 20 33
294 88 104 83 21 47 40 1139 69 4 71 0 24.5 18 NA 18 NA 13 69 0 4 12 31 0 0 0 0 0 4 12 31 0 0 0 0 2 130 424 19647 4929 18 18 35
295 73 106 86 20 49 35 1152 49 10 71 0 23.5 18 NA 18 NA 6 49 1 3 14 31 0 0 0 0 1 3 14 31 0 0 0 0 3 133 426 19702 4929 18 19 34
296 73 104 84 20 48 37 1143 57 4 72 0 23 17.5 NA 17.5 NA 8 57 1 2 14 31 0 0 0 0 1 2 14 31 0 0 0 0 0 137 429 19769 4928 20 18 34
297 62 107 85 22 48 38 1161 64 6 77 0 22 18 NA 18 NA 7 64 1 3 14 30 0 0 0 0 1 3 14 30 0 0 0 0 2 163 429 19834 4923 26 18 33
298 73 108 87 21 46 37 1158 45 5 77 0 21.5 18 NA 18 NA 4 45 1 2 13 30 0 0 0 0 1 2 13 30 0 0 0 0 2 132 430 19908 4923 27 18 32
299 70 109 87 22 48 32 1145 54 10 77 0 21 17.5 NA 17.5 NA 7 54 1 5 13 29 0 0 0 0 1 5 13 29 0 0 0 0 2 133 433 19986 4923 27 19 31
300 80 107 84 23 47 35 1146 61 6 77 0 22 17 NA 17 NA 8 61 1 6 11 29 0 0 0 0 1 6 11 29 0 0 0 0 1 136 433 20043 4923 26 20 31
301 91 106 83 23 49 34 1160 51 12 75 0 22.5 17 NA 17 NA 7 51 1 9 10 29 0 0 0 0 1 9 10 29 0 0 0 0 1 150 433 20107 4925 26 18 31
302 78 104 82 22 48 30 1175 44 9 74 0 23 17 NA 17 NA 6 44 1 8 12 27 0 0 0 0 1 8 12 27 0 0 0 0 0 148 434 20171 4926 23 21 30
303 82 105 83 22 50 29 1164 73 9 74 0 24 17 NA 17 NA 8 73 1 8 14 27 0 0 0 0 1 8 14 27 0 0 0 0 2 145 436 20234 4926 21 23 30
304 68 109 87 22 52 27 1202 48 8 78 0 21 17 NA 17 NA 5 48 1 10 11 30 0 0 0 0 1 10 11 30 0 0 0 0 2 162 436 20293 4922 25 18 35
305 80 107 86 21 52 24 1175 53 5 75 0 21 17.5 NA 17.5 NA 3 53 1 11 9 31 0 0 0 0 1 11 9 31 0 0 0 0 2 123 437 20369 4925 25 14 36
306 88 105 85 20 50 28 1184 74 0 73 0 22 17 NA 17 NA 7 74 0 11 9 30 0 0 0 0 0 11 9 30 0 0 0 0 0 167 439 20434 4927 25 14 34
307 61 101 82 19 49 34 1172 63 4 73 0 22 17 NA 17 NA 11 63 1 9 10 29 0 0 0 0 1 9 10 29 0 0 0 0 0 143 442 20512 4927 26 15 32
308 67 101 82 19 53 32 1149 68 7 74 0 23 17 NA 17 NA 6 68 2 11 11 29 0 0 0 0 2 11 11 29 0 0 0 0 0 123 443 20574 4926 24 18 32
309 88 99 80 19 52 36 1141 52 3 76 0 24 17 NA 17 NA 10 52 2 6 16 28 0 0 0 0 2 6 16 28 0 0 0 0 0 137 447 20649 4924 21 24 31
310 80 99 80 19 52 39 1135 62 8 78 0 25 17 NA 17 NA 13 62 1 8 15 28 0 0 0 0 1 8 15 28 0 0 0 0 2 127 449 20704 4922 23 23 32
311 75 99 81 18 50 34 1136 62 13 76 0 25 17 NA 17 NA 7 62 1 8 17 24 0 0 0 0 1 8 17 24 0 0 0 0 2 143 449 20774 4924 24 24 28
312 84 96 79 17 48 35 1136 58 5 76 0 26 17 NA 17 NA 6 58 1 7 17 23 0 0 0 0 1 7 17 23 0 0 0 0 0 140 449 20835 4924 25 22 29
313 79 100 80 20 44 39 1153 45 2 74 0 23.5 18.5 NA 18.5 NA 6 45 1 5 17 21 0 0 0 0 1 5 17 21 0 0 0 0 5 153 449 20901 4926 24 22 28
314 67 98 78 20 45 40 1176 41 7 74 0 24.5 20 NA 20 NA 6 41 1 4 17 23 0 0 0 0 1 4 17 23 0 0 0 0 0 152 449 20972 4926 23 22 29
315 79 99 80 19 46 34 1172 67 6 73 0 23 17 NA 17 NA 3 67 1 6 15 24 0 0 0 0 1 6 15 24 0 0 0 0 3 145 451 21038 4927 24 19 30
316 60 100 81 19 46 37 1160 77 8 75 0 23.5 17 NA 17 NA 13 77 1 6 16 23 0 0 0 0 1 6 16 23 0 0 0 0 2 149 452 21105 4925 25 21 29
317 80 98 79 19 44 36 1166 53 7 75 0 23.5 18.5 NA 18.5 NA 7 53 0 6 17 21 0 0 0 0 0 6 17 21 0 0 0 0 0 127 455 21154 4925 26 22 27
318 85 98 80 18 49 30 1151 58 11 74 0 24.5 20 NA 20 NA 5 58 0 7 19 23 0 0 0 0 0 7 19 23 0 0 0 0 1 144 456 21238 4926 24 22 28
319 64 96 79 17 49 32 1137 67 5 72 0 24.5 20 NA 20 NA 9 67 0 8 17 24 0 0 0 0 0 8 17 24 0 0 0 0 0 136 459 21307 4928 22 21 29
320 87 95 79 16 48 23 1168 57 8 70 0 25 18.5 NA 18.5 NA 3 57 0 9 16 23 0 0 0 0 0 9 16 23 0 0 0 0 1 162 463 21362 4930 21 19 30
321 63 94 78 16 48 26 1158 74 3 69 0 25.5 20 NA 20 NA 6 74 0 8 13 27 0 0 0 0 0 8 13 27 0 0 0 0 1 142 463 21427 4931 18 17 34
322 75 93 77 16 47 31 1172 56 3 68 0 25 20 NA 20 NA 8 56 0 6 13 28 0 0 0 0 0 6 13 28 0 0 0 0 2 148 464 21487 4932 15 19 34
323 77 91 76 15 46 29 1149 55 8 68 0 26 17 NA 17 NA 6 55 0 7 11 28 0 0 0 0 0 7 11 28 0 0 0 0 0 124 465 21557 4932 17 18 33
324 95 92 75 17 46 34 1153 57 2 67 0 26 17 NA 17 NA 7 57 1 7 11 27 0 0 0 0 1 7 11 27 0 0 0 0 0 148 466 21623 4933 16 19 32
325 74 90 72 18 46 33 1133 56 8 72 0 26.5 17 NA 17 NA 5 56 1 8 11 26 0 0 0 0 1 8 11 26 0 0 0 0 0 123 466 21687 4928 22 19 31
326 63 91 73 18 48 36 1106 70 4 72 0 27 17 NA 17 NA 7 70 2 9 9 28 0 0 0 0 2 9 9 28 0 0 0 0 0 128 467 21753 4928 22 17 33
327 73 94 76 18 48 36 1097 48 4 76 0 27 17 NA 17 NA 5 48 1 8 11 28 0 0 0 0 1 8 11 28 0 0 0 0 1 127 469 21822 4924 23 20 33
328 82 95 78 17 52 36 1094 50 9 77 0 27 17 NA 17 NA 8 50 1 10 11 30 0 0 0 0 1 10 11 30 0 0 0 0 2 131 470 21888 4923 23 20 34
329 70 94 75 19 49 32 1102 59 7 73 0 26 17 NA 17 NA 2 59 1 9 11 28 0 0 0 0 1 9 11 28 0 0 0 0 3 145 470 21948 4927 21 20 32
330 72 95 74 21 48 28 1129 48 6 74 0 27 17 NA 17 NA 5 48 1 7 12 28 0 0 0 0 1 7 12 28 0 0 0 0 0 155 472 22011 4926 21 21 32
331 69 93 73 20 46 27 1166 50 3 71 0 27 17 NA 17 NA 2 50 1 7 11 27 0 0 0 0 1 7 11 27 0 0 0 0 1 155 473 22060 4929 20 19 32
332 86 94 73 21 48 29 1143 57 2 71 0 27.5 17 NA 17 NA 7 57 1 7 12 28 0 0 0 0 1 7 12 28 0 0 0 0 1 131 476 22141 4929 21 18 32
333 81 91 70 21 45 28 1133 63 4 68 0 28 17 NA 17 NA 6 63 1 7 10 27 0 0 0 0 1 7 10 27 0 0 0 0 1 123 478 22192 4932 21 15 32
334 97 93 71 22 47 26 1118 47 5 69 0 24 17 NA 17 NA 5 47 1 10 9 27 0 0 0 0 1 10 9 27 0 0 0 0 2 130 479 22267 4931 21 15 33
335 97 93 70 23 47 26 1141 54 8 68 0 24 17 NA 17 NA 9 54 2 9 9 27 0 0 0 0 2 9 9 27 0 0 0 0 1 161 480 22329 4932 20 16 32
336 61 93 71 22 47 26 1143 47 9 69 0 24 17 NA 17 NA 8 47 2 10 10 25 0 0 0 0 2 10 10 25 0 0 0 0 2 143 481 22401 4931 22 15 32
337 82 92 71 21 46 30 1129 65 5 68 0 24 17 NA 17 NA 12 65 2 6 14 24 0 0 0 0 2 6 14 24 0 0 0 0 3 138 483 22462 4932 17 19 32
338 85 91 70 21 46 34 1148 64 3 69 0 25 17 NA 17 NA 7 64 2 6 14 24 0 0 0 0 2 6 14 24 0 0 0 0 0 165 483 22525 4931 18 19 32
339 80 89 67 22 45 31 1173 46 8 68 0 26 16 NA 16 NA 7 46 2 5 14 24 0 0 0 0 2 5 14 24 0 0 0 0 1 153 485 22589 4932 15 20 33
340 65 89 65 24 45 31 1180 56 8 67 0 27 17 NA 17 NA 7 56 1 6 14 24 0 0 0 0 1 6 14 24 0 0 0 0 1 136 486 22648 4933 14 20 33
341 82 89 64 25 44 36 1164 68 3 68 0 28 16.5 NA 16.5 NA 8 68 0 6 13 25 0 0 0 0 0 6 13 25 0 0 0 0 1 139 486 22711 4932 15 19 34
342 77 91 65 26 45 31 1143 50 10 69 0 27 19 NA 19 NA 4 50 0 6 14 25 0 0 0 0 0 6 14 25 0 0 0 0 3 127 487 22786 4931 16 19 34
343 68 96 71 25 45 33 1146 64 5 67 0 27 17 NA 17 NA 10 64 0 7 14 24 0 0 0 0 0 7 14 24 0 0 0 0 4 161 490 22861 4933 16 19 32
344 83 97 71 26 44 33 1154 53 6 66 0 24 17.5 NA 17.5 NA 6 53 0 6 15 23 0 0 0 0 0 6 15 23 0 0 0 0 1 149 490 22926 4934 17 19 30
345 80 96 71 25 44 36 1188 46 5 65 0 23.5 19.5 NA 19.5 NA 7 46 0 7 14 23 0 0 0 0 0 7 14 23 0 0 0 0 1 144 490 22973 4935 17 18 30
346 64 95 70 25 45 44 1176 81 5 68 0 24 20 NA 20 NA 13 81 0 7 14 24 0 0 0 0 0 7 14 24 0 0 0 0 0 147 490 23033 4932 20 18 30
347 79 97 70 27 43 42 1165 53 7 68 0 23 21 NA 21 NA 4 53 0 6 14 23 0 0 0 0 0 6 14 23 0 0 0 0 4 147 490 23116 4932 21 17 30
348 68 99 71 28 45 45 1164 73 8 69 0 24 20 NA 20 NA 12 73 0 6 15 24 0 0 0 0 0 6 15 24 0 0 0 0 2 149 491 23176 4931 19 19 31
349 70 98 71 27 46 47 1164 57 7 69 0 23 20.5 NA 20.5 NA 9 57 0 7 11 28 0 0 0 0 0 7 11 28 0 0 0 0 2 141 492 23243 4931 20 14 35
350 91 97 70 27 46 50 1142 67 5 67 0 23 20 NA 20 NA 12 67 0 8 11 27 0 0 0 0 0 8 11 27 0 0 0 0 0 149 496 23327 4933 20 14 33
351 91 95 70 25 45 40 1168 43 9 65 0 22 20 NA 20 NA 1 43 0 7 10 28 0 0 0 0 0 7 10 28 0 0 0 0 0 148 500 23384 4935 19 12 34
352 74 97 71 26 44 42 1191 56 3 65 0 22 20 NA 20 NA 9 56 0 6 10 28 0 0 0 0 0 6 10 28 0 0 0 0 3 149 504 23439 4935 19 12 34
353 90 96 70 26 43 40 1196 51 4 64 0 21 20 NA 20 NA 5 51 1 5 10 27 0 0 0 0 1 5 10 27 0 0 0 0 2 144 506 23502 4936 19 12 33
354 83 94 68 26 42 38 1184 57 7 64 0 20.5 20 NA 20 NA 7 57 1 5 10 26 0 0 0 0 1 5 10 26 0 0 0 0 0 128 510 23562 4936 19 13 32
355 77 94 68 26 42 36 1175 53 6 68 0 21 19.5 NA 19.5 NA 5 53 1 6 10 25 0 0 0 0 1 6 10 25 0 0 0 0 1 143 511 23640 4932 24 13 31
356 70 95 69 26 44 40 1163 63 6 70 0 22 18.5 NA 18.5 NA 9 63 1 9 9 25 0 0 0 0 1 9 9 25 0 0 0 0 1 137 513 23709 4930 26 13 31
357 83 94 68 26 40 39 1179 47 5 67 0 20.5 19 NA 19 NA 6 47 1 9 10 20 0 0 0 0 1 9 10 20 0 0 0 0 3 136 514 23763 4933 27 13 27
358 75 95 69 26 40 46 1195 55 3 67 0 21 19 NA 19 NA 10 55 1 7 12 20 0 0 0 0 1 7 12 20 0 0 0 0 2 152 515 23828 4933 23 17 27
359 78 98 72 26 43 45 1212 50 6 72 0 21 18 NA 18 NA 6 50 1 9 12 21 0 0 0 0 1 9 12 21 0 0 0 0 2 160 517 23905 4928 26 18 28
360 71 97 71 26 43 37 1208 66 12 72 0 21 18 NA 18 NA 5 66 1 9 11 22 0 0 0 0 1 9 11 22 0 0 0 0 1 155 520 23980 4928 26 17 29
