1 90 98 83 15 47 33 1230 44 10 74 0 25 18 NA 18 NA 8 44 1 7 16 23 0 0 0 0 1 7 16 23 0 0 0 0 2 125 0 0 4926 19 26 29
2 92 99 84 15 49 31 1296 65 15 74 0 26 18 NA 18 NA 13 65 1 7 17 24 0 0 0 0 1 7 17 24 0 0 0 0 0 152 0 0 4926 19 26 29
3 93 98 84 14 49 36 1353 67 7 74 0 27 18 NA 18 NA 12 67 1 7 17 24 0 0 0 0 1 7 17 24 0 0 0 0 0 153 0 0 4926 18 26 30
4 80 102 85 17 50 39 1395 79 7 76 0 27 17.5 NA 17.5 NA 9 79 1 8 16 25 0 0 0 0 1 8 16 25 0 0 0 0 1 146 0 0 4924 19 26 31
5 78 100 83 17 50 44 1407 77 4 76 0 28 17 NA 17 NA 9 77 1 10 16 23 0 0 0 0 1 10 16 23 0 0 0 0 1 111 0 0 4924 21 26 29
6 85 95 79 16 48 49 1440 89 7 72 0 29 17.5 NA 17.5 NA 11 89 0 8 17 23 0 0 0 0 0 8 17 23 0 0 0 0 1 144 0 0 4928 17 25 30
7 71 96 80 16 50 49 1451 88 11 72 0 30 17.5 NA 17.5 NA 9 88 1 8 17 24 0 0 0 0 1 8 17 24 0 0 0 0 0 127 0 0 4928 17 23 32
8 71 96 80 16 50 50 1455 98 11 71 0 29.5 17 NA 17 NA 14 98 1 9 15 25 0 0 0 0 1 9 15 25 0 0 0 0 2 125 0 0 4929 16 23 32
9 71 96 80 16 52 49 1485 74 7 72 0 30.5 17 NA 17 NA 7 74 2 9 14 27 0 0 0 0 2 9 14 27 0 0 0 0 0 127 0 0 4928 16 22 34
10 89 96 79 17 52 50 1519 68 9 76 0 30.5 17 NA 17 NA 9 68 2 8 13 29 0 0 0 0 2 8 13 29 0 0 0 0 1 132 0 0 4924 20 20 36
11 84 92 77 15 52 54 1558 62 10 73 0 31.5 17 NA 17 NA 15 62 2 7 15 28 0 0 0 0 2 7 15 28 0 0 0 0 0 128 0 0 4927 15 21 37
12 74 93 78 15 53 53 1588 69 12 72 0 30 17 NA 17 NA 11 69 2 8 14 29 0 0 0 0 2 8 14 29 0 0 0 0 2 126 0 0 4928 14 19 39
13 71 92 75 17 53 48 1091 30 6 72 0 29 17 NA 17 NA 5 30 2 9 12 30 0 0 0 0 2 9 12 30 0 0 0 0 0 116 4 565 4928 17 16 39
14 74 93 76 17 55 49 1075 54 5 75 0 30 17 NA 17 NA 8 54 2 9 12 32 0 0 0 0 2 9 12 32 0 0 0 0 1 133 6 637 4925 19 16 40
15 79 94 75 19 55 46 1065 56 6 74 0 29.5 17 NA 17 NA 8 56 2 8 11 34 0 0 0 0 2 8 11 34 0 0 0 0 0 141 11 707 4926 18 15 41
16 71 95 77 18 52 46 1084 67 8 75 0 29 17 NA 17 NA 11 67 1 8 11 32 0 0 0 0 1 8 11 32 0 0 0 0 2 168 13 774 4925 19 16 40
17 74 91 73 18 50 38 1114 59 9 72 0 30 17 NA 17 NA 2 59 1 8 12 29 0 0 0 0 1 8 12 29 0 0 0 0 0 159 15 830 4928 19 16 37
18 79 92 74 18 47 35 1114 47 5 70 0 29 17 NA 17 NA 5 47 1 7 12 27 0 0 0 0 1 7 12 27 0 0 0 0 3 137 19 895 4930 19 16 35
19 88 89 72 17 48 33 1103 63 8 70 0 31 17.5 NA 17.5 NA 7 63 1 5 15 27 0 0 0 0 1 5 15 27 0 0 0 0 0 146 21 966 4930 19 16 35
20 80 90 72 18 48 36 1120 60 5 71 0 29.5 17.5 NA 17.5 NA 9 60 0 6 14 28 0 0 0 0 0 6 14 28 0 0 0 0 2 153 24 1026 4929 20 15 36
21 72 91 73 18 47 31 1127 56 9 70 0 29 18 NA 18 NA 9 56 0 6 13 28 0 0 0 0 0 6 13 28 0 0 0 0 1 134 29 1082 4930 19 15 36
22 79 89 72 17 47 25 1124 53 9 71 0 30 18 NA 18 NA 4 53 0 3 14 30 0 0 0 0 0 3 14 30 0 0 0 0 0 126 30 1141 4929 17 17 37
23 100 86 71 15 43 30 1101 58 4 66 0 28.5 17 NA 17 NA 9 58 0 3 11 29 0 0 0 0 0 3 11 29 0 0 0 0 2 117 30 1202 4934 16 13 37
24 76 89 74 15 44 25 1123 51 10 67 0 26 17.5 NA 17.5 NA 3 51 0 4 10 30 0 0 0 0 0 4 10 30 0 0 0 0 2 150 31 1261 4933 18 12 37
25 64 90 74 16 47 24 1162 42 7 66 0 27 18 NA 18 NA 5 42 0 6 11 30 0 0 0 0 0 6 11 30 0 0 0 0 2 148 31 1310 4934 16 14 36
26 89 89 73 16 46 31 1156 65 4 64 0 27 18.5 NA 18.5 NA 9 65 0 7 11 28 0 0 0 0 0 7 11 28 0 0 0 0 2 143 31 1374 4936 15 15 34
27 84 92 75 17 45 34 1151 59 4 64 0 26 19 NA 19 NA 9 59 0 6 10 29 0 0 0 0 0 6 10 29 0 0 0 0 3 145 32 1437 4936 15 14 35
28 57 93 76 17 46 33 1167 52 5 65 0 27 19 NA 19 NA 6 52 0 2 13 31 0 0 0 0 0 2 13 31 0 0 0 0 2 156 34 1505 4935 12 16 37
29 67 92 75 17 43 28 1140 59 4 62 0 26 19 NA 19 NA 3 59 0 2 13 28 0 0 0 0 0 2 13 28 0 0 0 0 2 124 37 1582 4938 11 17 34
30 83 91 74 17 42 34 1123 63 2 64 0 26 19 NA 19 NA 9 63 0 1 13 28 0 0 0 0 0 1 13 28 0 0 0 0 1 128 37 1642 4936 13 17 34
31 79 90 73 17 44 38 1120 60 7 63 0 27 19 NA 19 NA 11 60 0 3 12 29 0 0 0 0 0 3 12 29 0 0 0 0 1 135 38 1703 4937 12 17 34
32 70 89 73 16 43 33 1149 54 7 62 0 28 19 NA 19 NA 3 54 0 3 12 28 0 0 0 0 0 3 12 28 0 0 0 0 1 166 40 1770 4938 13 17 32
33 71 89 73 16 41 29 1176 47 6 60 0 26 19 NA 19 NA 3 47 0 3 13 25 0 0 0 0 0 3 13 25 0 0 0 0 2 152 41 1833 4940 13 18 29
34 86 87 71 16 39 31 1164 57 3 57 0 26 19 NA 19 NA 7 57 0 3 8 28 0 0 0 0 0 3 8 28 0 0 0 0 0 125 43 1891 4943 12 14 31
35 78 84 69 15 35 33 1194 55 3 55 0 22 19 NA 19 NA 5 55 0 3 7 25 0 0 0 0 0 3 7 25 0 0 0 0 1 152 43 1941 4945 15 12 28
36 92 84 70 14 34 32 1194 63 6 58 0 21.5 19.5 NA 19.5 NA 7 63 0 3 7 24 0 0 0 0 0 3 7 24 0 0 0 0 1 149 45 2003 4942 17 14 27
37 67 84 70 14 34 31 1185 62 6 57 0 20 19.5 NA 19.5 NA 5 62 0 4 6 24 0 0 0 0 0 4 6 24 0 0 0 0 0 152 46 2081 4943 18 11 28
38 89 86 72 14 34 37 1148 71 2 59 0 20 19.5 NA 19.5 NA 8 71 0 3 6 25 0 0 0 0 0 3 6 25 0 0 0 0 1 129 46 2153 4941 19 10 30
39 67 86 70 16 33 36 1165 54 7 61 0 21 20 NA 20 NA 7 54 0 3 6 24 0 0 0 0 0 3 6 24 0 0 0 0 3 156 48 2221 4939 22 11 28
40 80 85 70 15 33 33 1162 62 8 62 0 22 21 NA 21 NA 7 62 0 2 4 27 0 0 0 0 0 2 4 27 0 0 0 0 0 148 50 2294 4938 23 8 31
41 59 89 71 18 35 29 1174 48 7 62 0 18 20 NA 20 NA 3 48 0 5 4 26 0 0 0 0 0 5 4 26 0 0 0 0 6 143 51 2357 4938 24 7 31
42 85 94 76 18 34 37 1144 82 3 62 0 17.5 19 NA 19 NA 12 82 0 5 4 25 0 0 0 0 0 5 4 25 0 0 0 0 4 131 54 2418 4938 23 9 30
43 71 94 76 18 35 31 1149 63 7 62 0 18 18 NA 18 NA 5 63 0 7 3 25 0 0 0 0 0 7 3 25 0 0 0 0 1 146 58 2476 4938 24 8 30
44 76 96 79 17 37 28 1138 64 7 62 0 18 17 NA 17 NA 6 64 2 7 3 25 0 0 0 0 2 7 3 25 0 0 0 0 2 140 60 2545 4938 22 10 30
45 74 98 80 18 38 33 1121 58 5 63 0 18 16.5 NA 16.5 NA 10 58 2 9 3 24 0 0 0 0 2 9 3 24 0 0 0 0 2 122 61 2611 4937 23 11 29
46 66 99 82 17 40 38 1152 55 6 63 0 19 17 NA 17 NA 11 55 3 9 4 24 0 0 0 0 3 9 4 24 0 0 0 0 1 156 62 2666 4937 23 11 29
47 71 103 86 17 40 39 1161 47 7 64 0 20 17 NA 17 NA 8 47 3 8 5 24 0 0 0 0 3 8 5 24 0 0 0 0 1 128 63 2723 4936 21 14 29
48 83 102 85 17 36 42 1156 44 4 61 0 19.5 16.5 NA 16.5 NA 6 44 3 6 7 20 0 0 0 0 3 6 7 20 0 0 0 0 1 131 64 2791 4939 20 14 27
49 87 103 84 19 40 35 1164 38 12 63 0 19 17 NA 17 NA 4 38 5 9 7 19 0 0 0 0 5 9 7 19 0 0 0 0 1 145 66 2865 4937 22 15 26
50 69 102 83 19 41 37 1205 50 3 65 0 20.5 17 NA 17 NA 6 50 5 8 8 20 0 0 0 0 5 8 8 20 0 0 0 0 0 161 68 2917 4935 22 16 27
51 79 103 84 19 43 34 1209 45 5 68 0 21 17 NA 17 NA 2 45 4 8 11 20 0 0 0 0 4 8 11 20 0 0 0 0 2 159 69 3005 4932 21 19 28
52 83 103 84 19 44 37 1193 67 3 67 0 20 17 NA 17 NA 7 67 4 8 12 20 0 0 0 0 4 8 12 20 0 0 0 0 1 144 70 3076 4933 20 20 27
53 86 106 87 19 43 36 1180 56 3 72 0 18.5 17 NA 17 NA 5 56 2 9 13 19 0 0 0 0 2 9 13 19 0 0 0 0 4 135 71 3145 4928 25 21 26
54 70 108 87 21 43 39 1160 67 5 78 0 17.5 16 NA 16 NA 8 67 0 11 13 19 0 0 0 0 0 11 13 19 0 0 0 0 2 127 71 3206 4922 30 20 28
55 61 110 88 22 44 43 1149 62 4 79 0 18 16 NA 16 NA 10 62 0 11 14 19 0 0 0 0 0 11 14 19 0 0 0 0 1 149 74 3286 4921 30 21 28
56 70 111 89 22 47 38 1152 49 11 80 0 18 16 NA 16 NA 6 49 0 14 13 20 0 0 0 0 0 14 13 20 0 0 0 0 0 146 74 3355 4920 31 20 29
57 70 112 89 23 46 37 1183 56 5 81 0 19 16 NA 16 NA 7 56 0 13 14 19 0 0 0 0 0 13 14 19 0 0 0 0 3 165 75 3416 4919 32 20 29
58 89 112 91 21 47 32 1175 55 9 80 0 19 16 NA 16 NA 6 55 0 12 17 18 0 0 0 0 0 12 17 18 0 0 0 0 3 144 79 3489 4920 32 21 27
59 73 113 92 21 48 30 1175 57 6 81 0 19 16 NA 16 NA 7 57 0 12 17 19 0 0 0 0 0 12 17 19 0 0 0 0 3 121 81 3538 4919 34 19 28
60 85 114 93 21 50 33 1188 55 7 85 0 20 16 NA 16 NA 6 55 0 14 15 21 0 0 0 0 0 14 15 21 0 0 0 0 2 149 81 3593 4915 37 18 30
61 68 112 91 21 51 32 1197 42 6 84 0 20.5 16 NA 16 NA 6 42 0 15 14 22 0 0 0 0 0 15 14 22 0 0 0 0 0 147 82 3663 4916 35 18 31
62 67 110 90 20 51 37 1199 57 4 82 0 21.5 16 NA 16 NA 10 57 0 15 14 22 0 0 0 0 0 15 14 22 0 0 0 0 1 146 84 3737 4918 32 19 31
63 69 110 89 21 51 35 1176 62 5 82 0 22 16 NA 16 NA 3 62 0 14 13 24 0 0 0 0 0 14 13 24 0 0 0 0 0 128 86 3809 4918 30 19 33
64 77 111 89 22 52 38 1163 59 6 83 0 23 16 NA 16 NA 8 59 0 13 12 27 0 0 0 0 0 13 12 27 0 0 0 0 1 137 86 3883 4917 30 18 35
65 84 108 86 22 49 40 1163 65 5 82 0 23.5 16 NA 16 NA 8 65 0 10 13 26 0 0 0 0 0 10 13 26 0 0 0 0 2 144 87 3940 4918 28 21 33
66 75 107 86 21 50 42 1189 41 3 84 0 24 16 NA 16 NA 4 41 0 7 16 27 0 0 0 0 0 7 16 27 0 0 0 0 0 134 88 3993 4916 26 24 34
67 77 102 82 20 45 43 1190 54 5 78 0 24.5 16 NA 16 NA 8 54 0 8 13 24 0 0 0 0 0 8 13 24 0 0 0 0 2 144 90 4070 4922 26 22 30
68 62 98 79 19 43 42 1179 51 6 77 0 25.5 16 NA 16 NA 10 51 0 6 14 23 0 0 0 0 0 6 14 23 0 0 0 0 0 130 93 4143 4923 25 22 30
69 62 96 77 19 42 50 1170 67 4 78 0 25.5 16 NA 16 NA 14 67 0 5 14 23 0 0 0 0 0 5 14 23 0 0 0 0 1 146 94 4218 4922 25 24 29
70 76 97 78 19 44 41 1172 55 10 81 0 26 16 NA 16 NA 3 55 0 6 14 24 0 0 0 0 0 6 14 24 0 0 0 0 1 147 96 4296 4919 27 25 29
71 75 97 78 19 43 39 1206 57 3 84 0 26 16 NA 16 NA 4 57 0 4 15 24 0 0 0 0 0 4 15 24 0 0 0 0 2 167 98 4353 4916 29 26 29
72 84 98 79 19 41 33 1208 61 5 81 0 26 16 NA 16 NA 2 61 0 3 17 21 0 0 0 0 0 3 17 21 0 0 0 0 1 149 101 4420 4919 25 29 27
73 66 95 76 19 40 41 1230 50 2 79 0 27 16 NA 16 NA 11 50 0 3 17 20 0 0 0 0 0 3 17 20 0 0 0 0 1 157 103 4487 4921 24 28 27
74 84 96 77 19 41 47 1189 65 4 77 0 26.5 16 NA 16 NA 10 65 0 4 17 20 0 0 0 0 0 4 17 20 0 0 0 0 1 126 105 4565 4923 24 26 27
75 80 96 78 18 42 40 1227 52 9 77 0 27 16 NA 16 NA 4 52 0 6 15 21 0 0 0 0 0 6 15 21 0 0 0 0 0 163 108 4625 4923 24 24 29
76 77 98 80 18 43 41 1207 60 7 78 0 27.5 17 NA 17 NA 8 60 0 6 15 22 0 0 0 0 0 6 15 22 0 0 0 0 2 128 109 4696 4922 24 24 30
77 80 96 78 18 44 37 1203 50 8 77 0 28 17.5 NA 17.5 NA 5 50 0 7 12 25 0 0 0 0 0 7 12 25 0 0 0 0 2 139 111 4772 4923 23 21 33
78 82 100 81 19 45 36 1172 64 3 76 0 26 18 NA 18 NA 4 64 0 7 12 26 0 0 0 0 0 7 12 26 0 0 0 0 5 128 114 4845 4924 20 22 34
79 79 100 81 19 45 39 1171 42 3 74 0 26 17 NA 17 NA 5 42 0 8 13 24 0 0 0 0 0 8 13 24 0 0 0 0 2 132 114 4915 4926 19 22 33
80 95 97 79 18 43 35 1198 46 8 71 0 27 18 NA 18 NA 4 46 0 7 13 23 0 0 0 0 0 7 13 23 0 0 0 0 0 145 115 4967 4929 17 22 32
81 79 97 79 18 44 31 1212 53 5 70 0 27 17.5 NA 17.5 NA 4 53 0 7 12 25 0 0 0 0 0 7 12 25 0 0 0 0 0 164 120 5039 4930 16 20 34
82 67 100 82 18 43 30 1178 56 3 70 0 26 18 NA 18 NA 8 56 0 5 12 26 0 0 0 0 0 5 12 26 0 0 0 0 1 122 125 5117 4930 13 22 35
83 88 93 78 15 36 30 1160 54 6 63 0 25 16.5 NA 16.5 NA 6 54 0 4 13 19 0 0 0 0 0 4 13 19 0 0 0 0 3 135 125 5200 4937 11 24 28
84 73 92 77 15 36 33 1176 56 7 62 0 25 18 NA 18 NA 8 56 0 4 10 22 0 0 0 0 0 4 10 22 0 0 0 0 1 156 126 5267 4938 12 20 30
85 65 92 77 15 40 24 1154 54 11 64 0 26 17.5 NA 17.5 NA 2 54 1 5 10 24 0 0 0 0 1 5 10 24 0 0 0 0 0 133 127 5347 4936 13 19 32
86 70 92 76 16 41 31 1151 66 3 65 0 27 18 NA 18 NA 12 66 1 6 11 23 0 0 0 0 1 6 11 23 0 0 0 0 1 146 130 5413 4935 16 19 30
87 71 93 77 16 43 35 1154 53 7 66 0 28 18 NA 18 NA 10 53 2 6 12 23 0 0 0 0 2 6 12 23 0 0 0 0 0 141 130 5478 4934 16 19 31
88 83 91 74 17 44 30 1147 56 10 65 0 27 17.5 NA 17.5 NA 5 56 2 7 11 24 0 0 0 0 2 7 11 24 0 0 0 0 2 131 130 5538 4935 16 18 31
89 82 88 74 14 43 35 1137 58 4 65 0 28.5 17 NA 17 NA 10 58 2 6 11 24 0 0 0 0 2 6 11 24 0 0 0 0 0 136 131 5610 4935 15 19 31
90 62 88 74 14 42 33 1127 68 5 68 0 28.5 17.5 NA 17.5 NA 4 68 1 7 9 25 0 0 0 0 1 7 9 25 0 0 0 0 1 135 133 5676 4932 19 16 33
91 73 89 73 16 40 39 1116 65 1 68 0 27 17.5 NA 17.5 NA 7 65 1 6 9 24 0 0 0 0 1 6 9 24 0 0 0 0 2 128 133 5733 4932 20 16 32
92 66 90 74 16 41 43 1134 53 5 66 0 27 18 NA 18 NA 8 53 1 6 8 26 0 0 0 0 1 6 8 26 0 0 0 0 0 150 133 5797 4934 20 14 32
93 73 91 75 16 43 43 1128 60 7 65 0 22 16 NA 16 NA 6 60 2 8 8 25 0 0 0 0 2 8 8 25 0 0 0 0 2 160 133 5885 4935 21 13 31
94 71 92 76 16 46 42 1146 49 8 69 0 23 17.5 NA 17.5 NA 8 49 2 7 9 28 0 0 0 0 2 7 9 28 0 0 0 0 1 135 134 5942 4931 24 11 34
95 85 95 77 18 46 36 1181 42 7 69 0 23 16.5 NA 16.5 NA 5 42 2 6 7 31 0 0 0 0 2 6 7 31 0 0 0 0 2 158 137 6010 4931 23 9 37
96 83 94 76 18 46 36 1185 52 6 69 0 22.5 17 NA 17 NA 6 52 1 6 8 31 0 0 0 0 1 6 8 31 0 0 0 0 2 159 137 6091 4931 23 9 37
97 85 95 76 19 44 38 1205 57 4 67 0 22 18 NA 18 NA 6 57 1 6 9 28 0 0 0 0 1 6 9 28 0 0 0 0 1 163 137 6161 4933 23 10 34
98 56 94 75 19 45 35 1192 59 8 68 0 22.5 16 NA 16 NA 6 59 0 8 10 27 0 0 0 0 0 8 10 27 0 0 0 0 1 136 139 6240 4932 22 13 33
99 78 93 73 20 47 32 1211 60 6 69 0 23 18 NA 18 NA 5 60 0 10 10 27 0 0 0 0 0 10 10 27 0 0 0 0 1 157 142 6303 4931 23 13 33
100 72 91 71 20 47 36 1206 68 6 67 0 24 18 NA 18 NA 9 68 0 11 9 27 0 0 0 0 0 11 9 27 0 0 0 0 0 136 144 6356 4933 21 13 33
101 81 91 72 19 48 34 1209 49 7 66 0 24 18 NA 18 NA 5 49 1 9 10 28 0 0 0 0 1 9 10 28 0 0 0 0 0 138 145 6425 4934 19 13 34
102 97 91 72 19 46 29 1197 48 4 64 0 24 18 NA 18 NA 4 48 1 7 11 27 0 0 0 0 1 7 11 27 0 0 0 0 1 124 148 6490 4936 16 16 32
103 86 92 74 18 46 38 1178 71 2 67 0 25 18 NA 18 NA 12 71 1 4 14 27 0 0 0 0 1 4 14 27 0 0 0 0 2 140 148 6553 4933 16 19 32
104 82 91 74 17 45 37 1163 57 3 70 0 26 18 NA 18 NA 2 57 1 4 14 26 0 0 0 0 1 4 14 26 0 0 0 0 0 147 150 6638 4930 20 19 31
105 62 92 75 17 46 37 1192 46 4 72 0 26.5 18 NA 18 NA 6 46 0 5 15 26 0 0 0 0 0 5 15 26 0 0 0 0 1 171 150 6717 4928 22 19 31
106 68 91 76 15 44 36 1183 61 5 71 0 27 18 NA 18 NA 7 61 0 4 15 25 0 0 0 0 0 4 15 25 0 0 0 0 1 135 151 6781 4929 20 21 30
107 81 89 75 14 43 35 1189 62 5 73 0 28 18 NA 18 NA 6 62 0 4 14 25 0 0 0 0 0 4 14 25 0 0 0 0 1 146 153 6846 4927 22 21 30
108 80 87 74 13 42 34 1182 57 7 72 0 27 17 NA 17 NA 7 57 0 4 14 24 0 0 0 0 0 4 14 24 0 0 0 0 1 137 155 6920 4928 22 21 29
109 75 88 75 13 42 38 1168 62 9 71 0 27 18.5 NA 18.5 NA 14 62 0 5 14 23 0 0 0 0 0 5 14 23 0 0 0 0 3 140 157 6991 4929 23 20 28
110 73 89 76 13 42 38 1189 53 8 68 0 26 19 NA 19 NA 9 53 0 5 12 25 0 0 0 0 0 5 12 25 0 0 0 0 2 157 159 7054 4932 22 17 29
111 81 88 75 13 40 37 1148 68 7 66 0 25.5 19 NA 19 NA 8 68 0 5 9 26 0 0 0 0 0 5 9 26 0 0 0 0 2 121 161 7130 4934 20 16 30
112 65 88 76 12 39 35 1164 53 7 65 0 25 19 NA 19 NA 6 53 0 5 7 27 0 0 0 0 0 5 7 27 0 0 0 0 1 147 162 7192 4935 20 14 31
113 89 87 77 10 35 38 1153 61 3 60 0 22 19 NA 19 NA 6 61 0 5 5 25 0 0 0 0 0 5 5 25 0 0 0 0 1 134 163 7264 4940 20 11 29
114 76 86 75 11 35 40 1181 52 5 60 0 22 19 NA 19 NA 6 52 0 4 6 25 0 0 0 0 0 4 6 25 0 0 0 0 1 151 163 7323 4940 21 9 30
115 80 86 75 11 33 39 1201 54 6 60 0 23 19 NA 19 NA 6 54 0 3 6 24 0 0 0 0 0 3 6 24 0 0 0 0 1 163 163 7392 4940 20 11 29
116 77 89 78 11 33 35 1224 51 5 60 0 23 19 NA 19 NA 4 51 0 2 7 24 0 0 0 0 0 2 7 24 0 0 0 0 0 155 167 7458 4940 16 15 29
117 71 92 79 13 32 32 1206 56 5 59 0 22 19 NA 19 NA 2 56 0 3 5 24 0 0 0 0 0 3 5 24 0 0 0 0 3 151 167 7550 4941 15 15 29
118 84 91 78 13 31 38 1199 59 2 57 0 23 19 NA 19 NA 8 59 0 4 3 24 0 0 0 0 0 4 3 24 0 0 0 0 1 140 167 7617 4943 15 12 30
119 69 90 76 14 30 32 1199 64 6 55 0 22.5 18.5 NA 18.5 NA 3 64 0 4 5 21 0 0 0 0 0 4 5 21 0 0 0 0 2 151 170 7680 4945 12 15 28
120 83 93 75 18 30 34 1200 55 2 54 0 18 17 NA 17 NA 7 55 0 5 5 20 0 0 0 0 0 5 5 20 0 0 0 0 3 144 172 7746 4946 12 14 28
121 81 90 73 17 30 29 1216 48 7 56 0 19 16.5 NA 16.5 NA 4 48 1 5 6 18 0 0 0 0 1 5 6 18 0 0 0 0 1 142 174 7809 4944 14 16 26
122 71 95 73 22 31 28 1214 55 5 59 0 17 16 NA 16 NA 6 55 0 7 5 19 0 0 0 0 0 7 5 19 0 0 0 0 3 146 178 7886 4941 17 16 26
123 66 95 73 22 32 33 1241 51 5 60 0 18 16 NA 16 NA 14 51 0 8 5 19 0 0 0 0 0 8 5 19 0 0 0 0 0 147 180 7940 4940 18 16 26
124 92 97 73 24 31 37 1210 69 7 60 0 17 16 NA 16 NA 12 69 0 7 5 19 0 0 0 0 0 7 5 19 0 0 0 0 2 142 182 8018 4940 18 16 26
125 78 96 73 23 36 34 1209 56 11 62 0 16.5 16 NA 16 NA 5 56 1 11 6 18 0 0 0 0 1 11 6 18 0 0 0 0 1 136 184 8077 4938 21 16 25
126 80 98 75 23 38 32 1190 61 5 63 0 17 16 NA 16 NA 5 61 1 11 8 18 0 0 0 0 1 11 8 18 0 0 0 0 1 140 186 8155 4937 20 18 25
127 75 98 75 23 38 37 1180 52 4 65 0 18 16 NA 16 NA 7 52 1 9 10 18 0 0 0 0 1 9 10 18 0 0 0 0 0 151 186 8241 4935 20 19 26
128 89 97 74 23 37 38 1177 63 4 67 0 19 16 NA 16 NA 7 63 1 9 7 20 0 0 0 0 1 9 7 20 0 0 0 0 2 163 187 8323 4933 24 15 28
129 63 103 80 23 40 37 1187 57 5 71 0 19 16.5 NA 16.5 NA 4 57 1 11 7 21 0 0 0 0 1 11 7 21 0 0 0 0 2 147 187 8394 4929 27 14 30
130 77 103 79 24 41 35 1180 70 9 68 0 18 16 NA 16 NA 7 70 2 11 6 22 0 0 0 0 2 11 6 22 0 0 0 0 2 144 188 8460 4932 27 13 28
131 84 104 79 25 45 30 1185 66 7 70 0 18.5 16 NA 16 NA 5 66 2 13 5 25 0 0 0 0 2 13 5 25 0 0 0 0 1 158 191 8527 4930 28 10 32
132 77 101 76 25 45 30 1189 48 4 72 0 19 16 NA 16 NA 5 48 1 14 6 24 0 0 0 0 1 14 6 24 0 0 0 0 0 137 192 8594 4928 32 9 31
133 74 103 78 25 44 36 1203 56 5 71 0 19 16.5 NA 16.5 NA 11 56 1 13 5 25 0 0 0 0 1 13 5 25 0 0 0 0 4 152 192 8653 4929 31 8 32
134 69 101 76 25 44 40 1186 56 6 76 0 19 16 NA 16 NA 10 56 0 10 10 24 0 0 0 0 0 10 10 24 0 0 0 0 0 144 192 8734 4924 32 12 32
135 70 100 76 24 42 33 1201 51 8 74 0 20 16 NA 16 NA 2 51 0 9 10 23 0 0 0 0 0 9 10 23 0 0 0 0 1 161 193 8806 4926 30 13 31
136 73 94 72 22 41 35 1183 69 4 71 0 20.5 16 NA 16 NA 7 69 0 8 11 22 0 0 0 0 0 8 11 22 0 0 0 0 0 135 196 8876 4929 30 14 27
137 55 94 72 22 44 30 1183 53 6 71 0 21 16 NA 16 NA 6 53 0 10 12 22 0 0 0 0 0 10 12 22 0 0 0 0 2 129 202 8936 4929 28 15 28
138 82 92 70 22 44 32 1175 64 5 71 0 22 16 NA 16 NA 8 64 0 10 12 22 0 0 0 0 0 10 12 22 0 0 0 0 1 145 203 9003 4929 29 15 27
139 76 93 71 22 45 34 1184 66 9 70 0 22 17 NA 17 NA 13 66 0 11 12 22 0 0 0 0 0 11 12 22 0 0 0 0 3 162 206 9067 4930 28 15 27
140 74 94 72 22 47 36 1166 59 10 72 0 23 17 NA 17 NA 11 59 0 10 15 22 0 0 0 0 0 10 15 22 0 0 0 0 0 143 207 9150 4928 27 19 26
141 84 97 72 25 48 35 1177 48 8 76 0 22 16.5 NA 16.5 NA 7 48 1 9 16 22 0 0 0 0 1 9 16 22 0 0 0 0 0 153 209 9222 4924 29 21 26
142 76 97 73 24 50 33 1199 46 7 79 0 23 16.5 NA 16.5 NA 5 46 0 12 16 22 0 0 0 0 0 12 16 22 0 0 0 0 0 152 210 9285 4921 31 22 26
143 78 94 69 25 48 26 1210 48 10 77 0 23.5 16.5 NA 16.5 NA 4 48 0 11 15 22 0 0 0 0 0 11 15 22 0 0 0 0 0 149 211 9358 4923 30 21 26
144 82 96 70 26 49 27 1200 68 5 77 0 24 17 NA 17 NA 7 68 0 10 17 22 0 0 0 0 0 10 17 22 0 0 0 0 2 142 213 9415 4923 26 25 26
145 80 97 71 26 49 29 1182 69 5 77 0 25 17 NA 17 NA 5 69 0 9 17 23 0 0 0 0 0 9 17 23 0 0 0 0 2 134 213 9481 4923 27 24 26
146 76 101 74 27 50 26 1188 42 7 77 0 24 17 NA 17 NA 5 42 0 6 19 25 0 0 0 0 0 6 19 25 0 0 0 0 3 128 214 9539 4923 22 27 28
147 62 100 74 26 50 31 1174 45 4 75 0 25 17 NA 17 NA 10 45 1 7 17 25 0 0 0 0 1 7 17 25 0 0 0 0 1 126 217 9618 4925 22 25 28
148 65 96 70 26 49 33 1172 58 7 71 0 26 17 NA 17 NA 9 58 1 8 17 23 0 0 0 0 1 8 17 23 0 0 0 0 0 139 217 9690 4929 18 27 26
149 86 96 70 26 49 32 1185 53 7 70 0 26 17 NA 17 NA 6 53 1 8 17 23 0 0 0 0 1 8 17 23 0 0 0 0 2 141 218 9744 4930 18 24 28
150 79 94 68 26 53 34 1170 67 9 67 0 26 17 NA 17 NA 11 67 1 11 18 23 0 0 0 0 1 11 18 23 0 0 0 0 1 163 219 9834 4933 15 25 27
151 82 95 69 26 54 39 1178 62 6 69 0 27 17 NA 17 NA 12 62 1 10 20 23 0 0 0 0 1 10 20 23 0 0 0 0 1 157 221 9896 4931 17 24 28
152 74 95 71 24 52 36 1164 63 6 68 0 26 17 NA 17 NA 8 63 1 8 16 27 0 0 0 0 1 8 16 27 0 0 0 0 0 135 224 9970 4932 17 19 32
153 83 97 73 24 53 35 1206 40 10 72 0 27 17 NA 17 NA 9 40 2 5 16 30 0 0 0 0 2 5 16 30 0 0 0 0 1 174 224 10043 4928 18 19 35
154 74 98 74 24 52 31 1176 59 6 72 0 25.5 17 NA 17 NA 4 59 2 4 17 29 0 0 0 0 2 4 17 29 0 0 0 0 1 131 226 10118 4928 17 20 35
155 79 98 74 24 54 31 1166 63 6 72 0 26 17 NA 17 NA 5 63 3 4 18 29 0 0 0 0 3 4 18 29 0 0 0 0 1 148 226 10191 4928 17 20 35
156 74 98 72 26 51 36 1159 51 1 71 0 26 17 NA 17 NA 8 51 3 4 14 30 0 0 0 0 3 4 14 30 0 0 0 0 1 139 227 10266 4929 19 16 36
157 90 96 71 25 50 30 1175 54 9 73 0 27 17 NA 17 NA 7 54 2 2 17 29 0 0 0 0 2 2 17 29 0 0 0 0 0 157 228 10329 4927 20 19 34
158 67 98 73 25 53 32 1197 54 6 77 0 27.5 17 NA 17 NA 7 54 0 6 14 33 0 0 0 0 0 6 14 33 0 0 0 0 2 156 229 10393 4923 24 16 37
159 81 100 75 25 55 39 1192 65 5 78 0 27 17 NA 17 NA 13 65 0 8 14 33 0 0 0 0 0 8 14 33 0 0 0 0 0 136 231 10449 4922 25 16 37
160 85 98 73 25 53 41 1170 74 5 74 0 27 17 NA 17 NA 7 74 1 8 13 31 0 0 0 0 1 8 13 31 0 0 0 0 2 138 231 10513 4926 24 15 35
161 90 99 72 27 53 36 1141 76 9 75 0 22 17 NA 17 NA 7 76 1 9 11 32 0 0 0 0 1 9 11 32 0 0 0 0 0 143 232 10589 4925 26 14 35
162 63 101 73 28 53 40 1128 50 6 76 0 23 17 NA 17 NA 10 50 1 9 10 33 0 0 0 0 1 9 10 33 0 0 0 0 2 125 233 10660 4924 27 12 37
163 65 103 75 28 53 32 1128 55 11 76 0 23 17 NA 17 NA 6 55 1 8 11 33 0 0 0 0 1 8 11 33 0 0 0 0 3 137 236 10723 4924 26 14 36
164 74 99 72 27 49 32 1105 71 7 74 0 23 18 NA 18 NA 10 71 1 9 9 30 0 0 0 0 1 9 9 30 0 0 0 0 2 124 239 10779 4926 27 14 33
165 78 100 74 26 50 28 1095 57 10 75 0 23.5 18 NA 18 NA 8 57 1 9 8 32 0 0 0 0 1 9 8 32 0 0 0 0 2 136 241 10850 4925 25 15 35
166 80 99 73 26 48 28 1111 58 4 76 0 24 18 NA 18 NA 5 58 1 7 9 31 0 0 0 0 1 7 9 31 0 0 0 0 1 142 243 10900 4924 26 16 34
167 87 99 71 28 48 28 1119 48 5 73 0 23 17.5 NA 17.5 NA 5 48 1 8 9 30 0 0 0 0 1 8 9 30 0 0 0 0 2 141 243 10965 4927 24 16 33
168 77 96 70 26 47 28 1123 70 6 72 0 23.5 18 NA 18 NA 9 70 0 8 11 28 0 0 0 0 0 8 11 28 0 0 0 0 1 149 245 11024 4928 24 17 31
169 75 97 71 26 48 27 1124 48 9 72 0 24 18 NA 18 NA 8 48 0 6 11 31 0 0 0 0 0 6 11 31 0 0 0 0 1 139 245 11099 4928 20 18 34
170 84 96 71 25 48 27 1112 57 3 70 0 25.5 18 NA 18 NA 4 57 0 3 14 31 0 0 0 0 0 3 14 31 0 0 0 0 0 134 247 11164 4930 16 20 34
171 70 97 73 24 51 26 1127 62 5 70 0 26 17 NA 17 NA 7 62 2 4 14 31 0 0 0 0 2 4 14 31 0 0 0 0 1 162 249 11227 4930 15 21 34
172 79 102 79 23 50 29 1136 62 5 70 0 26 17 NA 17 NA 7 62 1 6 14 29 0 0 0 0 1 6 14 29 0 0 0 0 5 161 249 11300 4930 17 21 32
173 84 97 76 21 48 33 1151 50 3 68 0 26 17 NA 17 NA 7 50 1 5 15 27 0 0 0 0 1 5 15 27 0 0 0 0 1 152 249 11359 4932 16 23 29
174 70 95 77 18 47 37 1184 59 5 67 0 25 17 NA 17 NA 10 59 1 4 16 26 0 0 0 0 1 4 16 26 0 0 0 0 1 161 251 11412 4933 16 23 28
175 95 95 77 18 46 33 1180 65 8 67 0 25 17.5 NA 17.5 NA 5 65 1 6 14 25 0 0 0 0 1 6 14 25 0 0 0 0 0 145 252 11473 4933 17 22 28
176 73 97 79 18 47 38 1189 50 5 67 0 24 18 NA 18 NA 11 50 1 6 14 26 0 0 0 0 1 6 14 26 0 0 0 0 2 136 252 11527 4933 17 21 29
177 78 96 77 19 45 36 1198 67 8 67 0 24.5 17 NA 17 NA 6 67 2 5 11 27 0 0 0 0 2 5 11 27 0 0 0 0 2 154 252 11585 4933 18 19 30
178 69 92 73 19 45 31 1192 63 9 64 0 23.5 17 NA 17 NA 7 63 2 6 10 27 0 0 0 0 2 6 10 27 0 0 0 0 0 147 255 11655 4936 18 18 28
179 84 92 73 19 47 29 1185 60 7 67 0 23.5 17 NA 17 NA 6 60 1 8 12 26 0 0 0 0 1 8 12 26 0 0 0 0 1 147 257 11726 4933 21 19 27
180 91 92 69 23 44 33 1162 61 3 66 0 20.5 17 NA 17 NA 7 61 2 6 11 25 0 0 0 0 2 6 11 25 0 0 0 0 2 127 258 11793 4934 21 18 27
181 69 93 70 23 43 39 1152 69 6 65 0 20 17 NA 17 NA 12 69 2 6 9 26 0 0 0 0 2 6 9 26 0 0 0 0 1 139 258 11855 4935 21 16 28
182 82 93 70 23 44 36 1178 54 9 65 0 21 17 NA 17 NA 6 54 1 8 6 29 0 0 0 0 1 8 6 29 0 0 0 0 1 159 260 11909 4935 22 12 31
183 80 93 70 23 44 39 1162 61 6 65 0 21 17 NA 17 NA 9 61 1 8 8 27 0 0 0 0 1 8 8 27 0 0 0 0 2 142 261 11982 4935 23 12 30
184 63 90 67 23 41 40 1163 58 5 65 0 20.5 17 NA 17 NA 5 58 1 7 9 24 0 0 0 0 1 7 9 24 0 0 0 0 3 148 261 12055 4935 26 12 27
185 66 91 67 24 41 46 1166 59 4 65 0 21 17 NA 17 NA 13 59 0 8 8 25 0 0 0 0 0 8 8 25 0 0 0 0 1 152 263 12127 4935 24 12 29
186 73 92 67 25 41 43 1180 59 8 64 0 21.5 17 NA 17 NA 7 59 0 9 7 25 0 0 0 0 0 9 7 25 0 0 0 0 1 155 265 12192 4936 22 13 29
187 79 91 66 25 41 49 1185 55 5 65 0 22 17 NA 17 NA 12 55 0 9 7 25 0 0 0 0 0 9 7 25 0 0 0 0 1 148 267 12261 4935 22 14 29
188 82 91 67 24 42 47 1179 72 9 66 0 23 17 NA 17 NA 9 72 0 8 9 25 0 0 0 0 0 8 9 25 0 0 0 0 1 146 268 12314 4934 22 15 29
189 62 91 67 24 41 48 1175 57 6 66 0 22 17 NA 17 NA 9 57 0 8 9 24 0 0 0 0 0 8 9 24 0 0 0 0 0 135 270 12382 4934 22 16 28
190 81 88 64 24 40 48 1182 58 6 64 0 23.5 17 NA 17 NA 5 58 0 8 8 24 0 0 0 0 0 8 8 24 0 0 0 0 0 159 270 12453 4936 20 16 28
191 75 89 64 25 39 43 1199 50 8 62 0 24 17 NA 17 NA 3 50 0 5 12 22 0 0 0 0 0 5 12 22 0 0 0 0 2 147 272 12515 4938 17 19 26
192 76 89 64 25 38 43 1212 49 3 64 0 21 17 NA 17 NA 7 49 0 6 10 22 0 0 0 0 0 6 10 22 0 0 0 0 2 142 275 12574 4936 20 17 27
193 85 89 66 23 40 44 1202 65 8 63 0 21 17 NA 17 NA 8 65 1 8 10 21 0 0 0 0 1 8 10 21 0 0 0 0 1 145 275 12641 4937 20 17 26
194 76 90 66 24 42 40 1177 68 6 64 0 22 17 NA 17 NA 7 68 1 9 10 22 0 0 0 0 1 9 10 22 0 0 0 0 1 144 279 12720 4936 21 17 26
195 62 92 67 25 43 40 1174 63 4 66 0 23 17 NA 17 NA 6 63 1 10 10 22 0 0 0 0 1 10 10 22 0 0 0 0 2 150 281 12788 4934 23 17 26
196 82 94 70 24 44 38 1194 56 8 69 0 23.5 17 NA 17 NA 8 56 1 8 13 22 0 0 0 0 1 8 13 22 0 0 0 0 0 147 283 12840 4931 22 21 26
197 69 93 70 23 44 39 1198 61 9 69 0 24 17 NA 17 NA 10 61 1 7 14 22 0 0 0 0 1 7 14 22 0 0 0 0 0 154 284 12916 4931 22 20 27
198 72 94 71 23 45 37 1180 71 9 69 0 23 17 NA 17 NA 6 71 0 9 15 21 0 0 0 0 0 9 15 21 0 0 0 0 2 151 286 12998 4931 24 19 26
199 86 98 73 25 47 33 1167 69 10 71 0 22.5 17 NA 17 NA 8 69 0 9 16 22 0 0 0 0 0 9 16 22 0 0 0 0 3 138 290 13058 4929 23 20 28
200 62 98 73 25 46 30 1188 56 5 68 0 22 17 NA 17 NA 5 56 0 9 16 21 0 0 0 0 0 9 16 21 0 0 0 0 1 155 293 13121 4932 21 20 27
201 79 98 74 24 46 29 1191 63 6 69 0 21.5 17 NA 17 NA 7 63 0 8 15 23 0 0 0 0 0 8 15 23 0 0 0 0 2 141 294 13180 4931 21 19 29
202 81 102 78 24 46 25 1206 54 5 67 0 20.5 17 NA 17 NA 2 54 0 9 14 23 0 0 0 0 0 9 14 23 0 0 0 0 4 155 297 13247 4933 21 18 28
203 64 102 78 24 49 21 1221 63 8 71 0 21.5 17 NA 17 NA 3 63 0 11 12 26 0 0 0 0 0 11 12 26 0 0 0 0 1 151 297 13302 4929 24 16 31
204 80 102 78 24 51 30 1246 56 4 73 0 21.5 17 NA 17 NA 13 56 0 11 13 27 0 0 0 0 0 11 13 27 0 0 0 0 0 163 298 13368 4927 24 16 33
205 75 102 79 23 49 31 1224 72 7 73 0 22 18 NA 18 NA 10 72 0 9 14 26 0 0 0 0 0 9 14 26 0 0 0 0 2 136 300 13435 4927 24 17 32
206 86 102 80 22 46 26 1236 42 8 70 0 22 17.5 NA 17.5 NA 3 42 0 8 13 25 0 0 0 0 0 8 13 25 0 0 0 0 2 152 300 13510 4930 23 16 31
207 70 103 81 22 47 31 1220 58 3 71 0 23 17 NA 17 NA 6 58 0 8 14 25 0 0 0 0 0 8 14 25 0 0 0 0 1 143 301 13593 4929 22 18 31
208 79 103 80 23 47 37 1218 67 3 75 0 24 17 NA 17 NA 9 67 0 6 12 29 0 0 0 0 0 6 12 29 0 0 0 0 1 168 301 13671 4925 22 17 36
209 72 107 84 23 46 41 1219 65 4 75 0 23 17 NA 17 NA 8 65 0 6 10 30 0 0 0 0 0 6 10 30 0 0 0 0 4 152 302 13737 4925 22 16 37
210 66 105 83 22 50 34 1234 45 13 76 0 24 17 NA 17 NA 5 45 0 9 11 30 0 0 0 0 0 9 11 30 0 0 0 0 1 142 304 13804 4924 22 17 37
211 85 105 83 22 48 30 1227 51 4 74 0 24 17 NA 17 NA 2 51 0 9 11 28 0 0 0 0 0 9 11 28 0 0 0 0 4 134 305 13870 4926 21 17 36
212 83 108 84 24 47 25 1202 61 8 75 0 21 17 NA 17 NA 3 61 0 9 11 27 0 0 0 0 0 9 11 27 0 0 0 0 4 124 306 13942 4925 24 16 35
213 81 108 84 24 48 28 1183 68 5 77 0 21.5 16.5 NA 16.5 NA 6 68 0 10 11 27 0 0 0 0 0 10 11 27 0 0 0 0 1 140 307 14006 4923 26 15 36
214 70 115 91 24 52 28 1177 62 7 82 0 21 17 NA 17 NA 6 62 0 12 12 28 0 0 0 0 0 12 12 28 0 0 0 0 5 141 307 14075 4918 31 15 36
215 73 113 90 23 53 32 1213 48 8 79 0 22 17 NA 17 NA 10 48 0 11 13 29 0 0 0 0 0 11 13 29 0 0 0 0 0 163 308 14134 4921 26 16 37
216 63 113 91 22 52 34 1208 63 5 78 0 21 17 NA 17 NA 7 63 0 9 12 31 0 0 0 0 0 9 12 31 0 0 0 0 1 156 309 14215 4922 25 15 38
217 65 116 93 23 50 35 1210 61 9 77 0 21 17 NA 17 NA 13 61 0 7 13 30 0 0 0 0 0 7 13 30 0 0 0 0 3 146 313 14284 4923 24 17 36
218 82 113 89 24 48 33 1219 56 12 77 0 22 17 NA 17 NA 11 56 0 6 14 28 0 0 0 0 0 6 14 28 0 0 0 0 0 153 314 14351 4923 25 18 34
219 69 112 88 24 49 38 1207 55 9 76 0 20.5 17 NA 17 NA 15 55 0 8 12 29 0 0 0 0 0 8 12 29 0 0 0 0 0 137 315 14425 4924 25 17 34
220 81 112 88 24 49 28 1195 56 11 77 0 21.5 17 NA 17 NA 4 56 0 7 10 32 0 0 0 0 0 7 10 32 0 0 0 0 1 144 317 14505 4923 23 16 38
221 63 110 86 24 49 27 1172 58 3 78 0 22.5 17 NA 17 NA 5 58 0 8 10 31 0 0 0 0 0 8 10 31 0 0 0 0 0 125 320 14581 4922 25 16 37
222 83 112 87 25 52 27 1156 56 4 78 0 22.5 17 NA 17 NA 5 56 0 7 12 33 0 0 0 0 0 7 12 33 0 0 0 0 3 135 321 14654 4922 23 17 38
223 87 110 85 25 46 27 1174 47 4 76 0 21 17 NA 17 NA 3 47 0 4 12 30 0 0 0 0 0 4 12 30 0 0 0 0 3 155 321 14720 4924 24 16 36
224 89 107 82 25 49 29 1180 58 4 77 0 22 17 NA 17 NA 4 58 0 7 12 30 0 0 0 0 0 7 12 30 0 0 0 0 1 145 321 14780 4923 27 16 34
225 76 107 82 25 48 30 1186 53 6 75 0 23 17.5 NA 17.5 NA 7 53 0 7 12 29 0 0 0 0 0 7 12 29 0 0 0 0 2 154 321 14856 4925 26 16 33
226 81 108 85 23 50 30 1166 45 6 82 0 23.5 17.5 NA 17.5 NA 5 45 0 7 14 29 0 0 0 0 0 7 14 29 0 0 0 0 2 114 321 14926 4918 28 21 33
227 69 105 81 24 50 30 1175 49 6 80 0 24 17.5 NA 17.5 NA 8 49 0 8 11 31 0 0 0 0 0 8 11 31 0 0 0 0 1 150 323 15003 4920 27 18 35
228 88 101 80 21 49 27 1161 69 6 77 0 23 18 NA 18 NA 3 69 0 9 10 30 0 0 0 0 0 9 10 30 0 0 0 0 0 147 324 15076 4923 27 17 33
229 80 101 77 24 51 30 1202 50 5 77 0 23 18 NA 18 NA 7 50 0 10 11 30 0 0 0 0 0 10 11 30 0 0 0 0 2 184 324 15142 4923 29 16 32
230 86 100 77 23 53 33 1187 73 7 77 0 23.5 18 NA 18 NA 13 73 1 9 13 30 0 0 0 0 1 9 13 30 0 0 0 0 0 155 326 15217 4923 27 18 32
231 76 99 76 23 52 37 1194 71 8 77 0 24 18 NA 18 NA 12 71 1 8 13 30 0 0 0 0 1 8 13 30 0 0 0 0 1 156 327 15277 4923 27 18 32
232 68 104 81 23 54 36 1208 76 8 78 0 23 18 NA 18 NA 6 76 1 10 11 32 0 0 0 0 1 10 11 32 0 0 0 0 5 167 329 15340 4922 27 17 34
233 65 105 82 23 56 35 1211 55 7 78 0 24 18 NA 18 NA 9 55 2 9 13 32 0 0 0 0 2 9 13 32 0 0 0 0 2 134 332 15397 4922 24 20 34
234 66 105 81 24 55 35 1220 55 7 78 0 23 18 NA 18 NA 8 55 2 10 12 31 0 0 0 0 2 10 12 31 0 0 0 0 1 144 334 15460 4922 26 19 33
235 68 105 81 24 56 31 1187 60 7 78 0 24 17 NA 17 NA 5 60 3 9 13 31 0 0 0 0 3 9 13 31 0 0 0 0 2 122 336 15534 4922 25 20 33
236 68 110 85 25 56 31 1211 47 4 80 0 24 17 NA 17 NA 3 47 2 8 15 31 0 0 0 0 2 8 15 31 0 0 0 0 5 159 336 15605 4920 24 22 34
237 70 110 85 25 54 29 1183 52 7 77 0 23 18 NA 18 NA 5 52 1 9 15 29 0 0 0 0 1 9 15 29 0 0 0 0 4 127 337 15685 4923 24 21 32
238 81 109 82 27 52 31 1212 60 3 76 0 24 18 NA 18 NA 7 60 1 8 13 30 0 0 0 0 1 8 13 30 0 0 0 0 1 168 338 15741 4924 21 23 32
239 74 109 85 24 52 35 1198 59 7 75 0 24 18 NA 18 NA 12 59 2 6 15 29 0 0 0 0 2 6 15 29 0 0 0 0 3 133 339 15810 4925 19 24 32
240 70 110 86 24 53 38 1185 65 8 74 0 24 18 NA 18 NA 12 65 3 5 16 29 0 0 0 0 3 5 16 29 0 0 0 0 2 129 340 15873 4926 18 24 32
241 64 110 85 25 55 41 1185 58 6 76 0 24 18 NA 18 NA 7 58 2 7 18 28 0 0 0 0 2 7 18 28 0 0 0 0 2 163 340 15960 4924 19 25 32
242 71 111 86 25 57 42 1185 53 8 75 0 25 18 NA 18 NA 6 53 3 8 15 31 0 0 0 0 3 8 15 31 0 0 0 0 2 145 340 16032 4925 17 23 35
243 77 113 87 26 61 36 1179 48 12 75 0 25 18 NA 18 NA 9 48 3 9 17 32 0 0 0 0 3 9 17 32 0 0 0 0 2 138 344 16109 4925 17 23 35
244 76 114 86 28 61 33 1199 43 5 76 0 22 17 NA 17 NA 4 43 2 12 16 31 0 0 0 0 2 12 16 31 0 0 0 0 1 157 346 16188 4924 20 22 34
245 88 115 88 27 63 32 1222 48 8 75 0 22 18 NA 18 NA 6 48 3 13 14 33 0 0 0 0 3 13 14 33 0 0 0 0 3 147 346 16245 4925 21 18 36
246 66 113 84 29 61 34 1209 67 7 76 0 22 18 NA 18 NA 11 67 3 12 15 31 0 0 0 0 3 12 15 31 0 0 0 0 2 145 348 16321 4924 22 19 35
247 67 107 82 25 56 33 1229 67 3 73 0 21 18 NA 18 NA 2 67 3 11 14 28 0 0 0 0 3 11 14 28 0 0 0 0 1 174 348 16388 4927 23 19 31
248 88 111 86 25 56 33 1202 60 4 78 0 20 18 NA 18 NA 7 60 2 13 10 31 0 0 0 0 2 13 10 31 0 0 0 0 4 136 351 16465 4922 28 16 34
249 72 110 85 25 54 32 1215 54 6 78 0 20 18 NA 18 NA 5 54 2 12 10 30 0 0 0 0 2 12 10 30 0 0 0 0 2 145 351 16533 4922 30 15 33
250 83 111 86 25 54 38 1218 66 4 79 0 21 18 NA 18 NA 12 66 2 10 10 32 0 0 0 0 2 10 10 32 0 0 0 0 1 165 353 16606 4921 29 14 36
251 76 109 84 25 53 38 1223 57 9 79 0 19 18 NA 18 NA 10 57 0 12 10 31 0 0 0 0 0 12 10 31 0 0 0 0 0 138 355 16668 4921 31 14 34
252 73 108 82 26 53 35 1240 62 9 79 0 20 18 NA 18 NA 7 62 0 12 9 32 0 0 0 0 0 12 9 32 0 0 0 0 1 153 356 16723 4921 31 12 36
253 75 109 82 27 56 29 1233 44 9 81 0 21 18 NA 18 NA 6 44 1 9 13 33 0 0 0 0 1 9 13 33 0 0 0 0 1 142 359 16803 4919 29 15 37
254 76 109 82 27 58 30 1235 56 6 82 0 22 18 NA 18 NA 5 56 1 10 13 34 0 0 0 0 1 10 13 34 0 0 0 0 1 148 360 16869 4918 30 14 38
255 87 108 81 27 59 36 1201 67 3 84 0 23 18 NA 18 NA 7 67 1 11 14 33 0 0 0 0 1 11 14 33 0 0 0 0 1 125 361 16933 4916 32 15 37
256 93 108 81 27 59 33 1176 53 5 82 0 22 18 NA 18 NA 4 53 1 11 16 31 0 0 0 0 1 11 16 31 0 0 0 0 3 145 363 17025 4918 30 18 34
257 71 105 79 26 56 38 1182 55 3 82 0 23 18 NA 18 NA 9 55 1 11 16 28 0 0 0 0 1 11 16 28 0 0 0 0 0 144 363 17092 4918 33 18 31
258 78 105 77 28 58 32 1185 55 8 82 0 23 18 NA 18 NA 2 55 1 11 16 30 0 0 0 0 1 11 16 30 0 0 0 0 0 139 365 17152 4918 30 19 33
259 70 106 79 27 59 32 1155 49 3 80 0 23.5 18 NA 18 NA 5 49 0 12 16 31 0 0 0 0 0 12 16 31 0 0 0 0 3 122 368 17237 4920 27 19 34
260 82 109 81 28 58 39 1171 57 2 81 0 24 18 NA 18 NA 7 57 0 12 15 31 0 0 0 0 0 12 15 31 0 0 0 0 4 154 368 17300 4919 26 21 34
261 66 108 80 28 60 35 1171 49 8 83 0 24.5 18 NA 18 NA 4 49 0 14 15 31 0 0 0 0 0 14 15 31 0 0 0 0 0 134 369 17366 4917 28 21 34
262 79 107 79 28 59 34 1157 62 5 82 0 24 18 NA 18 NA 6 62 0 12 18 29 0 0 0 0 0 12 18 29 0 0 0 0 0 136 370 17434 4918 27 22 33
263 73 111 84 27 58 32 1161 60 7 79 0 23 18.5 NA 18.5 NA 5 60 0 11 20 27 0 0 0 0 0 11 20 27 0 0 0 0 3 150 370 17501 4921 24 24 31
264 69 110 82 28 56 34 1164 71 7 78 0 23.5 18 NA 18 NA 12 71 0 10 20 26 0 0 0 0 0 10 20 26 0 0 0 0 1 152 373 17568 4922 23 25 30
265 66 113 85 28 54 34 1169 53 6 78 0 22 18 NA 18 NA 9 53 0 8 17 29 0 0 0 0 0 8 17 29 0 0 0 0 0 150 375 17645 4922 23 22 33
266 65 112 84 28 54 29 1163 59 7 76 0 21.5 18 NA 18 NA 5 59 0 9 18 27 0 0 0 0 0 9 18 27 0 0 0 0 1 135 378 17711 4924 23 22 31
267 88 109 83 26 53 31 1157 50 6 74 0 22 18 NA 18 NA 9 50 0 7 19 27 0 0 0 0 0 7 19 27 0 0 0 0 0 133 380 17773 4926 21 23 30
268 80 102 77 25 50 36 1155 61 2 70 0 23 17.5 NA 17.5 NA 8 61 0 9 17 24 0 0 0 0 0 9 17 24 0 0 0 0 0 143 382 17841 4930 22 21 27
269 79 106 81 25 51 36 1143 52 6 70 0 21.5 18 NA 18 NA 6 52 0 9 19 23 0 0 0 0 0 9 19 23 0 0 0 0 5 132 382 17915 4930 19 25 26
270 71 106 80 26 50 35 1162 44 5 71 0 22 18 NA 18 NA 7 44 0 8 19 23 0 0 0 0 0 8 19 23 0 0 0 0 1 148 384 17980 4929 20 25 26
271 73 109 83 26 53 34 1196 61 8 75 0 23 18 NA 18 NA 7 61 1 7 20 25 0 0 0 0 1 7 20 25 0 0 0 0 2 160 385 18028 4925 23 24 28
272 76 106 82 24 51 32 1179 67 8 78 0 23.5 17 NA 17 NA 7 67 1 5 21 24 0 0 0 0 1 5 21 24 0 0 0 0 0 139 388 18100 4922 25 24 29
273 70 110 86 24 53 33 1193 54 6 79 0 24 18 NA 18 NA 8 54 1 5 22 25 0 0 0 0 1 5 22 25 0 0 0 0 4 167 391 18177 4921 23 26 30
274 74 111 85 26 51 31 1177 70 7 79 0 23 18 NA 18 NA 6 70 1 5 19 26 0 0 0 0 1 5 19 26 0 0 0 0 1 144 392 18247 4921 24 24 31
275 73 113 86 27 50 34 1190 57 4 86 0 23 17.5 NA 17.5 NA 7 57 0 5 18 27 0 0 0 0 0 5 18 27 0 0 0 0 2 157 392 18313 4914 31 23 32
276 75 113 86 27 54 32 1192 61 12 85 0 22 17.5 NA 17.5 NA 6 61 1 8 17 28 0 0 0 0 1 8 17 28 0 0 0 0 1 149 392 18381 4915 30 22 33
277 80 111 85 26 52 38 1201 60 5 85 0 21 17 NA 17 NA 13 60 1 9 16 26 0 0 0 0 1 9 16 26 0 0 0 0 1 158 394 18449 4915 33 22 30
278 77 109 83 26 50 38 1200 51 6 84 0 20 16.5 NA 16.5 NA 7 51 2 8 17 23 0 0 0 0 2 8 17 23 0 0 0 0 1 133 395 18510 4916 34 22 28
279 81 110 84 26 54 37 1209 55 8 83 0 20.5 16 NA 16 NA 4 55 2 12 15 25 0 0 0 0 2 12 15 25 0 0 0 0 2 141 395 18569 4917 33 20 30
280 75 109 83 26 53 32 1215 57 5 80 0 21 16 NA 16 NA 3 57 2 11 15 25 0 0 0 0 2 11 15 25 0 0 0 0 3 152 398 18636 4920 30 20 30
281 88 111 85 26 52 36 1222 56 2 80 0 21 16 NA 16 NA 8 56 1 13 13 25 0 0 0 0 1 13 13 25 0 0 0 0 2 143 399 18697 4920 32 19 29
282 86 109 86 23 50 37 1224 59 3 77 0 22 16 NA 16 NA 5 59 2 12 12 24 0 0 0 0 2 12 12 24 0 0 0 0 1 150 400 18768 4923 30 19 28
283 72 112 89 23 52 28 1211 57 9 79 0 23 16 NA 16 NA 2 57 2 13 12 25 0 0 0 0 2 13 12 25 0 0 0 0 1 140 403 18839 4921 28 22 29
284 67 112 89 23 54 35 1213 56 3 79 0 24 16.5 NA 16.5 NA 10 56 2 10 14 28 0 0 0 0 2 10 14 28 0 0 0 0 0 134 404 18899 4921 22 24 33
285 87 115 90 25 54 36 1198 60 7 83 0 23 17 NA 17 NA 13 60 1 10 12 31 0 0 0 0 1 10 12 31 0 0 0 0 2 144 407 18976 4917 26 22 35
286 69 114 91 23 54 35 1198 53 6 83 0 23 16.5 NA 16.5 NA 4 53 1 11 11 31 0 0 0 0 1 11 11 31 0 0 0 0 1 141 407 19040 4917 28 21 34
287 64 115 92 23 54 35 1204 52 8 84 0 24 17 NA 17 NA 9 52 1 7 15 31 0 0 0 0 1 7 15 31 0 0 0 0 2 149 407 19117 4916 25 25 34
288 75 116 94 22 55 35 1216 61 5 85 0 25 17 NA 17 NA 6 61 2 7 14 32 0 0 0 0 2 7 14 32 0 0 0 0 1 155 408 19184 4915 25 24 36
289 72 116 93 23 53 34 1203 65 7 84 0 24.5 17 NA 17 NA 7 65 1 6 15 31 0 0 0 0 1 6 15 31 0 0 0 0 2 136 409 19254 4916 22 26 36
290 82 116 92 24 54 34 1174 78 7 84 0 25 16 NA 16 NA 9 78 0 7 16 31 0 0 0 0 0 7 16 31 0 0 0 0 1 133 412 19318 4916 22 26 36
291 78 113 89 24 56 39 1161 68 9 81 0 26 16.5 NA 16.5 NA 13 68 0 10 17 29 0 0 0 0 0 10 17 29 0 0 0 0 1 152 412 19391 4919 23 25 33
292 78 113 88 25 59 34 1154 64 12 84 0 27 16 NA 16 NA 8 64 2 10 15 32 0 0 0 0 2 10 15 32 0 0 0 0 0 152 413 19468 4916 26 23 35
293 61 111 86 25 61 33 1146 42 6 88 0 28 17 NA 17 NA 7 42 1 10 18 32 0 0 0 0 1 10 18 32 0 0 0 0 0 108 415 19530 4912 27 26 35
294 63 111 87 24 63 36 1162 48 7 88 0 29 17 NA 17 NA 9 48 1 10 20 32 0 0 0 0 1 10 20 32 0 0 0 0 2 155 415 19607 4912 27 26 35
295 82 111 87 24 63 34 1169 69 7 90 0 29 17 NA 17 NA 7 69 1 11 16 35 0 0 0 0 1 11 16 35 0 0 0 0 1 158 416 19668 4910 29 23 38
296 69 108 84 24 63 28 1185 47 4 88 0 28.5 17 NA 17 NA 1 47 1 11 13 38 0 0 0 0 1 11 13 38 0 0 0 0 0 143 417 19736 4912 29 16 43
297 79 109 85 24 61 33 1195 54 3 89 0 28 17 NA 17 NA 10 54 1 9 15 36 0 0 0 0 1 9 15 36 0 0 0 0 2 153 418 19809 4911 27 21 41
298 78 107 83 24 62 35 1162 54 7 89 0 29 16 NA 16 NA 8 54 1 11 14 36 0 0 0 0 1 11 14 36 0 0 0 0 0 117 419 19881 4911 27 21 41
299 87 108 85 23 61 36 1117 70 9 89 0 27 16 NA 16 NA 10 70 1 9 13 38 0 0 0 0 1 9 13 38 0 0 0 0 3 116 419 19944 4911 25 21 43
300 83 103 80 23 55 40 1121 65 5 83 0 27 17 NA 17 NA 11 65 1 8 13 33 0 0 0 0 1 8 13 33 0 0 0 0 2 161 421 20025 4917 24 20 39
301 78 106 81 25 54 32 1147 41 11 85 0 26.5 17 NA 17 NA 5 41 0 9 10 35 0 0 0 0 0 9 10 35 0 0 0 0 3 147 422 20086 4915 26 18 41
302 76 102 79 23 51 39 1135 72 4 82 0 27 17 NA 17 NA 10 72 0 7 10 34 0 0 0 0 0 7 10 34 0 0 0 0 1 151 422 20153 4918 25 18 39
303 81 99 77 22 50 36 1118 60 6 80 0 27 18 NA 18 NA 5 60 0 9 9 32 0 0 0 0 0 9 9 32 0 0 0 0 0 130 424 20219 4920 25 18 37
304 81 98 78 20 49 31 1115 54 6 77 0 26.5 18 NA 18 NA 2 54 0 9 8 32 0 0 0 0 0 9 8 32 0 0 0 0 2 155 426 20301 4923 22 19 36
305 83 97 77 20 49 29 1142 48 7 73 0 27 18 NA 18 NA 4 48 0 6 12 31 0 0 0 0 0 6 12 31 0 0 0 0 2 149 427 20353 4927 16 21 36
306 89 101 81 20 48 30 1141 59 2 73 0 26 18 NA 18 NA 4 59 0 5 13 30 0 0 0 0 0 5 13 30 0 0 0 0 3 154 428 20420 4927 15 23 35
307 79 104 84 20 49 29 1134 61 5 73 0 26 18 NA 18 NA 5 61 0 5 14 30 0 0 0 0 0 5 14 30 0 0 0 0 1 143 430 20487 4927 14 23 36
308 83 105 85 20 48 24 1122 54 6 71 0 27 18 NA 18 NA 3 54 0 5 14 29 0 0 0 0 0 5 14 29 0 0 0 0 3 123 432 20543 4929 14 22 35
309 92 104 82 22 46 29 1133 52 2 71 0 26.5 18 NA 18 NA 7 52 0 4 13 29 0 0 0 0 0 4 13 29 0 0 0 0 2 146 432 20606 4929 15 21 35
310 69 101 79 22 45 25 1174 48 2 67 0 25 18 NA 18 NA 3 48 0 4 12 29 0 0 0 0 0 4 12 29 0 0 0 0 1 165 435 20661 4933 12 22 33
311 61 102 80 22 48 24 1183 53 4 71 0 26 18 NA 18 NA 3 53 0 4 14 30 0 0 0 0 0 4 14 30 0 0 0 0 1 133 438 20716 4929 15 21 35
312 81 104 83 21 49 30 1165 61 4 72 0 26.5 18 NA 18 NA 9 61 0 6 14 29 0 0 0 0 0 6 14 29 0 0 0 0 2 135 439 20788 4928 17 20 35
313 88 105 84 21 50 32 1163 51 2 77 0 27 18 NA 18 NA 6 51 0 6 14 30 0 0 0 0 0 6 14 30 0 0 0 0 0 141 443 20853 4923 19 21 37
314 80 107 85 22 49 31 1149 61 5 76 0 27 18 NA 18 NA 6 61 0 6 12 31 0 0 0 0 0 6 12 31 0 0 0 0 2 137 444 20923 4924 17 21 38
315 92 104 83 21 48 31 1155 47 3 73 0 26 18 NA 18 NA 6 47 1 6 12 29 0 0 0 0 1 6 12 29 0 0 0 0 0 139 447 20984 4927 17 19 37
316 76 104 83 21 47 31 1158 51 7 73 0 26.5 17 NA 17 NA 5 51 2 5 11 29 0 0 0 0 2 5 11 29 0 0 0 0 2 144 447 21051 4927 18 18 37
317 80 103 82 21 46 31 1151 48 6 73 0 27 17 NA 17 NA 5 48 2 6 8 30 0 0 0 0 2 6 8 30 0 0 0 0 1 129 447 21116 4927 20 14 39
318 85 103 82 21 46 31 1163 57 2 75 0 24 17 NA 17 NA 5 57 2 6 9 29 0 0 0 0 2 6 9 29 0 0 0 0 2 162 448 21183 4925 23 13 39
319 86 107 83 24 46 36 1155 52 1 79 0 22 17 NA 17 NA 7 52 2 5 9 30 0 0 0 0 2 5 9 30 0 0 0 0 4 144 449 21253 4921 26 13 40
320 79 104 81 23 45 41 1166 63 1 80 0 24 17 NA 17 NA 8 63 1 5 9 30 0 0 0 0 1 5 9 30 0 0 0 0 0 151 450 21307 4920 28 13 39
321 83 105 81 24 48 38 1161 64 7 81 0 24 17.5 NA 17.5 NA 4 64 1 6 8 33 0 0 0 0 1 6 8 33 0 0 0 0 2 157 451 21380 4919 27 13 41
322 82 103 79 24 49 33 1199 46 4 79 0 25 17 NA 17 NA 2 46 2 6 8 33 0 0 0 0 2 6 8 33 0 0 0 0 1 169 454 21442 4921 26 11 42
323 79 107 81 26 49 37 1198 56 3 78 0 24 17 NA 17 NA 7 56 2 6 8 33 0 0 0 0 2 6 8 33 0 0 0 0 3 148 455 21511 4922 24 12 42
324 82 112 86 26 50 40 1230 49 4 81 0 23 17.5 NA 17.5 NA 7 49 1 8 8 33 0 0 0 0 1 8 8 33 0 0 0 0 2 155 455 21564 4919 26 13 42
325 71 110 84 26 49 33 1218 55 6 78 0 23.5 17 NA 17 NA 6 55 2 6 9 32 0 0 0 0 2 6 9 32 0 0 0 0 2 126 460 21637 4922 23 14 41
326 79 109 84 25 45 34 1201 52 2 78 0 21 17 NA 17 NA 3 52 2 6 9 28 0 0 0 0 2 6 9 28 0 0 0 0 1 127 460 21709 4922 26 13 39
327 69 106 82 24 44 38 1215 53 3 74 0 21.5 17.5 NA 17.5 NA 9 53 2 7 9 26 0 0 0 0 2 7 9 26 0 0 0 0 2 144 462 21769 4926 25 13 36
328 79 104 80 24 44 44 1181 61 6 74 0 22 17.5 NA 17.5 NA 13 61 1 10 7 26 0 0 0 0 1 10 7 26 0 0 0 0 1 132 463 21851 4926 26 13 35
329 80 107 82 25 43 44 1184 56 9 72 0 22 18 NA 18 NA 10 56 1 10 7 25 0 0 0 0 1 10 7 25 0 0 0 0 6 141 464 21913 4928 24 15 33
330 89 104 79 25 44 45 1162 62 5 72 0 23 17.5 NA 17.5 NA 8 62 1 8 9 26 0 0 0 0 1 8 9 26 0 0 0 0 0 143 465 21996 4928 21 18 33
331 74 103 78 25 46 40 1164 54 11 74 0 24 18 NA 18 NA 10 54 1 8 10 27 0 0 0 0 1 8 10 27 0 0 0 0 1 138 468 22060 4926 21 20 33
332 83 106 81 25 47 34 1172 52 7 74 0 24.5 18 NA 18 NA 5 52 1 8 11 27 0 0 0 0 1 8 11 27 0 0 0 0 1 149 472 22128 4926 20 21 33
333 86 105 80 25 45 34 1169 61 6 74 0 24 18 NA 18 NA 8 61 1 8 10 26 0 0 0 0 1 8 10 26 0 0 0 0 1 154 475 22205 4926 20 22 32
334 98 104 80 24 44 35 1158 52 4 72 0 23 18 NA 18 NA 5 52 1 8 12 23 0 0 0 0 1 8 12 23 0 0 0 0 1 141 476 22286 4928 20 23 29
335 69 103 79 24 45 32 1170 62 6 76 0 23 18 NA 18 NA 5 62 1 8 11 25 0 0 0 0 1 8 11 25 0 0 0 0 0 152 477 22349 4924 25 20 31
336 68 108 84 24 47 36 1152 61 5 79 0 22 18 NA 18 NA 6 61 0 10 13 24 0 0 0 0 0 10 13 24 0 0 0 0 4 136 477 22427 4921 26 22 31
337 74 111 87 24 46 31 1174 59 10 80 0 22 17.5 NA 17.5 NA 5 59 0 10 10 26 0 0 0 0 0 10 10 26 0 0 0 0 1 169 478 22493 4920 28 19 33
338 74 110 86 24 46 34 1186 59 5 78 0 22 17.5 NA 17.5 NA 9 59 0 10 11 25 0 0 0 0 0 10 11 25 0 0 0 0 2 140 480 22550 4922 25 21 32
339 82 112 88 24 49 29 1172 52 10 78 0 23 17 NA 17 NA 5 52 0 11 13 25 0 0 0 0 0 11 13 25 0 0 0 0 1 129 480 22620 4922 24 22 32
340 64 117 92 25 50 31 1206 41 4 79 0 22 17 NA 17 NA 6 41 0 10 14 26 0 0 0 0 0 10 14 26 0 0 0 0 3 147 481 22678 4921 22 23 34
341 101 119 91 28 50 30 1214 51 3 82 0 22 17.5 NA 17.5 NA 6 51 0 9 14 27 0 0 0 0 0 9 14 27 0 0 0 0 4 149 486 22742 4918 26 21 35
342 80 117 91 26 47 31 1178 70 5 78 0 23 17 NA 17 NA 8 70 0 8 11 28 0 0 0 0 0 8 11 28 0 0 0 0 2 116 487 22804 4922 23 18 37
343 77 116 91 25 48 27 1204 50 9 76 0 22 17.5 NA 17.5 NA 5 50 0 7 12 29 0 0 0 0 0 7 12 29 0 0 0 0 2 170 488 22875 4924 19 20 37
344 98 110 85 25 44 30 1190 60 3 73 0 21 17 NA 17 NA 7 60 0 7 11 26 0 0 0 0 0 7 11 26 0 0 0 0 1 138 489 22945 4927 22 19 32
345 71 110 86 24 45 32 1164 61 4 73 0 21 17 NA 17 NA 8 61 0 9 10 26 0 0 0 0 0 9 10 26 0 0 0 0 1 133 491 23024 4927 22 18 33
346 72 108 84 24 43 40 1152 81 5 74 0 22 17 NA 17 NA 16 81 0 7 10 26 0 0 0 0 0 7 10 26 0 0 0 0 1 138 494 23079 4926 23 18 33
347 92 106 84 22 43 36 1156 53 12 72 0 22.5 17 NA 17 NA 6 53 0 7 11 25 0 0 0 0 0 7 11 25 0 0 0 0 1 146 494 23147 4928 22 19 31
348 84 108 85 23 44 34 1138 65 7 76 0 22.5 17 NA 17 NA 6 65 1 6 10 27 0 0 0 0 1 6 10 27 0 0 0 0 2 132 495 23207 4924 24 18 34
349 74 108 86 22 45 36 1124 55 5 78 0 20.5 17 NA 17 NA 6 55 1 6 12 26 0 0 0 0 1 6 12 26 0 0 0 0 1 141 496 23289 4922 26 20 32
350 76 105 81 24 47 36 1113 71 8 78 0 22 17 NA 17 NA 7 71 1 7 12 27 0 0 0 0 1 7 12 27 0 0 0 0 1 149 496 23357 4922 26 19 33
351 75 106 82 24 48 34 1156 52 7 77 0 22 17 NA 17 NA 7 52 1 8 11 28 0 0 0 0 1 8 11 28 0 0 0 0 1 161 498 23404 4923 26 18 33
352 91 105 81 24 45 34 1159 60 4 78 0 20 17 NA 17 NA 5 60 1 9 8 27 0 0 0 0 1 9 8 27 0 0 0 0 1 157 500 23476 4922 30 15 33
353 96 104 81 23 43 27 1126 60 9 81 0 20.5 17 NA 17 NA 4 60 1 6 10 26 0 0 0 0 1 6 10 26 0 0 0 0 0 130 500 23550 4919 32 17 32
354 70 108 85 23 42 31 1145 59 3 82 0 20 17 NA 17 NA 9 59 0 7 10 25 0 0 0 0 0 7 10 25 0 0 0 0 4 143 502 23597 4918 34 17 31
355 68 111 87 24 44 32 1159 46 5 82 0 20 17 NA 17 NA 4 46 0 9 10 25 0 0 0 0 0 9 10 25 0 0 0 0 3 146 503 23674 4918 35 14 33
356 76 115 90 25 44 32 1159 39 7 83 0 20 17 NA 17 NA 7 39 0 8 11 25 0 0 0 0 0 8 11 25 0 0 0 0 2 126 503 23740 4917 33 17 33
357 84 115 91 24 45 29 1139 58 9 83 0 21 17 NA 17 NA 4 58 0 6 15 24 0 0 0 0 0 6 15 24 0 0 0 0 0 134 504 23807 4917 33 17 33
358 87 117 94 23 44 30 1165 52 3 81 0 21 17 NA 17 NA 4 52 0 7 14 23 0 0 0 0 0 7 14 23 0 0 0 0 1 164 505 23869 4919 30 19 32
359 89 115 93 22 44 28 1168 57 4 81 0 22 17.5 NA 17.5 NA 5 57 0 6 13 25 0 0 0 0 0 6 13 25 0 0 0 0 0 146 508 23935 4919 30 18 33
360 71 114 93 21 45 27 1152 65 5 81 0 23 18 NA 18 NA 2 65 0 6 13 26 0 0 0 0 0 6 13 26 0 0 0 0 0 138 509 24003 4919 26 20 35
