1 75 97 81 16 46 28 1236 64 12 74 0 25 18 NA 18 NA 7 64 1 5 17 23 0 0 0 0 1 5 17 23 0 0 0 0 2 147 0 0 4926 19 27 28
2 87 97 81 16 45 25 1290 58 8 74 0 26 18 NA 18 NA 5 58 1 4 17 23 0 0 0 0 1 4 17 23 0 0 0 0 1 135 0 0 4926 19 27 28
3 78 95 80 15 43 30 1336 72 3 73 0 27 18 NA 18 NA 7 72 1 4 15 23 0 0 0 0 1 4 15 23 0 0 0 0 1 141 0 0 4927 18 26 29
4 70 96 82 14 42 32 1396 66 5 72 0 27 17.5 NA 17.5 NA 7 66 1 5 14 22 0 0 0 0 1 5 14 22 0 0 0 0 1 147 0 0 4928 18 26 28
5 81 96 83 13 43 39 1422 79 6 71 0 26.5 18 NA 18 NA 12 79 1 5 16 21 0 0 0 0 1 5 16 21 0 0 0 0 2 136 0 0 4929 20 26 25
6 68 95 81 14 41 39 1461 73 5 69 0 27 18 NA 18 NA 6 73 0 3 17 21 0 0 0 0 0 3 17 21 0 0 0 0 2 132 0 0 4931 17 26 26
7 80 96 79 17 38 35 1489 70 5 67 0 25 18 NA 18 NA 2 70 0 3 12 23 0 0 0 0 0 3 12 23 0 0 0 0 3 124 0 0 4933 17 21 29
8 65 98 81 17 39 36 1535 64 7 67 0 24.5 18 NA 18 NA 6 64 0 3 12 24 0 0 0 0 0 3 12 24 0 0 0 0 1 132 0 0 4933 16 22 29
9 74 98 81 17 41 44 1556 79 4 68 0 25.5 18 NA 18 NA 9 79 0 5 11 25 0 0 0 0 0 5 11 25 0 0 0 0 1 127 0 0 4932 17 21 30
10 77 98 80 18 41 45 1583 75 7 71 0 26 18 NA 18 NA 10 75 0 6 9 26 0 0 0 0 0 6 9 26 0 0 0 0 2 131 0 0 4929 19 21 31
11 84 97 80 17 41 48 1619 73 8 70 0 27 18 NA 18 NA 11 73 0 4 10 27 0 0 0 0 0 4 10 27 0 0 0 0 1 136 0 0 4930 16 20 34
12 58 95 78 17 39 52 1643 81 7 68 0 26 18 NA 18 NA 10 81 0 4 8 27 0 0 0 0 0 4 8 27 0 0 0 0 0 124 0 0 4932 15 18 35
13 75 97 80 17 40 35 1100 40 11 69 0 26 18.5 NA 18.5 NA 2 40 0 5 6 29 0 0 0 0 0 5 6 29 0 0 0 0 2 127 8 615 4931 17 15 37
14 68 95 78 17 37 42 1079 77 1 67 0 27 19 NA 19 NA 9 77 0 5 5 27 0 0 0 0 0 5 5 27 0 0 0 0 1 135 10 679 4933 17 15 35
15 66 99 82 17 39 44 1114 41 4 68 0 25 19 NA 19 NA 6 41 0 4 6 29 0 0 0 0 0 4 6 29 0 0 0 0 1 143 11 731 4932 17 14 37
16 83 99 81 18 39 45 1099 63 6 71 0 26 19 NA 19 NA 6 63 0 4 6 29 0 0 0 0 0 4 6 29 0 0 0 0 1 145 13 808 4929 19 14 38
17 68 95 78 17 42 44 1106 68 11 70 0 26 19 NA 19 NA 12 68 0 6 9 27 0 0 0 0 0 6 9 27 0 0 0 0 0 142 15 864 4930 20 14 36
18 76 93 76 17 41 40 1134 55 6 69 0 24 20 NA 20 NA 6 55 0 6 9 26 0 0 0 0 0 6 9 26 0 0 0 0 2 168 21 931 4931 21 14 34
19 78 93 75 18 38 34 1155 46 7 70 0 22 19.5 NA 19.5 NA 4 46 0 6 9 23 0 0 0 0 0 6 9 23 0 0 0 0 2 135 23 989 4930 25 13 32
20 81 90 73 17 36 34 1175 52 7 69 0 22 19.5 NA 19.5 NA 7 52 0 7 7 22 0 0 0 0 0 7 7 22 0 0 0 0 1 149 23 1047 4931 27 11 31
21 72 90 73 17 38 36 1171 65 5 70 0 23 19.5 NA 19.5 NA 10 65 0 9 7 22 0 0 0 0 0 9 7 22 0 0 0 0 0 139 25 1111 4930 27 12 31
22 85 89 71 18 36 36 1184 59 6 71 0 24 20 NA 20 NA 7 59 0 6 9 21 0 0 0 0 0 6 9 21 0 0 0 0 1 158 27 1174 4929 26 14 31
23 90 88 70 18 35 36 1176 60 6 69 0 22 19 NA 19 NA 6 60 1 6 9 19 0 0 0 0 1 6 9 19 0 0 0 0 1 140 28 1241 4931 26 13 30
24 70 90 73 17 33 35 1169 62 2 66 0 20 18 NA 18 NA 5 62 1 6 8 18 0 0 0 0 1 6 8 18 0 0 0 0 5 135 31 1301 4934 26 12 28
25 68 91 74 17 34 32 1171 50 7 67 0 20 19.5 NA 19.5 NA 3 50 1 7 9 17 0 0 0 0 1 7 9 17 0 0 0 0 2 134 33 1369 4933 27 13 27
26 81 92 75 17 33 36 1179 61 4 66 0 20.5 19 NA 19 NA 8 61 1 7 8 17 0 0 0 0 1 7 8 17 0 0 0 0 1 150 33 1429 4934 26 13 27
27 66 93 76 17 35 36 1171 57 5 70 0 21 19 NA 19 NA 6 57 2 8 7 18 0 0 0 0 2 8 7 18 0 0 0 0 1 141 35 1502 4930 29 13 28
28 75 96 78 18 37 36 1163 52 6 71 0 22 19 NA 19 NA 6 52 3 8 7 19 0 0 0 0 3 8 7 19 0 0 0 0 2 133 36 1569 4929 27 15 29
29 75 97 79 18 40 40 1161 62 6 70 0 22 19 NA 19 NA 9 62 3 9 8 20 0 0 0 0 3 9 8 20 0 0 0 0 2 139 36 1632 4930 25 15 30
30 75 98 79 19 39 35 1171 60 4 71 0 23 19 NA 19 NA 4 60 3 9 7 20 0 0 0 0 3 9 7 20 0 0 0 0 1 165 42 1711 4929 24 17 30
31 65 101 82 19 44 38 1177 60 11 75 0 24 18.5 NA 18.5 NA 10 60 2 10 11 21 0 0 0 0 2 10 11 21 0 0 0 0 2 153 42 1775 4925 23 22 30
32 74 98 80 18 43 37 1155 56 5 71 0 24.5 18 NA 18 NA 7 56 1 10 13 19 0 0 0 0 1 10 13 19 0 0 0 0 1 126 42 1852 4929 19 25 27
33 68 103 85 18 44 36 1143 58 8 70 0 24 18.5 NA 18.5 NA 6 58 1 10 14 19 0 0 0 0 1 10 14 19 0 0 0 0 2 128 43 1915 4930 18 25 27
34 83 104 86 18 44 40 1093 69 6 68 0 24 18.5 NA 18.5 NA 12 69 2 8 12 22 0 0 0 0 2 8 12 22 0 0 0 0 2 119 45 1993 4932 15 23 30
35 87 102 84 18 42 46 1106 62 3 68 0 25 18.5 NA 18.5 NA 12 62 1 8 11 22 0 0 0 0 1 8 11 22 0 0 0 0 2 154 47 2054 4932 15 23 30
36 97 102 83 19 42 44 1094 68 8 71 0 24 17.5 NA 17.5 NA 8 68 2 9 10 21 0 0 0 0 2 9 10 21 0 0 0 0 3 146 49 2118 4929 20 22 29
37 73 102 80 22 43 39 1102 57 8 70 0 23.5 17 NA 17 NA 4 57 3 6 12 22 0 0 0 0 3 6 12 22 0 0 0 0 0 140 50 2174 4930 19 22 29
38 75 101 80 21 41 39 1112 51 1 70 0 24 18 NA 18 NA 4 51 3 4 13 21 0 0 0 0 3 4 13 21 0 0 0 0 0 143 52 2238 4930 19 22 29
39 86 103 83 20 41 34 1125 63 6 71 0 24 18 NA 18 NA 5 63 3 4 14 20 0 0 0 0 3 4 14 20 0 0 0 0 3 158 55 2298 4929 19 23 29
40 75 104 84 20 42 33 1149 52 7 72 0 22 20 NA 20 NA 7 52 2 6 15 19 0 0 0 0 2 6 15 19 0 0 0 0 2 147 56 2354 4928 21 22 29
41 65 100 80 20 40 34 1167 54 4 69 0 22.5 20 NA 20 NA 7 54 2 4 14 20 0 0 0 0 2 4 14 20 0 0 0 0 1 154 58 2423 4931 20 20 29
42 94 100 80 20 41 37 1153 70 4 68 0 23 20 NA 20 NA 9 70 3 4 12 22 0 0 0 0 3 4 12 22 0 0 0 0 0 152 59 2498 4932 19 17 32
43 64 102 81 21 41 35 1173 48 7 70 0 23.5 20 NA 20 NA 5 48 2 5 8 26 0 0 0 0 2 5 8 26 0 0 0 0 1 149 59 2558 4930 19 14 37
44 75 105 82 23 43 33 1179 68 4 71 0 20 20 NA 20 NA 4 68 3 5 7 28 0 0 0 0 3 5 7 28 0 0 0 0 3 146 61 2613 4929 20 12 39
45 77 107 85 22 42 31 1194 46 3 74 0 21 20 NA 20 NA 5 46 2 7 6 27 0 0 0 0 2 7 6 27 0 0 0 0 2 139 65 2672 4926 25 11 38
46 70 107 86 21 43 28 1218 43 4 75 0 21 20 NA 20 NA 1 43 1 10 5 27 0 0 0 0 1 10 5 27 0 0 0 0 2 136 65 2723 4925 28 10 37
47 79 106 87 19 39 29 1182 70 3 72 0 19.5 19 NA 19 NA 9 70 1 10 5 23 0 0 0 0 1 10 5 23 0 0 0 0 3 137 68 2801 4928 30 9 33
48 80 105 86 19 40 30 1195 52 6 75 0 20 18 NA 18 NA 5 52 1 9 7 23 0 0 0 0 1 9 7 23 0 0 0 0 2 148 69 2869 4925 29 14 32
49 91 103 85 18 40 33 1178 56 8 73 0 21 17 NA 17 NA 9 56 0 11 5 24 0 0 0 0 0 11 5 24 0 0 0 0 2 133 70 2935 4927 28 14 31
50 74 103 83 20 39 29 1208 52 8 72 0 20 17 NA 17 NA 6 52 0 11 6 22 0 0 0 0 0 11 6 22 0 0 0 0 3 154 71 2989 4928 27 16 29
51 79 104 83 21 38 30 1175 49 7 71 0 19.5 17 NA 17 NA 8 49 0 11 6 21 0 0 0 0 0 11 6 21 0 0 0 0 3 120 71 3071 4929 26 16 29
52 99 109 88 21 38 30 1185 47 3 73 0 19 17 NA 17 NA 4 47 0 9 8 21 0 0 0 0 0 9 8 21 0 0 0 0 3 143 72 3129 4927 25 18 30
53 69 106 84 22 36 30 1179 48 3 70 0 20 16.5 NA 16.5 NA 5 48 0 8 8 20 0 0 0 0 0 8 8 20 0 0 0 0 2 144 73 3205 4930 25 16 29
54 79 103 82 21 37 28 1181 50 7 68 0 21 16 NA 16 NA 4 50 0 8 8 21 0 0 0 0 0 8 8 21 0 0 0 0 2 144 73 3276 4932 23 16 29
55 72 100 80 20 34 27 1169 56 2 64 0 20.5 16 NA 16 NA 7 56 0 7 8 19 0 0 0 0 0 7 8 19 0 0 0 0 2 135 78 3350 4936 21 14 29
56 76 103 82 21 36 30 1155 64 4 68 0 21 16.5 NA 16.5 NA 9 64 0 9 7 20 0 0 0 0 0 9 7 20 0 0 0 0 2 136 79 3415 4932 25 13 30
57 77 104 80 24 36 23 1150 49 9 69 0 20.5 17 NA 17 NA 1 49 0 7 10 19 0 0 0 0 0 7 10 19 0 0 0 0 1 130 79 3482 4931 24 16 29
58 87 106 82 24 37 24 1181 52 3 70 0 19.5 17 NA 17 NA 7 52 1 6 11 19 0 0 0 0 1 6 11 19 0 0 0 0 3 176 81 3551 4930 24 17 29
59 81 106 81 25 36 27 1189 53 3 70 0 19.5 17 NA 17 NA 5 53 1 4 11 20 0 0 0 0 1 4 11 20 0 0 0 0 1 139 81 3611 4930 23 18 29
60 82 106 80 26 37 22 1187 43 8 70 0 19.5 17 NA 17 NA 4 43 1 6 10 20 0 0 0 0 1 6 10 20 0 0 0 0 0 144 82 3688 4930 23 16 31
61 77 108 82 26 37 29 1172 56 2 73 0 19.5 17 NA 17 NA 11 56 0 6 10 21 0 0 0 0 0 6 10 21 0 0 0 0 2 126 82 3755 4927 24 17 32
62 81 109 84 25 36 30 1167 35 3 73 0 18 16.5 NA 16.5 NA 3 35 0 6 10 20 0 0 0 0 0 6 10 20 0 0 0 0 4 133 83 3842 4927 25 17 31
63 71 106 81 25 39 28 1189 55 9 74 0 19 17 NA 17 NA 7 55 0 8 11 20 0 0 0 0 0 8 11 20 0 0 0 0 0 157 84 3903 4926 25 17 32
64 73 108 82 26 40 30 1204 47 5 79 0 20 17.5 NA 17.5 NA 7 47 0 7 11 22 0 0 0 0 0 7 11 22 0 0 0 0 1 153 85 3972 4921 29 17 33
65 76 105 78 27 39 37 1198 52 3 77 0 21 17 NA 17 NA 8 52 0 8 9 22 0 0 0 0 0 8 9 22 0 0 0 0 1 134 85 4046 4923 28 16 33
66 70 102 76 26 39 38 1193 58 8 74 0 21.5 17 NA 17 NA 9 58 0 9 8 22 0 0 0 0 0 9 8 22 0 0 0 0 1 140 85 4120 4926 27 16 31
67 79 101 77 24 37 37 1194 57 5 74 0 22 17 NA 17 NA 7 57 0 9 7 21 0 0 0 0 0 9 7 21 0 0 0 0 1 143 87 4187 4926 30 13 31
68 77 99 76 23 38 43 1197 54 5 75 0 23 18.5 NA 18.5 NA 12 54 0 7 11 20 0 0 0 0 0 7 11 20 0 0 0 0 0 151 88 4256 4925 29 17 29
69 74 98 75 23 39 42 1198 60 12 76 0 23 19 NA 19 NA 9 60 1 7 9 22 0 0 0 0 1 7 9 22 0 0 0 0 1 146 88 4314 4924 28 17 31
70 58 99 76 23 40 40 1172 67 9 80 0 24 19 NA 19 NA 7 67 1 6 10 23 0 0 0 0 1 6 10 23 0 0 0 0 0 136 88 4394 4920 30 17 33
71 74 96 75 21 41 38 1160 55 8 79 0 24.5 19 NA 19 NA 7 55 1 7 10 23 0 0 0 0 1 7 10 23 0 0 0 0 0 126 89 4460 4921 29 17 33
72 84 95 74 21 42 37 1157 59 6 77 0 25 19 NA 19 NA 6 59 1 5 13 23 0 0 0 0 1 5 13 23 0 0 0 0 1 140 90 4523 4923 26 19 32
73 71 91 71 20 41 39 1161 60 4 73 0 25 19 NA 19 NA 7 60 3 6 11 21 0 0 0 0 3 6 11 21 0 0 0 0 1 147 92 4592 4927 27 17 29
74 77 91 72 19 41 38 1174 56 4 77 0 24 19 NA 19 NA 7 56 3 6 12 20 0 0 0 0 3 6 12 20 0 0 0 0 0 147 97 4653 4923 31 17 29
75 75 91 71 20 42 41 1177 51 8 75 0 24 19 NA 19 NA 9 51 2 8 11 21 0 0 0 0 2 8 11 21 0 0 0 0 3 151 97 4729 4925 29 17 29
76 65 90 70 20 43 39 1182 50 7 76 0 24.5 19 NA 19 NA 9 50 1 8 13 21 0 0 0 0 1 8 13 21 0 0 0 0 0 145 100 4804 4924 26 22 28
77 83 93 72 21 44 42 1190 45 5 76 0 25 19 NA 19 NA 9 45 1 9 13 21 0 0 0 0 1 9 13 21 0 0 0 0 3 140 101 4864 4924 25 23 28
78 71 94 74 20 45 37 1180 65 10 75 0 26 19 NA 19 NA 10 65 1 9 14 21 0 0 0 0 1 9 14 21 0 0 0 0 0 136 104 4928 4925 24 23 28
79 78 92 72 20 47 34 1178 60 10 73 0 26.5 19 NA 19 NA 11 60 2 10 16 19 0 0 0 0 2 10 16 19 0 0 0 0 1 149 108 4999 4927 22 26 25
80 67 95 74 21 46 34 1160 67 5 72 0 25 19 NA 19 NA 6 67 2 7 16 21 0 0 0 0 2 7 16 21 0 0 0 0 4 135 109 5069 4928 19 25 28
81 78 94 73 21 46 32 1158 64 6 72 0 26 19 NA 19 NA 4 64 2 5 17 22 0 0 0 0 2 5 17 22 0 0 0 0 0 157 111 5144 4928 17 24 31
82 82 95 74 21 48 29 1152 62 11 72 0 26 19 NA 19 NA 9 62 2 6 16 24 0 0 0 0 2 6 16 24 0 0 0 0 2 143 112 5213 4928 15 25 32
83 76 97 75 22 47 33 1167 60 3 70 0 26 19 NA 19 NA 7 60 3 6 16 22 0 0 0 0 3 6 16 22 0 0 0 0 3 140 112 5269 4930 15 25 30
84 75 97 75 22 48 24 1161 72 10 71 0 27 19 NA 19 NA 3 72 3 7 15 23 0 0 0 0 3 7 15 23 0 0 0 0 0 149 115 5338 4929 16 24 31
85 74 96 74 22 47 30 1173 54 2 72 0 28 19 NA 19 NA 9 54 3 7 15 22 0 0 0 0 3 7 15 22 0 0 0 0 0 157 116 5408 4928 16 26 30
86 85 96 73 23 46 27 1183 48 7 70 0 29 19 NA 19 NA 5 48 3 5 16 22 0 0 0 0 3 5 16 22 0 0 0 0 1 146 118 5478 4930 12 28 30
87 76 97 75 22 48 25 1173 60 7 72 0 29 18.5 NA 18.5 NA 6 60 2 7 17 22 0 0 0 0 2 7 17 22 0 0 0 0 2 141 119 5548 4928 14 27 31
88 90 95 76 19 46 31 1206 58 3 69 0 30 18.5 NA 18.5 NA 9 58 2 6 13 25 0 0 0 0 2 6 13 25 0 0 0 0 2 177 120 5613 4931 12 24 33
89 79 99 76 23 47 25 1213 54 10 70 0 27 18 NA 18 NA 3 54 2 8 14 23 0 0 0 0 2 8 14 23 0 0 0 0 3 143 120 5677 4930 15 23 32
90 64 100 77 23 47 26 1225 61 4 71 0 28 18 NA 18 NA 6 61 2 7 15 23 0 0 0 0 2 7 15 23 0 0 0 0 3 152 122 5743 4929 16 23 32
91 81 99 76 23 46 30 1230 71 2 71 0 28 18.5 NA 18.5 NA 9 71 2 6 14 24 0 0 0 0 2 6 14 24 0 0 0 0 0 155 122 5802 4929 17 21 33
92 73 97 75 22 46 25 1227 61 6 75 0 30 18.5 NA 18.5 NA 3 61 1 8 10 27 0 0 0 0 1 8 10 27 0 0 0 0 1 129 125 5851 4925 22 17 36
93 76 96 73 23 47 25 1238 52 7 74 0 30.5 18 NA 18 NA 8 52 1 8 8 30 0 0 0 0 1 8 8 30 0 0 0 0 1 151 127 5924 4926 20 15 39
94 83 97 75 22 49 31 1229 56 5 74 0 30 18 NA 18 NA 11 56 1 9 7 32 0 0 0 0 1 9 7 32 0 0 0 0 4 139 127 5991 4926 20 13 41
95 92 96 74 22 49 25 1231 56 10 74 0 30 18 NA 18 NA 4 56 2 9 7 31 0 0 0 0 2 9 7 31 0 0 0 0 1 153 128 6059 4926 21 13 40
96 73 97 74 23 52 23 1223 48 9 73 0 29 18 NA 18 NA 6 48 2 10 9 31 0 0 0 0 2 10 9 31 0 0 0 0 2 136 129 6132 4927 20 13 40
97 75 101 77 24 53 20 1205 60 5 73 0 27 18 NA 18 NA 3 60 3 9 8 33 0 0 0 0 3 9 8 33 0 0 0 0 2 139 129 6210 4927 19 12 42
98 75 98 75 23 50 22 1203 50 1 70 0 24 16.5 NA 16.5 NA 3 50 3 9 5 33 0 0 0 0 3 9 5 33 0 0 0 0 2 135 130 6286 4930 21 8 41
99 73 98 74 24 50 22 1210 45 6 68 0 24 16 NA 16 NA 8 45 5 7 6 32 0 0 0 0 5 7 6 32 0 0 0 0 3 139 132 6357 4932 18 10 40
100 80 96 72 24 48 27 1187 72 3 67 0 24 16.5 NA 16.5 NA 8 72 4 7 6 31 0 0 0 0 4 7 6 31 0 0 0 0 0 165 132 6448 4933 19 9 39
101 85 92 68 24 44 32 1181 68 4 66 0 24 16.5 NA 16.5 NA 9 68 4 4 8 28 0 0 0 0 4 4 8 28 0 0 0 0 2 144 132 6516 4934 19 11 36
102 60 91 69 22 43 35 1178 72 6 68 0 25 17 NA 17 NA 8 72 3 4 8 28 0 0 0 0 3 4 8 28 0 0 0 0 0 146 133 6581 4932 19 12 37
103 73 97 74 23 44 37 1197 47 5 69 0 25 17 NA 17 NA 6 47 3 5 7 29 0 0 0 0 3 5 7 29 0 0 0 0 1 154 133 6652 4931 20 11 38
104 76 94 71 23 43 37 1214 47 8 68 0 25 17 NA 17 NA 9 47 1 5 9 28 0 0 0 0 1 5 9 28 0 0 0 0 1 148 133 6718 4932 16 15 37
105 74 94 71 23 45 39 1202 63 8 68 0 26 17 NA 17 NA 10 63 2 5 10 28 0 0 0 0 2 5 10 28 0 0 0 0 0 140 133 6788 4932 16 15 37
106 66 94 71 23 48 43 1208 61 7 71 0 26 17 NA 17 NA 10 61 1 9 11 27 0 0 0 0 1 9 11 27 0 0 0 0 1 149 135 6852 4929 18 16 37
107 81 95 70 25 51 34 1219 55 12 69 0 27 17 NA 17 NA 6 55 2 10 13 26 0 0 0 0 2 10 13 26 0 0 0 0 3 153 140 6927 4931 17 17 35
108 84 95 71 24 49 35 1203 62 6 69 0 26 17 NA 17 NA 8 62 2 10 10 27 0 0 0 0 2 10 10 27 0 0 0 0 2 134 140 6996 4931 19 14 36
109 76 91 68 23 46 34 1204 57 8 67 0 23 17 NA 17 NA 8 57 0 13 10 23 0 0 0 0 0 13 10 23 0 0 0 0 2 141 142 7058 4933 23 14 30
110 83 93 70 23 46 31 1200 50 5 69 0 23 17 NA 17 NA 5 50 0 12 11 23 0 0 0 0 0 12 11 23 0 0 0 0 2 125 143 7110 4931 23 16 30
111 79 91 70 21 44 28 1197 63 6 69 0 23 17 NA 17 NA 3 63 0 11 10 23 0 0 0 0 0 11 10 23 0 0 0 0 0 147 143 7178 4931 24 14 31
112 68 91 71 20 43 30 1174 53 2 70 0 23 17 NA 17 NA 5 53 0 10 11 22 0 0 0 0 0 10 11 22 0 0 0 0 1 124 145 7256 4930 25 15 30
113 94 93 73 20 42 31 1183 47 2 69 0 24 17 NA 17 NA 4 47 0 7 12 23 0 0 0 0 0 7 12 23 0 0 0 0 3 152 146 7334 4931 21 17 31
114 78 95 74 21 42 27 1165 50 3 69 0 24 17.5 NA 17.5 NA 4 50 0 6 12 24 0 0 0 0 0 6 12 24 0 0 0 0 2 121 151 7406 4931 19 17 33
115 72 96 74 22 44 28 1149 63 4 73 0 25 17 NA 17 NA 5 63 1 6 13 24 0 0 0 0 1 6 13 24 0 0 0 0 3 149 153 7488 4927 23 17 33
116 71 95 72 23 46 27 1187 56 4 71 0 26 17 NA 17 NA 6 56 1 7 12 26 0 0 0 0 1 7 12 26 0 0 0 0 2 164 156 7543 4929 21 14 36
117 89 97 76 21 45 25 1197 51 5 66 0 21 17 NA 17 NA 4 51 1 7 12 25 0 0 0 0 1 7 12 25 0 0 0 0 4 144 158 7610 4934 19 14 33
118 86 102 79 23 47 27 1182 68 8 66 0 21 17 NA 17 NA 9 68 1 8 11 27 0 0 0 0 1 8 11 27 0 0 0 0 5 148 159 7680 4934 18 13 35
119 73 100 76 24 46 36 1156 54 2 66 0 21.5 17 NA 17 NA 13 54 0 9 11 26 0 0 0 0 0 9 11 26 0 0 0 0 1 122 160 7758 4934 20 11 35
120 86 103 79 24 48 37 1145 68 10 68 0 21 17 NA 17 NA 11 68 0 10 12 26 0 0 0 0 0 10 12 26 0 0 0 0 0 146 161 7824 4932 20 13 35
121 64 106 81 25 49 34 1163 47 10 69 0 20.5 17 NA 17 NA 7 47 0 10 13 26 0 0 0 0 0 10 13 26 0 0 0 0 3 149 163 7892 4931 21 15 33
122 71 105 80 25 49 42 1174 64 5 69 0 20 17 NA 17 NA 13 64 0 10 12 27 0 0 0 0 0 10 12 27 0 0 0 0 0 161 163 7962 4931 22 14 33
123 61 106 81 25 50 45 1171 68 6 68 0 20 16.5 NA 16.5 NA 8 68 1 9 12 28 0 0 0 0 1 9 12 28 0 0 0 0 1 153 163 8038 4932 20 15 33
124 76 106 81 25 49 39 1182 56 11 68 0 21 17 NA 17 NA 7 56 1 9 10 29 0 0 0 0 1 9 10 29 0 0 0 0 1 142 165 8093 4932 19 15 34
125 75 107 83 24 49 39 1159 66 7 71 0 22 17 NA 17 NA 7 66 1 8 8 32 0 0 0 0 1 8 8 32 0 0 0 0 0 137 166 8162 4929 22 13 36
126 81 107 83 24 48 40 1176 50 3 72 0 23 16.5 NA 16.5 NA 5 50 1 8 7 32 0 0 0 0 1 8 7 32 0 0 0 0 2 155 166 8222 4928 23 13 36
127 74 114 90 24 47 43 1185 58 4 72 0 19 16 NA 16 NA 9 58 1 4 10 32 0 0 0 0 1 4 10 32 0 0 0 0 7 145 167 8282 4928 19 17 36
128 70 114 90 24 47 39 1176 63 7 72 0 19.5 16 NA 16 NA 4 63 2 4 9 32 0 0 0 0 2 4 9 32 0 0 0 0 1 148 169 8364 4928 20 16 36
129 78 111 90 21 44 45 1193 55 4 74 0 20 15.5 NA 15.5 NA 10 55 2 5 8 29 0 0 0 0 2 5 8 29 0 0 0 0 0 155 169 8429 4926 26 15 33
130 69 111 90 21 44 40 1166 77 7 78 0 19 16 NA 16 NA 5 77 1 7 8 28 0 0 0 0 1 7 8 28 0 0 0 0 1 139 171 8495 4922 30 16 32
131 63 114 91 23 43 39 1180 68 5 79 0 18 16 NA 16 NA 5 68 1 6 9 27 0 0 0 0 1 6 9 27 0 0 0 0 5 145 172 8544 4921 30 18 31
132 72 116 93 23 44 36 1180 53 4 82 0 19 15.5 NA 15.5 NA 6 53 1 6 9 28 0 0 0 0 1 6 9 28 0 0 0 0 1 146 178 8617 4918 31 18 33
133 93 115 93 22 43 37 1187 68 5 86 0 20 16 NA 16 NA 10 68 1 4 10 28 0 0 0 0 1 4 10 28 0 0 0 0 0 162 182 8682 4914 34 18 34
134 67 115 92 23 45 36 1176 80 7 86 0 21 16 NA 16 NA 7 80 1 6 10 28 0 0 0 0 1 6 10 28 0 0 0 0 1 151 184 8751 4914 34 18 34
135 77 113 90 23 44 36 1153 66 7 84 0 20 16 NA 16 NA 7 66 1 6 11 26 0 0 0 0 1 6 11 26 0 0 0 0 1 141 185 8828 4916 34 18 32
136 79 117 93 24 47 33 1168 43 6 85 0 20 16 NA 16 NA 1 43 2 8 11 26 0 0 0 0 2 8 11 26 0 0 0 0 2 139 185 8888 4915 34 17 34
137 75 117 93 24 48 33 1189 53 4 85 0 20 15.5 NA 15.5 NA 6 53 3 8 11 26 0 0 0 0 3 8 11 26 0 0 0 0 0 145 188 8941 4915 32 20 33
138 83 118 94 24 51 28 1175 63 8 86 0 21 16 NA 16 NA 5 63 2 12 11 26 0 0 0 0 2 12 11 26 0 0 0 0 1 139 191 9010 4914 33 20 33
139 79 118 93 25 51 29 1187 56 2 94 0 22 16 NA 16 NA 4 56 1 13 9 28 0 0 0 0 1 13 9 28 0 0 0 0 2 143 193 9064 4906 40 17 37
140 76 117 91 26 54 28 1183 62 5 93 0 23 16 NA 16 NA 3 62 1 14 11 28 0 0 0 0 1 14 11 28 0 0 0 0 1 146 194 9130 4907 39 19 35
141 83 118 92 26 57 35 1158 60 7 94 0 24 16 NA 16 NA 9 60 1 15 12 29 0 0 0 0 1 15 12 29 0 0 0 0 1 132 194 9207 4906 34 25 35
142 81 117 90 27 58 40 1145 68 6 94 0 25 16 NA 16 NA 12 68 1 14 14 29 0 0 0 0 1 14 14 29 0 0 0 0 1 134 196 9268 4906 29 30 35
143 65 118 92 26 58 40 1145 53 4 97 0 25 16 NA 16 NA 5 53 0 14 13 31 0 0 0 0 0 14 13 31 0 0 0 0 2 134 197 9329 4903 32 28 37
144 87 116 90 26 57 41 1145 60 9 95 0 26 16 NA 16 NA 11 60 0 11 14 32 0 0 0 0 0 11 14 32 0 0 0 0 0 145 198 9396 4905 30 28 37
145 66 117 91 26 60 39 1162 56 8 95 0 27 16 NA 16 NA 6 56 1 9 16 34 0 0 0 0 1 9 16 34 0 0 0 0 2 158 200 9466 4905 26 30 39
146 86 117 92 25 59 33 1161 52 7 93 0 27 16 NA 16 NA 3 52 1 10 15 33 0 0 0 0 1 10 15 33 0 0 0 0 1 149 204 9540 4907 27 28 38
147 82 120 92 28 60 34 1160 58 6 94 0 27 16 NA 16 NA 6 58 1 10 17 32 0 0 0 0 1 10 17 32 0 0 0 0 1 132 205 9590 4906 27 30 37
148 80 120 93 27 61 35 1165 55 6 95 0 27 16 NA 16 NA 9 55 1 11 19 30 0 0 0 0 1 11 19 30 0 0 0 0 2 144 208 9654 4905 29 31 35
149 83 122 94 28 60 35 1162 68 6 96 0 28 16 NA 16 NA 7 68 1 10 18 31 0 0 0 0 1 10 18 31 0 0 0 0 1 146 208 9716 4904 29 29 38
150 74 121 92 29 59 33 1169 57 7 94 0 29 16 NA 16 NA 6 57 1 9 19 30 0 0 0 0 1 9 19 30 0 0 0 0 1 153 210 9783 4906 27 29 38
151 75 121 93 28 61 40 1178 62 4 95 0 28 17 NA 17 NA 11 62 1 6 22 32 0 0 0 0 1 6 22 32 0 0 0 0 1 154 211 9845 4905 22 33 40
152 76 119 92 27 62 37 1143 57 9 96 0 29 17 NA 17 NA 7 57 1 5 23 33 0 0 0 0 1 5 23 33 0 0 0 0 0 112 212 9920 4904 22 33 41
153 72 119 92 27 62 34 1159 61 3 95 0 30 17 NA 17 NA 4 61 0 5 20 37 0 0 0 0 0 5 20 37 0 0 0 0 2 155 213 9982 4905 22 27 46
154 63 121 94 27 63 37 1156 63 5 96 0 30 17 NA 17 NA 7 63 0 5 19 39 0 0 0 0 0 5 19 39 0 0 0 0 2 125 214 10033 4904 22 23 51
155 90 120 92 28 66 35 1159 60 9 95 0 30 17.5 NA 17.5 NA 6 60 0 6 20 40 0 0 0 0 0 6 20 40 0 0 0 0 0 144 216 10099 4905 18 26 51
156 53 124 94 30 66 36 1185 56 2 96 0 30 17.5 NA 17.5 NA 2 56 0 6 17 43 0 0 0 0 0 6 17 43 0 0 0 0 2 163 216 10169 4904 18 24 54
157 65 123 93 30 66 37 1168 85 8 96 0 31 18 NA 18 NA 13 85 0 6 13 47 0 0 0 0 0 6 13 47 0 0 0 0 1 158 218 10239 4904 18 21 57
158 90 120 93 27 67 33 1171 58 6 95 0 32.5 18 NA 18 NA 4 58 1 5 14 47 0 0 0 0 1 5 14 47 0 0 0 0 1 150 221 10307 4905 18 21 56
159 58 122 95 27 66 35 1200 56 7 97 0 32.5 18.5 NA 18.5 NA 10 56 1 5 13 47 0 0 0 0 1 5 13 47 0 0 0 0 1 155 223 10364 4903 19 22 56
160 80 122 95 27 67 30 1212 58 8 97 0 33 19 NA 19 NA 4 58 1 5 13 48 0 0 0 0 1 5 13 48 0 0 0 0 1 158 223 10430 4903 19 23 55
161 83 118 92 26 67 25 1229 42 8 95 0 33.5 19 NA 19 NA 5 42 1 6 13 47 0 0 0 0 1 6 13 47 0 0 0 0 0 142 226 10496 4905 20 22 53
162 77 118 92 26 65 30 1224 57 1 94 0 32.5 19 NA 19 NA 9 57 1 5 12 47 0 0 0 0 1 5 12 47 0 0 0 0 2 139 227 10566 4906 20 21 53
163 64 120 94 26 67 35 1208 58 6 95 0 32.5 19 NA 19 NA 9 58 1 4 12 50 0 0 0 0 1 4 12 50 0 0 0 0 1 128 227 10641 4905 19 19 57
164 71 118 92 26 67 31 1226 47 8 92 0 33 19 NA 19 NA 5 47 2 5 11 49 0 0 0 0 2 5 11 49 0 0 0 0 1 134 229 10693 4908 17 19 56
165 78 121 94 27 67 34 1198 70 8 94 0 34 19 NA 19 NA 9 70 2 6 10 49 0 0 0 0 2 6 10 49 0 0 0 0 2 145 230 10778 4906 20 18 56
166 74 122 96 26 66 26 1181 53 11 93 0 32.5 19 NA 19 NA 5 53 1 7 11 47 0 0 0 0 1 7 11 47 0 0 0 0 2 122 231 10848 4907 21 18 54
167 84 121 96 25 67 27 1197 63 6 92 0 32 19 NA 19 NA 10 63 1 7 10 49 0 0 0 0 1 7 10 49 0 0 0 0 2 160 233 10909 4908 20 15 57
168 89 119 93 26 66 32 1159 57 3 92 0 33 19 NA 19 NA 7 57 1 8 9 48 0 0 0 0 1 8 9 48 0 0 0 0 1 119 233 10992 4908 23 13 56
169 76 117 92 25 69 30 1133 61 9 91 0 34 19 NA 19 NA 8 61 2 8 12 47 0 0 0 0 2 8 12 47 0 0 0 0 0 134 234 11064 4909 21 14 56
170 72 114 91 23 66 33 1155 49 5 87 0 31.5 18 NA 18 NA 7 49 1 11 12 42 0 0 0 0 1 11 12 42 0 0 0 0 1 150 235 11135 4913 21 15 51
171 91 112 91 21 63 32 1140 48 4 85 0 30 18 NA 18 NA 5 48 2 10 9 42 0 0 0 0 2 10 9 42 0 0 0 0 3 131 236 11210 4915 22 13 50
172 79 114 91 23 63 39 1112 71 2 85 0 26.5 18 NA 18 NA 11 71 2 9 10 42 0 0 0 0 2 9 10 42 0 0 0 0 4 138 237 11289 4915 22 14 49
173 87 114 90 24 64 35 1099 64 10 83 0 26 18 NA 18 NA 5 64 3 9 11 41 0 0 0 0 3 9 11 41 0 0 0 0 2 150 237 11362 4917 21 14 48
174 83 112 91 21 63 35 1101 54 6 83 0 27 18 NA 18 NA 8 54 3 9 10 41 0 0 0 0 3 9 10 41 0 0 0 0 2 134 240 11422 4917 22 13 48
175 66 111 91 20 62 38 1136 52 5 82 0 27 17.5 NA 17.5 NA 8 52 2 11 9 40 0 0 0 0 2 11 9 40 0 0 0 0 0 151 241 11477 4918 22 13 47
176 68 112 92 20 62 40 1147 61 9 82 0 27.5 17.5 NA 17.5 NA 10 61 2 12 9 39 0 0 0 0 2 12 9 39 0 0 0 0 2 148 241 11534 4918 23 12 47
177 81 109 89 20 61 30 1176 49 9 83 0 28 18 NA 18 NA 1 49 1 10 12 38 0 0 0 0 1 10 12 38 0 0 0 0 0 163 242 11599 4917 23 15 45
178 72 107 88 19 59 34 1163 66 4 83 0 27 18 NA 18 NA 9 66 0 10 13 36 0 0 0 0 0 10 13 36 0 0 0 0 1 129 244 11658 4917 24 16 43
179 80 110 87 23 59 33 1163 45 5 82 0 25 18 NA 18 NA 4 45 0 10 15 34 0 0 0 0 0 10 15 34 0 0 0 0 3 139 244 11734 4918 24 17 41
180 77 108 86 22 58 32 1157 52 5 80 0 25 18 NA 18 NA 7 52 0 8 18 32 0 0 0 0 0 8 18 32 0 0 0 0 3 125 247 11795 4920 22 19 39
181 91 105 86 19 58 36 1166 52 6 79 0 26 18 NA 18 NA 12 52 1 7 18 32 0 0 0 0 1 7 18 32 0 0 0 0 1 137 249 11850 4921 21 19 39
182 83 105 87 18 58 28 1143 66 12 79 0 27 18 NA 18 NA 7 66 1 7 17 33 0 0 0 0 1 7 17 33 0 0 0 0 2 130 253 11916 4921 21 18 40
183 92 103 85 18 57 29 1139 47 3 79 0 28 18 NA 18 NA 6 47 0 7 16 34 0 0 0 0 0 7 16 34 0 0 0 0 1 132 254 11982 4921 20 18 41
184 81 103 87 16 53 29 1125 56 5 77 0 28 18 NA 18 NA 7 56 0 6 13 34 0 0 0 0 0 6 13 34 0 0 0 0 2 124 254 12043 4923 21 15 41
185 75 101 85 16 54 33 1141 49 3 77 0 27 18 NA 18 NA 6 49 0 8 11 35 0 0 0 0 0 8 11 35 0 0 0 0 0 155 255 12121 4923 22 14 41
186 74 96 80 16 50 29 1159 41 7 74 0 27 18.5 NA 18.5 NA 4 41 0 7 12 31 0 0 0 0 0 7 12 31 0 0 0 0 0 138 255 12187 4926 21 16 37
187 82 101 84 17 51 27 1155 50 3 76 0 26 19 NA 19 NA 3 50 0 7 13 31 0 0 0 0 0 7 13 31 0 0 0 0 2 141 256 12262 4924 23 16 37
188 92 103 86 17 49 31 1156 63 2 75 0 24 18 NA 18 NA 5 63 0 6 14 29 0 0 0 0 0 6 14 29 0 0 0 0 3 160 256 12338 4925 23 17 35
189 76 102 85 17 50 32 1158 64 3 73 0 24 18.5 NA 18.5 NA 6 64 1 5 13 31 0 0 0 0 1 5 13 31 0 0 0 0 1 160 259 12421 4927 19 18 36
190 80 100 84 16 47 37 1157 62 3 69 0 24.5 18 NA 18 NA 9 62 1 4 13 29 0 0 0 0 1 4 13 29 0 0 0 0 1 131 259 12477 4931 17 18 34
191 81 98 82 16 46 34 1176 51 6 71 0 25 17.5 NA 17.5 NA 7 51 0 4 12 30 0 0 0 0 0 4 12 30 0 0 0 0 2 167 263 12552 4929 19 18 34
192 78 95 79 16 49 36 1159 70 7 71 0 26 17 NA 17 NA 7 70 0 6 11 32 0 0 0 0 0 6 11 32 0 0 0 0 2 131 263 12608 4929 21 15 35
193 73 95 79 16 47 36 1167 51 7 70 0 26 17 NA 17 NA 7 51 0 5 12 30 0 0 0 0 0 5 12 30 0 0 0 0 2 149 263 12671 4930 21 16 33
194 80 95 81 14 43 38 1173 64 3 68 0 23 17 NA 17 NA 8 64 0 5 11 27 0 0 0 0 0 5 11 27 0 0 0 0 1 156 266 12733 4932 22 16 30
195 80 94 78 16 45 29 1178 54 13 64 0 22.5 17 NA 17 NA 5 54 1 7 11 26 0 0 0 0 1 7 11 26 0 0 0 0 1 147 269 12801 4936 20 16 28
196 81 95 76 19 45 35 1188 58 3 65 0 22 17 NA 17 NA 9 58 2 5 12 26 0 0 0 0 2 5 12 26 0 0 0 0 1 153 269 12862 4935 20 18 27
197 74 95 76 19 44 32 1170 52 7 62 0 22 17 NA 17 NA 8 52 2 4 12 26 0 0 0 0 2 4 12 26 0 0 0 0 2 124 272 12940 4938 17 18 27
198 93 100 80 20 45 37 1163 61 4 61 0 19.5 17 NA 17 NA 10 61 3 4 11 27 0 0 0 0 3 4 11 27 0 0 0 0 3 135 273 13005 4939 16 17 28
199 93 100 80 20 45 37 1150 75 4 65 0 20 17 NA 17 NA 5 75 3 4 12 26 0 0 0 0 3 4 12 26 0 0 0 0 0 144 275 13062 4935 19 19 27
200 67 102 81 21 45 41 1137 58 3 66 0 20.5 17 NA 17 NA 7 58 2 5 12 26 0 0 0 0 2 5 12 26 0 0 0 0 1 142 275 13145 4934 20 19 27
201 78 105 83 22 45 39 1136 54 6 66 0 19 17 NA 17 NA 4 54 2 6 9 28 0 0 0 0 2 6 9 28 0 0 0 0 2 155 276 13228 4934 21 15 30
202 98 104 83 21 46 36 1144 56 5 68 0 20 17 NA 17 NA 4 56 1 8 8 29 0 0 0 0 1 8 8 29 0 0 0 0 1 150 279 13286 4932 22 15 31
203 62 108 87 21 51 31 1182 47 10 70 0 19.5 17 NA 17 NA 6 47 1 11 9 30 0 0 0 0 1 11 9 30 0 0 0 0 2 165 281 13349 4930 21 17 32
204 75 106 84 22 52 37 1182 69 2 71 0 21.5 17 NA 17 NA 9 69 1 10 11 30 0 0 0 0 1 10 11 30 0 0 0 0 1 142 283 13403 4929 21 18 32
205 82 104 80 24 48 33 1171 53 9 67 0 21 17 NA 17 NA 6 53 0 10 10 28 0 0 0 0 0 10 10 28 0 0 0 0 1 134 284 13475 4933 20 17 30
206 77 104 79 25 48 33 1163 65 4 69 0 20.5 17 NA 17 NA 5 65 0 9 11 28 0 0 0 0 0 9 11 28 0 0 0 0 0 137 286 13541 4931 21 18 30
207 83 103 78 25 49 38 1168 60 4 72 0 23 17 NA 17 NA 11 60 0 9 11 29 0 0 0 0 0 9 11 29 0 0 0 0 0 156 288 13612 4928 23 18 31
208 67 103 78 25 50 34 1194 49 6 73 0 21 16.5 NA 16.5 NA 2 49 1 11 8 30 0 0 0 0 1 11 8 30 0 0 0 0 1 154 289 13677 4927 23 18 32
209 66 104 79 25 50 42 1207 64 4 76 0 22 16.5 NA 16.5 NA 11 64 0 12 7 31 0 0 0 0 0 12 7 31 0 0 0 0 1 140 289 13727 4924 26 16 34
210 79 106 79 27 51 36 1195 57 8 81 0 23 17 NA 17 NA 5 57 0 12 8 31 0 0 0 0 0 12 8 31 0 0 0 0 2 132 292 13788 4919 31 15 35
211 81 105 78 27 50 32 1189 51 9 78 0 23 16.5 NA 16.5 NA 6 51 0 9 10 31 0 0 0 0 0 9 10 31 0 0 0 0 3 131 294 13855 4922 26 17 35
212 75 105 77 28 49 34 1194 55 4 76 0 21 16 NA 16 NA 9 55 1 8 11 29 0 0 0 0 1 8 11 29 0 0 0 0 2 152 297 13923 4924 27 17 32
213 73 105 76 29 47 34 1183 58 6 77 0 20 16 NA 16 NA 9 58 1 7 10 29 0 0 0 0 1 7 10 29 0 0 0 0 2 149 300 14006 4923 30 15 32
214 67 106 76 30 49 32 1179 61 8 80 0 20.5 17 NA 17 NA 6 61 1 6 11 31 0 0 0 0 1 6 11 31 0 0 0 0 2 140 300 14071 4920 31 15 34
215 110 105 76 29 48 36 1166 50 5 79 0 21 16 NA 16 NA 8 50 0 8 9 31 0 0 0 0 0 8 9 31 0 0 0 0 1 135 301 14147 4921 31 12 36
216 74 105 77 28 48 30 1170 64 9 77 0 21 16.5 NA 16.5 NA 4 64 0 9 9 30 0 0 0 0 0 9 9 30 0 0 0 0 1 148 303 14209 4923 30 13 34
217 66 104 77 27 45 30 1195 61 5 75 0 21 16 NA 16 NA 7 61 0 9 8 28 0 0 0 0 0 9 8 28 0 0 0 0 2 169 305 14278 4925 30 13 32
218 84 103 76 27 44 28 1193 68 6 75 0 21 16 NA 16 NA 6 68 0 9 9 26 0 0 0 0 0 9 9 26 0 0 0 0 1 155 307 14344 4925 30 15 30
219 71 105 75 30 44 32 1199 64 6 73 0 21 16 NA 16 NA 10 64 1 8 11 24 0 0 0 0 1 8 11 24 0 0 0 0 3 158 307 14415 4927 27 18 28
220 72 105 75 30 43 29 1201 52 5 73 0 22 16 NA 16 NA 5 52 1 7 11 24 0 0 0 0 1 7 11 24 0 0 0 0 2 150 310 14490 4927 26 19 28
221 70 105 75 30 42 30 1253 48 5 73 0 23 16 NA 16 NA 5 48 1 6 12 23 0 0 0 0 1 6 12 23 0 0 0 0 1 173 310 14545 4927 25 21 27
222 71 102 73 29 42 33 1263 60 4 72 0 22.5 16 NA 16 NA 12 60 1 7 11 23 0 0 0 0 1 7 11 23 0 0 0 0 0 148 313 14604 4928 22 24 26
223 78 103 74 29 45 31 1249 68 9 75 0 23 16 NA 16 NA 7 68 0 10 9 26 0 0 0 0 0 10 9 26 0 0 0 0 3 141 313 14672 4925 25 20 30
224 74 105 75 30 44 36 1229 68 5 78 0 23 16 NA 16 NA 11 68 0 9 10 25 0 0 0 0 0 9 10 25 0 0 0 0 2 138 314 14738 4922 27 22 29
225 89 106 76 30 48 35 1238 48 7 80 0 24 16 NA 16 NA 5 48 0 8 15 25 0 0 0 0 0 8 15 25 0 0 0 0 1 148 314 14804 4920 26 25 29
226 82 109 79 30 47 36 1240 58 4 81 0 24 16 NA 16 NA 6 58 0 6 16 25 0 0 0 0 0 6 16 25 0 0 0 0 2 147 315 14868 4919 25 27 29
227 83 111 81 30 47 47 1207 67 2 81 0 24 16 NA 16 NA 15 67 0 5 18 24 0 0 0 0 0 5 18 24 0 0 0 0 3 125 316 14932 4919 24 28 29
228 65 112 80 32 51 45 1229 45 11 82 0 23.5 16 NA 16 NA 10 45 1 8 17 25 0 0 0 0 1 8 17 25 0 0 0 0 3 146 318 14998 4918 26 26 30
229 68 111 80 31 53 41 1216 60 11 82 0 24 16 NA 16 NA 8 60 2 9 18 24 0 0 0 0 2 9 18 24 0 0 0 0 1 143 320 15079 4918 26 26 30
230 71 109 79 30 53 37 1213 56 5 81 0 25 16 NA 16 NA 6 56 1 10 17 25 0 0 0 0 1 10 17 25 0 0 0 0 0 150 321 15157 4919 25 24 32
231 71 107 79 28 55 37 1201 54 6 82 0 26 16 NA 16 NA 6 54 1 12 15 27 0 0 0 0 1 12 15 27 0 0 0 0 0 146 323 15241 4918 27 21 34
232 68 105 78 27 55 40 1192 73 5 81 0 24 16 NA 16 NA 10 73 1 10 16 28 0 0 0 0 1 10 16 28 0 0 0 0 1 148 327 15309 4919 28 20 33
233 73 101 79 22 54 36 1179 50 7 79 0 23 16 NA 16 NA 4 50 0 12 15 27 0 0 0 0 0 12 15 27 0 0 0 0 0 136 327 15393 4921 29 19 31
234 72 100 77 23 54 39 1145 73 8 77 0 24 16 NA 16 NA 11 73 0 12 14 28 0 0 0 0 0 12 14 28 0 0 0 0 1 128 328 15463 4923 26 18 33
235 67 99 76 23 53 37 1126 49 7 79 0 25 16 NA 16 NA 8 49 0 8 16 29 0 0 0 0 0 8 16 29 0 0 0 0 0 135 331 15540 4921 24 21 34
236 77 99 75 24 54 35 1158 50 5 78 0 26 16 NA 16 NA 7 50 1 6 16 31 0 0 0 0 1 6 16 31 0 0 0 0 1 160 333 15600 4922 22 21 35
237 50 98 74 24 53 40 1164 59 4 78 0 26.5 16 NA 16 NA 11 59 1 5 13 34 0 0 0 0 1 5 13 34 0 0 0 0 0 146 334 15667 4922 21 19 38
238 70 98 76 22 53 39 1139 50 6 80 0 27 16 NA 16 NA 6 50 1 5 12 35 0 0 0 0 1 5 12 35 0 0 0 0 1 118 335 15744 4920 23 18 39
239 63 98 78 20 52 32 1177 50 10 81 0 27.5 16 NA 16 NA 7 50 1 3 12 36 0 0 0 0 1 3 12 36 0 0 0 0 2 150 338 15795 4919 23 18 40
240 74 97 78 19 52 35 1185 45 6 80 0 28 16.5 NA 16.5 NA 7 45 1 4 13 34 0 0 0 0 1 4 13 34 0 0 0 0 2 137 338 15860 4920 23 19 38
241 71 101 82 19 52 39 1195 48 3 81 0 28 16.5 NA 16.5 NA 9 48 0 5 14 33 0 0 0 0 0 5 14 33 0 0 0 0 3 136 340 15927 4919 23 20 38
242 75 100 80 20 51 42 1176 69 4 81 0 28.5 17 NA 17 NA 8 69 0 5 13 33 0 0 0 0 0 5 13 33 0 0 0 0 0 145 341 16002 4919 24 19 38
243 80 98 81 17 48 39 1176 61 10 75 0 27.5 16 NA 16 NA 8 61 0 5 14 29 0 0 0 0 0 5 14 29 0 0 0 0 3 146 341 16071 4925 21 21 33
244 81 95 80 15 46 45 1157 68 3 73 0 27 16.5 NA 16.5 NA 9 68 0 3 13 30 0 0 0 0 0 3 13 30 0 0 0 0 1 146 342 16149 4927 19 21 33
245 69 99 84 15 47 38 1163 59 13 74 0 26 17 NA 17 NA 8 59 0 3 14 30 0 0 0 0 0 3 14 30 0 0 0 0 2 141 345 16209 4926 19 22 33
246 86 99 83 16 49 40 1159 63 4 74 0 27 17 NA 17 NA 7 63 1 4 11 33 0 0 0 0 1 4 11 33 0 0 0 0 0 142 345 16272 4926 20 19 35
247 69 97 81 16 48 38 1137 80 7 73 0 27 17 NA 17 NA 6 80 1 3 11 33 0 0 0 0 1 3 11 33 0 0 0 0 1 148 347 16341 4927 19 18 36
248 89 100 84 16 47 35 1143 56 5 74 0 27.5 17 NA 17 NA 5 56 1 2 9 35 0 0 0 0 1 2 9 35 0 0 0 0 4 160 350 16422 4926 19 17 38
249 67 100 84 16 46 35 1134 58 3 73 0 27 17 NA 17 NA 2 58 1 2 8 35 0 0 0 0 1 2 8 35 0 0 0 0 0 129 350 16490 4927 18 16 39
250 70 99 83 16 46 31 1161 45 5 72 0 27 17 NA 17 NA 3 45 1 2 10 33 0 0 0 0 1 2 10 33 0 0 0 0 2 147 352 16543 4928 15 19 38
251 73 101 85 16 47 31 1165 52 4 71 0 27 18 NA 18 NA 4 52 1 3 8 35 0 0 0 0 1 3 8 35 0 0 0 0 2 129 353 16603 4929 13 19 39
252 86 100 81 19 46 35 1169 68 4 69 0 26 17.5 NA 17.5 NA 9 68 0 5 8 33 0 0 0 0 0 5 8 33 0 0 0 0 1 159 355 16669 4931 13 19 37
253 64 100 81 19 47 34 1176 56 8 73 0 27 17 NA 17 NA 9 56 0 6 7 34 0 0 0 0 0 6 7 34 0 0 0 0 0 126 358 16724 4927 16 19 38
254 95 100 77 23 45 31 1189 58 7 69 0 25.5 17 NA 17 NA 7 58 1 7 6 31 0 0 0 0 1 7 6 31 0 0 0 0 2 168 361 16795 4931 17 17 35
255 75 101 79 22 45 27 1176 57 9 69 0 23 17 NA 17 NA 8 57 1 9 6 29 0 0 0 0 1 9 6 29 0 0 0 0 3 127 363 16860 4931 20 16 33
256 60 99 77 22 45 28 1187 60 3 67 0 24 17 NA 17 NA 6 60 2 9 4 30 0 0 0 0 2 9 4 30 0 0 0 0 2 155 364 16931 4933 17 15 35
257 67 97 75 22 44 33 1195 54 8 68 0 23 17 NA 17 NA 12 54 1 11 4 28 0 0 0 0 1 11 4 28 0 0 0 0 0 149 364 17001 4932 20 15 33
258 78 96 74 22 44 31 1189 57 8 67 0 22.5 17 NA 17 NA 9 57 0 11 6 27 0 0 0 0 0 11 6 27 0 0 0 0 1 131 367 17062 4933 20 15 32
259 72 96 74 22 44 32 1192 56 8 66 0 22 17 NA 17 NA 10 56 0 12 5 27 0 0 0 0 0 12 5 27 0 0 0 0 1 144 368 17129 4934 20 14 32
260 82 92 72 20 43 29 1172 47 7 65 0 21 17 NA 17 NA 5 47 0 11 6 26 0 0 0 0 0 11 6 26 0 0 0 0 0 135 369 17216 4935 21 14 30
261 62 92 72 20 43 31 1167 58 6 64 0 21 17 NA 17 NA 8 58 0 11 7 25 0 0 0 0 0 11 7 25 0 0 0 0 0 124 369 17272 4936 21 13 30
262 74 95 75 20 45 36 1175 61 7 68 0 21 17 NA 17 NA 11 61 1 10 8 26 0 0 0 0 1 10 8 26 0 0 0 0 0 164 369 17351 4932 23 12 33
263 89 95 75 20 47 36 1194 50 7 69 0 22 17 NA 17 NA 5 50 1 12 8 26 0 0 0 0 1 12 8 26 0 0 0 0 1 147 369 17407 4931 26 11 32
264 77 95 76 19 46 32 1151 64 9 68 0 21 17 NA 17 NA 6 64 2 11 9 24 0 0 0 0 2 11 9 24 0 0 0 0 3 122 370 17492 4932 26 12 30
265 78 95 76 19 46 30 1138 57 6 68 0 22 17 NA 17 NA 5 57 2 7 12 25 0 0 0 0 2 7 12 25 0 0 0 0 1 135 371 17562 4932 23 15 30
266 69 95 76 19 44 29 1143 58 5 69 0 21 17 NA 17 NA 6 58 2 8 12 22 0 0 0 0 2 8 12 22 0 0 0 0 2 158 373 17639 4931 27 15 27
267 78 99 80 19 47 38 1172 54 4 75 0 22 17 NA 17 NA 13 54 1 9 15 22 0 0 0 0 1 9 15 22 0 0 0 0 2 157 373 17699 4925 30 18 27
268 78 96 78 18 49 41 1184 54 12 73 0 20.5 17 NA 17 NA 10 54 1 13 15 20 0 0 0 0 1 13 15 20 0 0 0 0 1 152 373 17769 4927 31 17 25
269 71 96 78 18 48 40 1176 58 10 71 0 20 17 NA 17 NA 9 58 1 12 16 19 0 0 0 0 1 12 16 19 0 0 0 0 0 140 374 17838 4929 28 19 24
270 64 97 78 19 49 44 1201 59 5 71 0 20 17 NA 17 NA 10 59 0 14 16 19 0 0 0 0 0 14 16 19 0 0 0 0 1 154 376 17889 4929 28 19 24
271 65 96 76 20 47 35 1212 48 8 69 0 20.5 16 NA 16 NA 3 48 0 13 17 17 0 0 0 0 0 13 17 17 0 0 0 0 2 139 380 17958 4931 28 18 23
272 90 97 76 21 47 29 1231 58 10 69 0 21 16 NA 16 NA 6 58 0 12 16 19 0 0 0 0 0 12 16 19 0 0 0 0 2 160 381 18019 4931 25 19 25
273 90 99 76 23 48 31 1231 53 5 67 0 21 16 NA 16 NA 6 53 1 14 16 17 0 0 0 0 1 14 16 17 0 0 0 0 4 135 382 18077 4933 25 19 23
274 80 100 76 24 48 33 1232 59 3 68 0 20.5 16 NA 16 NA 8 59 1 11 19 17 0 0 0 0 1 11 19 17 0 0 0 0 1 159 384 18153 4932 23 22 23
275 76 99 75 24 47 30 1202 68 8 66 0 21 16 NA 16 NA 7 68 2 11 19 15 0 0 0 0 2 11 19 15 0 0 0 0 3 131 385 18226 4934 22 23 21
276 87 103 80 23 48 30 1203 56 5 69 0 21 16 NA 16 NA 5 56 2 10 20 16 0 0 0 0 2 10 20 16 0 0 0 0 1 149 387 18288 4931 23 24 22
277 84 102 80 22 50 34 1185 80 6 69 0 22 16 NA 16 NA 9 80 2 13 16 19 0 0 0 0 2 13 16 19 0 0 0 0 1 154 388 18361 4931 24 20 25
278 72 103 79 24 48 31 1159 77 7 70 0 23 16 NA 16 NA 5 77 1 12 17 18 0 0 0 0 1 12 17 18 0 0 0 0 1 147 389 18438 4930 23 23 24
279 64 102 79 23 47 38 1149 58 2 72 0 23.5 16 NA 16 NA 10 58 1 9 19 18 0 0 0 0 1 9 19 18 0 0 0 0 0 133 390 18505 4928 21 27 24
280 64 105 80 25 49 38 1168 57 6 73 0 23 14 NA 14 NA 8 57 2 9 20 18 0 0 0 0 2 9 20 18 0 0 0 0 1 161 392 18572 4927 21 27 25
281 47 104 80 24 51 33 1163 64 8 73 0 22.5 14 NA 14 NA 5 64 1 11 17 22 0 0 0 0 1 11 17 22 0 0 0 0 0 136 394 18636 4927 22 24 27
282 55 101 78 23 50 38 1193 52 2 74 0 24 14 NA 14 NA 8 52 1 9 17 23 0 0 0 0 1 9 17 23 0 0 0 0 0 157 396 18697 4926 23 24 27
283 68 97 75 22 48 39 1208 45 4 73 0 22 14 NA 14 NA 5 45 1 9 18 20 0 0 0 0 1 9 18 20 0 0 0 0 0 147 396 18763 4927 25 25 23
284 75 98 74 24 47 39 1200 59 5 72 0 21.5 14 NA 14 NA 6 59 1 9 16 21 0 0 0 0 1 9 16 21 0 0 0 0 1 141 397 18832 4928 26 21 25
285 74 97 73 24 47 42 1207 49 2 74 0 22 14 NA 14 NA 5 49 1 9 16 21 0 0 0 0 1 9 16 21 0 0 0 0 2 146 398 18897 4926 29 21 24
286 81 97 73 24 50 39 1203 47 7 72 0 22 14 NA 14 NA 3 47 2 11 13 24 0 0 0 0 2 11 13 24 0 0 0 0 2 135 400 18970 4928 27 18 27
287 81 99 75 24 51 37 1211 57 5 73 0 22 14 NA 14 NA 7 57 1 12 12 26 0 0 0 0 1 12 12 26 0 0 0 0 2 148 403 19029 4927 27 18 28
288 61 103 77 26 51 39 1215 66 3 77 0 22 14 NA 14 NA 6 66 1 11 13 26 0 0 0 0 1 11 13 26 0 0 0 0 3 152 405 19100 4923 29 19 29
289 74 101 74 27 49 35 1200 65 11 75 0 22 14 NA 14 NA 8 65 1 12 13 23 0 0 0 0 1 12 13 23 0 0 0 0 2 140 407 19175 4925 30 19 26
290 82 102 76 26 48 34 1187 67 5 75 0 20.5 15.5 NA 15.5 NA 7 67 1 11 13 23 0 0 0 0 1 11 13 23 0 0 0 0 2 141 411 19244 4925 30 18 27
291 71 97 71 26 48 37 1193 51 7 71 0 21 15.5 NA 15.5 NA 7 51 1 10 14 23 0 0 0 0 1 10 14 23 0 0 0 0 1 149 412 19315 4929 26 18 27
292 88 97 73 24 48 34 1178 62 9 71 0 22 15.5 NA 15.5 NA 8 62 0 11 14 23 0 0 0 0 0 11 14 23 0 0 0 0 1 151 414 19402 4929 26 18 27
293 73 99 74 25 51 34 1162 60 7 71 0 22 15 NA 15 NA 8 60 1 13 14 23 0 0 0 0 1 13 14 23 0 0 0 0 3 133 417 19471 4929 25 19 27
294 73 102 78 24 52 34 1189 46 7 70 0 22 16 NA 16 NA 8 46 1 11 16 24 0 0 0 0 1 11 16 24 0 0 0 0 4 158 420 19545 4930 21 21 28
295 84 104 79 25 53 33 1199 53 6 69 0 22 16 NA 16 NA 8 53 1 12 14 26 0 0 0 0 1 12 14 26 0 0 0 0 3 150 423 19610 4931 19 21 29
296 65 100 76 24 50 31 1210 45 6 67 0 22.5 16 NA 16 NA 5 45 1 13 14 22 0 0 0 0 1 13 14 22 0 0 0 0 0 137 424 19672 4933 21 21 25
297 67 104 80 24 51 28 1198 60 7 67 0 21 16 NA 16 NA 6 60 1 10 16 24 0 0 0 0 1 10 16 24 0 0 0 0 3 142 427 19749 4933 18 24 25
298 80 104 81 23 48 31 1210 51 5 68 0 22 17 NA 17 NA 7 51 0 9 16 23 0 0 0 0 0 9 16 23 0 0 0 0 1 153 427 19818 4932 20 24 24
299 74 103 81 22 47 27 1213 57 8 69 0 22 16 NA 16 NA 5 57 0 8 16 23 0 0 0 0 0 8 16 23 0 0 0 0 0 134 428 19878 4931 21 23 25
300 74 100 78 22 48 35 1176 49 3 69 0 23 16.5 NA 16.5 NA 11 49 1 6 17 24 0 0 0 0 1 6 17 24 0 0 0 0 2 110 429 19953 4931 21 23 25
301 80 99 78 21 47 34 1161 62 6 70 0 24 16 NA 16 NA 8 62 1 4 18 24 0 0 0 0 1 4 18 24 0 0 0 0 0 135 430 20024 4930 20 25 25
302 81 107 86 21 47 31 1181 42 6 71 0 21 16 NA 16 NA 2 42 1 4 15 27 0 0 0 0 1 4 15 27 0 0 0 0 3 156 432 20095 4929 20 23 28
303 84 109 88 21 48 29 1178 51 7 71 0 18 16 NA 16 NA 8 51 1 6 13 28 0 0 0 0 1 6 13 28 0 0 0 0 3 130 434 20155 4929 22 19 30
304 76 115 94 21 48 34 1175 56 6 71 0 17 16.5 NA 16.5 NA 10 56 1 6 15 26 0 0 0 0 1 6 15 26 0 0 0 0 6 160 434 20244 4929 22 21 28
305 60 118 96 22 47 33 1196 64 5 73 0 17.5 17 NA 17 NA 4 64 1 5 14 27 0 0 0 0 1 5 14 27 0 0 0 0 2 156 434 20299 4927 24 20 29
306 69 120 98 22 49 34 1195 51 6 76 0 17.5 16 NA 16 NA 6 51 0 8 11 30 0 0 0 0 0 8 11 30 0 0 0 0 3 149 435 20376 4924 28 17 31
307 95 123 98 25 48 39 1199 63 5 78 0 17 16.5 NA 16.5 NA 9 63 0 9 10 29 0 0 0 0 0 9 10 29 0 0 0 0 2 168 436 20455 4922 32 15 31
308 85 124 99 25 51 40 1195 60 9 79 0 18 17 NA 17 NA 11 60 0 9 13 29 0 0 0 0 0 9 13 29 0 0 0 0 0 144 437 20524 4921 31 17 31
309 87 123 96 27 49 39 1182 63 5 81 0 18 17 NA 17 NA 6 63 0 9 10 30 0 0 0 0 0 9 10 30 0 0 0 0 0 144 439 20596 4919 34 15 32
310 83 123 94 29 47 40 1175 48 3 81 0 18 16 NA 16 NA 4 48 0 8 10 29 0 0 0 0 0 8 10 29 0 0 0 0 0 144 440 20679 4919 32 18 31
311 76 126 97 29 48 40 1149 55 3 82 0 18.5 16.5 NA 16.5 NA 5 55 0 8 10 30 0 0 0 0 0 8 10 30 0 0 0 0 2 122 443 20750 4918 30 20 32
312 73 124 94 30 47 41 1195 50 2 81 0 18.5 17 NA 17 NA 4 50 0 7 11 29 0 0 0 0 0 7 11 29 0 0 0 0 2 168 443 20803 4919 30 19 32
313 61 126 96 30 46 44 1222 47 4 81 0 19 17 NA 17 NA 8 47 0 5 11 30 0 0 0 0 0 5 11 30 0 0 0 0 1 144 443 20858 4919 28 20 33
314 87 126 96 30 45 43 1209 61 7 86 0 19.5 17 NA 17 NA 8 61 0 5 9 31 0 0 0 0 0 5 9 31 0 0 0 0 2 133 445 20928 4914 33 20 33
315 75 123 94 29 44 39 1228 49 6 87 0 20 17 NA 17 NA 4 49 0 4 11 29 0 0 0 0 0 4 11 29 0 0 0 0 2 149 446 20987 4913 35 21 31
316 81 121 88 33 41 37 1218 48 9 88 0 19 16 NA 16 NA 8 48 0 5 10 26 0 0 0 0 0 5 10 26 0 0 0 0 1 131 448 21061 4912 39 21 28
317 83 118 85 33 39 36 1178 63 6 87 0 20 17 NA 17 NA 10 63 0 5 8 26 0 0 0 0 0 5 8 26 0 0 0 0 0 130 453 21147 4913 40 19 28
318 79 118 82 36 41 38 1186 49 8 87 0 21 17 NA 17 NA 8 49 0 7 9 25 0 0 0 0 0 7 9 25 0 0 0 0 0 157 454 21225 4913 37 23 27
319 83 116 80 36 44 35 1181 60 8 88 0 22 17 NA 17 NA 6 60 0 9 11 24 0 0 0 0 0 9 11 24 0 0 0 0 0 154 456 21299 4912 35 27 26
320 83 117 80 37 45 40 1196 59 7 89 0 23 17 NA 17 NA 13 59 0 9 10 26 0 0 0 0 0 9 10 26 0 0 0 0 2 157 458 21362 4911 35 26 28
321 69 119 81 38 45 43 1159 70 5 89 0 23 17 NA 17 NA 10 70 0 8 11 26 0 0 0 0 0 8 11 26 0 0 0 0 1 127 461 21440 4911 31 30 28
322 67 121 81 40 46 43 1173 52 5 90 0 22 17 NA 17 NA 8 52 0 8 10 28 0 0 0 0 0 8 10 28 0 0 0 0 2 155 464 21505 4910 31 27 32
323 87 117 79 38 45 40 1187 51 12 87 0 21 16 NA 16 NA 7 51 0 10 11 24 0 0 0 0 0 10 11 24 0 0 0 0 1 142 465 21563 4913 32 26 29
324 83 120 82 38 46 48 1160 56 4 88 0 21.5 17 NA 17 NA 14 56 0 11 12 23 0 0 0 0 0 11 12 23 0 0 0 0 2 126 466 21645 4912 33 27 28
325 70 121 83 38 49 44 1167 49 8 90 0 22 17 NA 17 NA 3 49 0 13 11 25 0 0 0 0 0 13 11 25 0 0 0 0 1 156 466 21728 4910 34 25 31
326 71 122 84 38 52 42 1181 45 12 89 0 23 17.5 NA 17.5 NA 11 45 0 13 15 24 0 0 0 0 0 13 15 24 0 0 0 0 4 147 469 21799 4911 31 27 31
327 100 126 87 39 53 43 1139 60 5 90 0 23 17 NA 17 NA 7 60 1 11 16 25 0 0 0 0 1 11 16 25 0 0 0 0 2 118 470 21874 4910 28 29 33
328 74 126 86 40 53 43 1137 61 7 92 0 24 17 NA 17 NA 6 61 1 7 19 26 0 0 0 0 1 7 19 26 0 0 0 0 2 135 470 21932 4908 26 32 34
329 65 128 88 40 56 46 1156 46 7 95 0 25 18.5 NA 18.5 NA 7 46 1 7 21 27 0 0 0 0 1 7 21 27 0 0 0 0 1 139 471 21993 4905 26 33 36
330 81 130 90 40 62 44 1153 57 7 98 0 26 17.5 NA 17.5 NA 6 57 2 10 22 28 0 0 0 0 2 10 22 28 0 0 0 0 1 148 474 22067 4902 28 32 38
331 68 130 91 39 62 47 1169 57 5 96 0 26 18.5 NA 18.5 NA 9 57 2 8 24 28 0 0 0 0 2 8 24 28 0 0 0 0 0 161 475 22138 4904 25 32 39
332 76 127 89 38 60 41 1153 54 8 93 0 26 17.5 NA 17.5 NA 1 54 2 8 24 26 0 0 0 0 2 8 24 26 0 0 0 0 3 134 477 22215 4907 24 32 37
333 81 127 88 39 59 40 1190 53 5 93 0 25 17 NA 17 NA 6 53 2 8 22 27 0 0 0 0 2 8 22 27 0 0 0 0 2 165 482 22276 4907 26 29 38
334 90 127 87 40 57 37 1189 62 6 91 0 25 19 NA 19 NA 6 62 1 9 22 25 0 0 0 0 1 9 22 25 0 0 0 0 4 162 485 22352 4909 26 28 37
335 77 129 89 40 59 41 1168 68 3 93 0 25 18 NA 18 NA 5 68 1 10 22 26 0 0 0 0 1 10 22 26 0 0 0 0 2 141 486 22420 4907 25 30 38
336 85 126 87 39 59 41 1174 54 4 95 0 25.5 18 NA 18 NA 7 54 1 9 22 27 0 0 0 0 1 9 22 27 0 0 0 0 0 148 488 22481 4905 26 31 38
337 91 127 88 39 60 38 1189 53 6 94 0 26 17 NA 17 NA 8 53 2 9 23 26 0 0 0 0 2 9 23 26 0 0 0 0 2 153 492 22548 4906 26 31 37
338 75 131 90 41 65 39 1186 59 9 97 0 26 17 NA 17 NA 7 59 1 14 21 29 0 0 0 0 1 14 21 29 0 0 0 0 3 153 492 22621 4903 27 29 41
339 63 131 90 41 66 39 1203 59 7 99 0 26 17 NA 17 NA 9 59 1 17 17 31 0 0 0 0 1 17 17 31 0 0 0 0 2 142 495 22673 4901 31 25 43
340 92 132 91 41 67 42 1186 63 6 101 0 26 17 NA 17 NA 8 63 1 14 18 34 0 0 0 0 1 14 18 34 0 0 0 0 1 138 497 22734 4899 30 25 46
341 76 133 92 41 67 38 1194 69 5 102 0 25 18 NA 18 NA 3 69 1 13 16 37 0 0 0 0 1 13 16 37 0 0 0 0 1 160 498 22794 4898 29 24 49
342 69 130 89 41 65 37 1213 58 6 100 0 26 17 NA 17 NA 6 58 1 12 18 34 0 0 0 0 1 12 18 34 0 0 0 0 1 157 500 22861 4900 28 26 46
343 66 126 85 41 66 39 1187 59 7 98 0 26 17 NA 17 NA 9 59 1 15 15 35 0 0 0 0 1 15 15 35 0 0 0 0 0 124 502 22936 4902 30 23 45
344 67 123 83 40 65 33 1194 55 6 98 0 27 17 NA 17 NA 5 55 2 14 14 35 0 0 0 0 2 14 14 35 0 0 0 0 0 138 507 22996 4902 32 22 44
345 70 125 84 41 64 29 1186 43 8 101 0 27 17 NA 17 NA 4 43 0 12 16 36 0 0 0 0 0 12 16 36 0 0 0 0 3 123 507 23064 4899 31 24 46
346 87 127 84 43 63 29 1199 48 4 102 0 26 17 NA 17 NA 6 48 0 10 19 34 0 0 0 0 0 10 19 34 0 0 0 0 3 153 508 23141 4898 32 25 45
347 90 127 85 42 62 26 1193 55 6 101 0 26 17.5 NA 17.5 NA 5 55 0 9 20 33 0 0 0 0 0 9 20 33 0 0 0 0 2 135 511 23208 4899 31 25 45
348 87 122 81 41 60 20 1171 54 6 94 0 26.5 17.5 NA 17.5 NA 2 54 0 5 20 35 0 0 0 0 0 5 20 35 0 0 0 0 1 123 512 23284 4906 26 24 44
349 76 126 84 42 60 23 1150 59 3 95 0 25.5 18 NA 18 NA 6 59 0 6 19 35 0 0 0 0 0 6 19 35 0 0 0 0 3 129 514 23360 4905 28 23 44
350 77 125 84 41 60 26 1151 56 6 96 0 26 18.5 NA 18.5 NA 6 56 0 6 20 34 0 0 0 0 0 6 20 34 0 0 0 0 1 154 514 23439 4904 29 24 43
351 67 125 85 40 60 27 1147 56 5 97 0 27 19 NA 19 NA 10 56 0 4 21 35 0 0 0 0 0 4 21 35 0 0 0 0 0 141 517 23514 4903 26 28 43
352 59 124 85 39 62 32 1137 61 8 97 0 28 18.5 NA 18.5 NA 12 61 1 6 17 38 0 0 0 0 1 6 17 38 0 0 0 0 2 137 518 23578 4903 25 26 46
353 75 126 88 38 66 29 1130 65 8 98 0 27.5 19.5 NA 19.5 NA 6 65 1 7 16 42 0 0 0 0 1 7 16 42 0 0 0 0 4 149 519 23652 4902 26 23 49
354 69 122 85 37 64 35 1096 74 4 95 0 28 19.5 NA 19.5 NA 11 74 1 7 15 41 0 0 0 0 1 7 15 41 0 0 0 0 1 135 519 23731 4905 24 23 48
355 67 123 87 36 65 30 1120 47 9 93 0 28 19 NA 19 NA 4 47 1 7 16 41 0 0 0 0 1 7 16 41 0 0 0 0 4 147 519 23785 4907 22 25 46
356 82 122 86 36 65 28 1101 55 6 89 0 28 19 NA 19 NA 7 55 2 8 15 40 0 0 0 0 2 8 15 40 0 0 0 0 2 120 519 23852 4911 20 25 44
357 89 120 84 36 65 36 1118 61 4 90 0 29 19 NA 19 NA 13 61 0 8 14 43 0 0 0 0 0 8 14 43 0 0 0 0 0 154 520 23905 4910 21 22 47
358 83 124 90 34 63 34 1116 46 4 91 0 26.5 19 NA 19 NA 5 46 0 6 14 43 0 0 0 0 0 6 14 43 0 0 0 0 5 144 520 23980 4909 21 24 46
359 81 121 87 34 62 36 1145 60 9 91 0 27 18.5 NA 18.5 NA 11 60 0 7 14 41 0 0 0 0 0 7 14 41 0 0 0 0 1 163 522 24035 4909 22 25 44
360 76 122 88 34 62 31 1159 56 11 91 0 26.5 18.5 NA 18.5 NA 7 56 1 7 13 41 0 0 0 0 1 7 13 41 0 0 0 0 1 149 523 24095 4909 24 22 45
