1 90 97 80 17 44 25 1219 67 11 73 0 25 18 NA 18 NA 5 67 1 5 15 23 0 0 0 0 1 5 15 23 0 0 0 0 1 140 0 0 4927 19 25 29
2 86 99 82 17 43 23 1275 58 8 71 0 26 18 NA 18 NA 6 58 1 4 15 23 0 0 0 0 1 4 15 23 0 0 0 0 4 129 0 0 4929 17 25 29
3 57 98 81 17 45 21 1339 54 7 72 0 26.5 18 NA 18 NA 4 54 1 6 14 24 0 0 0 0 1 6 14 24 0 0 0 0 0 140 0 0 4928 17 24 31
4 73 99 82 17 45 31 1371 65 3 73 0 27 18 NA 18 NA 12 65 1 7 13 24 0 0 0 0 1 7 13 24 0 0 0 0 2 122 0 0 4927 18 24 31
5 73 99 82 17 45 33 1415 56 4 74 0 28 18 NA 18 NA 4 56 1 7 13 24 0 0 0 0 1 7 13 24 0 0 0 0 0 123 0 0 4926 20 23 31
6 78 91 75 16 45 36 1434 71 6 69 0 30 18 NA 18 NA 8 71 1 6 12 26 0 0 0 0 1 6 12 26 0 0 0 0 0 119 0 0 4931 16 20 33
7 79 91 76 15 45 41 1478 66 6 68 0 30 18 NA 18 NA 10 66 1 7 10 27 0 0 0 0 1 7 10 27 0 0 0 0 1 136 0 0 4932 16 18 34
8 69 94 77 17 47 44 1512 70 8 68 0 30 18 NA 18 NA 10 70 2 7 11 27 0 0 0 0 2 7 11 27 0 0 0 0 1 125 0 0 4932 14 19 35
9 83 93 76 17 48 44 1529 77 11 69 0 30 18 NA 18 NA 9 77 2 7 12 27 0 0 0 0 2 7 12 27 0 0 0 0 1 121 0 0 4931 15 19 35
10 87 93 75 18 48 48 1561 78 5 72 0 28 18 NA 18 NA 10 78 2 8 10 28 0 0 0 0 2 8 10 28 0 0 0 0 2 146 0 0 4928 21 16 35
11 89 91 73 18 47 45 1584 65 10 72 0 28 18 NA 18 NA 7 65 2 5 11 29 0 0 0 0 2 5 11 29 0 0 0 0 0 130 0 0 4928 19 17 36
12 65 95 72 23 47 49 1612 73 5 71 0 27 18 NA 18 NA 10 73 2 4 10 31 0 0 0 0 2 4 10 31 0 0 0 0 0 121 0 0 4929 18 16 37
13 65 92 69 23 44 40 1043 63 3 69 0 26 18 NA 18 NA 6 63 2 4 7 31 0 0 0 0 2 4 7 31 0 0 0 0 0 112 11 605 4931 20 12 37
14 70 91 69 22 44 47 1077 53 7 72 0 27 18 NA 18 NA 13 53 1 5 7 31 0 0 0 0 1 5 7 31 0 0 0 0 1 159 11 661 4928 23 13 36
15 72 91 68 23 46 41 1090 43 11 71 0 28 18 NA 18 NA 4 43 1 6 7 32 0 0 0 0 1 6 7 32 0 0 0 0 0 126 12 721 4929 21 13 37
16 83 89 66 23 46 40 1095 42 6 68 0 29 18 NA 18 NA 4 42 1 5 8 32 0 0 0 0 1 5 8 32 0 0 0 0 2 133 12 787 4932 19 13 36
17 68 87 64 23 47 41 1121 47 3 67 0 27 18 NA 18 NA 5 47 1 6 10 30 0 0 0 0 1 6 10 30 0 0 0 0 0 142 12 841 4933 19 14 34
18 72 85 63 22 43 39 1144 54 5 63 0 27 18 NA 18 NA 7 54 1 4 10 28 0 0 0 0 1 4 10 28 0 0 0 0 1 144 14 895 4937 16 15 32
19 71 88 66 22 43 40 1158 56 6 65 0 26.5 18 NA 18 NA 9 56 1 3 11 28 0 0 0 0 1 3 11 28 0 0 0 0 3 154 15 966 4935 17 15 33
20 67 90 67 23 44 36 1148 63 6 67 0 26.5 18.5 NA 18.5 NA 4 63 1 4 9 30 0 0 0 0 1 4 9 30 0 0 0 0 2 142 16 1040 4933 19 13 35
21 61 90 66 24 44 32 1193 70 7 66 0 26.5 18.5 NA 18.5 NA 6 70 1 5 9 29 0 0 0 0 1 5 9 29 0 0 0 0 2 182 19 1092 4934 18 14 34
22 88 91 63 28 42 33 1184 59 3 66 0 24 18.5 NA 18.5 NA 6 59 0 4 10 28 0 0 0 0 0 4 10 28 0 0 0 0 1 139 21 1160 4934 17 16 33
23 66 95 66 29 44 36 1176 62 7 67 0 25 18.5 NA 18.5 NA 9 62 0 5 8 31 0 0 0 0 0 5 8 31 0 0 0 0 2 129 22 1220 4933 17 13 37
24 80 93 65 28 41 35 1209 64 4 66 0 23 19 NA 19 NA 6 64 0 5 8 28 0 0 0 0 0 5 8 28 0 0 0 0 1 171 25 1274 4934 20 13 33
25 80 89 61 28 40 36 1219 52 6 64 0 24 19 NA 19 NA 10 52 0 5 9 26 0 0 0 0 0 5 9 26 0 0 0 0 0 140 27 1327 4936 19 14 31
26 84 88 62 26 40 35 1183 68 4 62 0 24 19 NA 19 NA 6 68 1 3 11 25 0 0 0 0 1 3 11 25 0 0 0 0 1 141 29 1412 4938 14 18 30
27 76 88 62 26 39 38 1206 50 4 61 0 25 19 NA 19 NA 10 50 1 3 10 25 0 0 0 0 1 3 10 25 0 0 0 0 1 159 32 1476 4939 15 16 30
28 82 86 61 25 39 38 1219 54 6 60 0 26 19 NA 19 NA 8 54 1 3 10 25 0 0 0 0 1 3 10 25 0 0 0 0 1 146 34 1539 4940 15 15 30
29 85 83 59 24 37 38 1231 51 8 57 0 25 19 NA 19 NA 9 51 1 3 9 24 0 0 0 0 1 3 9 24 0 0 0 0 0 156 35 1610 4943 15 14 28
30 67 84 60 24 38 40 1219 63 4 60 0 24.5 19 NA 19 NA 7 63 1 3 8 26 0 0 0 0 1 3 8 26 0 0 0 0 0 137 36 1675 4940 18 13 29
31 77 81 57 24 36 42 1210 63 6 62 0 24 19 NA 19 NA 10 63 0 4 7 25 0 0 0 0 0 4 7 25 0 0 0 0 0 140 38 1736 4938 20 14 28
32 73 85 59 26 37 41 1211 63 9 62 0 24 19 NA 19 NA 10 63 0 5 8 24 0 0 0 0 0 5 8 24 0 0 0 0 4 150 41 1803 4938 19 16 27
33 91 85 60 25 37 42 1187 58 9 61 0 23 18 NA 18 NA 9 58 0 7 8 22 0 0 0 0 0 7 8 22 0 0 0 0 2 153 41 1896 4939 20 16 25
34 88 84 60 24 36 39 1186 51 6 63 0 23.5 19.5 NA 19.5 NA 5 51 0 6 7 23 0 0 0 0 0 6 7 23 0 0 0 0 1 141 43 1958 4937 21 15 27
35 81 84 61 23 37 39 1203 63 6 66 0 24.5 18 NA 18 NA 6 63 1 6 6 24 0 0 0 0 1 6 6 24 0 0 0 0 1 162 44 2022 4934 23 15 28
36 82 86 62 24 36 36 1191 67 6 65 0 23.5 18 NA 18 NA 5 67 1 5 7 23 0 0 0 0 1 5 7 23 0 0 0 0 4 153 47 2097 4935 22 17 26
37 67 85 62 23 36 44 1207 60 4 62 0 22 18 NA 18 NA 13 60 2 4 7 23 0 0 0 0 2 4 7 23 0 0 0 0 0 159 48 2161 4938 20 16 26
38 81 83 62 21 35 38 1221 48 7 58 0 19 18 NA 18 NA 5 48 2 4 6 23 0 0 0 0 2 4 6 23 0 0 0 0 2 147 52 2225 4942 21 11 26
39 89 81 60 21 34 36 1186 63 6 56 0 20 18 NA 18 NA 6 63 2 5 6 21 0 0 0 0 2 5 6 21 0 0 0 0 1 131 53 2311 4944 20 12 24
40 100 80 60 20 33 38 1184 52 6 52 0 20.5 19 NA 19 NA 8 52 2 6 6 19 0 0 0 0 2 6 6 19 0 0 0 0 2 149 55 2384 4948 18 12 22
41 59 84 64 20 35 35 1206 64 9 53 0 20 19 NA 19 NA 7 64 3 6 7 19 0 0 0 0 3 6 7 19 0 0 0 0 4 168 56 2448 4947 19 12 22
42 79 87 67 20 35 32 1183 67 7 54 0 20 19 NA 19 NA 6 67 3 6 8 18 0 0 0 0 3 6 8 18 0 0 0 0 1 125 58 2513 4946 19 14 21
43 85 85 66 19 34 34 1180 58 4 51 0 21 20 NA 20 NA 7 58 2 4 11 17 0 0 0 0 2 4 11 17 0 0 0 0 2 141 59 2571 4949 14 17 20
44 65 89 70 19 36 28 1205 51 5 56 0 21 20 NA 20 NA 4 51 3 3 11 19 0 0 0 0 3 3 11 19 0 0 0 0 2 147 62 2627 4944 18 16 22
45 69 91 71 20 36 29 1250 55 4 59 0 22 20 NA 20 NA 8 55 2 3 11 20 0 0 0 0 2 3 11 20 0 0 0 0 2 171 65 2685 4941 19 17 23
46 63 92 72 20 37 26 1230 71 6 60 0 21 20 NA 20 NA 5 71 2 4 8 23 0 0 0 0 2 4 8 23 0 0 0 0 1 127 67 2741 4940 18 17 25
47 77 95 74 21 36 30 1214 52 4 58 0 15 20 NA 20 NA 6 52 2 3 11 20 0 0 0 0 2 3 11 20 0 0 0 0 5 135 67 2824 4942 16 19 23
48 70 94 73 21 36 26 1197 61 5 61 0 16 20 NA 20 NA 4 61 1 5 10 20 0 0 0 0 1 5 10 20 0 0 0 0 0 133 70 2894 4939 19 19 23
49 85 96 75 21 37 27 1190 50 6 63 0 17 20 NA 20 NA 5 50 1 6 9 21 0 0 0 0 1 6 9 21 0 0 0 0 1 141 70 2971 4937 21 18 24
50 81 96 75 21 39 27 1183 60 5 65 0 18 20 NA 20 NA 8 60 1 7 10 21 0 0 0 0 1 7 10 21 0 0 0 0 0 146 72 3045 4935 22 19 24
51 80 98 74 24 39 28 1206 44 6 65 0 19 20 NA 20 NA 8 44 1 7 9 22 0 0 0 0 1 7 9 22 0 0 0 0 0 147 74 3108 4935 22 18 25
52 80 100 76 24 40 25 1210 58 5 67 0 19 19.5 NA 19.5 NA 2 58 1 9 9 21 0 0 0 0 1 9 9 21 0 0 0 0 2 153 74 3174 4933 25 17 25
53 78 98 74 24 38 30 1205 39 3 67 0 19.5 19.5 NA 19.5 NA 9 39 1 8 9 20 0 0 0 0 1 8 9 20 0 0 0 0 1 152 74 3273 4933 26 18 23
54 75 100 75 25 38 28 1211 46 6 71 0 19.5 18.5 NA 18.5 NA 5 46 0 9 10 19 0 0 0 0 0 9 10 19 0 0 0 0 1 139 76 3337 4929 30 17 24
55 74 100 75 25 40 30 1215 65 5 69 0 19 17.5 NA 17.5 NA 8 65 0 11 6 23 0 0 0 0 0 11 6 23 0 0 0 0 2 155 77 3405 4931 30 11 28
56 78 101 76 25 39 30 1199 65 6 71 0 20 17 NA 17 NA 9 65 0 11 5 23 0 0 0 0 0 11 5 23 0 0 0 0 2 139 79 3472 4929 28 15 28
57 74 103 78 25 41 24 1202 60 10 73 0 20 17 NA 17 NA 5 60 0 11 7 23 0 0 0 0 0 11 7 23 0 0 0 0 2 150 79 3550 4927 29 15 29
58 80 101 76 25 41 24 1198 59 2 72 0 20 17 NA 17 NA 4 59 0 12 6 23 0 0 0 0 0 12 6 23 0 0 0 0 0 137 81 3608 4928 29 13 30
59 74 101 77 24 42 30 1208 55 4 76 0 20 17.5 NA 17.5 NA 7 55 0 12 6 24 0 0 0 0 0 12 6 24 0 0 0 0 1 146 81 3674 4924 34 12 30
60 87 105 81 24 44 32 1208 55 7 74 0 19 18 NA 18 NA 8 55 0 10 11 23 0 0 0 0 0 10 11 23 0 0 0 0 3 140 81 3734 4926 30 16 28
61 83 108 80 28 44 27 1208 57 8 73 0 19 18 NA 18 NA 3 57 0 11 12 21 0 0 0 0 0 11 12 21 0 0 0 0 1 153 82 3807 4927 30 17 26
62 87 108 82 26 43 26 1192 54 6 70 0 18.5 19 NA 19 NA 4 54 0 11 12 20 0 0 0 0 0 11 12 20 0 0 0 0 2 142 82 3879 4930 28 18 24
63 49 110 84 26 45 33 1184 65 5 72 0 19 17 NA 17 NA 12 65 0 13 13 19 0 0 0 0 0 13 13 19 0 0 0 0 1 148 82 3954 4928 30 19 23
64 80 110 84 26 45 36 1187 53 7 72 0 19 17 NA 17 NA 10 53 0 11 16 18 0 0 0 0 0 11 16 18 0 0 0 0 0 154 82 4034 4928 28 22 22
65 84 113 87 26 44 39 1176 57 5 73 0 19 17 NA 17 NA 9 57 0 9 18 17 0 0 0 0 0 9 18 17 0 0 0 0 3 147 82 4108 4927 27 24 22
66 76 116 89 27 43 35 1169 61 8 75 0 19 17 NA 17 NA 7 61 0 7 19 17 0 0 0 0 0 7 19 17 0 0 0 0 3 127 84 4155 4925 27 26 22
67 80 114 87 27 41 30 1170 54 6 75 0 20 17 NA 17 NA 3 54 0 7 19 15 0 0 0 0 0 7 19 15 0 0 0 0 1 139 85 4220 4925 28 27 20
68 77 113 89 24 39 36 1162 65 7 74 0 21 17 NA 17 NA 12 65 0 6 14 19 0 0 0 0 0 6 14 19 0 0 0 0 0 135 87 4282 4926 27 23 24
69 80 116 93 23 43 31 1171 54 10 73 0 18 17 NA 17 NA 8 54 0 8 14 21 0 0 0 0 0 8 14 21 0 0 0 0 1 142 90 4347 4927 24 24 25
70 64 119 95 24 42 40 1144 64 5 73 0 18 17 NA 17 NA 14 64 0 8 13 21 0 0 0 0 0 8 13 21 0 0 0 0 3 130 90 4419 4927 24 23 26
71 73 118 94 24 43 38 1152 53 9 75 0 19 17 NA 17 NA 7 53 0 5 17 21 0 0 0 0 0 5 17 21 0 0 0 0 0 139 90 4480 4925 21 27 27
72 62 124 99 25 43 43 1171 57 5 80 0 19 17 NA 17 NA 11 57 0 5 16 22 0 0 0 0 0 5 16 22 0 0 0 0 4 156 91 4544 4920 26 26 28
73 68 126 100 26 44 37 1171 47 11 83 0 19 17 NA 17 NA 4 47 0 6 16 22 0 0 0 0 0 6 16 22 0 0 0 0 2 130 91 4615 4917 30 24 29
74 87 125 99 26 44 39 1159 58 3 84 0 19 17 NA 17 NA 5 58 1 6 15 22 0 0 0 0 1 6 15 22 0 0 0 0 0 140 92 4684 4916 33 21 30
75 70 126 101 25 45 40 1161 62 5 87 0 20 20 NA 20 NA 4 62 1 7 15 22 0 0 0 0 1 7 15 22 0 0 0 0 2 156 93 4759 4913 34 23 30
76 76 124 99 25 45 37 1150 54 5 88 0 20.5 20 NA 20 NA 5 54 1 5 15 24 0 0 0 0 1 5 15 24 0 0 0 0 1 131 98 4825 4912 34 23 31
77 86 126 101 25 49 33 1139 60 10 92 0 20 18 NA 18 NA 5 60 1 7 15 26 0 0 0 0 1 7 15 26 0 0 0 0 3 130 100 4887 4908 37 22 33
78 60 123 97 26 48 32 1164 51 4 93 0 21 19 NA 19 NA 8 51 1 7 13 27 0 0 0 0 1 7 13 27 0 0 0 0 0 148 103 4946 4907 37 22 34
79 72 117 92 25 46 31 1167 40 6 87 0 20 18 NA 18 NA 5 40 1 7 14 24 0 0 0 0 1 7 14 24 0 0 0 0 0 136 103 5020 4913 32 24 31
80 75 115 91 24 46 33 1174 51 9 88 0 21 18 NA 18 NA 10 51 1 7 13 25 0 0 0 0 1 7 13 25 0 0 0 0 1 142 103 5084 4912 33 22 33
81 76 113 90 23 47 36 1181 47 3 92 0 22 18 NA 18 NA 6 47 1 8 12 26 0 0 0 0 1 8 12 26 0 0 0 0 0 140 105 5151 4908 36 22 34
82 81 112 89 23 46 36 1192 54 4 92 0 22.5 18 NA 18 NA 7 54 1 8 11 26 0 0 0 0 1 8 11 26 0 0 0 0 2 154 108 5224 4908 37 21 34
83 76 113 90 23 45 33 1189 65 3 90 0 23 18 NA 18 NA 6 65 1 7 9 28 0 0 0 0 1 7 9 28 0 0 0 0 1 165 114 5304 4910 36 18 36
84 87 115 90 25 46 28 1181 57 6 94 0 24 18 NA 18 NA 3 57 0 7 11 28 0 0 0 0 0 7 11 28 0 0 0 0 0 143 115 5380 4906 35 23 36
85 77 119 93 26 48 29 1207 59 3 97 0 24 18 NA 18 NA 4 59 0 6 13 29 0 0 0 0 0 6 13 29 0 0 0 0 4 159 116 5435 4903 33 27 37
86 82 113 88 25 46 27 1234 53 9 93 0 25 17.5 NA 17.5 NA 7 53 0 6 15 25 0 0 0 0 0 6 15 25 0 0 0 0 0 171 116 5508 4907 31 29 33
87 75 116 88 28 48 26 1202 58 8 94 0 25.5 18 NA 18 NA 6 58 0 7 16 25 0 0 0 0 0 7 16 25 0 0 0 0 4 135 118 5586 4906 31 28 35
88 62 115 87 28 51 22 1197 61 9 94 0 26 18 NA 18 NA 6 61 1 8 15 27 0 0 0 0 1 8 15 27 0 0 0 0 1 139 120 5651 4906 30 27 37
89 92 110 84 26 48 30 1198 63 6 90 0 26.5 18 NA 18 NA 9 63 1 7 14 26 0 0 0 0 1 7 14 26 0 0 0 0 0 146 120 5712 4910 28 27 35
90 92 112 83 29 49 32 1192 53 6 89 0 26 18 NA 18 NA 7 53 1 8 14 26 0 0 0 0 1 8 14 26 0 0 0 0 2 146 120 5788 4911 24 30 35
91 83 113 85 28 48 33 1184 75 6 87 0 26 18 NA 18 NA 9 75 1 8 12 27 0 0 0 0 1 8 12 27 0 0 0 0 1 161 121 5851 4913 24 27 36
92 72 115 86 29 49 29 1205 51 10 86 0 26 18 NA 18 NA 4 51 0 11 12 26 0 0 0 0 0 11 12 26 0 0 0 0 2 151 121 5910 4914 22 29 35
93 81 115 84 31 48 29 1178 68 4 82 0 25 18 NA 18 NA 7 68 1 8 15 24 0 0 0 0 1 8 15 24 0 0 0 0 2 131 124 5977 4918 17 31 34
94 67 114 83 31 50 32 1171 56 5 81 0 26 18 NA 18 NA 7 56 1 8 17 24 0 0 0 0 1 8 17 24 0 0 0 0 1 131 125 6045 4919 15 33 33
95 85 112 81 31 51 35 1156 48 4 82 0 26.5 18 NA 18 NA 8 48 1 9 17 24 0 0 0 0 1 9 17 24 0 0 0 0 1 136 127 6122 4918 18 32 32
96 82 113 82 31 53 39 1171 56 6 83 0 27 18 NA 18 NA 8 56 1 7 20 25 0 0 0 0 1 7 20 25 0 0 0 0 0 160 128 6189 4917 16 32 35
97 69 109 80 29 52 41 1186 46 4 82 0 28 18 NA 18 NA 7 46 1 6 18 27 0 0 0 0 1 6 18 27 0 0 0 0 1 143 129 6249 4918 15 29 38
98 68 109 78 31 52 43 1163 58 6 80 0 29 18 NA 18 NA 8 58 1 7 17 27 0 0 0 0 1 7 17 27 0 0 0 0 1 123 129 6326 4920 15 27 38
99 89 107 75 32 50 35 1184 56 10 81 0 29 18 NA 18 NA 4 56 1 5 17 27 0 0 0 0 1 5 17 27 0 0 0 0 2 161 131 6394 4919 18 26 37
100 85 109 78 31 49 34 1204 58 4 79 0 28 18 NA 18 NA 7 58 1 4 17 27 0 0 0 0 1 4 17 27 0 0 0 0 3 160 132 6448 4921 18 24 37
101 89 109 77 32 50 33 1202 58 8 79 0 28 18 NA 18 NA 6 58 1 5 17 27 0 0 0 0 1 5 17 27 0 0 0 0 0 139 134 6516 4921 18 24 37
102 73 111 77 34 49 33 1193 56 8 81 0 27 18 NA 18 NA 10 56 0 6 16 27 0 0 0 0 0 6 16 27 0 0 0 0 3 133 136 6585 4919 21 21 39
103 71 112 80 32 49 28 1192 55 5 80 0 26.5 18 NA 18 NA 4 55 1 6 16 26 0 0 0 0 1 6 16 26 0 0 0 0 1 143 139 6656 4920 22 21 37
104 80 117 84 33 51 27 1177 74 5 79 0 22 18 NA 18 NA 6 74 1 5 16 29 0 0 0 0 1 5 16 29 0 0 0 0 6 152 140 6722 4921 21 20 38
105 74 116 83 33 50 26 1186 65 4 82 0 22 18 NA 18 NA 6 65 0 6 12 32 0 0 0 0 0 6 12 32 0 0 0 0 2 148 141 6778 4918 27 15 40
106 78 111 80 31 48 25 1186 63 3 79 0 23 18 NA 18 NA 5 63 0 5 10 33 0 0 0 0 0 5 10 33 0 0 0 0 0 145 144 6843 4921 26 12 41
107 74 109 77 32 46 20 1203 56 6 76 0 22 18 NA 18 NA 3 56 0 5 11 30 0 0 0 0 0 5 11 30 0 0 0 0 1 146 146 6899 4924 24 15 37
108 76 109 75 34 43 22 1199 55 5 72 0 21 18 NA 18 NA 7 55 0 5 7 31 0 0 0 0 0 5 7 31 0 0 0 0 3 154 147 6979 4928 23 12 37
109 66 108 72 36 42 25 1195 62 4 70 0 20.5 18 NA 18 NA 7 62 0 5 4 33 0 0 0 0 0 5 4 33 0 0 0 0 1 148 148 7048 4930 21 11 38
110 62 109 72 37 43 25 1208 60 8 71 0 20 18 NA 18 NA 8 60 0 6 4 33 0 0 0 0 0 6 4 33 0 0 0 0 1 150 149 7109 4929 23 10 38
111 82 107 70 37 41 28 1188 64 2 71 0 21 18 NA 18 NA 5 64 0 4 6 31 0 0 0 0 0 4 6 31 0 0 0 0 0 144 149 7183 4929 21 13 37
112 96 108 69 39 42 31 1177 53 5 73 0 20.5 18 NA 18 NA 7 53 0 5 6 31 0 0 0 0 0 5 6 31 0 0 0 0 1 148 150 7257 4927 23 13 37
113 84 110 71 39 43 33 1188 54 5 74 0 20 18 NA 18 NA 6 54 0 7 5 31 0 0 0 0 0 7 5 31 0 0 0 0 2 156 150 7323 4926 24 13 37
114 66 112 71 41 43 38 1189 60 6 75 0 21 19 NA 19 NA 9 60 0 5 7 31 0 0 0 0 0 5 7 31 0 0 0 0 3 156 150 7396 4925 23 15 37
115 65 111 70 41 43 35 1194 55 8 76 0 22 19 NA 19 NA 4 55 0 6 7 30 0 0 0 0 0 6 7 30 0 0 0 0 2 146 152 7465 4924 24 16 36
116 72 106 67 39 43 33 1218 56 9 78 0 22.5 19 NA 19 NA 5 56 0 9 6 28 0 0 0 0 0 9 6 28 0 0 0 0 0 163 152 7527 4922 29 15 34
117 82 104 65 39 45 36 1232 51 6 80 0 23.5 19 NA 19 NA 7 51 0 8 10 27 0 0 0 0 0 8 10 27 0 0 0 0 0 151 152 7601 4920 28 19 33
118 56 103 64 39 45 39 1236 69 2 78 0 23 19 NA 19 NA 6 69 0 8 9 28 0 0 0 0 0 8 9 28 0 0 0 0 1 147 154 7666 4922 27 19 32
119 76 102 64 38 42 36 1219 60 6 77 0 22 19 NA 19 NA 5 60 0 8 8 26 0 0 0 0 0 8 8 26 0 0 0 0 1 135 156 7737 4923 28 18 31
120 72 101 63 38 42 39 1224 61 5 80 0 23 19 NA 19 NA 11 61 0 8 7 27 0 0 0 0 0 8 7 27 0 0 0 0 0 161 159 7808 4920 31 17 32
121 74 102 64 38 44 41 1206 66 8 85 0 23.5 19 NA 19 NA 9 66 0 9 8 27 0 0 0 0 0 9 8 27 0 0 0 0 1 145 160 7884 4915 34 17 34
122 77 104 68 36 45 32 1218 59 9 85 0 23.5 19 NA 19 NA 3 59 0 7 11 27 0 0 0 0 0 7 11 27 0 0 0 0 3 153 163 7951 4915 33 19 33
123 76 105 69 36 45 36 1220 67 2 85 0 24 19 NA 19 NA 6 67 0 5 11 29 0 0 0 0 0 5 11 29 0 0 0 0 2 146 165 8014 4915 32 17 36
124 94 100 64 36 43 39 1201 68 3 82 0 24.5 19 NA 19 NA 9 68 0 3 13 27 0 0 0 0 0 3 13 27 0 0 0 0 0 138 168 8083 4918 30 18 34
125 83 98 63 35 41 46 1174 73 4 79 0 24 19 NA 19 NA 11 73 0 4 13 24 0 0 0 0 0 4 13 24 0 0 0 0 2 146 169 8163 4921 29 20 30
126 70 98 63 35 43 35 1184 51 13 82 0 24.5 19 NA 19 NA 4 51 0 5 14 24 0 0 0 0 0 5 14 24 0 0 0 0 0 150 171 8234 4918 30 22 30
127 67 99 64 35 43 36 1198 57 6 83 0 25 19 NA 19 NA 8 57 0 5 13 25 0 0 0 0 0 5 13 25 0 0 0 0 1 147 172 8294 4917 30 23 30
128 86 101 63 38 44 33 1200 49 7 82 0 26 19.5 NA 19.5 NA 5 49 0 4 15 25 0 0 0 0 0 4 15 25 0 0 0 0 1 154 175 8372 4918 24 27 31
129 85 101 62 39 42 34 1167 62 4 78 0 25 20 NA 20 NA 6 62 0 4 12 26 0 0 0 0 0 4 12 26 0 0 0 0 2 138 176 8450 4922 21 26 31
130 74 103 63 40 46 35 1192 49 5 79 0 26 20 NA 20 NA 7 49 0 6 14 26 0 0 0 0 0 6 14 26 0 0 0 0 1 167 179 8524 4921 22 25 32
131 74 104 64 40 47 30 1223 65 11 80 0 27 20 NA 20 NA 9 65 0 6 15 26 0 0 0 0 0 6 15 26 0 0 0 0 3 173 181 8581 4920 22 26 32
132 82 106 67 39 47 29 1239 46 5 79 0 27.5 20 NA 20 NA 5 46 0 4 16 27 0 0 0 0 0 4 16 27 0 0 0 0 1 156 182 8654 4921 19 27 33
133 74 105 66 39 47 31 1222 66 5 78 0 28 20 NA 20 NA 9 66 0 2 17 28 0 0 0 0 0 2 17 28 0 0 0 0 1 139 184 8723 4922 16 29 33
134 88 108 69 39 47 35 1203 60 7 80 0 26 20 NA 20 NA 10 60 0 3 16 28 0 0 0 0 0 3 16 28 0 0 0 0 2 139 185 8795 4920 18 29 33
135 72 108 70 38 50 32 1203 68 8 80 0 27 20 NA 20 NA 7 68 0 5 15 30 0 0 0 0 0 5 15 30 0 0 0 0 1 148 187 8858 4920 18 28 34
136 63 108 69 39 52 31 1224 56 10 79 0 27.5 20 NA 20 NA 9 56 1 5 16 30 0 0 0 0 1 5 16 30 0 0 0 0 0 142 189 8912 4921 16 28 35
137 81 112 74 38 52 28 1212 50 6 81 0 28 20 NA 20 NA 6 50 1 5 15 31 0 0 0 0 1 5 15 31 0 0 0 0 2 130 192 8981 4919 17 27 37
138 86 112 75 37 52 31 1194 74 5 79 0 28.5 20.5 NA 20.5 NA 8 74 1 4 15 32 0 0 0 0 1 4 15 32 0 0 0 0 3 151 192 9056 4921 15 25 39
139 79 108 71 37 51 28 1203 50 12 77 0 29 21 NA 21 NA 7 50 1 4 16 30 0 0 0 0 1 4 16 30 0 0 0 0 0 147 192 9124 4923 14 25 38
140 78 105 69 36 51 28 1224 63 3 76 0 30 20 NA 20 NA 6 63 2 4 13 32 0 0 0 0 2 4 13 32 0 0 0 0 1 177 195 9193 4924 15 21 40
141 85 104 69 35 51 23 1221 50 7 76 0 29.5 20 NA 20 NA 2 50 2 5 10 34 0 0 0 0 2 5 10 34 0 0 0 0 0 138 195 9258 4924 18 17 41
142 75 105 70 35 52 32 1198 68 3 76 0 29 19.5 NA 19.5 NA 9 68 2 8 10 32 0 0 0 0 2 8 10 32 0 0 0 0 3 148 195 9337 4924 19 18 39
143 61 109 74 35 54 38 1167 59 5 79 0 29 19.5 NA 19.5 NA 11 59 1 10 9 34 0 0 0 0 1 10 9 34 0 0 0 0 3 130 195 9420 4921 21 17 41
144 78 108 72 36 53 36 1151 61 7 80 0 27.5 19 NA 19 NA 7 61 1 11 6 35 0 0 0 0 1 11 6 35 0 0 0 0 0 135 198 9488 4920 25 13 42
145 76 110 74 36 55 34 1146 55 8 81 0 25.5 19 NA 19 NA 6 55 0 13 5 37 0 0 0 0 0 13 5 37 0 0 0 0 1 136 198 9548 4919 25 10 46
146 68 109 75 34 54 35 1130 62 7 82 0 24 19 NA 19 NA 9 62 0 11 6 37 0 0 0 0 0 11 6 37 0 0 0 0 2 130 200 9610 4918 25 11 46
147 74 107 73 34 54 30 1161 49 5 82 0 25 19 NA 19 NA 2 49 1 10 6 37 0 0 0 0 1 10 6 37 0 0 0 0 1 168 201 9678 4918 24 11 47
148 83 113 79 34 57 34 1161 63 6 83 0 26 19 NA 19 NA 10 63 1 12 6 38 0 0 0 0 1 12 6 38 0 0 0 0 3 147 202 9740 4917 25 10 48
149 77 110 78 32 60 36 1153 58 8 85 0 25 19 NA 19 NA 8 58 1 15 8 36 0 0 0 0 1 15 8 36 0 0 0 0 0 119 203 9794 4915 29 10 46
150 84 110 78 32 61 34 1152 45 7 87 0 26 19 NA 19 NA 6 45 1 15 8 37 0 0 0 0 1 15 8 37 0 0 0 0 0 126 204 9861 4913 30 10 47
151 78 110 78 32 61 32 1156 46 4 87 0 27 19 NA 19 NA 3 46 1 14 8 38 0 0 0 0 1 14 8 38 0 0 0 0 0 141 205 9933 4913 29 10 48
152 91 106 75 31 58 31 1147 58 6 83 0 25.5 18.5 NA 18.5 NA 5 58 1 13 9 35 0 0 0 0 1 13 9 35 0 0 0 0 3 154 206 10019 4917 26 13 44
153 68 108 74 34 59 31 1129 54 7 84 0 25 18 NA 18 NA 7 54 0 14 11 34 0 0 0 0 0 14 11 34 0 0 0 0 0 123 208 10089 4916 25 16 43
154 83 107 74 33 59 34 1137 60 4 84 0 26 19 NA 19 NA 7 60 0 13 12 34 0 0 0 0 0 13 12 34 0 0 0 0 3 159 208 10161 4916 24 17 43
155 78 109 77 32 60 34 1173 53 9 85 0 26 18 NA 18 NA 10 53 1 13 14 32 0 0 0 0 1 13 14 32 0 0 0 0 3 170 210 10220 4915 24 20 41
156 80 113 82 31 59 34 1162 70 4 85 0 25 18 NA 18 NA 6 70 1 11 17 30 0 0 0 0 1 11 17 30 0 0 0 0 2 155 213 10295 4915 22 24 39
157 71 110 78 32 54 35 1194 58 4 82 0 26 18 NA 18 NA 6 58 0 10 16 28 0 0 0 0 0 10 16 28 0 0 0 0 2 162 214 10353 4918 22 23 37
158 89 105 74 31 52 38 1195 50 3 79 0 26 18 NA 18 NA 9 50 0 7 15 30 0 0 0 0 0 7 15 30 0 0 0 0 0 139 217 10411 4921 21 21 37
159 92 106 74 32 51 32 1159 64 7 78 0 27 18 NA 18 NA 3 64 0 7 13 31 0 0 0 0 0 7 13 31 0 0 0 0 2 129 219 10495 4922 20 20 38
160 74 104 73 31 51 36 1181 64 6 81 0 28 18 NA 18 NA 9 64 0 6 15 30 0 0 0 0 0 6 15 30 0 0 0 0 0 169 219 10565 4919 24 21 36
161 74 104 74 30 51 38 1171 60 5 77 0 27.5 18 NA 18 NA 10 60 0 4 17 30 0 0 0 0 0 4 17 30 0 0 0 0 1 127 221 10616 4923 18 23 36
162 74 104 74 30 52 36 1155 56 8 76 0 27.5 18 NA 18 NA 8 56 1 4 16 31 0 0 0 0 1 4 16 31 0 0 0 0 1 121 224 10671 4924 18 22 36
163 81 104 75 29 52 28 1167 49 10 74 0 26.5 18 NA 18 NA 3 49 1 5 16 30 0 0 0 0 1 5 16 30 0 0 0 0 0 137 225 10720 4926 18 21 35
164 66 106 77 29 54 28 1175 44 4 76 0 27 18 NA 18 NA 5 44 1 7 15 31 0 0 0 0 1 7 15 31 0 0 0 0 1 146 226 10797 4924 19 20 37
165 87 106 76 30 53 31 1198 43 5 75 0 26.5 18 NA 18 NA 7 43 1 6 16 30 0 0 0 0 1 6 16 30 0 0 0 0 1 150 226 10859 4925 20 18 37
166 56 106 77 29 52 34 1173 57 4 77 0 24.5 18 NA 18 NA 8 57 1 5 15 31 0 0 0 0 1 5 15 31 0 0 0 0 1 142 227 10954 4923 20 20 37
167 88 104 78 26 48 34 1138 62 5 76 0 24.5 18 NA 18 NA 6 62 0 5 14 29 0 0 0 0 0 5 14 29 0 0 0 0 2 136 228 11038 4924 21 20 35
168 79 106 79 27 48 36 1152 57 4 80 0 25 17.5 NA 17.5 NA 5 57 0 5 12 31 0 0 0 0 0 5 12 31 0 0 0 0 2 154 228 11103 4920 24 19 37
169 61 108 79 29 48 32 1159 48 7 82 0 25.5 17.5 NA 17.5 NA 6 48 0 5 11 32 0 0 0 0 0 5 11 32 0 0 0 0 1 151 231 11180 4918 25 19 38
170 79 112 81 31 48 40 1164 58 3 81 0 25.5 18 NA 18 NA 10 58 0 5 10 33 0 0 0 0 0 5 10 33 0 0 0 0 4 150 231 11240 4919 23 19 39
171 65 113 83 30 51 36 1158 60 6 82 0 25 18 NA 18 NA 3 60 0 7 12 32 0 0 0 0 0 7 12 32 0 0 0 0 1 137 233 11303 4918 24 19 39
172 82 111 81 30 50 38 1137 61 5 80 0 26 18 NA 18 NA 6 61 0 5 12 33 0 0 0 0 0 5 12 33 0 0 0 0 0 127 233 11371 4920 20 21 39
173 74 111 81 30 50 34 1160 55 5 83 0 27 18 NA 18 NA 6 55 0 5 8 37 0 0 0 0 0 5 8 37 0 0 0 0 2 144 236 11424 4917 23 17 43
174 73 110 80 30 51 40 1169 69 4 83 0 27.5 18 NA 18 NA 11 69 0 6 8 37 0 0 0 0 0 6 8 37 0 0 0 0 0 152 237 11484 4917 24 17 42
175 83 109 81 28 52 39 1144 53 5 83 0 27 18 NA 18 NA 6 53 0 7 8 37 0 0 0 0 0 7 8 37 0 0 0 0 0 120 239 11550 4917 26 17 40
176 81 109 80 29 53 36 1178 48 7 83 0 28 18 NA 18 NA 4 48 0 7 10 36 0 0 0 0 0 7 10 36 0 0 0 0 2 174 240 11622 4917 26 18 39
177 81 112 80 32 53 41 1179 73 3 84 0 24.5 18 NA 18 NA 10 73 0 7 10 36 0 0 0 0 0 7 10 36 0 0 0 0 2 161 244 11684 4916 26 19 39
178 66 111 78 33 54 40 1180 64 9 85 0 26 18.5 NA 18.5 NA 9 64 1 6 8 39 0 0 0 0 1 6 8 39 0 0 0 0 1 140 245 11742 4915 26 16 43
179 78 112 77 35 52 41 1174 65 7 84 0 25 19 NA 19 NA 8 65 1 4 8 39 0 0 0 0 1 4 8 39 0 0 0 0 3 138 245 11800 4916 25 15 44
180 77 113 78 35 51 37 1188 59 8 86 0 25 18 NA 18 NA 5 59 1 2 9 39 0 0 0 0 1 2 9 39 0 0 0 0 2 157 246 11866 4914 23 18 45
181 78 111 78 33 54 38 1179 39 6 85 0 26 18 NA 18 NA 5 39 1 5 11 37 0 0 0 0 1 5 11 37 0 0 0 0 1 122 247 11937 4915 22 19 44
182 76 111 79 32 53 41 1167 69 4 86 0 26 18 NA 18 NA 8 69 1 7 11 34 0 0 0 0 1 7 11 34 0 0 0 0 3 138 250 11999 4914 27 18 41
183 85 112 82 30 52 37 1145 59 7 86 0 25 18 NA 18 NA 9 59 0 8 12 32 0 0 0 0 0 8 12 32 0 0 0 0 3 127 254 12065 4914 27 20 39
184 66 111 81 30 53 34 1183 50 11 84 0 25 18 NA 18 NA 8 50 0 9 10 34 0 0 0 0 0 9 10 34 0 0 0 0 1 164 255 12122 4916 27 15 42
185 95 108 80 28 51 36 1160 53 4 81 0 24 18 NA 18 NA 6 53 1 8 9 33 0 0 0 0 1 8 9 33 0 0 0 0 1 129 255 12199 4919 24 17 40
186 80 106 78 28 52 36 1148 61 8 80 0 25 18 NA 18 NA 8 61 2 9 9 32 0 0 0 0 2 9 9 32 0 0 0 0 0 139 256 12274 4920 23 18 39
187 73 108 76 32 53 27 1153 56 8 80 0 26 18 NA 18 NA 2 56 2 9 10 32 0 0 0 0 2 9 10 32 0 0 0 0 1 142 261 12334 4920 23 19 38
188 76 108 76 32 53 31 1125 72 2 80 0 26.5 18 NA 18 NA 7 72 2 9 8 34 0 0 0 0 2 9 8 34 0 0 0 0 0 146 263 12417 4920 22 18 40
189 75 108 77 31 51 26 1121 45 6 80 0 25.5 18 NA 18 NA 4 45 2 8 9 32 0 0 0 0 2 8 9 32 0 0 0 0 1 126 265 12479 4920 22 19 39
190 72 108 79 29 52 32 1133 49 2 77 0 25 18 NA 18 NA 9 49 1 10 10 31 0 0 0 0 1 10 10 31 0 0 0 0 2 160 267 12556 4923 20 21 36
191 76 106 78 28 53 23 1146 45 11 78 0 25 18 NA 18 NA 6 45 1 13 9 30 0 0 0 0 1 13 9 30 0 0 0 0 1 145 268 12619 4922 22 20 36
192 83 104 76 28 52 26 1147 58 5 78 0 26 18 NA 18 NA 6 58 1 9 10 32 0 0 0 0 1 9 10 32 0 0 0 0 0 146 268 12683 4922 20 18 40
193 83 103 75 28 52 27 1169 55 5 76 0 26 17.5 NA 17.5 NA 5 55 1 12 10 29 0 0 0 0 1 12 10 29 0 0 0 0 2 155 269 12740 4924 20 18 38
194 87 102 74 28 49 22 1208 52 6 76 0 26 17 NA 17 NA 1 52 1 9 12 27 0 0 0 0 1 9 12 27 0 0 0 0 3 172 269 12802 4924 21 20 35
195 88 96 70 26 45 31 1237 57 2 74 0 25.5 16 NA 16 NA 11 57 1 8 12 24 0 0 0 0 1 8 12 24 0 0 0 0 0 160 270 12857 4926 22 21 31
196 65 97 69 28 45 34 1205 64 4 76 0 26 16 NA 16 NA 7 64 0 9 12 24 0 0 0 0 0 9 12 24 0 0 0 0 0 128 271 12939 4924 24 21 31
197 73 96 69 27 47 31 1189 51 9 76 0 27 17 NA 17 NA 7 51 0 10 12 25 0 0 0 0 0 10 12 25 0 0 0 0 0 116 272 13000 4924 24 19 33
198 71 95 69 26 45 41 1199 59 3 73 0 27 16 NA 16 NA 13 59 0 10 12 23 0 0 0 0 0 10 12 23 0 0 0 0 2 148 273 13061 4927 24 18 31
199 65 95 68 27 45 39 1207 52 5 76 0 26 16 NA 16 NA 5 52 0 9 13 23 0 0 0 0 0 9 13 23 0 0 0 0 0 141 274 13125 4924 26 19 31
200 67 94 68 26 45 31 1185 50 8 74 0 25 16 NA 16 NA 2 50 0 10 12 23 0 0 0 0 0 10 12 23 0 0 0 0 2 127 275 13210 4926 26 17 31
201 89 96 71 25 43 39 1190 62 1 74 0 23.5 16 NA 16 NA 11 62 0 8 12 23 0 0 0 0 0 8 12 23 0 0 0 0 3 134 275 13260 4926 26 17 31
202 70 95 69 26 40 45 1183 63 5 71 0 23 16 NA 16 NA 11 63 0 8 12 20 0 0 0 0 0 8 12 20 0 0 0 0 4 142 275 13327 4929 27 16 28
203 83 94 67 27 40 50 1158 60 7 71 0 23.5 16 NA 16 NA 12 60 0 6 13 21 0 0 0 0 0 6 13 21 0 0 0 0 2 132 275 13403 4929 24 18 29
204 80 89 64 25 36 48 1142 58 4 66 0 23 16.5 NA 16.5 NA 6 58 0 6 9 21 0 0 0 0 0 6 9 21 0 0 0 0 0 139 277 13475 4934 22 15 29
205 57 90 66 24 40 41 1149 68 15 67 0 23 16.5 NA 16.5 NA 8 68 0 9 11 20 0 0 0 0 0 9 11 20 0 0 0 0 3 160 279 13547 4933 23 15 29
206 70 88 64 24 38 39 1160 46 5 64 0 23 16.5 NA 16.5 NA 6 46 0 8 10 20 0 0 0 0 0 8 10 20 0 0 0 0 1 153 281 13628 4936 21 15 28
207 79 90 67 23 38 41 1142 56 5 65 0 23.5 17 NA 17 NA 7 56 0 6 11 21 0 0 0 0 0 6 11 21 0 0 0 0 1 129 282 13704 4935 20 16 29
208 76 89 66 23 37 41 1163 70 6 66 0 24 17 NA 17 NA 10 70 0 5 11 21 0 0 0 0 0 5 11 21 0 0 0 0 0 163 286 13761 4934 20 17 29
209 58 90 67 23 38 36 1191 51 6 66 0 25 17 NA 17 NA 3 51 0 5 11 22 0 0 0 0 0 5 11 22 0 0 0 0 1 146 287 13810 4934 19 17 30
210 76 94 68 26 40 34 1190 43 4 67 0 24 17.5 NA 17.5 NA 2 43 0 7 11 22 0 0 0 0 0 7 11 22 0 0 0 0 2 137 288 13887 4933 20 17 30
211 65 93 66 27 39 33 1194 53 2 67 0 24 18 NA 18 NA 7 53 0 6 11 22 0 0 0 0 0 6 11 22 0 0 0 0 1 140 294 13953 4933 17 20 30
212 77 93 66 27 41 32 1220 67 8 67 0 25 18 NA 18 NA 7 67 1 6 13 21 0 0 0 0 1 6 13 21 0 0 0 0 1 162 295 14008 4933 17 21 29
213 81 94 67 27 41 33 1188 53 5 71 0 26 18 NA 18 NA 5 53 0 5 13 23 0 0 0 0 0 5 13 23 0 0 0 0 0 113 295 14077 4929 18 21 32
214 83 95 68 27 38 34 1177 51 4 71 0 25 17.5 NA 17.5 NA 8 51 0 3 14 21 0 0 0 0 0 3 14 21 0 0 0 0 2 129 298 14143 4929 18 23 30
215 83 97 69 28 40 31 1160 65 4 73 0 26 18 NA 18 NA 2 65 0 3 14 23 0 0 0 0 0 3 14 23 0 0 0 0 2 134 300 14210 4927 19 21 33
216 68 95 68 27 42 29 1163 58 8 71 0 27 18 NA 18 NA 7 58 0 5 13 24 0 0 0 0 0 5 13 24 0 0 0 0 0 139 302 14273 4929 19 20 32
217 74 97 71 26 43 25 1159 54 8 72 0 27 18 NA 18 NA 5 54 1 5 15 22 0 0 0 0 1 5 15 22 0 0 0 0 2 150 305 14351 4928 21 21 30
218 73 98 73 25 41 24 1158 54 5 73 0 24.5 17 NA 17 NA 7 54 0 6 14 21 0 0 0 0 0 6 14 21 0 0 0 0 1 130 308 14414 4927 23 20 30
219 69 102 77 25 42 25 1194 50 5 75 0 23.5 17 NA 17 NA 6 50 0 7 12 23 0 0 0 0 0 7 12 23 0 0 0 0 4 162 309 14471 4925 24 19 32
220 84 103 79 24 42 27 1156 64 8 74 0 24 17 NA 17 NA 9 64 0 7 12 23 0 0 0 0 0 7 12 23 0 0 0 0 2 125 310 14558 4926 22 19 33
221 78 103 81 22 42 29 1153 63 5 73 0 23 16.5 NA 16.5 NA 8 63 0 8 12 22 0 0 0 0 0 8 12 22 0 0 0 0 0 155 311 14631 4927 23 18 32
222 85 105 83 22 41 32 1155 68 5 74 0 21 17 NA 17 NA 8 68 0 8 13 20 0 0 0 0 0 8 13 20 0 0 0 0 2 150 313 14693 4926 24 20 30
223 81 107 84 23 44 27 1154 45 9 75 0 22 17 NA 17 NA 5 45 1 9 11 23 0 0 0 0 1 9 11 23 0 0 0 0 3 132 314 14762 4925 24 17 34
224 80 107 85 22 43 27 1145 57 3 73 0 22 17 NA 17 NA 4 57 1 9 11 22 0 0 0 0 1 9 11 22 0 0 0 0 2 152 315 14848 4927 24 17 32
225 89 105 83 22 43 31 1114 64 4 71 0 23 17 NA 17 NA 9 64 1 9 11 22 0 0 0 0 1 9 11 22 0 0 0 0 1 116 316 14906 4929 21 18 32
226 72 104 82 22 43 33 1147 53 4 74 0 23.5 17 NA 17 NA 8 53 1 9 9 24 0 0 0 0 1 9 9 24 0 0 0 0 0 151 317 14960 4926 22 17 35
227 78 104 82 22 42 35 1146 51 3 77 0 24 16.5 NA 16.5 NA 6 51 1 8 9 24 0 0 0 0 1 8 9 24 0 0 0 0 2 136 318 15021 4923 24 18 35
228 90 101 79 22 42 29 1157 49 12 73 0 23 17.5 NA 17.5 NA 3 49 1 8 10 23 0 0 0 0 1 8 10 23 0 0 0 0 0 152 318 15093 4927 23 18 32
229 77 101 77 24 42 34 1131 59 1 73 0 24 17.5 NA 17.5 NA 5 59 0 7 11 24 0 0 0 0 0 7 11 24 0 0 0 0 1 119 318 15155 4927 21 20 32
230 59 103 79 24 41 33 1134 64 4 73 0 24 17 NA 17 NA 5 64 1 4 14 22 0 0 0 0 1 4 14 22 0 0 0 0 2 138 321 15217 4927 20 22 31
231 84 102 78 24 41 34 1123 56 5 76 0 24.5 17 NA 17 NA 5 56 1 3 15 22 0 0 0 0 1 3 15 22 0 0 0 0 0 140 321 15292 4924 23 22 31
232 52 105 81 24 44 32 1115 53 7 78 0 25 17.5 NA 17.5 NA 5 53 1 4 15 24 0 0 0 0 1 4 15 24 0 0 0 0 0 121 322 15356 4922 25 20 33
233 64 107 81 26 45 38 1114 63 2 79 0 23 18 NA 18 NA 11 63 1 4 15 25 0 0 0 0 1 4 15 25 0 0 0 0 2 147 325 15428 4921 26 20 33
234 68 100 75 25 45 34 1120 56 12 77 0 23.5 19 NA 19 NA 6 56 0 6 17 22 0 0 0 0 0 6 17 22 0 0 0 0 0 158 325 15502 4923 27 19 31
235 67 103 78 25 46 36 1121 56 4 79 0 23 18.5 NA 18.5 NA 7 56 1 6 16 23 0 0 0 0 1 6 16 23 0 0 0 0 3 146 328 15564 4921 28 19 32
236 91 102 78 24 46 35 1112 47 10 78 0 22 19 NA 19 NA 9 47 1 8 15 22 0 0 0 0 1 8 15 22 0 0 0 0 3 128 329 15633 4922 29 19 30
237 71 103 79 24 47 34 1143 50 8 76 0 22 19 NA 19 NA 8 50 1 11 14 21 0 0 0 0 1 11 14 21 0 0 0 0 2 149 331 15685 4924 29 16 31
238 79 104 80 24 47 30 1157 64 6 76 0 23 19 NA 19 NA 5 64 1 10 13 23 0 0 0 0 1 10 13 23 0 0 0 0 0 163 332 15755 4924 26 17 33
239 71 107 83 24 47 28 1158 51 2 77 0 22 19 NA 19 NA 2 51 1 9 13 24 0 0 0 0 1 9 13 24 0 0 0 0 3 133 334 15817 4923 24 19 34
240 84 107 83 24 47 30 1146 63 4 77 0 23 18 NA 18 NA 7 63 1 10 13 23 0 0 0 0 1 10 13 23 0 0 0 0 2 144 336 15892 4923 25 19 33
241 74 109 86 23 46 34 1200 53 0 79 0 23 18 NA 18 NA 7 53 1 8 11 26 0 0 0 0 1 8 11 26 0 0 0 0 2 173 337 15943 4921 25 18 36
242 82 113 87 26 47 35 1196 63 8 81 0 23 18 NA 18 NA 9 63 0 10 9 28 0 0 0 0 0 10 9 28 0 0 0 0 2 148 338 16004 4919 26 17 38
243 71 115 89 26 48 32 1199 61 10 80 0 24 18.5 NA 18.5 NA 6 61 0 8 11 29 0 0 0 0 0 8 11 29 0 0 0 0 3 158 338 16075 4920 22 20 38
244 71 114 88 26 49 33 1203 55 4 79 0 22 19 NA 19 NA 7 55 0 9 11 29 0 0 0 0 0 9 11 29 0 0 0 0 2 135 340 16136 4921 23 21 35
245 83 111 86 25 52 33 1227 55 4 79 0 23 18.5 NA 18.5 NA 6 55 0 11 12 29 0 0 0 0 0 11 12 29 0 0 0 0 0 153 341 16195 4921 24 20 35
246 83 109 87 22 52 33 1212 65 8 77 0 24 18 NA 18 NA 9 65 0 9 14 29 0 0 0 0 0 9 14 29 0 0 0 0 1 144 342 16263 4923 19 23 35
247 62 108 87 21 53 37 1202 60 4 80 0 25 18 NA 18 NA 9 60 0 8 16 29 0 0 0 0 0 8 16 29 0 0 0 0 1 136 343 16331 4920 21 24 35
248 77 112 86 26 54 37 1210 57 11 80 0 26 18 NA 18 NA 9 57 0 7 18 29 0 0 0 0 0 7 18 29 0 0 0 0 2 158 343 16399 4920 20 24 36
249 89 113 87 26 55 37 1172 69 6 80 0 25 18 NA 18 NA 7 69 0 10 17 28 0 0 0 0 0 10 17 28 0 0 0 0 1 118 347 16460 4920 22 23 35
250 79 110 85 25 55 33 1179 50 6 78 0 24 17 NA 17 NA 4 50 0 11 16 28 0 0 0 0 0 11 16 28 0 0 0 0 1 149 349 16535 4922 23 21 34
251 76 111 86 25 53 32 1176 63 6 79 0 22 17 NA 17 NA 5 63 0 12 15 26 0 0 0 0 0 12 15 26 0 0 0 0 4 141 351 16598 4921 26 19 34
252 81 113 89 24 53 39 1179 54 3 81 0 23 17 NA 17 NA 9 54 0 11 16 26 0 0 0 0 0 11 16 26 0 0 0 0 2 148 351 16659 4919 27 20 34
253 87 111 86 25 53 38 1171 40 7 81 0 23 17 NA 17 NA 6 40 0 11 15 27 0 0 0 0 0 11 15 27 0 0 0 0 0 145 352 16748 4919 27 19 35
254 95 108 84 24 53 35 1193 49 7 82 0 24 18 NA 18 NA 6 49 0 9 17 27 0 0 0 0 0 9 17 27 0 0 0 0 1 148 353 16804 4918 27 22 33
255 86 106 82 24 51 38 1157 60 4 80 0 23 18 NA 18 NA 9 60 0 9 13 29 0 0 0 0 0 9 13 29 0 0 0 0 2 127 354 16884 4920 28 18 34
256 92 102 77 25 47 40 1167 56 3 74 0 21 18 NA 18 NA 7 56 0 6 14 27 0 0 0 0 0 6 14 27 0 0 0 0 1 157 356 16951 4926 26 16 32
257 81 102 77 25 48 36 1135 59 9 72 0 20.5 18 NA 18 NA 3 59 0 7 13 28 0 0 0 0 0 7 13 28 0 0 0 0 2 131 357 17030 4928 25 16 31
258 55 103 77 26 50 37 1160 47 5 73 0 21 17.5 NA 17.5 NA 6 47 0 10 11 29 0 0 0 0 0 10 11 29 0 0 0 0 0 155 357 17101 4927 27 13 33
259 72 105 79 26 48 42 1151 62 4 72 0 21 17.5 NA 17.5 NA 11 62 0 6 13 29 0 0 0 0 0 6 13 29 0 0 0 0 2 125 359 17161 4928 24 15 33
260 63 107 81 26 49 47 1133 58 7 76 0 21 17 NA 17 NA 12 58 1 7 12 29 0 0 0 0 1 7 12 29 0 0 0 0 1 136 361 17240 4924 28 15 33
261 84 109 84 25 49 30 1159 54 12 76 0 21 17 NA 17 NA 2 54 2 5 15 27 0 0 0 0 2 5 15 27 0 0 0 0 0 148 367 17294 4924 27 18 31
262 95 110 85 25 46 32 1163 43 4 73 0 20 17 NA 17 NA 6 43 2 5 14 25 0 0 0 0 2 5 14 25 0 0 0 0 3 139 368 17360 4927 26 18 29
263 87 108 83 25 47 30 1165 54 7 75 0 21 18 NA 18 NA 5 54 2 4 17 24 0 0 0 0 2 4 17 24 0 0 0 0 0 145 370 17428 4925 26 21 28
264 86 106 81 25 44 29 1154 52 3 73 0 21 16 NA 16 NA 3 52 1 5 16 22 0 0 0 0 1 5 16 22 0 0 0 0 2 130 370 17499 4927 27 20 26
265 78 108 81 27 46 28 1142 54 5 74 0 21.5 16 NA 16 NA 4 54 1 7 14 24 0 0 0 0 1 7 14 24 0 0 0 0 1 125 371 17564 4926 26 19 29
266 79 109 82 27 46 33 1139 60 4 72 0 20 16.5 NA 16.5 NA 7 60 1 5 13 27 0 0 0 0 1 5 13 27 0 0 0 0 2 153 372 17640 4928 21 19 32
267 69 107 82 25 45 34 1145 57 7 71 0 19 18 NA 18 NA 11 57 1 6 14 24 0 0 0 0 1 6 14 24 0 0 0 0 0 139 375 17698 4929 21 21 29
268 69 105 80 25 45 37 1142 65 5 71 0 20 17 NA 17 NA 8 65 1 7 11 26 0 0 0 0 1 7 11 26 0 0 0 0 2 162 375 17779 4929 23 18 30
269 85 106 79 27 46 35 1153 59 7 72 0 21 16 NA 16 NA 7 59 2 8 11 25 0 0 0 0 2 8 11 25 0 0 0 0 2 147 377 17836 4928 25 17 30
270 88 106 79 27 46 31 1120 61 8 73 0 22 16.5 NA 16.5 NA 4 61 2 8 11 25 0 0 0 0 2 8 11 25 0 0 0 0 1 130 378 17917 4927 25 18 30
271 71 107 80 27 46 24 1118 61 7 77 0 23 16.5 NA 16.5 NA 3 61 1 9 9 27 0 0 0 0 1 9 9 27 0 0 0 0 1 137 381 17975 4923 29 16 32
272 81 109 83 26 46 24 1123 52 3 77 0 21 18 NA 18 NA 4 52 0 9 12 25 0 0 0 0 0 9 12 25 0 0 0 0 2 135 384 18034 4923 26 20 31
273 75 110 84 26 46 25 1140 41 5 78 0 21 18 NA 18 NA 6 41 0 10 12 24 0 0 0 0 0 10 12 24 0 0 0 0 2 156 385 18111 4922 27 21 30
274 89 109 83 26 47 33 1109 69 5 79 0 22 18 NA 18 NA 10 69 0 12 12 23 0 0 0 0 0 12 12 23 0 0 0 0 2 133 385 18185 4921 30 20 29
275 77 111 85 26 48 29 1133 53 8 79 0 22 18 NA 18 NA 5 53 0 11 11 26 0 0 0 0 0 11 11 26 0 0 0 0 2 158 387 18243 4921 27 20 32
276 79 109 84 25 51 23 1159 50 8 81 0 24 18 NA 18 NA 4 50 1 10 14 26 0 0 0 0 1 10 14 26 0 0 0 0 0 153 389 18297 4919 26 22 33
277 79 104 80 24 49 24 1177 61 5 78 0 24.5 16 NA 16 NA 8 61 2 10 12 25 0 0 0 0 2 10 12 25 0 0 0 0 0 155 390 18351 4922 25 21 32
278 76 104 81 23 49 31 1176 45 3 81 0 24.5 16 NA 16 NA 9 45 1 12 11 25 0 0 0 0 1 12 11 25 0 0 0 0 0 130 391 18410 4919 28 19 34
279 80 103 80 23 49 33 1175 54 6 79 0 24 16 NA 16 NA 8 54 1 12 12 24 0 0 0 0 1 12 12 24 0 0 0 0 2 134 393 18473 4921 27 19 33
280 91 103 80 23 48 34 1174 48 3 78 0 23 16.5 NA 16.5 NA 5 48 1 12 11 24 0 0 0 0 1 12 11 24 0 0 0 0 1 146 395 18553 4922 27 19 32
281 69 103 80 23 48 39 1138 67 6 78 0 23 16 NA 16 NA 11 67 1 12 12 23 0 0 0 0 1 12 12 23 0 0 0 0 0 120 395 18623 4922 27 21 30
282 83 103 80 23 47 39 1154 45 6 77 0 23 16 NA 16 NA 8 45 1 11 12 23 0 0 0 0 1 11 12 23 0 0 0 0 1 144 395 18683 4923 26 21 30
283 74 101 78 23 46 47 1180 55 4 77 0 24 16 NA 16 NA 12 55 0 11 13 22 0 0 0 0 0 11 13 22 0 0 0 0 1 162 395 18747 4923 24 24 29
284 72 100 77 23 48 46 1174 51 10 78 0 25 16 NA 16 NA 7 51 0 12 10 26 0 0 0 0 0 12 10 26 0 0 0 0 0 119 395 18802 4922 25 20 33
285 78 101 79 22 48 44 1180 47 8 80 0 25 16 NA 16 NA 6 47 0 11 10 27 0 0 0 0 0 11 10 27 0 0 0 0 1 154 396 18881 4920 25 21 34
286 71 100 78 22 49 43 1169 60 7 80 0 25.5 16 NA 16 NA 5 60 0 8 15 26 0 0 0 0 0 8 15 26 0 0 0 0 2 128 396 18944 4920 23 25 32
287 81 97 76 21 51 40 1155 54 11 78 0 26 16 NA 16 NA 8 54 0 11 15 25 0 0 0 0 0 11 15 25 0 0 0 0 1 150 397 19032 4922 24 22 32
288 68 101 79 22 53 48 1167 65 7 78 0 26 16 NA 16 NA 14 65 0 11 15 27 0 0 0 0 0 11 15 27 0 0 0 0 2 158 398 19095 4922 21 24 33
289 91 103 80 23 53 44 1153 70 7 78 0 27 16 NA 16 NA 7 70 1 11 14 27 0 0 0 0 1 11 14 27 0 0 0 0 2 157 399 19162 4922 21 24 33
290 68 103 79 24 52 37 1143 57 7 77 0 28 16 NA 16 NA 3 57 1 8 17 26 0 0 0 0 1 8 17 26 0 0 0 0 1 130 402 19224 4923 17 27 33
291 81 106 80 26 55 37 1150 64 6 76 0 26.5 16 NA 16 NA 8 64 1 9 17 28 0 0 0 0 1 9 17 28 0 0 0 0 3 141 405 19272 4924 17 26 33
292 77 102 77 25 55 34 1140 55 4 76 0 26.5 16 NA 16 NA 3 55 2 8 19 26 0 0 0 0 2 8 19 26 0 0 0 0 0 141 408 19344 4924 18 26 32
293 68 103 77 26 54 33 1157 57 4 75 0 27 16 NA 16 NA 4 57 2 9 18 25 0 0 0 0 2 9 18 25 0 0 0 0 2 150 409 19408 4925 18 25 32
294 71 98 75 23 49 35 1146 60 2 73 0 26.5 16 NA 16 NA 8 60 1 9 15 24 0 0 0 0 1 9 15 24 0 0 0 0 1 136 412 19482 4927 20 22 31
295 69 96 73 23 47 33 1132 56 6 71 0 27 16 NA 16 NA 7 56 1 9 14 23 0 0 0 0 1 9 14 23 0 0 0 0 1 131 414 19559 4929 20 20 31
296 68 96 74 22 47 31 1182 54 6 68 0 25.5 16 NA 16 NA 4 54 1 8 14 24 0 0 0 0 1 8 14 24 0 0 0 0 4 166 416 19611 4932 18 20 30
297 80 94 71 23 45 37 1175 60 4 66 0 24 16 NA 16 NA 10 60 0 6 16 23 0 0 0 0 0 6 16 23 0 0 0 0 2 132 416 19673 4934 17 21 28
298 81 97 74 23 48 31 1169 56 10 66 0 25 16 NA 16 NA 5 56 1 4 15 28 0 0 0 0 1 4 15 28 0 0 0 0 2 122 418 19726 4934 15 19 32
299 57 95 73 22 47 31 1207 48 6 66 0 26 16 NA 16 NA 7 48 1 3 15 28 0 0 0 0 1 3 15 28 0 0 0 0 0 160 419 19783 4934 15 19 32
300 75 94 72 22 45 25 1195 50 5 68 0 26.5 16 NA 16 NA 3 50 1 2 14 28 0 0 0 0 1 2 14 28 0 0 0 0 0 129 422 19855 4932 18 16 34
301 81 96 74 22 44 29 1183 63 2 68 0 26.5 16 NA 16 NA 8 63 1 2 13 28 0 0 0 0 1 2 13 28 0 0 0 0 2 145 424 19931 4932 19 15 34
302 80 95 72 23 45 33 1183 57 5 68 0 27 16 NA 16 NA 10 57 1 3 11 30 0 0 0 0 1 3 11 30 0 0 0 0 1 144 424 19998 4932 19 13 36
303 76 93 70 23 42 34 1184 54 4 70 0 24 16 NA 16 NA 5 54 0 4 9 29 0 0 0 0 0 4 9 29 0 0 0 0 1 147 424 20064 4930 23 12 35
304 75 91 69 22 44 36 1173 75 6 69 0 25 16 NA 16 NA 10 75 0 5 9 30 0 0 0 0 0 5 9 30 0 0 0 0 1 147 426 20125 4931 19 15 35
305 79 98 69 29 44 34 1192 61 4 73 0 25 16 NA 16 NA 4 61 0 5 8 31 0 0 0 0 0 5 8 31 0 0 0 0 3 163 427 20187 4927 23 13 37
306 77 97 67 30 43 33 1169 68 5 69 0 24 16 NA 16 NA 6 68 0 5 8 30 0 0 0 0 0 5 8 30 0 0 0 0 2 139 428 20259 4931 20 14 35
307 77 95 65 30 42 33 1185 45 5 67 0 22 16 NA 16 NA 6 45 0 6 8 28 0 0 0 0 0 6 8 28 0 0 0 0 1 144 430 20328 4933 20 14 33
308 71 95 66 29 43 37 1190 60 6 69 0 23 16 NA 16 NA 9 60 0 8 6 29 0 0 0 0 0 8 6 29 0 0 0 0 2 162 431 20406 4931 23 12 34
309 71 97 68 29 45 33 1205 56 8 71 0 22 16 NA 16 NA 8 56 0 7 8 30 0 0 0 0 0 7 8 30 0 0 0 0 1 159 432 20471 4929 23 13 35
310 71 99 70 29 48 34 1189 58 6 73 0 22 16 NA 16 NA 8 58 0 9 7 32 0 0 0 0 0 9 7 32 0 0 0 0 2 119 436 20532 4927 26 11 36
311 92 102 70 32 48 39 1189 50 5 72 0 22 16 NA 16 NA 12 50 0 10 6 32 0 0 0 0 0 10 6 32 0 0 0 0 1 147 437 20610 4928 25 11 36
312 72 99 68 31 47 39 1185 56 5 70 0 22 16 NA 16 NA 7 56 0 9 7 31 0 0 0 0 0 9 7 31 0 0 0 0 0 131 439 20674 4930 22 13 35
313 72 99 69 30 49 37 1171 56 7 73 0 23 16 NA 16 NA 3 56 0 8 10 31 0 0 0 0 0 8 10 31 0 0 0 0 0 137 440 20745 4927 24 14 35
314 94 94 67 27 46 36 1177 53 6 68 0 23.5 16 NA 16 NA 5 53 0 7 10 29 0 0 0 0 0 7 10 29 0 0 0 0 1 134 441 20803 4932 21 14 33
315 80 93 66 27 47 32 1178 56 5 68 0 24 16 NA 16 NA 4 56 2 4 13 28 0 0 0 0 2 4 13 28 0 0 0 0 0 148 443 20873 4932 17 19 32
316 74 91 65 26 47 37 1143 62 3 66 0 25 16 NA 16 NA 8 62 3 4 11 29 0 0 0 0 3 4 11 29 0 0 0 0 0 115 444 20935 4934 17 16 33
317 70 93 67 26 48 40 1120 62 4 72 0 26 16 NA 16 NA 9 62 2 3 14 29 0 0 0 0 2 3 14 29 0 0 0 0 1 136 446 21016 4928 19 20 33
318 81 91 67 24 49 39 1113 59 6 74 0 27 16 NA 16 NA 6 59 1 5 13 30 0 0 0 0 1 5 13 30 0 0 0 0 1 141 448 21079 4926 22 18 34
319 71 88 66 22 47 36 1138 56 8 71 0 28 16 NA 16 NA 7 56 0 6 12 29 0 0 0 0 0 6 12 29 0 0 0 0 1 150 450 21132 4929 22 16 33
320 72 90 64 26 45 34 1128 36 6 70 0 27 16 NA 16 NA 4 36 0 4 14 27 0 0 0 0 0 4 14 27 0 0 0 0 0 126 450 21220 4930 21 18 31
321 70 88 62 26 42 38 1119 59 4 68 0 25.5 16 NA 16 NA 9 59 0 4 11 27 0 0 0 0 0 4 11 27 0 0 0 0 0 141 451 21296 4932 20 17 31
322 82 87 61 26 39 38 1136 55 2 68 0 25 16 NA 16 NA 7 55 0 4 10 25 0 0 0 0 0 4 10 25 0 0 0 0 2 151 454 21353 4932 20 19 29
323 85 85 61 24 36 38 1138 56 5 66 0 25 16 NA 16 NA 9 56 0 4 9 23 0 0 0 0 0 4 9 23 0 0 0 0 1 139 456 21417 4934 21 18 27
324 76 85 60 25 37 40 1127 60 7 67 0 26 16 NA 16 NA 11 60 0 4 9 24 0 0 0 0 0 4 9 24 0 0 0 0 1 125 458 21471 4933 22 17 28
325 66 86 60 26 39 44 1143 54 6 67 0 26 18 NA 18 NA 11 54 0 4 10 25 0 0 0 0 0 4 10 25 0 0 0 0 2 152 460 21540 4933 21 18 28
326 76 86 59 27 42 46 1148 53 8 67 0 27 18 NA 18 NA 11 53 0 6 10 26 0 0 0 0 0 6 10 26 0 0 0 0 2 125 460 21592 4933 21 16 30
327 80 86 59 27 44 43 1144 45 8 65 0 26 17 NA 17 NA 3 45 1 8 7 28 0 0 0 0 1 8 7 28 0 0 0 0 1 133 460 21664 4935 20 13 32
328 76 85 58 27 41 40 1170 50 4 63 0 24 18 NA 18 NA 4 50 0 8 7 26 0 0 0 0 0 8 7 26 0 0 0 0 2 149 463 21720 4937 20 14 29
329 77 86 60 26 38 35 1164 69 9 60 0 24 18 NA 18 NA 7 69 0 4 7 27 0 0 0 0 0 4 7 27 0 0 0 0 3 145 465 21788 4940 15 14 31
330 85 86 60 26 38 38 1175 52 5 57 0 23 19 NA 19 NA 9 52 0 4 10 24 0 0 0 0 0 4 10 24 0 0 0 0 1 154 467 21850 4943 14 16 27
331 80 82 56 26 35 37 1185 54 5 53 0 21.5 19 NA 19 NA 7 54 1 4 9 21 0 0 0 0 1 4 9 21 0 0 0 0 0 155 468 21926 4947 14 15 24
332 87 75 52 23 33 37 1197 59 5 51 0 22 18 NA 18 NA 8 59 2 3 8 20 0 0 0 0 2 3 8 20 0 0 0 0 1 153 470 21986 4949 15 14 22
333 83 73 52 21 29 34 1183 59 7 48 0 21 19 NA 19 NA 6 59 1 3 8 17 0 0 0 0 1 3 8 17 0 0 0 0 2 142 471 22059 4952 15 13 20
334 79 76 53 23 30 31 1194 49 7 48 0 19 19.5 NA 19.5 NA 6 49 1 4 8 17 0 0 0 0 1 4 8 17 0 0 0 0 2 147 474 22131 4952 14 13 21
335 78 76 53 23 31 30 1208 56 4 49 0 19 20 NA 20 NA 4 56 1 4 9 17 0 0 0 0 1 4 9 17 0 0 0 0 1 145 474 22188 4951 15 14 20
336 69 81 54 27 31 31 1217 62 3 49 0 16 20 NA 20 NA 7 62 1 3 9 18 0 0 0 0 1 3 9 18 0 0 0 0 2 151 476 22252 4951 15 14 20
337 76 83 55 28 30 30 1188 48 4 50 0 17 20.5 NA 20.5 NA 6 48 1 2 9 18 0 0 0 0 1 2 9 18 0 0 0 0 3 109 477 22323 4950 16 14 20
338 82 85 57 28 31 27 1186 54 7 51 0 18 21 NA 21 NA 7 54 1 2 10 18 0 0 0 0 1 2 10 18 0 0 0 0 2 135 481 22388 4949 16 15 20
339 69 85 57 28 31 27 1197 47 6 50 0 17 21 NA 21 NA 8 47 0 3 10 18 0 0 0 0 0 3 10 18 0 0 0 0 2 140 483 22455 4950 16 13 21
340 79 87 58 29 30 27 1199 48 5 51 0 17 21 NA 21 NA 7 48 0 2 10 18 0 0 0 0 0 2 10 18 0 0 0 0 1 138 484 22524 4949 16 14 21
341 81 87 58 29 29 26 1176 42 3 53 0 16 21 NA 21 NA 2 42 0 2 7 20 0 0 0 0 0 2 7 20 0 0 0 0 2 127 484 22607 4947 21 9 23
342 81 86 58 28 28 29 1169 51 5 55 0 16 20.5 NA 20.5 NA 8 51 0 3 5 20 0 0 0 0 0 3 5 20 0 0 0 0 0 144 484 22688 4945 24 8 23
343 87 84 57 27 28 25 1167 58 4 51 0 14.5 20 NA 20 NA 3 58 1 3 6 18 0 0 0 0 1 3 6 18 0 0 0 0 3 157 487 22766 4949 21 9 21
344 75 83 55 28 26 24 1174 43 4 50 0 15 20.5 NA 20.5 NA 2 43 1 2 5 18 0 0 0 0 1 2 5 18 0 0 0 0 1 146 487 22837 4950 19 10 21
345 87 80 53 27 26 27 1172 59 2 49 0 16 20 NA 20 NA 7 59 2 2 5 17 0 0 0 0 2 2 5 17 0 0 0 0 0 143 488 22908 4951 19 10 20
346 72 81 55 26 27 26 1153 56 4 51 0 17 20 NA 20 NA 5 56 2 3 5 17 0 0 0 0 2 3 5 17 0 0 0 0 2 133 489 22988 4949 21 9 21
347 69 79 53 26 26 27 1143 57 2 49 0 17 20 NA 20 NA 5 57 2 3 4 17 0 0 0 0 2 3 4 17 0 0 0 0 1 133 491 23057 4951 21 9 19
348 80 83 58 25 25 34 1123 59 5 52 0 15 20 NA 20 NA 12 59 2 3 5 15 0 0 0 0 2 3 5 15 0 0 0 0 4 139 492 23139 4948 25 10 17
349 63 80 56 24 25 33 1124 50 8 52 0 15.5 20 NA 20 NA 7 50 2 3 5 15 0 0 0 0 2 3 5 15 0 0 0 0 0 121 492 23192 4948 24 11 17
350 75 81 57 24 28 34 1134 50 10 54 0 16 20 NA 20 NA 9 50 1 6 6 15 0 0 0 0 1 6 6 15 0 0 0 0 0 136 493 23251 4946 24 12 18
351 69 82 57 25 30 31 1143 54 8 56 0 17 19.5 NA 19.5 NA 5 54 1 8 7 14 0 0 0 0 1 8 7 14 0 0 0 0 2 136 495 23310 4944 27 12 17
352 72 84 58 26 30 30 1152 42 4 59 0 18 19.5 NA 19.5 NA 6 42 1 8 6 15 0 0 0 0 1 8 6 15 0 0 0 0 1 124 498 23369 4941 28 13 18
353 78 83 58 25 29 33 1157 68 4 60 0 18 19 NA 19 NA 9 68 0 7 8 14 0 0 0 0 0 7 8 14 0 0 0 0 1 145 500 23426 4940 27 16 17
354 65 85 60 25 31 33 1144 60 7 61 0 18 20 NA 20 NA 8 60 0 8 8 15 0 0 0 0 0 8 8 15 0 0 0 0 0 129 500 23496 4939 28 15 18
355 89 85 60 25 33 33 1114 72 4 65 0 19 20 NA 20 NA 5 72 0 10 7 16 0 0 0 0 0 10 7 16 0 0 0 0 0 131 502 23565 4935 31 15 19
356 84 82 58 24 34 32 1115 54 5 64 0 20 19.5 NA 19.5 NA 2 54 0 11 6 17 0 0 0 0 0 11 6 17 0 0 0 0 0 155 503 23644 4936 31 13 20
357 57 86 61 25 35 33 1110 51 7 64 0 20.5 20 NA 20 NA 8 51 0 10 9 16 0 0 0 0 0 10 9 16 0 0 0 0 3 136 503 23718 4936 30 15 19
358 66 84 59 25 33 37 1125 51 4 65 0 21 20 NA 20 NA 10 51 0 8 9 16 0 0 0 0 0 8 9 16 0 0 0 0 0 142 505 23781 4935 29 17 19
359 80 86 62 24 35 38 1145 48 7 65 0 22 20 NA 20 NA 8 48 0 9 10 16 0 0 0 0 0 9 10 16 0 0 0 0 2 152 505 23851 4935 28 18 19
360 80 83 61 22 33 39 1132 57 9 64 0 22 20 NA 20 NA 8 57 0 7 10 16 0 0 0 0 0 7 10 16 0 0 0 0 1 135 505 23924 4936 27 19 18
