1 73 96 82 14 44 27 1201 65 12 75 0 26 18 NA 18 NA 6 65 1 5 16 22 0 0 0 0 1 5 16 22 0 0 0 0 1 110 0 0 4925 19 27 29
2 80 96 82 14 44 22 1288 42 9 75 0 26.5 18 NA 18 NA 4 42 1 4 16 23 0 0 0 0 1 4 16 23 0 0 0 0 1 155 0 0 4925 19 26 30
3 92 95 82 13 42 27 1314 56 5 74 0 27 18 NA 18 NA 9 56 1 5 14 22 0 0 0 0 1 5 14 22 0 0 0 0 2 114 0 0 4926 19 25 30
4 69 92 79 13 40 26 1388 57 7 71 0 27 17.5 NA 17.5 NA 6 57 1 5 13 21 0 0 0 0 1 5 13 21 0 0 0 0 1 151 0 0 4929 19 25 27
5 84 89 78 11 37 22 1408 78 7 65 0 25 18 NA 18 NA 4 78 1 5 14 17 0 0 0 0 1 5 14 17 0 0 0 0 3 127 0 0 4935 20 24 21
6 96 85 74 11 35 32 1467 76 3 62 0 26 18 NA 18 NA 13 76 0 4 13 18 0 0 0 0 0 4 13 18 0 0 0 0 0 168 0 0 4938 18 22 22
7 75 84 74 10 35 38 1498 66 4 61 0 24.5 18 NA 18 NA 9 66 0 5 14 16 0 0 0 0 0 5 14 16 0 0 0 0 0 119 0 0 4939 18 21 22
8 73 83 73 10 36 39 1531 88 10 60 0 24 17.5 NA 17.5 NA 12 88 1 6 13 16 0 0 0 0 1 6 13 16 0 0 0 0 1 143 0 0 4940 17 21 22
9 79 84 70 14 38 43 1555 74 5 60 0 23.5 17.5 NA 17.5 NA 9 74 1 7 13 17 0 0 0 0 1 7 13 17 0 0 0 0 2 122 0 0 4940 18 20 22
10 68 84 71 13 38 52 1587 88 4 63 0 23.5 18 NA 18 NA 11 88 0 9 11 18 0 0 0 0 0 9 11 18 0 0 0 0 1 144 0 0 4937 21 19 23
11 76 86 72 14 44 49 1606 86 16 65 0 24 18 NA 18 NA 11 86 0 11 13 20 0 0 0 0 0 11 13 20 0 0 0 0 2 130 0 0 4935 19 19 27
12 58 86 72 14 44 60 1609 80 2 63 0 25 18 NA 18 NA 14 80 0 10 12 22 0 0 0 0 0 10 12 22 0 0 0 0 2 105 0 0 4937 17 17 29
13 79 88 73 15 44 52 1062 48 7 61 0 24 18 NA 18 NA 8 48 0 10 11 23 0 0 0 0 0 10 11 23 0 0 0 0 3 115 6 600 4939 17 15 29
14 78 89 74 15 44 51 1079 53 10 61 0 23 18 NA 18 NA 9 53 0 9 11 24 0 0 0 0 0 9 11 24 0 0 0 0 0 160 6 675 4939 17 15 29
15 65 91 76 15 46 48 1080 52 7 63 0 23 18 NA 18 NA 3 52 0 9 12 25 0 0 0 0 0 9 12 25 0 0 0 0 1 125 6 729 4937 18 15 30
16 73 90 74 16 45 47 1103 56 5 62 0 23 18 NA 18 NA 6 56 0 9 13 23 0 0 0 0 0 9 13 23 0 0 0 0 1 171 9 800 4938 17 16 29
17 65 93 77 16 47 47 1123 67 7 63 0 23 18 NA 18 NA 8 67 1 9 14 23 0 0 0 0 1 9 14 23 0 0 0 0 1 162 10 850 4937 18 16 29
18 90 94 78 16 45 48 1137 53 4 62 0 21 18 NA 18 NA 8 53 1 7 15 22 0 0 0 0 1 7 15 22 0 0 0 0 2 170 12 926 4938 17 17 28
19 66 93 77 16 45 49 1167 53 6 62 0 22 18 NA 18 NA 9 53 1 7 15 22 0 0 0 0 1 7 15 22 0 0 0 0 0 153 14 978 4938 17 16 29
20 80 94 79 15 44 44 1155 48 9 63 0 22.5 18 NA 18 NA 9 48 0 7 14 23 0 0 0 0 0 7 14 23 0 0 0 0 2 116 17 1039 4937 18 15 30
21 73 94 79 15 44 33 1164 58 8 67 0 23 18 NA 18 NA 3 58 0 7 14 23 0 0 0 0 0 7 14 23 0 0 0 0 1 138 22 1092 4933 21 16 30
22 79 94 79 15 44 32 1154 54 5 67 0 24 19 NA 19 NA 5 54 0 4 15 25 0 0 0 0 0 4 15 25 0 0 0 0 1 132 24 1158 4933 18 18 31
23 78 94 78 16 45 35 1157 55 3 69 0 25 19 NA 19 NA 11 55 0 3 13 29 0 0 0 0 0 3 13 29 0 0 0 0 1 133 28 1217 4931 18 16 35
24 69 95 79 16 45 33 1187 64 7 69 0 26 18 NA 18 NA 7 64 0 4 12 29 0 0 0 0 0 4 12 29 0 0 0 0 0 161 31 1267 4931 19 15 35
25 79 95 78 17 46 32 1219 52 3 70 0 26 18 NA 18 NA 4 52 1 4 12 29 0 0 0 0 1 4 12 29 0 0 0 0 1 155 32 1316 4930 22 15 33
26 78 96 79 17 45 34 1218 47 3 71 0 23.5 18 NA 18 NA 8 47 1 4 11 29 0 0 0 0 1 4 11 29 0 0 0 0 2 144 34 1393 4929 23 15 33
27 82 96 78 18 44 36 1212 55 2 72 0 23.5 18 NA 18 NA 7 55 1 4 10 29 0 0 0 0 1 4 10 29 0 0 0 0 0 134 36 1452 4928 24 15 33
28 70 95 77 18 44 31 1184 56 8 73 0 24 18 NA 18 NA 3 56 1 3 10 30 0 0 0 0 1 3 10 30 0 0 0 0 1 141 36 1542 4927 25 14 34
29 69 93 76 17 42 31 1189 52 4 73 0 23 18 NA 18 NA 4 52 1 3 9 29 0 0 0 0 1 3 9 29 0 0 0 0 1 150 36 1620 4927 27 13 33
30 86 91 74 17 41 35 1169 48 3 73 0 22 17 NA 17 NA 5 48 1 5 7 28 0 0 0 0 1 5 7 28 0 0 0 0 1 137 37 1701 4927 29 12 32
31 76 93 75 18 42 40 1154 60 5 72 0 22 16 NA 16 NA 13 60 2 6 8 26 0 0 0 0 2 6 8 26 0 0 0 0 3 143 40 1779 4928 29 13 30
32 74 93 75 18 40 34 1177 63 9 72 0 23 16 NA 16 NA 5 63 1 6 9 24 0 0 0 0 1 6 9 24 0 0 0 0 0 158 42 1834 4928 29 15 28
33 94 94 76 18 42 30 1173 53 10 71 0 23.5 16.5 NA 16.5 NA 9 53 1 6 12 23 0 0 0 0 1 6 12 23 0 0 0 0 3 127 45 1892 4929 24 19 28
34 69 93 75 18 41 37 1175 67 1 72 0 24 17 NA 17 NA 8 67 1 6 8 26 0 0 0 0 1 6 8 26 0 0 0 0 1 148 45 1959 4928 24 17 31
35 75 91 75 16 39 39 1163 72 6 72 0 25 17 NA 17 NA 9 72 1 6 6 26 0 0 0 0 1 6 6 26 0 0 0 0 1 148 46 2031 4928 24 17 31
36 103 93 76 17 40 35 1134 55 7 71 0 25 17 NA 17 NA 7 55 1 7 6 26 0 0 0 0 1 7 6 26 0 0 0 0 3 137 49 2109 4929 23 18 30
37 77 94 78 16 41 35 1134 62 6 73 0 24.5 17 NA 17 NA 5 62 1 8 7 25 0 0 0 0 1 8 7 25 0 0 0 0 1 155 50 2182 4927 22 22 29
38 79 97 79 18 41 30 1170 45 8 73 0 25 17 NA 17 NA 6 45 1 8 8 24 0 0 0 0 1 8 8 24 0 0 0 0 2 159 53 2241 4927 21 23 29
39 64 98 80 18 42 29 1191 44 6 73 0 26 17 NA 17 NA 5 44 1 7 9 25 0 0 0 0 1 7 9 25 0 0 0 0 1 144 54 2302 4927 19 24 30
40 81 98 81 17 44 35 1176 71 5 73 0 26.5 17.5 NA 17.5 NA 8 71 0 7 11 26 0 0 0 0 0 7 11 26 0 0 0 0 1 130 54 2360 4927 18 25 30
41 71 100 82 18 43 31 1150 51 7 74 0 26.5 17 NA 17 NA 6 51 0 5 12 26 0 0 0 0 0 5 12 26 0 0 0 0 1 126 57 2442 4926 17 27 30
42 59 100 82 18 43 38 1175 64 5 73 0 26.5 18 NA 18 NA 14 64 0 5 13 25 0 0 0 0 0 5 13 25 0 0 0 0 2 147 59 2491 4927 16 28 29
43 70 99 80 19 40 38 1185 48 7 73 0 26 17 NA 17 NA 7 48 0 4 13 23 0 0 0 0 0 4 13 23 0 0 0 0 1 131 60 2546 4927 18 27 28
44 72 99 79 20 42 39 1161 64 5 74 0 27 17 NA 17 NA 7 64 0 4 14 24 0 0 0 0 0 4 14 24 0 0 0 0 1 136 61 2621 4926 18 26 30
45 66 98 78 20 43 36 1192 52 7 75 0 28 17 NA 17 NA 6 52 0 4 11 28 0 0 0 0 0 4 11 28 0 0 0 0 1 153 62 2676 4925 18 23 34
46 69 98 76 22 45 33 1194 52 7 74 0 28.5 17 NA 17 NA 6 52 0 4 14 27 0 0 0 0 0 4 14 27 0 0 0 0 3 147 65 2745 4926 17 24 33
47 71 100 77 23 48 31 1189 43 10 74 0 29 17 NA 17 NA 9 43 0 5 14 29 0 0 0 0 0 5 14 29 0 0 0 0 2 126 69 2813 4926 15 24 35
48 71 102 77 25 50 28 1174 65 8 77 0 28.5 17.5 NA 17.5 NA 6 65 0 7 14 29 0 0 0 0 0 7 14 29 0 0 0 0 1 147 71 2882 4923 19 23 35
49 77 99 73 26 51 23 1150 51 8 74 0 29 17 NA 17 NA 3 51 1 8 13 29 0 0 0 0 1 8 13 29 0 0 0 0 2 133 71 2966 4926 17 21 36
50 78 101 75 26 50 27 1122 69 4 75 0 28 17 NA 17 NA 8 69 1 8 13 28 0 0 0 0 1 8 13 28 0 0 0 0 2 127 72 3034 4925 18 20 37
51 89 108 82 26 51 31 1107 58 7 76 0 26 17 NA 17 NA 10 58 1 9 11 30 0 0 0 0 1 9 11 30 0 0 0 0 4 142 72 3106 4924 19 18 39
52 83 107 81 26 52 33 1089 59 6 76 0 27 16.5 NA 16.5 NA 7 59 1 10 10 31 0 0 0 0 1 10 10 31 0 0 0 0 0 133 73 3175 4924 20 17 39
53 82 107 81 26 51 38 1109 57 4 75 0 24 17 NA 17 NA 8 57 1 8 10 32 0 0 0 0 1 8 10 32 0 0 0 0 1 162 74 3241 4925 20 16 39
54 74 103 77 26 51 38 1129 48 6 72 0 25 17 NA 17 NA 7 48 1 9 9 32 0 0 0 0 1 9 9 32 0 0 0 0 0 149 75 3306 4928 19 15 38
55 82 104 79 25 48 36 1127 54 3 69 0 23 17 NA 17 NA 7 54 1 7 8 32 0 0 0 0 1 7 8 32 0 0 0 0 3 132 80 3362 4931 18 15 36
56 59 107 82 25 48 35 1142 53 5 69 0 20 17 NA 17 NA 7 53 1 6 7 34 0 0 0 0 1 6 7 34 0 0 0 0 2 129 82 3411 4931 17 14 38
57 69 108 81 27 47 32 1143 57 9 68 0 21 17 NA 17 NA 6 57 1 7 7 32 0 0 0 0 1 7 7 32 0 0 0 0 3 144 82 3484 4932 18 14 36
58 52 106 80 26 45 34 1144 64 8 67 0 20 16 NA 16 NA 7 64 1 8 8 28 0 0 0 0 1 8 8 28 0 0 0 0 2 142 82 3550 4933 21 14 32
59 61 106 80 26 48 41 1144 72 7 68 0 20.5 16 NA 16 NA 13 72 1 11 7 29 0 0 0 0 1 11 7 29 0 0 0 0 1 144 82 3603 4932 23 12 33
60 68 110 82 28 49 30 1156 46 10 71 0 20 16 NA 16 NA 1 46 0 11 9 29 0 0 0 0 0 11 9 29 0 0 0 0 4 140 82 3668 4929 22 16 33
61 81 110 82 28 47 32 1158 47 2 70 0 18.5 16 NA 16 NA 6 47 0 11 8 28 0 0 0 0 0 11 8 28 0 0 0 0 1 131 83 3726 4930 23 14 33
62 96 107 79 28 46 37 1137 56 3 69 0 19 15.5 NA 15.5 NA 8 56 0 8 11 27 0 0 0 0 0 8 11 27 0 0 0 0 2 118 83 3790 4931 21 16 32
63 83 104 75 29 42 39 1121 67 7 72 0 18.5 15.5 NA 15.5 NA 11 67 0 7 12 23 0 0 0 0 0 7 12 23 0 0 0 0 1 137 85 3865 4928 27 17 28
64 88 103 75 28 42 36 1128 51 5 70 0 19 15.5 NA 15.5 NA 5 51 0 7 12 23 0 0 0 0 0 7 12 23 0 0 0 0 1 137 89 3925 4930 24 19 27
65 78 103 78 25 42 32 1126 61 7 70 0 18 15 NA 15 NA 5 61 1 7 12 22 0 0 0 0 1 7 12 22 0 0 0 0 0 156 92 3999 4930 26 18 26
66 93 108 79 29 43 31 1120 51 2 69 0 16.5 15 NA 15 NA 4 51 1 7 12 23 0 0 0 0 1 7 12 23 0 0 0 0 5 133 92 4072 4931 24 18 27
67 68 107 78 29 43 29 1135 52 4 73 0 17 14 NA 14 NA 3 52 1 8 11 23 0 0 0 0 1 8 11 23 0 0 0 0 2 149 95 4142 4927 28 17 28
68 67 110 81 29 43 36 1152 49 3 76 0 17 14 NA 14 NA 9 49 1 8 10 24 0 0 0 0 1 8 10 24 0 0 0 0 3 139 96 4197 4924 31 16 29
69 86 107 79 28 45 31 1131 59 7 76 0 18 14 NA 14 NA 3 59 1 10 11 23 0 0 0 0 1 10 11 23 0 0 0 0 1 135 100 4278 4924 32 17 27
70 65 109 81 28 48 34 1134 48 6 77 0 19 15 NA 15 NA 8 48 1 11 12 24 0 0 0 0 1 11 12 24 0 0 0 0 1 137 100 4345 4923 31 18 28
71 82 107 79 28 49 32 1141 46 8 78 0 20 15 NA 15 NA 7 46 1 11 13 24 0 0 0 0 1 11 13 24 0 0 0 0 0 140 102 4408 4922 31 19 28
72 68 105 78 27 49 30 1116 69 4 80 0 21 16 NA 16 NA 4 69 1 12 10 26 0 0 0 0 1 12 10 26 0 0 0 0 0 133 104 4479 4920 34 15 31
73 76 105 78 27 48 35 1131 48 1 79 0 22 16 NA 16 NA 6 48 1 12 10 25 0 0 0 0 1 12 10 25 0 0 0 0 2 141 104 4539 4921 32 16 31
74 84 102 76 26 47 35 1134 60 8 77 0 23 16 NA 16 NA 5 60 1 11 9 26 0 0 0 0 1 11 9 26 0 0 0 0 0 137 104 4590 4923 29 16 32
75 84 106 81 25 48 35 1156 53 6 77 0 24 16 NA 16 NA 7 53 1 8 14 25 0 0 0 0 1 8 14 25 0 0 0 0 2 157 106 4650 4923 23 23 31
76 73 104 80 24 49 32 1151 57 6 75 0 25 16 NA 16 NA 7 57 1 9 14 25 0 0 0 0 1 9 14 25 0 0 0 0 1 140 110 4718 4925 21 21 33
77 78 107 82 25 50 29 1132 52 8 78 0 25 16 NA 16 NA 6 52 1 7 16 26 0 0 0 0 1 7 16 26 0 0 0 0 2 127 111 4795 4922 21 23 34
78 82 107 83 24 49 24 1145 55 7 80 0 25 16 NA 16 NA 5 55 0 8 15 26 0 0 0 0 0 8 15 26 0 0 0 0 2 152 113 4863 4920 24 22 34
79 93 103 82 21 47 26 1168 66 5 76 0 26 16 NA 16 NA 7 66 0 5 15 27 0 0 0 0 0 5 15 27 0 0 0 0 1 172 115 4927 4924 18 24 34
80 81 106 84 22 46 27 1179 59 4 79 0 25 16.5 NA 16.5 NA 5 59 0 5 15 26 0 0 0 0 0 5 15 26 0 0 0 0 3 157 115 4994 4921 21 25 33
81 88 102 81 21 44 25 1196 58 6 76 0 26 16.5 NA 16.5 NA 5 58 0 4 16 24 0 0 0 0 0 4 16 24 0 0 0 0 0 150 116 5049 4924 20 25 31
82 76 101 82 19 44 28 1186 65 4 75 0 27 16.5 NA 16.5 NA 8 65 0 4 15 25 0 0 0 0 0 4 15 25 0 0 0 0 0 138 118 5110 4925 21 22 32
83 72 102 83 19 46 33 1185 55 4 74 0 26.5 16 NA 16 NA 8 55 1 5 14 26 0 0 0 0 1 5 14 26 0 0 0 0 0 144 118 5178 4926 21 20 33
84 70 104 84 20 49 27 1204 63 12 74 0 26.5 17 NA 17 NA 6 63 1 6 16 26 0 0 0 0 1 6 16 26 0 0 0 0 2 151 119 5226 4926 18 23 33
85 89 101 84 17 44 29 1201 65 7 70 0 25 16.5 NA 16.5 NA 8 65 1 5 17 21 0 0 0 0 1 5 17 21 0 0 0 0 0 148 119 5295 4930 18 22 30
86 78 97 80 17 39 30 1210 50 3 65 0 23 17 NA 17 NA 6 50 1 4 16 18 0 0 0 0 1 4 16 18 0 0 0 0 1 137 121 5354 4935 17 21 27
87 64 97 79 18 37 38 1189 69 3 65 0 20 17 NA 17 NA 11 69 1 4 12 20 0 0 0 0 1 4 12 20 0 0 0 0 1 133 122 5420 4935 20 16 29
88 73 99 82 17 37 38 1184 53 5 67 0 20 17 NA 17 NA 6 53 1 5 10 21 0 0 0 0 1 5 10 21 0 0 0 0 2 137 124 5494 4933 23 14 30
89 81 97 80 17 38 32 1185 52 8 68 0 21 16.5 NA 16.5 NA 2 52 1 7 9 21 0 0 0 0 1 7 9 21 0 0 0 0 0 134 125 5558 4932 26 13 29
90 69 95 80 15 39 38 1177 56 4 68 0 22 16 NA 16 NA 10 56 0 9 10 20 0 0 0 0 0 9 10 20 0 0 0 0 0 133 125 5625 4932 27 15 26
91 79 94 79 15 38 37 1179 47 6 67 0 21.5 16 NA 16 NA 6 47 0 8 7 23 0 0 0 0 0 8 7 23 0 0 0 0 0 145 126 5701 4933 27 11 29
92 81 96 75 21 36 34 1170 67 9 67 0 17 16 NA 16 NA 7 67 0 7 10 19 0 0 0 0 0 7 10 19 0 0 0 0 2 155 128 5775 4933 26 15 26
93 62 97 76 21 36 34 1174 70 5 66 0 18 16 NA 16 NA 5 70 0 7 10 19 0 0 0 0 0 7 10 19 0 0 0 0 2 168 129 5846 4934 25 16 25
94 67 98 77 21 37 40 1203 65 6 68 0 18 16 NA 16 NA 11 65 0 8 11 18 0 0 0 0 0 8 11 18 0 0 0 0 0 170 131 5904 4932 26 18 24
95 66 95 75 20 35 33 1192 68 8 66 0 19 16 NA 16 NA 6 68 0 7 10 18 0 0 0 0 0 7 10 18 0 0 0 0 1 145 134 5974 4934 25 17 24
96 67 95 76 19 36 38 1174 57 6 67 0 20 16 NA 16 NA 10 57 0 7 10 19 0 0 0 0 0 7 10 19 0 0 0 0 1 127 135 6042 4933 27 14 26
97 69 96 76 20 39 34 1201 44 11 68 0 20 16 NA 16 NA 5 44 0 11 10 18 0 0 0 0 0 11 10 18 0 0 0 0 4 158 137 6111 4932 28 15 25
98 73 93 76 17 40 33 1210 48 6 66 0 21 16 NA 16 NA 8 48 0 12 9 19 0 0 0 0 0 12 9 19 0 0 0 0 1 144 140 6174 4934 28 14 24
99 87 93 75 18 45 32 1182 66 11 69 0 22 16 NA 16 NA 8 66 1 12 13 19 0 0 0 0 1 12 13 19 0 0 0 0 0 137 141 6238 4931 27 18 24
100 71 92 74 18 45 30 1159 67 6 71 0 23 16 NA 16 NA 6 67 2 10 14 19 0 0 0 0 2 10 14 19 0 0 0 0 0 133 142 6309 4929 27 20 24
101 71 91 74 17 49 34 1160 60 8 70 0 24 16 NA 16 NA 9 60 2 11 17 19 0 0 0 0 2 11 17 19 0 0 0 0 0 142 144 6372 4930 24 23 23
102 76 92 75 17 50 34 1174 64 8 70 0 24.5 16.5 NA 16.5 NA 7 64 2 11 17 20 0 0 0 0 2 11 17 20 0 0 0 0 2 144 144 6425 4930 23 22 25
103 87 91 75 16 49 35 1169 61 7 69 0 24 18 NA 18 NA 7 61 1 10 18 20 0 0 0 0 1 10 18 20 0 0 0 0 0 144 144 6491 4931 22 22 25
104 75 90 74 16 50 36 1151 56 6 70 0 24.5 18 NA 18 NA 9 56 1 10 15 24 0 0 0 0 1 10 15 24 0 0 0 0 2 131 147 6562 4930 22 20 28
105 76 91 74 17 49 37 1134 61 9 69 0 25 18 NA 18 NA 10 61 1 9 14 25 0 0 0 0 1 9 14 25 0 0 0 0 3 137 149 6632 4931 22 19 28
106 66 92 76 16 51 36 1135 59 9 71 0 25.5 18 NA 18 NA 9 59 2 9 14 26 0 0 0 0 2 9 14 26 0 0 0 0 1 151 150 6705 4929 23 19 29
107 72 92 76 16 50 29 1129 57 8 70 0 24.5 18.5 NA 18.5 NA 3 57 2 8 15 25 0 0 0 0 2 8 15 25 0 0 0 0 2 140 152 6781 4930 22 20 28
108 82 95 78 17 51 30 1119 59 2 72 0 25 19 NA 19 NA 7 59 1 8 17 25 0 0 0 0 1 8 17 25 0 0 0 0 2 139 155 6844 4928 22 22 28
109 74 91 74 17 48 30 1108 59 5 71 0 25 18.5 NA 18.5 NA 4 59 1 6 19 22 0 0 0 0 1 6 19 22 0 0 0 0 0 157 155 6935 4929 23 23 25
110 78 92 75 17 46 30 1100 55 4 68 0 23.5 18 NA 18 NA 6 55 1 5 20 20 0 0 0 0 1 5 20 20 0 0 0 0 4 124 156 6996 4932 22 24 22
111 72 94 77 17 47 31 1125 44 5 68 0 24 18 NA 18 NA 4 44 1 5 19 22 0 0 0 0 1 5 19 22 0 0 0 0 3 142 156 7051 4932 19 24 25
112 72 92 75 17 45 27 1141 63 7 64 0 24 18 NA 18 NA 3 63 1 5 19 20 0 0 0 0 1 5 19 20 0 0 0 0 2 153 156 7109 4936 17 23 24
113 75 91 72 19 45 30 1150 48 4 62 0 24 17 NA 17 NA 6 48 2 5 16 22 0 0 0 0 2 5 16 22 0 0 0 0 0 131 156 7168 4938 16 20 26
114 84 91 74 17 45 36 1150 49 2 63 0 24 17 NA 17 NA 8 49 0 8 15 22 0 0 0 0 0 8 15 22 0 0 0 0 3 125 157 7230 4937 17 20 26
115 82 92 76 16 45 30 1154 54 8 65 0 24 18 NA 18 NA 2 54 0 8 15 22 0 0 0 0 0 8 15 22 0 0 0 0 0 137 158 7292 4935 19 19 27
116 81 93 76 17 45 29 1172 59 5 67 0 24 18 NA 18 NA 4 59 0 5 16 24 0 0 0 0 0 5 16 24 0 0 0 0 2 158 158 7353 4933 17 20 30
117 75 96 78 18 45 30 1150 58 5 67 0 24.5 17 NA 17 NA 8 58 0 7 14 24 0 0 0 0 0 7 14 24 0 0 0 0 3 126 162 7427 4933 18 19 30
118 84 96 78 18 45 27 1159 55 6 69 0 25.5 17 NA 17 NA 8 55 0 7 13 25 0 0 0 0 0 7 13 25 0 0 0 0 2 164 166 7506 4931 18 20 31
119 74 98 80 18 44 27 1168 52 6 70 0 25 17 NA 17 NA 8 52 0 7 11 26 0 0 0 0 0 7 11 26 0 0 0 0 0 138 169 7560 4930 19 19 32
120 91 96 77 19 45 29 1161 48 6 69 0 24.5 17 NA 17 NA 7 48 0 6 11 28 0 0 0 0 0 6 11 28 0 0 0 0 1 130 169 7625 4931 19 19 31
121 77 97 78 19 45 29 1133 63 5 68 0 25 17 NA 17 NA 6 63 0 5 11 29 0 0 0 0 0 5 11 29 0 0 0 0 2 135 170 7702 4932 17 19 32
122 75 95 76 19 44 31 1150 49 3 68 0 25 17 NA 17 NA 5 49 0 5 11 28 0 0 0 0 0 5 11 28 0 0 0 0 1 155 170 7767 4932 19 18 31
123 92 92 75 17 44 24 1159 53 8 67 0 26 17 NA 17 NA 3 53 0 5 9 30 0 0 0 0 0 5 9 30 0 0 0 0 0 149 173 7835 4933 20 13 34
124 77 91 74 17 45 25 1164 54 3 68 0 27 17 NA 17 NA 4 54 0 6 8 31 0 0 0 0 0 6 8 31 0 0 0 0 0 148 173 7905 4932 21 12 35
125 73 92 76 16 44 25 1170 59 4 64 0 23 17 NA 17 NA 3 59 0 6 8 30 0 0 0 0 0 6 8 30 0 0 0 0 3 149 173 7970 4936 19 12 33
126 63 92 75 17 42 26 1206 48 1 64 0 23 17 NA 17 NA 2 48 0 4 10 28 0 0 0 0 0 4 10 28 0 0 0 0 1 155 173 8022 4936 19 14 31
127 68 94 78 16 40 25 1225 61 3 65 0 23 17 NA 17 NA 5 61 0 3 11 26 0 0 0 0 0 3 11 26 0 0 0 0 2 152 176 8082 4935 19 17 29
128 81 92 77 15 40 26 1188 65 4 65 0 24 17 NA 17 NA 4 65 0 4 8 28 0 0 0 0 0 4 8 28 0 0 0 0 0 138 177 8166 4935 18 15 32
129 68 89 74 15 40 28 1219 65 4 66 0 24 17 NA 17 NA 6 65 0 5 9 26 0 0 0 0 0 5 9 26 0 0 0 0 0 174 178 8228 4934 20 16 30
130 72 89 72 17 41 29 1204 61 5 67 0 24 16 NA 16 NA 6 61 0 7 9 25 0 0 0 0 0 7 9 25 0 0 0 0 0 145 179 8308 4933 22 16 29
131 69 90 73 17 44 29 1209 50 8 69 0 24.5 16 NA 16 NA 8 50 1 8 10 25 0 0 0 0 1 8 10 25 0 0 0 0 1 144 181 8380 4931 23 16 30
132 75 83 68 15 42 34 1222 62 7 66 0 24 17 NA 17 NA 12 62 1 7 8 26 0 0 0 0 1 7 8 26 0 0 0 0 0 140 182 8434 4934 23 14 29
133 82 85 70 15 46 37 1222 71 8 68 0 25 16.5 NA 16.5 NA 12 71 1 10 7 28 0 0 0 0 1 10 7 28 0 0 0 0 1 145 184 8492 4932 25 12 31
134 85 88 71 17 46 28 1219 68 12 66 0 22.5 16 NA 16 NA 2 68 1 12 8 25 0 0 0 0 1 12 8 25 0 0 0 0 5 161 185 8560 4934 24 14 28
135 71 88 71 17 48 33 1229 53 6 64 0 20.5 15.5 NA 15.5 NA 8 53 1 15 9 23 0 0 0 0 1 15 9 23 0 0 0 0 3 156 185 8635 4936 22 16 26
136 76 85 69 16 46 39 1234 60 7 60 0 21 15.5 NA 15.5 NA 12 60 1 16 10 19 0 0 0 0 1 16 10 19 0 0 0 0 1 150 186 8705 4940 22 16 22
137 90 90 69 21 46 36 1219 53 8 64 0 20 15.5 NA 15.5 NA 8 53 1 16 9 20 0 0 0 0 1 16 9 20 0 0 0 0 2 133 188 8776 4936 26 15 23
138 77 86 67 19 48 33 1208 52 7 63 0 21 15 NA 15 NA 5 52 1 18 7 22 0 0 0 0 1 18 7 22 0 0 0 0 0 138 189 8853 4937 25 14 24
139 73 84 65 19 47 33 1215 43 4 64 0 22 15 NA 15 NA 3 43 0 17 8 22 0 0 0 0 0 17 8 22 0 0 0 0 0 140 189 8927 4936 25 15 24
140 70 84 65 19 48 36 1228 50 5 63 0 23 15 NA 15 NA 8 50 0 17 9 22 0 0 0 0 0 17 9 22 0 0 0 0 1 148 190 8995 4937 23 15 25
141 79 83 66 17 45 35 1226 58 5 60 0 24 15 NA 15 NA 5 58 0 12 12 21 0 0 0 0 0 12 12 21 0 0 0 0 0 153 192 9070 4940 18 19 23
142 67 82 65 17 44 39 1213 55 2 60 0 24 15 NA 15 NA 6 55 0 11 13 20 0 0 0 0 0 11 13 20 0 0 0 0 0 123 193 9135 4940 17 20 23
143 80 82 65 17 43 40 1205 76 5 57 0 24 15 NA 15 NA 7 76 1 9 14 19 0 0 0 0 1 9 14 19 0 0 0 0 3 156 194 9206 4943 15 20 22
144 69 79 63 16 41 40 1174 61 3 53 0 24 15 NA 15 NA 6 61 1 7 14 19 0 0 0 0 1 7 14 19 0 0 0 0 0 126 196 9283 4947 13 18 22
145 68 81 65 16 41 43 1192 50 4 53 0 23 15 NA 15 NA 10 50 1 7 15 18 0 0 0 0 1 7 15 18 0 0 0 0 1 151 200 9354 4947 13 19 21
146 87 84 67 17 42 37 1178 52 11 56 0 21 15 NA 15 NA 7 52 1 6 16 19 0 0 0 0 1 6 16 19 0 0 0 0 2 138 202 9432 4944 16 18 22
147 74 83 65 18 42 38 1173 57 5 57 0 22 15 NA 15 NA 5 57 0 8 15 19 0 0 0 0 0 8 15 19 0 0 0 0 2 141 202 9504 4943 18 18 21
148 81 87 68 19 44 39 1185 48 4 58 0 22 15 NA 15 NA 8 48 1 8 16 19 0 0 0 0 1 8 16 19 0 0 0 0 1 164 205 9588 4942 19 18 21
149 78 84 65 19 43 35 1186 51 9 60 0 23.5 15 NA 15 NA 7 51 0 6 18 19 0 0 0 0 0 6 18 19 0 0 0 0 0 141 207 9654 4940 18 21 21
150 68 87 68 19 43 37 1182 58 2 58 0 21 15 NA 15 NA 6 58 0 6 17 20 0 0 0 0 0 6 17 20 0 0 0 0 4 145 209 9726 4942 17 19 22
151 63 85 65 20 42 30 1171 53 10 56 0 21 15 NA 15 NA 6 53 0 5 17 20 0 0 0 0 0 5 17 20 0 0 0 0 1 125 211 9794 4944 15 19 22
152 76 88 67 21 41 30 1165 55 5 56 0 18.5 15 NA 15 NA 7 55 0 5 16 20 0 0 0 0 0 5 16 20 0 0 0 0 5 152 213 9874 4944 16 18 22
153 81 87 66 21 41 29 1167 62 6 57 0 19 15 NA 15 NA 6 62 0 4 14 23 0 0 0 0 0 4 14 23 0 0 0 0 0 155 214 9942 4943 17 15 25
154 78 89 68 21 40 28 1213 51 3 57 0 19 15 NA 15 NA 3 51 0 4 10 26 0 0 0 0 0 4 10 26 0 0 0 0 2 173 215 10000 4943 16 13 28
155 86 90 69 21 41 23 1223 49 6 60 0 20 15 NA 15 NA 2 49 0 5 9 27 0 0 0 0 0 5 9 27 0 0 0 0 2 158 217 10079 4940 19 12 29
156 73 94 73 21 44 15 1222 57 9 61 0 20.5 15 NA 15 NA 2 57 1 6 9 28 0 0 0 0 1 6 9 28 0 0 0 0 2 137 219 10142 4939 20 11 30
157 67 95 75 20 43 20 1214 68 1 62 0 20 15 NA 15 NA 6 68 1 6 9 27 0 0 0 0 1 6 9 27 0 0 0 0 2 147 219 10215 4938 21 12 29
158 88 96 74 22 44 22 1201 50 5 63 0 21 15 NA 15 NA 7 50 2 6 8 28 0 0 0 0 2 6 8 28 0 0 0 0 2 120 220 10276 4937 21 12 30
159 67 94 73 21 42 24 1219 53 2 61 0 22 15 NA 15 NA 9 53 2 4 10 26 0 0 0 0 2 4 10 26 0 0 0 0 0 151 224 10344 4939 18 15 28
160 83 99 75 24 42 22 1192 60 3 64 0 20 15 NA 15 NA 3 60 1 5 10 26 0 0 0 0 1 5 10 26 0 0 0 0 2 135 226 10425 4936 20 16 28
161 80 100 75 25 41 24 1210 52 3 64 0 20 15 NA 15 NA 5 52 1 4 8 28 0 0 0 0 1 4 8 28 0 0 0 0 2 154 226 10490 4936 17 16 31
162 69 100 74 26 41 28 1216 56 5 67 0 19.5 15 NA 15 NA 7 56 1 3 9 28 0 0 0 0 1 3 9 28 0 0 0 0 1 148 226 10561 4933 21 15 31
163 67 101 75 26 42 29 1225 61 3 67 0 20 15 NA 15 NA 7 61 2 3 7 30 0 0 0 0 2 3 7 30 0 0 0 0 3 156 229 10628 4933 21 13 33
164 78 101 75 26 42 27 1201 60 7 68 0 21 14.5 NA 14.5 NA 7 60 1 5 7 29 0 0 0 0 1 5 7 29 0 0 0 0 2 135 230 10706 4932 23 13 32
165 76 100 74 26 42 32 1193 55 5 65 0 21.5 15 NA 15 NA 9 55 2 5 7 28 0 0 0 0 2 5 7 28 0 0 0 0 1 143 231 10783 4935 19 15 31
166 80 99 73 26 43 28 1188 52 9 66 0 21 15 NA 15 NA 4 52 2 6 7 28 0 0 0 0 2 6 7 28 0 0 0 0 2 150 231 10862 4934 21 14 31
167 78 93 67 26 38 29 1161 50 4 60 0 19 15 NA 15 NA 6 50 3 5 7 23 0 0 0 0 3 5 7 23 0 0 0 0 1 126 231 10942 4940 18 16 26
168 76 93 67 26 39 29 1186 55 7 63 0 20 15 NA 15 NA 7 55 3 5 8 23 0 0 0 0 3 5 8 23 0 0 0 0 0 176 232 11013 4937 20 17 26
169 71 95 69 26 40 32 1194 56 5 65 0 19 15 NA 15 NA 9 56 4 4 8 24 0 0 0 0 4 4 8 24 0 0 0 0 3 156 232 11085 4935 22 17 26
170 91 91 66 25 40 32 1192 65 8 64 0 20 15 NA 15 NA 8 65 3 5 7 25 0 0 0 0 3 5 7 25 0 0 0 0 0 140 232 11140 4936 23 14 27
171 97 89 64 25 40 38 1172 65 8 62 0 20 15 NA 15 NA 13 65 3 7 6 24 0 0 0 0 3 7 6 24 0 0 0 0 1 127 234 11207 4938 24 12 26
172 75 86 62 24 40 32 1191 54 8 64 0 20 14.5 NA 14.5 NA 5 54 3 7 7 23 0 0 0 0 3 7 7 23 0 0 0 0 0 154 236 11265 4936 27 12 25
173 70 87 63 24 41 33 1197 46 5 66 0 21 15 NA 15 NA 5 46 3 9 6 23 0 0 0 0 3 9 6 23 0 0 0 0 1 134 236 11335 4934 29 10 27
174 84 86 62 24 42 32 1209 46 6 67 0 21 15 NA 15 NA 6 46 3 8 7 24 0 0 0 0 3 8 7 24 0 0 0 0 0 151 237 11409 4933 28 12 27
175 84 86 63 23 42 34 1172 75 4 67 0 21 15 NA 15 NA 5 75 2 10 7 23 0 0 0 0 2 10 7 23 0 0 0 0 2 137 238 11484 4933 29 13 25
176 78 87 64 23 42 27 1192 49 9 69 0 20 15 NA 15 NA 5 49 1 11 8 22 0 0 0 0 1 11 8 22 0 0 0 0 2 157 241 11552 4931 30 14 25
177 71 86 63 23 40 28 1198 42 7 67 0 21 15 NA 15 NA 8 42 0 11 8 21 0 0 0 0 0 11 8 21 0 0 0 0 0 136 241 11620 4933 29 13 25
178 76 85 60 25 39 23 1199 48 6 66 0 21 15 NA 15 NA 3 48 0 12 7 20 0 0 0 0 0 12 7 20 0 0 0 0 0 140 243 11686 4934 28 14 24
179 97 84 59 25 38 29 1193 50 3 65 0 21 15 NA 15 NA 10 50 0 13 5 20 0 0 0 0 0 13 5 20 0 0 0 0 0 131 245 11752 4935 29 12 24
180 85 83 57 26 38 27 1196 48 4 63 0 21 15 NA 15 NA 4 48 0 12 7 19 0 0 0 0 0 12 7 19 0 0 0 0 1 153 247 11825 4937 26 14 23
181 69 84 57 27 37 30 1186 56 5 65 0 21.5 15 NA 15 NA 7 56 0 11 7 19 0 0 0 0 0 11 7 19 0 0 0 0 1 136 247 11899 4935 27 15 23
182 69 86 58 28 39 34 1203 57 5 65 0 22 15 NA 15 NA 8 57 0 10 9 20 0 0 0 0 0 10 9 20 0 0 0 0 2 164 247 11971 4935 25 17 23
183 72 84 57 27 38 29 1216 64 8 64 0 23 15.5 NA 15.5 NA 7 64 0 10 9 19 0 0 0 0 0 10 9 19 0 0 0 0 0 159 250 12035 4936 23 19 22
184 76 84 57 27 37 31 1202 65 5 63 0 24 15 NA 15 NA 8 65 0 6 14 17 0 0 0 0 0 6 14 17 0 0 0 0 1 136 252 12101 4937 19 23 21
185 84 84 56 28 41 29 1183 67 8 64 0 25 16 NA 16 NA 4 67 0 7 16 18 0 0 0 0 0 7 16 18 0 0 0 0 0 131 253 12162 4936 18 24 22
186 97 83 56 27 39 33 1177 44 2 61 0 25 16 NA 16 NA 6 44 0 7 16 16 0 0 0 0 0 7 16 16 0 0 0 0 1 145 254 12244 4939 16 25 20
187 69 85 58 27 40 37 1180 66 4 63 0 25 16.5 NA 16.5 NA 9 66 0 7 17 16 0 0 0 0 0 7 17 16 0 0 0 0 0 153 254 12312 4937 17 25 21
188 91 85 58 27 42 36 1175 54 4 65 0 26 16.5 NA 16.5 NA 5 54 0 6 17 19 0 0 0 0 0 6 17 19 0 0 0 0 1 152 255 12389 4935 16 25 24
189 89 83 57 26 41 38 1184 53 5 63 0 27 16 NA 16 NA 7 53 0 5 18 18 0 0 0 0 0 5 18 18 0 0 0 0 1 151 255 12451 4937 16 26 21
190 83 81 56 25 41 37 1208 46 4 65 0 28 16 NA 16 NA 6 46 0 5 17 19 0 0 0 0 0 5 17 19 0 0 0 0 0 156 257 12519 4935 17 25 23
191 66 79 55 24 43 32 1203 54 12 62 0 28 17 NA 17 NA 6 54 0 4 20 19 0 0 0 0 0 4 20 19 0 0 0 0 1 132 259 12585 4938 15 25 22
192 66 78 54 24 42 32 1178 63 2 60 0 28 17.5 NA 17.5 NA 4 63 0 4 18 20 0 0 0 0 0 4 18 20 0 0 0 0 0 131 261 12660 4940 16 22 22
193 72 78 55 23 41 31 1171 63 5 60 0 28.5 17 NA 17 NA 7 63 0 2 18 21 0 0 0 0 0 2 18 21 0 0 0 0 2 140 263 12727 4940 14 23 23
194 73 78 55 23 41 32 1162 58 3 61 0 29.5 17 NA 17 NA 5 58 0 2 17 22 0 0 0 0 0 2 17 22 0 0 0 0 1 142 264 12798 4939 15 22 24
195 81 76 55 21 39 32 1156 56 6 58 0 29.5 16 NA 16 NA 7 56 0 2 16 21 0 0 0 0 0 2 16 21 0 0 0 0 1 143 265 12872 4942 14 20 24
196 79 75 54 21 37 30 1144 59 6 56 0 29 17 NA 17 NA 5 59 0 2 11 24 0 0 0 0 0 2 11 24 0 0 0 0 2 117 266 12919 4944 15 15 26
197 75 78 55 23 38 30 1158 46 5 55 0 26 17.5 NA 17.5 NA 9 46 0 3 11 24 0 0 0 0 0 3 11 24 0 0 0 0 3 130 270 12972 4945 15 13 27
198 75 79 57 22 38 34 1156 65 4 57 0 24 17.5 NA 17.5 NA 10 65 1 3 10 24 0 0 0 0 1 3 10 24 0 0 0 0 2 154 272 13043 4943 17 12 28
199 77 79 58 21 39 35 1150 57 7 58 0 25 18 NA 18 NA 10 57 1 3 10 25 0 0 0 0 1 3 10 25 0 0 0 0 1 142 274 13116 4942 16 13 29
200 71 80 60 20 40 31 1140 59 3 58 0 24.5 17.5 NA 17.5 NA 3 59 2 3 8 27 0 0 0 0 2 3 8 27 0 0 0 0 1 146 277 13194 4942 15 13 30
201 81 83 62 21 41 33 1141 46 5 60 0 25 18 NA 18 NA 7 46 2 3 7 29 0 0 0 0 2 3 7 29 0 0 0 0 2 139 279 13261 4940 16 13 31
202 70 85 62 23 43 38 1126 65 8 60 0 26 17 NA 17 NA 12 65 2 4 7 30 0 0 0 0 2 4 7 30 0 0 0 0 1 144 279 13333 4940 14 14 32
203 73 83 60 23 43 40 1150 58 7 58 0 25 17 NA 17 NA 9 58 2 5 7 29 0 0 0 0 2 5 7 29 0 0 0 0 2 155 280 13388 4942 15 12 31
204 71 80 57 23 41 39 1151 61 5 57 0 26 17 NA 17 NA 6 61 2 5 6 28 0 0 0 0 2 5 6 28 0 0 0 0 0 143 282 13450 4943 16 11 30
205 68 77 54 23 39 43 1173 54 4 57 0 27 16 NA 16 NA 8 54 2 5 4 28 0 0 0 0 2 5 4 28 0 0 0 0 0 157 283 13516 4943 17 9 31
206 73 75 52 23 37 42 1176 58 6 55 0 25 17 NA 17 NA 6 58 1 5 5 26 0 0 0 0 1 5 5 26 0 0 0 0 0 141 284 13579 4945 15 11 29
207 75 80 57 23 37 40 1182 52 4 56 0 24 17 NA 17 NA 3 52 1 5 5 26 0 0 0 0 1 5 5 26 0 0 0 0 4 152 285 13650 4944 16 11 29
208 71 83 59 24 37 46 1200 60 2 57 0 22 17 NA 17 NA 8 60 0 6 6 25 0 0 0 0 0 6 6 25 0 0 0 0 3 138 286 13692 4943 17 12 28
209 78 83 59 24 36 44 1192 61 7 58 0 22 18 NA 18 NA 8 61 0 7 5 24 0 0 0 0 0 7 5 24 0 0 0 0 2 130 287 13752 4942 19 12 27
210 68 84 60 24 36 40 1190 49 8 59 0 22.5 18 NA 18 NA 6 49 0 6 5 25 0 0 0 0 0 6 5 25 0 0 0 0 0 139 289 13820 4941 19 12 28
211 85 82 60 22 37 36 1199 49 7 56 0 22.5 16 NA 16 NA 5 49 1 6 6 24 0 0 0 0 1 6 6 24 0 0 0 0 0 137 291 13879 4944 17 12 27
212 63 81 58 23 33 36 1171 69 6 55 0 20 18 NA 18 NA 10 69 0 6 6 21 0 0 0 0 0 6 6 21 0 0 0 0 2 134 294 13958 4945 18 13 24
213 83 82 59 23 35 34 1169 52 7 59 0 20.5 18 NA 18 NA 4 52 0 5 9 21 0 0 0 0 0 5 9 21 0 0 0 0 0 139 294 14023 4941 20 14 25
214 81 81 57 24 33 35 1175 54 6 58 0 20 18 NA 18 NA 6 54 0 5 8 20 0 0 0 0 0 5 8 20 0 0 0 0 2 144 294 14093 4942 22 12 24
215 80 83 60 23 33 35 1153 65 5 59 0 20 18 NA 18 NA 9 65 0 5 8 20 0 0 0 0 0 5 8 20 0 0 0 0 2 135 298 14167 4941 22 13 24
216 80 86 60 26 36 34 1138 58 6 58 0 19.5 17 NA 17 NA 4 58 1 7 9 19 0 0 0 0 1 7 9 19 0 0 0 0 1 141 300 14245 4942 21 14 23
217 81 90 62 28 38 32 1160 49 7 58 0 20 16 NA 16 NA 8 49 2 8 9 19 0 0 0 0 2 8 9 19 0 0 0 0 3 163 303 14317 4942 19 15 24
218 89 89 62 27 39 30 1159 54 7 58 0 21 16 NA 16 NA 9 54 2 7 11 19 0 0 0 0 2 7 11 19 0 0 0 0 1 146 305 14391 4942 19 14 25
219 81 92 65 27 42 28 1140 72 6 63 0 21 17 NA 17 NA 5 72 2 9 12 19 0 0 0 0 2 9 12 19 0 0 0 0 3 153 307 14467 4937 23 15 25
220 66 96 68 28 42 27 1151 56 4 67 0 20 17 NA 17 NA 2 56 2 7 13 20 0 0 0 0 2 7 13 20 0 0 0 0 3 146 307 14527 4933 25 16 26
221 67 93 67 26 42 34 1147 66 4 66 0 21 18 NA 18 NA 12 66 2 6 15 19 0 0 0 0 2 6 15 19 0 0 0 0 0 129 308 14579 4934 23 19 24
222 96 94 68 26 43 36 1135 57 8 65 0 21.5 18 NA 18 NA 10 57 2 7 14 20 0 0 0 0 2 7 14 20 0 0 0 0 1 143 308 14653 4935 21 19 25
223 66 96 68 28 45 31 1151 49 8 66 0 22 16 NA 16 NA 4 49 3 8 12 22 0 0 0 0 3 8 12 22 0 0 0 0 1 137 309 14713 4934 22 17 27
224 73 94 68 26 45 34 1164 56 6 68 0 23 16 NA 16 NA 9 56 2 7 13 23 0 0 0 0 2 7 13 23 0 0 0 0 0 157 310 14778 4932 22 18 28
225 79 93 64 29 41 34 1170 56 4 63 0 22 16 NA 16 NA 5 56 2 5 12 22 0 0 0 0 2 5 12 22 0 0 0 0 0 135 311 14841 4937 19 17 27
226 72 93 66 27 43 32 1168 54 7 62 0 19 18 NA 18 NA 4 54 1 6 14 22 0 0 0 0 1 6 14 22 0 0 0 0 1 139 311 14908 4938 17 19 26
227 70 93 66 27 43 32 1182 45 2 64 0 20 18 NA 18 NA 4 45 1 7 13 22 0 0 0 0 1 7 13 22 0 0 0 0 1 135 313 14967 4936 20 18 26
228 80 91 64 27 42 31 1173 47 5 65 0 21 18 NA 18 NA 5 47 1 8 11 22 0 0 0 0 1 8 11 22 0 0 0 0 0 131 314 15039 4935 23 16 26
229 79 93 66 27 40 36 1188 45 2 66 0 21 18 NA 18 NA 6 45 1 8 11 20 0 0 0 0 1 8 11 20 0 0 0 0 2 161 314 15125 4934 27 13 26
230 75 92 65 27 40 35 1171 63 5 65 0 21 18 NA 18 NA 5 63 1 9 11 19 0 0 0 0 1 9 11 19 0 0 0 0 2 129 316 15190 4935 27 14 24
231 62 91 64 27 41 37 1145 67 3 67 0 22 18 NA 18 NA 8 67 1 8 12 20 0 0 0 0 1 8 12 20 0 0 0 0 1 136 319 15266 4933 24 18 25
232 67 93 67 26 41 39 1142 50 5 69 0 20 18 NA 18 NA 7 50 0 8 13 20 0 0 0 0 0 8 13 20 0 0 0 0 1 136 320 15334 4931 26 18 25
233 69 93 67 26 40 45 1151 60 3 67 0 21 18 NA 18 NA 8 60 0 7 12 21 0 0 0 0 0 7 12 21 0 0 0 0 1 145 321 15392 4933 23 17 27
234 66 92 66 26 41 40 1146 60 6 68 0 22 18 NA 18 NA 3 60 0 9 12 20 0 0 0 0 0 9 12 20 0 0 0 0 1 143 324 15465 4932 25 16 27
235 81 94 67 27 41 40 1155 61 4 70 0 22.5 18 NA 18 NA 7 61 0 9 12 20 0 0 0 0 0 9 12 20 0 0 0 0 2 146 325 15527 4930 27 16 27
236 72 92 64 28 40 44 1168 55 4 67 0 21.5 18.5 NA 18.5 NA 10 55 0 7 13 20 0 0 0 0 0 7 13 20 0 0 0 0 0 160 325 15601 4933 23 18 26
237 52 92 65 27 41 42 1176 60 7 70 0 22 18 NA 18 NA 7 60 1 7 10 23 0 0 0 0 1 7 10 23 0 0 0 0 2 146 328 15673 4930 26 15 29
238 75 95 68 27 40 40 1177 60 8 70 0 22 18.5 NA 18.5 NA 8 60 1 6 9 24 0 0 0 0 1 6 9 24 0 0 0 0 2 149 328 15741 4930 26 14 30
239 88 96 68 28 42 31 1174 46 8 71 0 23 18.5 NA 18.5 NA 3 46 2 6 10 24 0 0 0 0 2 6 10 24 0 0 0 0 2 139 331 15806 4929 25 17 29
240 63 95 68 27 43 35 1165 66 3 69 0 24 19 NA 19 NA 7 66 2 5 12 24 0 0 0 0 2 5 12 24 0 0 0 0 0 140 333 15877 4931 20 20 29
241 71 96 69 27 48 33 1155 63 10 73 0 25 18 NA 18 NA 7 63 2 10 12 24 0 0 0 0 2 10 12 24 0 0 0 0 0 153 335 15956 4927 20 24 29
242 61 97 71 26 47 28 1195 43 7 74 0 26 18 NA 18 NA 4 43 1 9 13 24 0 0 0 0 1 9 13 24 0 0 0 0 3 150 336 16003 4926 20 24 30
243 92 95 70 25 45 29 1208 54 2 72 0 26 18 NA 18 NA 5 54 0 9 11 25 0 0 0 0 0 9 11 25 0 0 0 0 0 147 338 16064 4928 20 20 32
244 80 96 71 25 44 30 1176 55 1 73 0 27 18.5 NA 18.5 NA 5 55 0 7 12 25 0 0 0 0 0 7 12 25 0 0 0 0 2 117 341 16128 4927 20 21 32
245 77 96 69 27 44 28 1171 61 5 73 0 26.5 18.5 NA 18.5 NA 4 61 0 9 11 24 0 0 0 0 0 9 11 24 0 0 0 0 2 149 343 16201 4927 22 19 32
246 83 99 72 27 44 30 1185 50 1 74 0 26 18.5 NA 18.5 NA 5 50 0 8 12 24 0 0 0 0 0 8 12 24 0 0 0 0 1 152 345 16273 4926 20 22 32
247 80 98 71 27 44 31 1188 47 4 75 0 27 18.5 NA 18.5 NA 5 47 0 8 12 24 0 0 0 0 0 8 12 24 0 0 0 0 2 137 345 16341 4925 20 23 32
248 76 103 75 28 46 33 1184 57 6 76 0 26 19 NA 19 NA 7 57 0 9 11 26 0 0 0 0 0 9 11 26 0 0 0 0 3 141 346 16406 4924 21 20 35
249 65 103 76 27 47 37 1189 52 7 74 0 26 19 NA 19 NA 11 52 0 8 12 27 0 0 0 0 0 8 12 27 0 0 0 0 0 140 349 16473 4926 19 21 34
250 80 103 77 26 46 39 1196 54 5 76 0 25 18.5 NA 18.5 NA 8 54 0 7 12 27 0 0 0 0 0 7 12 27 0 0 0 0 2 139 349 16530 4924 22 21 33
251 60 105 79 26 49 40 1203 56 8 78 0 25 19 NA 19 NA 11 56 1 7 12 29 0 0 0 0 1 7 12 29 0 0 0 0 2 146 351 16596 4922 22 20 36
252 88 105 78 27 48 37 1199 49 8 76 0 25 19 NA 19 NA 4 49 1 7 11 29 0 0 0 0 1 7 11 29 0 0 0 0 2 140 351 16665 4924 23 17 36
253 73 107 79 28 49 33 1187 48 6 77 0 24 19 NA 19 NA 3 48 1 4 14 30 0 0 0 0 1 4 14 30 0 0 0 0 1 133 351 16744 4923 20 18 39
254 78 104 76 28 48 30 1175 53 4 75 0 25 19 NA 19 NA 3 53 1 4 14 29 0 0 0 0 1 4 14 29 0 0 0 0 1 134 353 16819 4925 18 19 38
255 75 103 75 28 47 34 1183 48 0 75 0 26 19 NA 19 NA 6 48 1 3 14 29 0 0 0 0 1 3 14 29 0 0 0 0 1 147 355 16895 4925 18 19 38
256 85 101 76 25 45 31 1199 52 3 73 0 26 19 NA 19 NA 3 52 1 2 14 28 0 0 0 0 1 2 14 28 0 0 0 0 1 144 358 16954 4927 18 18 37
257 77 108 83 25 46 33 1184 64 4 76 0 25 18.5 NA 18.5 NA 7 64 1 2 15 28 0 0 0 0 1 2 15 28 0 0 0 0 5 138 359 17022 4924 19 20 37
258 74 104 80 24 43 29 1159 55 3 74 0 25.5 19 NA 19 NA 4 55 1 1 12 29 0 0 0 0 1 1 12 29 0 0 0 0 0 120 362 17095 4926 19 17 38
259 81 100 78 22 42 28 1135 66 8 71 0 24.5 19 NA 19 NA 7 66 0 4 12 26 0 0 0 0 0 4 12 26 0 0 0 0 1 118 363 17159 4929 20 16 35
260 72 100 78 22 43 30 1119 52 6 73 0 24.5 19 NA 19 NA 7 52 0 5 13 25 0 0 0 0 0 5 13 25 0 0 0 0 2 125 363 17233 4927 22 17 34
261 76 101 79 22 43 29 1117 53 2 74 0 23 19 NA 19 NA 2 53 0 6 12 25 0 0 0 0 0 6 12 25 0 0 0 0 1 141 364 17310 4926 24 16 34
262 78 100 78 22 40 31 1120 49 5 73 0 24 19 NA 19 NA 9 49 0 2 13 25 0 0 0 0 0 2 13 25 0 0 0 0 1 136 366 17379 4927 21 18 34
263 78 102 77 25 41 38 1122 63 3 74 0 24.5 19 NA 19 NA 10 63 0 4 11 26 0 0 0 0 0 4 11 26 0 0 0 0 0 148 366 17446 4926 21 18 35
264 71 104 79 25 39 26 1122 60 11 73 0 24.5 19 NA 19 NA 5 60 0 3 11 25 0 0 0 0 0 3 11 25 0 0 0 0 3 147 372 17517 4927 20 19 34
265 75 105 80 25 40 27 1121 60 5 74 0 23 19 NA 19 NA 6 60 0 4 7 29 0 0 0 0 0 4 7 29 0 0 0 0 2 140 372 17579 4926 22 14 38
266 73 105 80 25 40 29 1117 59 1 74 0 24 19 NA 19 NA 5 59 0 4 6 30 0 0 0 0 0 4 6 30 0 0 0 0 1 138 373 17644 4926 21 15 38
267 92 106 82 24 40 34 1121 48 4 73 0 22.5 19 NA 19 NA 8 48 0 5 7 28 0 0 0 0 0 5 7 28 0 0 0 0 2 148 374 17715 4927 21 16 36
268 85 105 83 22 40 33 1124 53 7 75 0 23 19 NA 19 NA 6 53 0 7 7 26 0 0 0 0 0 7 7 26 0 0 0 0 1 149 374 17791 4925 24 16 35
269 85 105 83 22 42 32 1150 53 6 82 0 24 19 NA 19 NA 5 53 0 8 7 27 0 0 0 0 0 8 7 27 0 0 0 0 1 153 375 17848 4918 29 16 37
270 71 105 83 22 42 28 1176 48 6 81 0 24 19 NA 19 NA 4 48 0 8 7 27 0 0 0 0 0 8 7 27 0 0 0 0 0 156 377 17907 4919 28 16 37
271 68 107 84 23 44 34 1204 65 6 82 0 24 19 NA 19 NA 10 65 0 9 9 26 0 0 0 0 0 9 9 26 0 0 0 0 1 164 377 17958 4918 28 18 36
272 69 107 83 24 42 35 1221 61 4 82 0 24 19 NA 19 NA 7 61 0 8 9 25 0 0 0 0 0 8 9 25 0 0 0 0 1 154 379 18018 4918 27 20 35
273 72 106 84 22 39 28 1227 55 10 80 0 23.5 17 NA 17 NA 4 55 0 8 10 21 0 0 0 0 0 8 10 21 0 0 0 0 1 147 380 18082 4920 27 22 31
274 71 106 84 22 39 33 1230 66 3 80 0 23.5 19 NA 19 NA 4 66 0 6 9 24 0 0 0 0 0 6 9 24 0 0 0 0 2 147 380 18142 4920 27 19 34
275 75 105 84 21 41 27 1227 54 6 79 0 24 19 NA 19 NA 1 54 0 7 10 24 0 0 0 0 0 7 10 24 0 0 0 0 1 130 380 18203 4921 26 19 34
276 77 104 83 21 42 34 1207 58 4 81 0 23.5 19 NA 19 NA 13 58 0 8 10 24 0 0 0 0 0 8 10 24 0 0 0 0 0 140 382 18284 4919 29 19 33
277 78 101 80 21 41 38 1191 54 5 79 0 24 19 NA 19 NA 10 54 0 7 11 23 0 0 0 0 0 7 11 23 0 0 0 0 1 127 384 18352 4921 27 20 32
278 76 104 83 21 41 29 1178 61 11 76 0 22.5 17 NA 17 NA 2 61 0 8 11 22 0 0 0 0 0 8 11 22 0 0 0 0 4 143 387 18423 4924 25 20 31
279 74 104 84 20 41 37 1183 61 3 77 0 23 17 NA 17 NA 11 61 1 7 13 20 0 0 0 0 1 7 13 20 0 0 0 0 0 142 388 18485 4923 27 20 30
280 82 102 82 20 41 32 1176 49 4 75 0 23.5 17 NA 17 NA 2 49 1 7 13 20 0 0 0 0 1 7 13 20 0 0 0 0 1 133 390 18553 4925 24 23 28
281 68 104 84 20 41 27 1169 57 7 76 0 24 17 NA 17 NA 4 57 0 6 14 21 0 0 0 0 0 6 14 21 0 0 0 0 1 141 391 18625 4924 20 25 31
282 71 107 85 22 41 29 1168 51 4 75 0 25 17 NA 17 NA 7 51 1 7 11 22 0 0 0 0 1 7 11 22 0 0 0 0 4 135 392 18696 4925 21 22 32
283 64 109 87 22 44 26 1189 56 9 78 0 24 17.5 NA 17.5 NA 6 56 1 7 12 24 0 0 0 0 1 7 12 24 0 0 0 0 0 157 394 18766 4922 22 24 32
284 92 109 87 22 46 22 1170 49 9 79 0 23 18 NA 18 NA 2 49 0 9 12 25 0 0 0 0 0 9 12 25 0 0 0 0 1 148 395 18859 4921 25 21 33
285 83 108 86 22 47 25 1166 56 5 80 0 25 19 NA 19 NA 9 56 0 9 11 27 0 0 0 0 0 9 11 27 0 0 0 0 1 149 397 18937 4920 25 20 35
286 64 110 89 21 49 29 1190 46 4 82 0 24.5 19 NA 19 NA 7 46 0 10 11 28 0 0 0 0 0 10 11 28 0 0 0 0 1 154 398 19003 4918 25 21 36
287 74 110 89 21 50 33 1204 60 5 81 0 24.5 18.5 NA 18.5 NA 8 60 0 10 12 28 0 0 0 0 0 10 12 28 0 0 0 0 0 149 398 19063 4919 24 21 36
288 76 107 87 20 48 31 1189 65 4 77 0 24 18.5 NA 18.5 NA 4 65 0 8 14 26 0 0 0 0 0 8 14 26 0 0 0 0 1 141 398 19135 4923 20 23 34
289 83 102 82 20 44 31 1178 72 4 72 0 24.5 17.5 NA 17.5 NA 6 72 0 7 14 23 0 0 0 0 0 7 14 23 0 0 0 0 1 147 402 19194 4928 19 23 30
290 86 105 84 21 45 35 1156 62 4 76 0 25 18 NA 18 NA 9 62 0 8 13 24 0 0 0 0 0 8 13 24 0 0 0 0 4 128 402 19262 4924 23 22 31
291 78 107 84 23 44 40 1171 51 3 76 0 24 18 NA 18 NA 8 51 0 8 13 23 0 0 0 0 0 8 13 23 0 0 0 0 2 151 403 19327 4924 22 25 29
292 84 105 83 22 44 37 1187 56 7 75 0 24 18 NA 18 NA 4 56 0 8 14 22 0 0 0 0 0 8 14 22 0 0 0 0 0 153 403 19382 4925 22 22 31
293 92 108 85 23 44 37 1181 56 3 75 0 23.5 18 NA 18 NA 4 56 0 7 11 26 0 0 0 0 0 7 11 26 0 0 0 0 1 143 403 19447 4925 21 18 36
294 71 107 84 23 44 37 1180 50 3 77 0 24 18 NA 18 NA 4 50 0 6 12 26 0 0 0 0 0 6 12 26 0 0 0 0 0 138 404 19516 4923 23 18 36
295 70 104 82 22 42 37 1164 59 6 75 0 23.5 18 NA 18 NA 4 59 0 7 11 24 0 0 0 0 0 7 11 24 0 0 0 0 0 134 405 19584 4925 23 17 35
296 69 105 82 23 44 36 1168 50 7 79 0 24 17.5 NA 17.5 NA 7 50 0 6 14 24 0 0 0 0 0 6 14 24 0 0 0 0 1 144 405 19652 4921 24 20 35
297 90 103 81 22 46 38 1152 63 7 75 0 25 17.5 NA 17.5 NA 5 63 0 6 16 24 0 0 0 0 0 6 16 24 0 0 0 0 1 138 405 19725 4925 20 22 33
298 70 100 79 21 45 36 1174 61 4 75 0 25.5 17 NA 17 NA 5 61 1 6 15 23 0 0 0 0 1 6 15 23 0 0 0 0 0 164 408 19795 4925 23 20 32
299 81 96 77 19 46 36 1151 73 6 72 0 26 18 NA 18 NA 8 73 1 8 13 24 0 0 0 0 1 8 13 24 0 0 0 0 1 135 412 19859 4928 23 17 32
300 66 96 78 18 44 34 1175 53 6 71 0 22.5 18 NA 18 NA 8 53 0 8 11 25 0 0 0 0 0 8 11 25 0 0 0 0 1 152 415 19919 4929 24 15 32
301 75 98 80 18 46 33 1191 54 9 73 0 23 18 NA 18 NA 8 54 1 9 9 27 0 0 0 0 1 9 9 27 0 0 0 0 1 155 416 19992 4927 25 14 34
302 65 95 78 17 46 33 1213 45 8 72 0 24 18 NA 18 NA 8 45 1 10 11 24 0 0 0 0 1 10 11 24 0 0 0 0 0 136 418 20046 4928 23 18 31
303 80 91 74 17 45 26 1212 57 10 73 0 25 18 NA 18 NA 3 57 0 10 12 23 0 0 0 0 0 10 12 23 0 0 0 0 0 156 420 20123 4927 24 17 32
304 85 92 75 17 45 27 1204 61 6 70 0 24.5 18 NA 18 NA 6 61 0 11 11 23 0 0 0 0 0 11 11 23 0 0 0 0 2 153 422 20197 4930 23 16 31
305 82 93 77 16 42 30 1213 64 3 71 0 23 18 NA 18 NA 9 64 0 10 11 21 0 0 0 0 0 10 11 21 0 0 0 0 3 153 424 20254 4929 26 16 29
306 65 90 74 16 42 32 1227 58 4 70 0 24 18 NA 18 NA 8 58 0 9 11 22 0 0 0 0 0 9 11 22 0 0 0 0 0 156 426 20321 4930 24 17 29
307 84 85 70 15 37 38 1250 46 3 65 0 24 19 NA 19 NA 9 46 0 7 11 19 0 0 0 0 0 7 11 19 0 0 0 0 1 148 427 20386 4935 22 16 27
308 78 86 70 16 38 43 1253 68 3 64 0 24 19 NA 19 NA 10 68 0 5 13 20 0 0 0 0 0 5 13 20 0 0 0 0 2 160 428 20455 4936 20 17 27
309 84 85 69 16 39 44 1218 70 7 65 0 25 19 NA 19 NA 8 70 0 7 11 21 0 0 0 0 0 7 11 21 0 0 0 0 0 142 429 20534 4935 22 15 28
310 68 87 70 17 39 43 1226 62 4 64 0 24 19 NA 19 NA 6 62 0 6 13 20 0 0 0 0 0 6 13 20 0 0 0 0 2 171 431 20614 4936 20 17 27
311 83 86 69 17 39 45 1211 65 5 64 0 24 19 NA 19 NA 7 65 0 6 13 20 0 0 0 0 0 6 13 20 0 0 0 0 0 135 431 20677 4936 21 17 26
312 87 88 70 18 42 43 1211 49 7 67 0 24 19 NA 19 NA 4 49 0 7 14 21 0 0 0 0 0 7 14 21 0 0 0 0 1 139 431 20743 4933 22 18 27
313 76 89 70 19 40 49 1220 48 4 66 0 24 19 NA 19 NA 11 48 0 7 13 20 0 0 0 0 0 7 13 20 0 0 0 0 4 139 432 20805 4934 21 19 26
314 68 87 68 19 37 52 1193 61 5 63 0 24 19 NA 19 NA 11 61 0 6 12 19 0 0 0 0 0 6 12 19 0 0 0 0 1 113 434 20869 4937 18 19 26
315 72 86 67 19 35 52 1185 55 4 61 0 24.5 18 NA 18 NA 8 55 0 3 13 19 0 0 0 0 0 3 13 19 0 0 0 0 0 146 437 20954 4939 14 21 26
316 85 86 67 19 36 48 1183 63 14 64 0 25 18 NA 18 NA 9 63 0 5 11 20 0 0 0 0 0 5 11 20 0 0 0 0 0 154 437 21029 4936 18 19 27
317 72 88 69 19 37 49 1181 58 6 66 0 26 18 NA 18 NA 8 58 0 4 12 21 0 0 0 0 0 4 12 21 0 0 0 0 1 147 437 21100 4934 18 21 27
318 71 86 68 18 36 47 1160 63 6 63 0 25 18 NA 18 NA 9 63 0 4 10 22 0 0 0 0 0 4 10 22 0 0 0 0 0 137 441 21169 4937 18 17 28
319 77 89 72 17 34 41 1168 56 9 61 0 23 18 NA 18 NA 6 56 0 4 10 20 0 0 0 0 0 4 10 20 0 0 0 0 3 149 444 21238 4939 17 18 26
320 91 91 72 19 35 41 1161 62 4 62 0 22 18 NA 18 NA 5 62 0 5 8 22 0 0 0 0 0 5 8 22 0 0 0 0 4 155 448 21311 4938 19 16 27
321 73 93 76 17 35 35 1183 55 8 61 0 21 18 NA 18 NA 8 55 0 5 9 21 0 0 0 0 0 5 9 21 0 0 0 0 3 170 453 21384 4939 18 17 26
322 78 94 76 18 37 31 1170 51 7 62 0 21.5 18 NA 18 NA 2 51 0 8 8 21 0 0 0 0 0 8 8 21 0 0 0 0 1 143 453 21462 4938 19 16 27
323 79 95 77 18 36 32 1199 57 4 61 0 22 18.5 NA 18.5 NA 6 57 0 7 9 20 0 0 0 0 0 7 9 20 0 0 0 0 2 158 454 21517 4939 18 17 26
324 74 95 77 18 40 36 1199 68 5 63 0 20 19 NA 19 NA 5 68 0 6 13 21 0 0 0 0 0 6 13 21 0 0 0 0 1 153 454 21580 4937 19 18 26
325 68 96 78 18 42 33 1210 57 5 65 0 21 19 NA 19 NA 2 57 0 7 12 23 0 0 0 0 0 7 12 23 0 0 0 0 1 140 455 21640 4935 20 18 27
326 78 96 78 18 42 33 1242 57 3 66 0 21.5 18.5 NA 18.5 NA 7 57 1 7 10 24 0 0 0 0 1 7 10 24 0 0 0 0 1 154 459 21685 4934 22 16 28
327 79 91 73 18 39 30 1269 60 6 62 0 20 18 NA 18 NA 5 60 1 8 9 21 0 0 0 0 1 8 9 21 0 0 0 0 0 165 460 21751 4938 23 13 26
328 71 92 74 18 40 34 1251 68 5 63 0 20.5 18 NA 18 NA 10 68 1 8 10 21 0 0 0 0 1 8 10 21 0 0 0 0 0 141 462 21822 4937 20 17 26
329 61 91 73 18 42 34 1232 57 4 64 0 21 17.5 NA 17.5 NA 6 57 1 8 11 22 0 0 0 0 1 8 11 22 0 0 0 0 0 141 464 21907 4936 20 16 28
330 80 91 73 18 44 28 1246 57 9 64 0 22 18 NA 18 NA 4 57 1 9 12 22 0 0 0 0 1 9 12 22 0 0 0 0 0 163 466 21978 4936 20 16 28
331 61 89 72 17 44 31 1238 64 6 66 0 22 18 NA 18 NA 8 64 1 11 11 21 0 0 0 0 1 11 11 21 0 0 0 0 1 148 468 22050 4934 25 14 27
332 81 93 76 17 47 30 1227 49 8 72 0 22 18 NA 18 NA 6 49 1 12 12 22 0 0 0 0 1 12 12 22 0 0 0 0 2 129 470 22124 4928 28 16 28
333 87 96 78 18 46 28 1219 47 2 72 0 21 18 NA 18 NA 1 47 0 12 11 23 0 0 0 0 0 12 11 23 0 0 0 0 4 138 471 22200 4928 29 15 28
334 84 94 77 17 47 28 1208 62 5 72 0 22 18 NA 18 NA 7 62 1 10 12 24 0 0 0 0 1 10 12 24 0 0 0 0 0 137 474 22266 4928 28 15 29
335 89 95 78 17 45 34 1177 58 1 72 0 22 18 NA 18 NA 8 58 1 10 12 22 0 0 0 0 1 10 12 22 0 0 0 0 0 121 475 22339 4928 30 15 27
336 74 94 77 17 45 35 1183 59 7 73 0 23 18 NA 18 NA 8 59 1 7 12 25 0 0 0 0 1 7 12 25 0 0 0 0 1 153 476 22416 4927 27 16 30
337 78 96 78 18 43 35 1182 47 1 73 0 21.5 18 NA 18 NA 4 47 0 7 12 24 0 0 0 0 0 7 12 24 0 0 0 0 4 123 479 22475 4927 27 17 29
338 103 100 82 18 43 37 1182 48 4 74 0 21 18 NA 18 NA 8 48 0 7 12 24 0 0 0 0 0 7 12 24 0 0 0 0 2 154 480 22555 4926 27 18 29
339 70 101 82 19 42 35 1179 58 6 73 0 20 18 NA 18 NA 5 58 0 6 14 22 0 0 0 0 0 6 14 22 0 0 0 0 2 156 481 22645 4927 27 19 27
340 77 100 81 19 42 34 1178 58 5 74 0 21 18 NA 18 NA 6 58 0 5 13 24 0 0 0 0 0 5 13 24 0 0 0 0 1 152 482 22717 4926 28 17 29
341 70 105 82 23 41 36 1176 65 4 73 0 22 18 NA 18 NA 6 65 0 3 13 25 0 0 0 0 0 3 13 25 0 0 0 0 2 156 483 22788 4927 26 17 30
342 92 107 82 25 42 36 1135 73 4 73 0 22 18.5 NA 18.5 NA 6 73 0 4 13 25 0 0 0 0 0 4 13 25 0 0 0 0 1 131 484 22864 4927 26 17 30
343 77 109 85 24 44 44 1151 57 4 73 0 23 18.5 NA 18.5 NA 11 57 0 4 14 26 0 0 0 0 0 4 14 26 0 0 0 0 2 150 485 22929 4927 21 21 31
344 89 109 85 24 46 43 1159 57 10 72 0 24 19 NA 19 NA 11 57 0 4 16 26 0 0 0 0 0 4 16 26 0 0 0 0 1 145 487 22987 4928 17 24 31
345 64 109 85 24 49 36 1174 52 9 76 0 25 19 NA 19 NA 3 52 0 5 17 27 0 0 0 0 0 5 17 27 0 0 0 0 0 147 488 23048 4924 21 23 32
346 70 107 84 23 46 35 1195 52 2 72 0 24 19.5 NA 19.5 NA 4 52 0 3 17 26 0 0 0 0 0 3 17 26 0 0 0 0 3 150 489 23112 4928 18 24 30
347 70 106 82 24 45 37 1219 42 3 72 0 23.5 20 NA 20 NA 6 42 0 4 17 24 0 0 0 0 0 4 17 24 0 0 0 0 1 138 491 23167 4928 19 26 27
348 86 105 81 24 44 41 1193 66 5 71 0 24 20 NA 20 NA 11 66 0 3 13 28 0 0 0 0 0 3 13 28 0 0 0 0 1 141 493 23243 4929 17 23 31
349 85 103 80 23 45 35 1220 53 8 71 0 24 20 NA 20 NA 6 53 0 3 13 29 0 0 0 0 0 3 13 29 0 0 0 0 2 161 497 23293 4929 19 21 31
350 72 103 79 24 47 39 1194 70 7 73 0 23 19 NA 19 NA 11 70 0 5 12 30 0 0 0 0 0 5 12 30 0 0 0 0 1 127 498 23363 4927 22 19 32
351 71 102 78 24 47 37 1157 76 10 74 0 23 19 NA 19 NA 11 76 0 7 11 29 0 0 0 0 0 7 11 29 0 0 0 0 2 136 501 23440 4926 24 19 31
352 67 105 82 23 49 37 1166 43 7 75 0 21 19 NA 19 NA 7 43 0 8 11 30 0 0 0 0 0 8 11 30 0 0 0 0 1 139 502 23507 4925 23 20 32
353 73 103 81 22 51 35 1177 59 11 80 0 22 19 NA 19 NA 9 59 1 8 12 30 0 0 0 0 1 8 12 30 0 0 0 0 0 167 504 23588 4920 29 19 32
354 68 97 78 19 47 37 1185 53 7 74 0 22 19 NA 19 NA 10 53 1 9 12 25 0 0 0 0 1 9 12 25 0 0 0 0 0 132 505 23644 4926 29 18 27
355 79 96 77 19 49 34 1161 47 9 76 0 22.5 19 NA 19 NA 8 47 1 9 11 28 0 0 0 0 1 9 11 28 0 0 0 0 0 120 507 23723 4924 30 15 31
356 89 96 77 19 50 29 1150 60 7 76 0 23 19 NA 19 NA 7 60 2 8 9 31 0 0 0 0 2 8 9 31 0 0 0 0 2 137 511 23790 4924 29 13 34
357 74 96 78 18 48 30 1165 50 8 74 0 23 18.5 NA 18.5 NA 8 50 2 8 9 29 0 0 0 0 2 8 9 29 0 0 0 0 0 143 511 23858 4926 26 16 32
358 80 94 75 19 49 26 1163 55 8 75 0 23 19 NA 19 NA 4 55 1 10 8 30 0 0 0 0 1 10 8 30 0 0 0 0 0 150 512 23929 4925 29 12 34
359 72 93 75 18 46 25 1188 56 4 74 0 24 19 NA 19 NA 3 56 1 8 9 28 0 0 0 0 1 8 9 28 0 0 0 0 2 163 512 23990 4926 27 14 33
360 61 93 75 18 45 31 1165 66 1 73 0 24 19 NA 19 NA 10 66 1 8 9 27 0 0 0 0 1 8 9 27 0 0 0 0 1 122 513 24050 4927 26 14 33
