1 82 1 1 0 0 0 207 8 0 0 0 0 NA NA NA
2 67 4 4 0 0 0 392 22 0 0 0 0 NA NA NA
3 70 8 4 4 0 0 558 46 0 0 0 0.5 NA NA NA
4 51 11 6 5 0 0 691 83 0 0 0 1 NA NA NA
5 56 12 7 5 0 0 827 114 0 0 0 2 NA NA NA
6 61 13 8 5 0 0 931 151 1 0 0 3 NA NA NA
7 59 17 11 6 0 0 1019 187 1 0 0 3 NA NA NA
8 74 19 13 6 0 0 1097 233 1 0 0 4 NA NA NA
9 42 19 13 6 0 0 1196 275 1 0 0 5 NA NA NA
10 59 21 14 7 0 0 1277 325 1 0 0 5 NA NA NA
11 56 23 15 8 0 0 1338 364 2 0 0 5 NA NA NA
12 61 27 18 9 0 0 1375 420 2 0 0 5 NA NA NA
13 232 31 22 9 0 0 1354 453 3 1 0 6 NA NA NA
14 72 33 23 10 0 0 1386 503 3 3 0 6 NA NA NA
15 39 37 26 11 0 0 1419 564 4 7 0 7 NA NA NA
16 56 37 26 11 0 0 1490 590 4 9 0 6 NA NA NA
17 55 39 27 12 0 0 1548 625 4 10 0 7 NA NA NA
18 64 44 31 13 0 0 1578 676 4 11 0 6.5 NA NA NA
19 64 46 33 13 0 0 1607 712 4 15 0 7 NA NA NA
20 55 48 35 13 0 0 1621 759 5 18 0 8 NA NA NA
21 63 49 36 13 0 0 1625 806 6 18 0 9 NA NA NA
22 54 50 37 13 1 0 1640 856 8 20 0 10 15 NA 15
23 63 52 39 13 1 0 1678 866 8 22 0 10.5 15 NA 15
24 67 53 40 13 1 0 1688 891 8 26 0 11 15 NA 15
25 193 54 39 15 1 0 1658 891 8 29 0 12 15 NA 15
26 58 57 41 16 1 0 1675 923 9 31 0 13 15 NA 15
27 71 58 41 17 1 0 1705 946 9 33 0 13 15 NA 15
28 71 59 42 17 1 0 1718 959 8 33 0 13 15 NA 15
29 51 60 42 18 1 0 1746 983 8 32 0 13.5 15 NA 15
30 60 62 43 19 2 0 1763 1019 8 36 0 12.5 13.5 NA 13.5
31 59 63 44 19 2 0 1748 1054 9 37 0 13 13.5 NA 13.5
32 81 62 44 18 3 0 1756 1070 10 37 0 14 15 NA 15
33 64 69 48 21 3 0 1784 1076 10 38 0 14 15 NA 15
34 57 69 48 21 3 0 1801 1095 11 38 0 14 15 NA 15
35 46 72 51 21 3 0 1784 1146 11 40 0 14.5 15 NA 15
36 48 73 52 21 3 0 1808 1169 11 41 0 15 15 NA 15
37 145 74 54 20 4 0 1791 1164 11 41 0 14 13.5 NA 13.5
38 69 77 58 19 4 0 1789 1191 11 44 0 14 13.5 NA 13.5
39 64 79 60 19 5 0 1800 1199 12 45 0 14 12 NA 12
40 72 82 63 19 6 0 1806 1212 14 47 0 14.5 12 NA 12
41 66 83 64 19 7 0 1808 1214 15 50 0 15 12 NA 12
42 52 83 63 20 7 0 1826 1225 15 53 0 16 12 NA 12
43 75 83 62 21 8 0 1831 1234 15 54 0 17 12.5 NA 12.5
44 68 80 62 18 7 0 1853 1228 15 53 0 18 12 NA 12
45 61 82 63 19 8 0 1838 1254 17 60 0 18.5 12.5 NA 12.5
46 63 80 61 19 8 0 1841 1270 19 60 0 19.5 12.5 NA 12.5
47 53 80 61 19 8 0 1874 1274 19 63 0 20.5 12.5 NA 12.5
48 49 84 63 21 8 0 1882 1296 19 63 0 20 12.5 NA 12.5
49 138 84 62 22 9 0 1857 1276 20 65 0 20.5 13 NA 13
50 78 83 63 20 9 0 1869 1278 20 66 0 20 13 NA 13
51 63 85 63 22 8 0 1863 1302 19 66 0 21 14 NA 14
52 82 82 62 20 8 0 1830 1321 20 65 0 22 14 NA 14
53 60 84 63 21 10 0 1829 1346 22 66 0 22.5 15.5 NA 15.5
54 55 84 63 21 10 0 1829 1373 24 66 0 23 15.5 NA 15.5
55 66 81 60 21 10 0 1818 1404 23 65 0 24 15.5 NA 15.5
56 80 82 60 22 10 0 1833 1389 23 63 0 23.5 15.5 NA 15.5
57 64 81 58 23 10 0 1841 1403 23 63 0 24 15.5 NA 15.5
58 66 82 59 23 10 0 1837 1405 22 62 0 25 15.5 NA 15.5
59 71 86 63 23 12 0 1841 1418 24 62 0 26 20 NA 20
60 58 86 62 24 13 0 1863 1415 26 62 0 26.5 24 NA 24
61 121 85 61 24 12 0 1828 1423 25 64 0 27 20 NA 20
62 82 88 63 25 12 0 1828 1423 25 66 0 27 20 NA 20
63 67 88 63 25 11 0 1811 1451 23 66 0 27 24 NA 24
64 72 88 63 25 11 0 1817 1450 24 65 0 27 24 NA 24
65 62 87 62 25 14 0 1836 1452 26 63 0 27 23.5 NA 23.5
66 83 89 64 25 15 0 1828 1466 27 63 0 28 24 NA 24
67 73 93 67 26 14 0 1846 1450 27 61 0 24 23.5 NA 23.5
68 60 92 66 26 15 0 1872 1425 28 62 0 25 24 NA 24
69 76 91 65 26 15 0 1876 1434 28 60 0 24 24 NA 24
70 77 93 67 26 16 0 1880 1442 30 62 0 25 27.5 NA 27.5
71 80 92 68 24 16 0 1891 1427 30 63 0 23 27.5 NA 27.5
72 75 92 67 25 15 0 1888 1437 31 63 0 23 31 NA 31
73 127 88 66 22 13 0 1887 1412 29 59 0 22.5 31 NA 31
74 94 89 65 24 13 0 1887 1404 29 58 0 18 31 NA 31
75 74 92 67 25 14 0 1886 1407 31 58 0 17 31 NA 31
76 79 92 68 24 13 0 1886 1415 30 58 0 17 31 NA 31
77 55 94 70 24 13 0 1924 1390 30 59 0 17.5 31 NA 31
78 57 96 72 24 13 0 1919 1412 30 62 0 18 31 NA 31
79 66 95 73 22 12 0 1905 1425 29 65 0 17 31 NA 31
80 67 98 72 26 12 0 1903 1430 29 64 0 17.5 27 NA 27
81 59 98 72 26 12 0 1900 1437 28 65 0 18.5 27 NA 27
82 78 98 71 27 15 0 1913 1432 31 67 0 19.5 37 NA 37
83 82 99 71 28 16 0 1906 1432 31 67 0 19 34 NA 34
84 71 100 74 26 15 0 1924 1423 30 66 0 18 37 NA 37
85 99 98 72 26 14 0 1908 1431 29 62 0 18.5 34 NA 34
86 93 96 69 27 13 0 1911 1426 28 66 0 19.5 31 NA 31
87 67 96 70 26 11 0 1934 1424 27 68 0 20 31 NA 31
88 66 94 69 25 10 0 1905 1456 25 66 0 21 34.5 NA 34.5
89 61 97 71 26 11 0 1925 1450 26 66 0 20 31 NA 31
90 92 97 71 26 10 0 1924 1447 25 66 0 21 27 NA 27
91 76 98 73 25 10 0 1933 1440 25 67 0 21.5 27 NA 27
92 85 97 72 25 12 0 1943 1414 27 70 0 22 31.5 NA 31.5
93 76 95 70 25 13 0 1919 1428 29 69 0 21 32 NA 32
94 70 98 72 26 13 0 1945 1411 27 71 0 20.5 32 NA 32
95 66 98 72 26 15 0 1944 1423 30 71 0 21 33 NA 33
96 70 95 70 25 12 0 1956 1426 28 68 0 21 31.5 NA 31.5
97 110 92 68 24 12 0 1911 1427 27 67 0 22 27 NA 27
98 73 91 67 24 12 0 1918 1428 29 66 0 23 27 NA 27
99 77 94 68 26 13 0 1890 1431 31 68 0 24 23 NA 23
100 59 92 66 26 13 0 1889 1449 32 67 0 24.5 23 NA 23
101 71 89 64 25 13 0 1905 1428 33 66 0 23 23 NA 23
102 85 89 63 26 12 0 1885 1453 34 67 0 23 20 NA 20
103 82 88 62 26 15 0 1898 1438 36 66 0 23.5 28 NA 28
104 69 83 58 25 14 0 1911 1436 35 63 0 25 29.5 NA 29.5
105 69 85 58 27 15 0 1900 1435 36 63 0 25 31 NA 31
106 56 86 59 27 15 0 1914 1435 35 65 0 25.5 31 NA 31
107 60 87 60 27 15 0 1911 1449 36 67 0 26 31 NA 31
108 63 87 61 26 15 0 1899 1466 36 69 0 27 31 NA 31
109 113 88 62 26 17 0 1893 1442 37 68 0 27 32 NA 32
110 77 88 62 26 17 0 1901 1434 38 67 0 26.5 31 NA 31
111 85 90 64 26 17 0 1878 1453 38 68 0 25.5 28 NA 28
112 90 85 61 24 18 0 1867 1456 39 65 0 27 29.5 NA 29.5
113 84 82 59 23 17 0 1863 1456 38 62 0 27.5 28 NA 28
114 63 83 59 24 18 0 1863 1456 39 62 0 27 29.5 NA 29.5
115 70 83 59 24 18 0 1855 1465 41 62 0 28 29.5 NA 29.5
116 78 83 59 24 18 0 1834 1488 40 62 0 29 29.5 NA 29.5
117 84 85 59 26 19 0 1840 1483 40 63 0 29 30 NA 30
118 77 82 57 25 19 0 1830 1494 41 60 0 29 30 NA 30
119 84 83 59 24 20 0 1818 1497 40 59 0 30 30.5 NA 30.5
120 72 84 61 23 18 0 1826 1490 38 58 0 29.5 30.5 NA 30.5
121 86 82 59 23 18 0 1826 1464 38 58 0 30.5 30.5 NA 30.5
122 82 83 61 22 20 0 1827 1465 40 59 0 28 30.5 NA 30.5
123 78 82 61 21 19 0 1800 1496 39 61 0 26 31 NA 31
124 77 79 59 20 18 0 1801 1483 38 57 0 25 35 NA 35
125 74 82 62 20 18 0 1813 1467 38 58 0 21 30.5 NA 30.5
126 68 80 60 20 18 0 1821 1460 38 57 0 20.5 33 NA 33
127 69 80 61 19 18 0 1838 1446 37 54 0 19 33 NA 33
128 76 85 66 19 18 0 1848 1438 37 54 0 19 33 NA 33
129 64 85 66 19 19 0 1864 1430 39 55 0 19 38 NA 38
130 61 83 65 18 20 0 1874 1437 42 55 0 20 38.5 NA 38.5
131 71 81 64 17 19 0 1887 1428 40 56 0 21 38 NA 38
132 65 84 64 20 18 0 1909 1422 38 58 0 21 38.5 NA 38.5
133 90 88 65 23 19 0 1892 1424 39 59 0 21 39 NA 39
134 76 91 67 24 19 0 1898 1421 38 59 0 20 39 NA 39
135 77 93 70 23 19 0 1878 1430 39 59 0 18 39 NA 39
136 65 91 69 22 18 0 1874 1449 39 59 0 19 38.5 NA 38.5
137 67 94 73 21 18 0 1897 1440 39 62 0 19 36.5 NA 36.5
138 68 95 76 19 17 0 1893 1446 39 61 0 19 35 NA 35
139 80 94 76 18 17 0 1882 1446 39 62 0 19 35 NA 35
140 72 95 77 18 16 0 1887 1439 38 63 0 19 33.5 NA 33.5
141 74 92 75 17 17 0 1897 1436 39 61 0 18.5 29 NA 29
142 85 92 75 17 17 0 1878 1442 40 60 0 19 29 NA 29
143 68 93 74 19 15 0 1855 1459 38 58 0 18 29 NA 29
144 73 93 74 19 14 0 1840 1475 37 62 0 19 23.5 NA 23.5
145 94 91 71 20 15 0 1827 1478 36 63 0 20 29 NA 29
146 74 93 73 20 15 0 1839 1459 35 68 0 20 29 NA 29
147 70 96 73 23 17 0 1842 1463 37 72 0 20 30 NA 30
148 65 93 69 24 16 0 1829 1476 36 68 0 21 31 NA 31
149 73 90 68 22 15 0 1846 1459 36 67 0 21.5 32 NA 32
150 81 89 67 22 15 0 1842 1453 36 69 0 23 32 NA 32
151 70 88 67 21 14 0 1831 1466 36 69 0 23 31 NA 31
152 85 87 67 20 13 0 1828 1460 35 69 0 21 29 NA 29
153 71 85 67 18 11 0 1847 1453 32 67 0 21 29 NA 29
154 66 87 67 20 12 0 1833 1486 33 68 0 22 34 NA 34
155 77 87 67 20 12 0 1829 1499 33 68 0 22 34 NA 34
156 90 87 68 19 12 0 1827 1494 32 67 0 23 34 NA 34
157 95 84 61 23 11 0 1826 1483 31 63 0 23 29 NA 29
158 92 79 59 20 11 0 1793 1501 32 60 0 24 29 NA 29
159 63 79 60 19 12 0 1816 1486 34 62 0 25 27.5 NA 27.5
160 76 76 58 18 12 0 1830 1474 33 61 0 25.5 27.5 NA 27.5
161 79 77 58 19 14 0 1788 1498 35 60 0 26 27.5 NA 27.5
162 64 79 60 19 14 0 1796 1490 36 60 0 25 27.5 NA 27.5
163 75 79 61 18 15 0 1787 1499 38 60 0 26 29 NA 29
164 72 80 65 15 15 0 1812 1492 37 57 0 26 30 NA 30
165 76 81 67 14 16 0 1827 1482 37 56 0 25 31.5 NA 31.5
166 78 85 70 15 16 0 1834 1469 38 55 0 24 31.5 NA 31.5
167 80 81 66 15 16 0 1820 1480 38 55 0 26 31.5 NA 31.5
168 85 80 64 16 14 0 1817 1470 36 52 0 24.5 29.5 NA 29.5
169 100 84 65 19 13 0 1820 1446 36 54 0 22.5 30 NA 30
170 85 82 64 18 12 0 1795 1466 35 51 0 23 27.5 NA 27.5
171 74 86 67 19 12 0 1819 1444 35 52 0 22.5 27.5 NA 27.5
172 85 88 68 20 12 0 1827 1443 33 50 0 16.5 27.5 NA 27.5
173 67 89 68 21 12 0 1833 1450 33 52 0 16 25 NA 25
174 73 87 65 22 11 0 1828 1459 33 51 0 17 28 NA 28
175 62 87 66 21 11 0 1843 1452 33 50 0 14 28 NA 28
176 68 87 65 22 12 0 1869 1432 35 54 0 15 30.5 NA 30.5
177 73 87 64 23 12 0 1889 1430 34 53 0 15 30.5 NA 30.5
178 68 85 62 23 12 0 1896 1446 33 57 0 17 30.5 NA 30.5
179 73 84 62 22 13 0 1889 1464 33 55 0 16.5 33 NA 33
180 71 86 64 22 13 0 1905 1442 32 58 0 16.5 33 NA 33
181 83 86 64 22 13 0 1895 1444 31 62 0 17.5 33 NA 33
182 65 88 66 22 14 0 1892 1449 31 62 0 18 34.5 NA 34.5
183 85 92 69 23 13 0 1901 1436 30 63 0 18 33 NA 33
184 70 96 69 27 15 0 1924 1415 31 66 0 18 33 NA 33
185 74 96 68 28 15 0 1903 1433 31 66 0 18 33 NA 33
186 82 95 69 26 15 0 1909 1421 30 64 0 17 33 NA 33
187 68 94 68 26 15 0 1905 1431 30 65 0 18 33 NA 33
188 74 97 73 24 14 0 1883 1441 30 63 0 19 34.5 NA 34.5
189 81 98 73 25 15 0 1902 1411 28 63 0 18 36 NA 36
190 75 98 72 26 15 0 1899 1418 29 62 0 19 36 NA 36
191 84 99 72 27 15 0 1906 1416 29 61 0 19 36 NA 36
192 74 103 73 30 15 0 1926 1396 31 63 0 20 36 NA 36
193 79 104 74 30 17 0 1892 1419 34 64 0 20.5 33 NA 33
194 73 104 72 32 17 0 1909 1415 34 64 0 19 33 NA 33
195 59 108 76 32 17 0 1907 1425 34 71 0 18.5 33 NA 33
196 75 106 76 30 18 0 1884 1440 36 73 0 19 34.5 NA 34.5
197 103 101 73 28 17 0 1837 1461 35 70 0 20 33 NA 33
198 81 106 79 27 17 0 1825 1461 36 72 0 17.5 36 NA 36
199 82 105 79 26 16 0 1827 1461 35 68 0 17 32.5 NA 32.5
200 89 101 73 28 14 0 1833 1451 33 67 0 17 30.5 NA 30.5
201 60 102 73 29 14 0 1835 1450 33 70 0 18 30.5 NA 30.5
202 67 101 72 29 13 0 1851 1442 32 69 0 19 28 NA 28
203 73 97 70 27 12 0 1838 1451 32 68 0 20 27 NA 27
204 97 95 70 25 10 0 1820 1454 32 67 0 20 27 NA 27
205 78 96 71 25 9 0 1827 1449 31 67 0 20.5 26 NA 26
206 83 98 73 25 10 0 1827 1439 32 68 0 20.5 27 NA 27
207 68 97 73 24 10 0 1818 1457 33 68 0 21 27 NA 27
208 80 99 75 24 11 0 1834 1438 34 70 0 20 28 NA 28
209 71 102 78 24 12 0 1854 1425 36 69 0 21 34 NA 34
210 72 101 78 23 11 0 1841 1433 35 73 0 22 28 NA 28
211 62 106 81 25 11 0 1838 1455 34 77 0 21.5 28 NA 28
212 69 106 80 26 13 0 1832 1447 36 79 0 21.5 32 NA 32
213 83 107 81 26 13 0 1840 1435 35 78 0 22 32 NA 32
214 58 108 82 26 14 0 1858 1432 36 78 0 22 30 NA 30
215 78 108 82 26 16 0 1863 1426 38 78 0 23 30 NA 30
216 72 107 80 27 15 0 1838 1445 38 78 0 22 32 NA 32
217 93 104 78 26 15 0 1828 1436 37 73 0 22 32 NA 32
218 80 104 77 27 16 0 1838 1421 37 73 0 20 31.5 NA 31.5
219 72 105 77 28 16 0 1853 1415 39 75 0 21 31.5 NA 31.5
220 89 104 76 28 18 0 1850 1405 41 76 0 22 31.5 NA 31.5
221 75 105 77 28 19 0 1832 1416 41 80 0 23 32 NA 32
222 60 105 78 27 17 0 1814 1452 39 79 0 24 32 NA 32
223 77 104 77 27 15 0 1812 1450 38 80 0 24.5 32 NA 32
224 73 103 77 26 14 0 1821 1458 37 78 0 25 31.5 NA 31.5
225 86 103 79 24 14 0 1788 1465 37 78 0 25 28.5 NA 28.5
226 70 104 80 24 13 0 1811 1461 35 78 0 22.5 31 NA 31
227 89 104 79 25 12 0 1810 1459 33 78 0 23 28.5 NA 28.5
228 75 104 80 24 12 0 1826 1440 33 77 0 23 28.5 NA 28.5
229 76 101 78 23 11 0 1824 1427 31 79 0 24 31 NA 31
230 87 102 78 24 11 0 1835 1428 30 81 0 24 31 NA 31
231 65 105 80 25 13 0 1844 1431 32 82 0 25 33 NA 33
232 76 107 81 26 12 0 1862 1408 33 80 0 23 32 NA 32
233 84 106 81 25 11 0 1854 1412 32 78 0 24 33 NA 33
234 70 104 79 25 11 0 1864 1409 31 78 0 25 33 NA 33
235 83 105 79 26 13 0 1871 1402 33 79 0 26 36 NA 36
236 76 105 79 26 13 0 1881 1399 33 79 0 25 37 NA 37
237 72 105 78 27 14 0 1873 1412 33 81 0 26 38.5 NA 38.5
238 74 106 79 27 14 0 1882 1392 33 84 0 26.5 38.5 NA 38.5
239 74 106 80 26 14 0 1874 1408 33 82 0 26 38.5 NA 38.5
240 92 101 77 24 13 0 1842 1412 31 80 0 27 40 NA 40
241 82 101 77 24 12 0 1856 1384 32 79 0 28 39.5 NA 39.5
242 76 101 76 25 10 0 1874 1367 31 78 0 28 43.5 NA 43.5
243 67 100 75 25 10 0 1888 1362 31 79 0 28.5 42.5 NA 42.5
244 81 98 70 28 12 0 1866 1381 34 77 0 27 42.5 NA 42.5
245 88 100 72 28 12 0 1885 1374 35 75 0 27 42.5 NA 42.5
246 86 98 71 27 12 0 1876 1377 36 73 0 24.5 42.5 NA 42.5
247 57 97 71 26 11 0 1884 1385 35 72 0 25 43 NA 43
248 72 99 72 27 11 0 1885 1380 35 73 0 25 43 NA 43
249 75 95 69 26 11 0 1894 1367 33 68 0 25 43 NA 43
250 71 97 71 26 10 0 1910 1353 34 66 0 25 43 NA 43
251 77 93 68 25 8 0 1886 1369 32 67 0 25 43 NA 43
252 68 94 71 23 9 0 1875 1379 32 66 0 26 43 NA 43
253 86 98 74 24 10 0 1873 1370 32 65 0 25 42.5 NA 42.5
254 83 102 79 23 12 0 1845 1384 34 66 0 22.5 42.5 NA 42.5
255 90 106 81 25 12 0 1842 1388 34 67 0 22.5 42.5 NA 42.5
256 68 106 81 25 12 0 1838 1392 34 68 0 22.5 42.5 NA 42.5
257 97 101 78 23 10 0 1829 1386 31 67 0 21 42.5 NA 42.5
258 71 101 79 22 11 0 1851 1377 31 65 0 19 42 NA 42
259 78 103 80 23 11 0 1872 1356 32 64 0 18 42 NA 42
260 79 105 80 25 11 0 1867 1363 32 67 0 18 42 NA 42
261 68 106 79 27 12 0 1862 1370 33 68 0 18 42.5 NA 42.5
262 73 106 79 27 12 0 1848 1382 32 69 0 18 36 NA 36
263 78 108 78 30 14 0 1850 1389 34 70 0 18.5 41.5 NA 41.5
264 62 107 78 29 14 0 1864 1404 33 71 0 19 41.5 NA 41.5
265 74 109 80 29 14 0 1874 1408 34 74 0 20 41.5 NA 41.5
266 77 107 78 29 14 0 1880 1384 34 75 0 21 41.5 NA 41.5
267 74 105 75 30 14 0 1875 1392 33 76 0 21 35.5 NA 35.5
268 71 106 75 31 15 0 1861 1396 33 74 0 20.5 30 NA 30
269 74 106 75 31 15 0 1870 1400 33 74 0 21 30 NA 30
270 74 103 75 28 15 0 1876 1395 33 72 0 20 30 NA 30
271 64 103 75 28 14 0 1901 1397 34 75 0 21 35.5 NA 35.5
272 59 105 77 28 14 0 1891 1411 35 78 0 22 35.5 NA 35.5
273 65 105 76 29 14 0 1883 1424 35 80 0 22 35.5 NA 35.5
274 81 108 79 29 14 0 1898 1408 35 81 0 21.5 35.5 NA 35.5
275 89 103 74 29 14 0 1876 1411 34 77 0 21 35.5 NA 35.5
276 60 101 72 29 14 0 1877 1421 34 78 0 22 35.5 NA 35.5
277 74 98 71 27 11 0 1864 1423 31 75 0 22 41 NA 41
278 76 99 72 27 12 0 1855 1425 31 74 0 22 41 NA 41
279 97 103 73 30 11 0 1859 1410 31 73 0 21 41 NA 41
280 67 98 68 30 11 0 1844 1426 31 74 0 21.5 41 NA 41
281 82 97 68 29 11 0 1830 1448 32 74 0 22 41 NA 41
282 94 96 67 29 10 0 1821 1434 31 73 0 23 41 NA 41
283 72 93 65 28 10 0 1826 1439 31 70 0 24 39.5 NA 39.5
284 71 93 66 27 10 0 1838 1447 32 71 0 24 39.5 NA 39.5
285 78 94 67 27 10 0 1833 1446 31 72 0 25 39.5 NA 39.5
286 67 100 71 29 12 0 1853 1438 33 76 0 25 41.5 NA 41.5
287 96 96 68 28 11 0 1839 1449 32 74 0 26 38 NA 38
288 74 98 69 29 11 0 1824 1455 30 72 0 25 38 NA 38
289 71 94 66 28 11 0 1799 1467 30 70 0 25 38 NA 38
290 71 92 64 28 11 0 1799 1466 30 70 0 25.5 38 NA 38
291 64 95 65 30 12 0 1833 1429 31 74 0 26 35 NA 35
292 72 92 62 30 12 0 1843 1425 31 72 0 27.5 35 NA 35
293 67 95 65 30 13 0 1831 1433 32 73 0 27 38 NA 38
294 76 95 65 30 13 0 1812 1444 33 74 0 28 38 NA 38
295 81 95 65 30 13 0 1824 1434 33 72 0 29 38 NA 38
296 66 98 68 30 13 0 1843 1425 33 72 0 28 38 NA 38
297 73 101 71 30 13 0 1808 1462 33 73 0 29 38 NA 38
298 69 102 72 30 13 0 1806 1482 33 77 0 28.5 38 NA 38
299 96 98 68 30 12 0 1785 1486 31 71 0 25.5 37 NA 37
300 72 96 67 29 12 0 1781 1487 31 72 0 26 31 NA 31
301 69 96 66 30 11 0 1783 1490 30 72 0 27 30 NA 30
302 78 97 68 29 12 0 1781 1491 31 72 0 28 31 NA 31
303 74 97 68 29 14 0 1774 1505 35 70 0 25 34 NA 34
304 71 98 69 29 14 0 1788 1507 35 70 0 25.5 34 NA 34
305 66 101 72 29 14 0 1840 1465 36 74 0 26 34 NA 34
306 88 98 70 28 15 0 1815 1473 38 72 0 27 30 NA 30
307 78 102 74 28 15 0 1843 1455 39 74 0 28 30 NA 30
308 66 104 76 28 16 0 1873 1434 39 76 0 27 34 NA 34
309 75 108 80 28 16 0 1863 1444 39 79 0 27 34 NA 34
310 80 112 81 31 15 0 1878 1436 38 79 0 24.5 30 NA 30
311 72 111 82 29 15 0 1872 1437 39 80 0 25 30 NA 30
312 68 112 84 28 15 0 1912 1418 38 80 0 26 30 NA 30
313 64 109 83 26 17 0 1908 1420 40 78 0 27 30 NA 30
314 77 107 81 26 18 0 1933 1388 41 77 0 26 29.5 NA 29.5
