1 62 2 1 1 0 2 198 0 0 0 0 0 NA NA NA
2 52 4 2 2 0 2 377 0 0 0 0 0.5 NA NA NA
3 67 7 3 4 0 4 530 0 0 0 0 1 NA NA NA
4 56 10 4 6 0 8 627 0 0 0 0 1 NA NA NA
5 57 11 4 7 0 13 744 0 0 0 0 2 NA NA NA
6 50 15 6 9 0 15 853 0 0 0 0 2 NA NA NA
7 67 16 7 9 0 21 951 0 0 0 0 3 NA NA NA
8 40 16 7 9 0 25 1063 0 0 0 0 4 NA NA NA
9 58 16 7 9 0 29 1137 0 0 0 0 5 NA NA NA
10 58 17 8 9 0 35 1169 0 0 0 0 6 NA NA NA
11 50 19 9 10 0 42 1258 0 0 0 0 7 NA NA NA
12 50 20 10 10 0 54 1313 0 0 0 0 7.5 NA NA NA
13 208 28 18 10 0 58 1341 0 0 2 0 7 NA NA NA
14 59 28 19 9 0 64 1385 0 0 4 0 7.5 NA NA NA
15 56 30 21 9 0 62 1435 0 0 7 0 6.5 NA NA NA
16 58 30 21 9 0 78 1447 0 0 10 0 7.5 NA NA NA
17 69 31 21 10 0 80 1481 0 0 10 0 6 NA NA NA
18 61 34 24 10 1 84 1512 0 0 13 0 6.5 5 NA 5
19 74 36 26 10 2 85 1536 0 0 14 0 6.5 10 NA 10
20 53 37 26 11 3 92 1561 0 0 14 0 7 14 NA 14
21 65 38 27 11 4 92 1577 0 0 14 0 8 14.5 NA 14.5
22 65 35 25 10 4 92 1605 0 0 14 0 9 14.5 NA 14.5
23 66 35 25 10 5 96 1614 0 0 16 0 10 14 NA 14
24 55 36 26 10 5 95 1658 0 0 17 0 11 14 NA 14
25 176 41 29 12 5 99 1624 0 0 23 0 12 12 NA 12
26 76 40 28 12 5 105 1654 0 0 21 0 13 12 NA 12
27 77 43 29 14 5 104 1664 0 0 23 0 12 12 NA 12
28 75 44 30 14 7 105 1690 0 0 23 0 13 15 NA 15
29 61 47 33 14 8 115 1713 0 0 25 0 12 16.5 NA 16.5
30 62 50 36 14 7 126 1702 0 0 27 0 12 15 NA 15
31 53 49 35 14 8 132 1705 0 0 26 0 13 15.5 NA 15.5
32 61 50 36 14 9 137 1691 0 0 27 0 13.5 15 NA 15
33 70 51 37 14 9 142 1717 0 0 28 0 14 15 NA 15
34 55 53 38 15 10 141 1737 0 0 28 0 14 15.5 NA 15.5
35 61 53 38 15 11 142 1750 0 0 28 0 15 16 NA 16
36 66 51 37 14 12 144 1750 0 0 26 0 12 17 NA 17
37 165 52 38 14 14 138 1745 0 0 30 0 12 17 NA 17
38 68 54 39 15 15 144 1762 0 0 31 0 13 18 NA 18
39 51 54 39 15 15 139 1791 0 0 34 0 14 18 NA 18
40 66 55 39 16 16 138 1784 0 0 35 0 15 19 NA 19
41 55 56 40 16 18 139 1781 0 0 37 0 16 20.5 NA 20.5
42 69 54 38 16 18 139 1788 0 0 38 0 17 20.5 NA 20.5
43 76 61 44 17 17 143 1779 0 0 38 0 16 20 NA 20
44 76 60 44 16 16 150 1789 0 0 38 0 17 19 NA 19
45 54 61 45 16 17 149 1789 0 0 38 0 17 18 NA 18
46 59 59 44 15 17 143 1784 0 0 37 0 17 19 NA 19
47 63 59 44 15 19 144 1797 0 0 36 0 18 19 NA 19
48 77 62 47 15 19 141 1809 0 0 38 0 18.5 19 NA 19
49 158 66 49 17 17 137 1778 0 0 39 0 15.5 19 NA 19
50 74 67 48 19 17 139 1769 0 0 39 0 14 20 NA 20
51 73 66 49 17 17 142 1774 0 0 38 0 14 20 NA 20
52 55 66 49 17 19 132 1789 0 0 38 0 15 19 NA 19
53 66 67 51 16 19 135 1817 0 0 39 0 16 19 NA 19
54 66 68 52 16 19 130 1797 0 0 38 0 16.5 19 NA 19
55 73 68 49 19 20 130 1798 0 0 41 0 16.5 19.5 NA 19.5
56 68 71 52 19 20 128 1826 0 0 41 0 13 19.5 NA 19.5
57 59 75 56 19 20 128 1839 0 0 43 0 14 19.5 NA 19.5
58 84 78 58 20 20 131 1813 0 0 44 0 15 19.5 NA 19.5
59 60 79 58 21 21 132 1797 0 0 45 0 15 19 NA 19
60 63 79 58 21 22 136 1782 0 0 47 0 16 19.5 NA 19.5
61 124 77 55 22 21 138 1760 0 0 51 0 16 20 NA 20
62 59 80 57 23 22 137 1770 0 0 53 0 15.5 19.5 NA 19.5
63 63 80 57 23 22 137 1760 0 0 53 0 16.5 19.5 NA 19.5
64 71 81 59 22 23 139 1766 0 0 51 0 16 19 NA 19
65 71 85 63 22 24 143 1775 0 0 52 0 16 19 NA 19
66 70 86 64 22 24 148 1783 0 0 53 0 17 19 NA 19
67 62 86 66 20 27 141 1785 0 0 54 0 18 18 NA 18
68 66 84 65 19 27 135 1774 0 0 55 0 19 18 NA 18
69 75 82 63 19 27 136 1780 0 0 57 0 20 18 NA 18
70 68 81 64 17 27 140 1780 0 0 61 0 21 18 NA 18
71 59 82 65 17 27 137 1790 0 0 61 0 22 18 NA 18
72 73 81 64 17 27 133 1782 0 0 60 0 19 19 NA 19
73 133 81 65 16 28 129 1765 0 0 61 0 20 19 NA 19
74 71 79 64 15 27 133 1777 0 0 61 0 20 19 NA 19
75 71 83 66 17 29 133 1785 0 0 62 0 21 19 NA 19
76 63 85 68 17 28 137 1773 0 0 64 0 21 19 NA 19
77 61 86 69 17 29 135 1784 0 0 67 0 22 19 NA 19
78 63 85 67 18 30 136 1801 0 0 66 0 23 19 NA 19
79 65 87 69 18 30 132 1770 0 0 67 0 24 19 NA 19
80 61 88 69 19 30 138 1802 0 0 64 0 24 18.5 NA 18.5
81 61 92 71 21 31 139 1777 0 0 64 0 23.5 19 NA 19
82 79 96 75 21 32 138 1786 0 0 65 0 24 19 NA 19
83 68 95 74 21 34 134 1796 0 0 66 0 25 20.5 NA 20.5
84 67 94 74 20 33 127 1786 0 0 65 0 26 19 NA 19
85 104 95 75 20 35 134 1787 0 0 68 0 26 20 NA 20
86 68 97 76 21 36 134 1805 0 0 68 0 25 19.5 NA 19.5
87 75 97 76 21 38 135 1780 0 0 71 0 25 21 NA 21
88 66 97 76 21 37 138 1781 0 0 70 0 24 22 NA 22
89 56 100 79 21 38 136 1803 0 0 71 0 24 22 NA 22
90 70 100 79 21 39 139 1826 0 0 69 0 24.5 22 NA 22
91 69 101 80 21 39 134 1820 0 0 68 0 21 22 NA 22
92 68 102 80 22 40 133 1835 0 0 70 0 21.5 23 NA 23
93 72 103 79 24 39 131 1823 0 0 72 0 22 22 NA 22
94 46 101 77 24 37 131 1848 0 0 73 0 22 22 NA 22
95 58 102 78 24 36 133 1844 0 0 72 0 22 22 NA 22
96 69 102 77 25 37 133 1856 0 0 74 0 23 22 NA 22
97 109 102 74 28 35 133 1809 0 0 72 0 22 20 NA 20
98 75 99 72 27 34 131 1824 0 0 70 0 22 22 NA 22
99 90 103 75 28 33 133 1830 0 0 70 0 21 22 NA 22
100 71 102 75 27 33 129 1836 0 0 70 0 20.5 22 NA 22
101 54 101 74 27 31 136 1848 0 0 69 0 20 22 NA 22
102 65 97 72 25 31 140 1846 0 0 67 0 20 22 NA 22
103 77 97 73 24 31 140 1845 0 0 68 0 19 24 NA 24
104 71 96 73 23 32 144 1831 0 0 67 0 19.5 23 NA 23
105 72 98 77 21 32 150 1823 0 0 66 0 20 23 NA 23
106 63 98 77 21 33 147 1800 0 0 67 0 20 24 NA 24
107 76 94 73 21 33 145 1815 0 0 64 0 19.5 22 NA 22
108 74 93 73 20 34 144 1804 0 0 64 0 20 21 NA 21
109 115 98 78 20 34 145 1773 0 0 67 0 20 19.5 NA 19.5
110 94 103 82 21 34 141 1755 0 0 66 0 19 19.5 NA 19.5
111 80 106 85 21 34 139 1742 0 0 68 0 20 19.5 NA 19.5
112 77 105 84 21 33 142 1748 0 0 68 0 21 19 NA 19
113 74 107 85 22 33 142 1757 0 0 69 0 19 20 NA 20
114 70 110 88 22 34 149 1776 0 0 70 0 18 21 NA 21
115 77 108 86 22 34 148 1756 0 0 71 0 19 21 NA 21
116 91 110 89 21 33 159 1741 0 0 69 0 19 20 NA 20
117 74 109 88 21 33 157 1734 0 0 71 0 20 20 NA 20
118 65 114 89 25 34 154 1755 0 0 71 0 18.5 19 NA 19
119 62 112 87 25 32 153 1769 0 0 68 0 18 23 NA 23
120 77 113 86 27 32 153 1774 0 0 66 0 18 23 NA 23
121 73 116 89 27 31 151 1799 0 0 72 0 18 22 NA 22
122 89 115 88 27 36 148 1762 0 0 77 0 19 21.5 NA 21.5
123 70 113 86 27 34 154 1756 0 0 79 0 19 19.5 NA 19.5
124 90 114 88 26 34 153 1754 0 0 77 0 19 19.5 NA 19.5
125 65 113 87 26 34 153 1785 0 0 79 0 20 19.5 NA 19.5
126 73 115 89 26 35 155 1781 0 0 83 0 21 21 NA 21
127 75 114 88 26 37 150 1776 0 0 83 0 20.5 21 NA 21
128 70 113 87 26 35 150 1767 0 0 84 0 19 19 NA 19
129 62 113 87 26 35 148 1769 0 0 85 0 20 19 NA 19
130 72 111 85 26 36 151 1808 0 0 86 0 21 20 NA 20
131 79 113 87 26 38 149 1794 0 0 85 0 22 22.5 NA 22.5
132 66 112 86 26 36 152 1805 0 0 88 0 22.5 23.5 NA 23.5
133 82 117 91 26 42 142 1792 0 0 91 0 23 24 NA 24
134 78 112 87 25 40 138 1785 0 0 88 0 24 23 NA 23
135 76 111 87 24 39 135 1813 0 0 87 0 24 20 NA 20
136 76 111 87 24 39 134 1823 0 0 88 0 25 22 NA 22
137 72 108 84 24 39 140 1815 0 0 85 0 26 22 NA 22
138 77 111 86 25 40 145 1802 0 0 87 0 25 23 NA 23
139 82 105 82 23 40 145 1789 0 0 81 0 26 24 NA 24
140 91 105 81 24 41 136 1773 0 0 79 0 26 26 NA 26
141 60 105 81 24 39 137 1776 0 0 78 0 27 26 NA 26
142 53 107 83 24 43 138 1786 0 0 79 0 26 26 NA 26
143 72 110 84 26 43 139 1783 0 0 82 0 26 26 NA 26
144 79 111 84 27 43 142 1770 0 0 81 0 26 26 NA 26
145 86 112 85 27 44 136 1784 0 0 84 0 25.5 26 NA 26
146 86 114 87 27 43 138 1792 0 0 83 0 26 26 NA 26
147 77 111 84 27 40 137 1772 0 0 78 0 26 26 NA 26
148 74 111 84 27 40 138 1784 0 0 79 0 27 26 NA 26
149 64 109 82 27 41 141 1812 0 0 78 0 28 26 NA 26
150 75 110 81 29 43 141 1785 0 0 80 0 29 26 NA 26
151 79 112 83 29 43 144 1797 0 0 79 0 29.5 27 NA 27
152 68 108 79 29 43 137 1790 0 0 78 0 30.5 29 NA 29
153 73 110 81 29 43 141 1783 0 0 80 0 30.5 29 NA 29
154 74 108 79 29 43 143 1789 0 0 79 0 27 29 NA 29
155 59 103 74 29 41 132 1812 0 0 78 0 24 27 NA 27
156 71 103 74 29 43 134 1821 0 0 79 0 25 27 NA 27
157 84 103 74 29 43 139 1808 0 0 81 0 26 27 NA 27
158 80 100 72 28 43 135 1803 0 0 79 0 27 27 NA 27
159 85 98 70 28 40 133 1790 0 0 74 0 26 26 NA 26
160 70 98 71 27 39 130 1841 0 0 75 0 25.5 26 NA 26
161 61 96 71 25 37 140 1848 0 0 72 0 24 26 NA 26
162 74 94 69 25 36 137 1815 0 0 70 0 22.5 26 NA 26
163 63 90 68 22 36 142 1808 0 0 69 0 22.5 26 NA 26
164 91 87 66 21 34 143 1781 0 0 65 0 23 24.5 NA 24.5
165 76 90 69 21 33 145 1770 0 0 66 0 22.5 23 NA 23
166 70 91 73 18 32 149 1774 0 0 65 0 22 23 NA 23
167 62 94 75 19 33 146 1802 0 0 67 0 22.5 23 NA 23
168 72 95 75 20 33 148 1796 0 0 69 0 23 23 NA 23
169 98 94 74 20 35 142 1787 0 0 68 0 24 23 NA 23
170 74 95 74 21 36 139 1788 0 0 70 0 25 24 NA 24
171 66 96 76 20 38 138 1803 0 0 73 0 25.5 23 NA 23
172 78 97 77 20 39 145 1787 0 0 74 0 26 23 NA 23
173 69 96 75 21 39 141 1784 0 0 74 0 27 23 NA 23
174 79 96 74 22 39 142 1793 0 0 75 0 28 23 NA 23
175 80 96 72 24 39 144 1787 0 0 73 0 28 23 NA 23
176 78 96 72 24 38 139 1781 0 0 72 0 26 23 NA 23
177 75 96 72 24 37 147 1799 0 0 73 0 26 23 NA 23
178 81 97 73 24 37 143 1791 0 0 76 0 25 23 NA 23
179 68 95 71 24 36 145 1783 0 0 74 0 26 23 NA 23
180 61 95 71 24 35 139 1780 0 0 72 0 25 23 NA 23
181 71 97 71 26 37 137 1780 0 0 74 0 26 24 NA 24
182 68 95 69 26 37 137 1784 0 0 73 0 26 24 NA 24
183 62 95 72 23 36 128 1784 0 0 72 0 25 23.5 NA 23.5
184 75 97 75 22 35 131 1775 0 0 69 0 25 24 NA 24
185 64 96 74 22 35 137 1779 0 0 69 0 26 24 NA 24
186 81 96 74 22 34 140 1801 0 0 67 0 25.5 24.5 NA 24.5
187 93 94 73 21 34 137 1803 0 0 65 0 25.5 24.5 NA 24.5
188 78 96 75 21 33 138 1791 0 0 64 0 23 24 NA 24
189 63 99 75 24 32 130 1806 0 0 64 0 23 24.5 NA 24.5
190 66 101 76 25 33 129 1806 0 0 67 0 24 25 NA 25
191 68 103 77 26 32 130 1793 0 0 67 0 24 24.5 NA 24.5
192 80 107 80 27 32 135 1794 0 0 69 0 23 25 NA 25
193 87 108 81 27 35 134 1793 0 0 70 0 22 25 NA 25
194 60 107 80 27 35 138 1778 0 0 69 0 23 26 NA 26
195 86 107 79 28 36 136 1777 0 0 69 0 20 25.5 NA 25.5
196 70 105 78 27 34 134 1769 0 0 70 0 20 26.5 NA 26.5
197 64 110 83 27 34 131 1749 0 0 68 0 18.5 25.5 NA 25.5
198 64 113 84 29 35 127 1768 0 0 71 0 18 26 NA 26
199 78 116 87 29 34 124 1785 0 0 74 0 18.5 25.5 NA 25.5
200 70 118 87 31 35 126 1779 0 0 79 0 18.5 26 NA 26
201 99 118 87 31 36 119 1766 0 0 82 0 18.5 26.5 NA 26.5
202 72 116 85 31 34 124 1774 0 0 80 0 19 26.5 NA 26.5
203 83 114 85 29 34 121 1799 0 0 80 0 19 26.5 NA 26.5
204 76 118 84 34 32 124 1812 0 0 83 0 18 26.5 NA 26.5
205 80 119 84 35 32 126 1805 0 0 85 0 19 26.5 NA 26.5
206 76 124 86 38 37 123 1799 0 0 86 0 19 27 NA 27
207 85 122 86 36 38 124 1801 0 0 87 0 20 26.5 NA 26.5
208 72 122 85 37 40 116 1793 0 0 86 0 20.5 26.5 NA 26.5
209 82 124 85 39 43 120 1783 0 0 92 0 21 26 NA 26
210 74 124 85 39 46 122 1776 0 0 93 0 22 25.5 NA 25.5
211 68 125 88 37 47 122 1766 0 0 93 0 23 25 NA 25
212 82 123 86 37 46 119 1767 0 0 90 0 23 25.5 NA 25.5
213 59 120 83 37 44 126 1764 0 0 90 0 24 24.5 NA 24.5
214 68 118 82 36 39 129 1763 0 0 86 0 23.5 23 NA 23
215 73 121 85 36 41 132 1764 0 0 86 0 24 24 NA 24
216 61 122 86 36 42 136 1765 0 0 92 0 25 24.5 NA 24.5
217 90 122 86 36 41 134 1754 0 0 92 0 25 25 NA 25
218 78 122 86 36 41 133 1763 0 0 93 0 25.5 24 NA 24
219 78 123 85 38 41 133 1759 0 0 90 0 24 24 NA 24
220 94 124 86 38 43 127 1758 0 0 90 0 23.5 24 NA 24
221 71 121 86 35 43 129 1755 0 0 88 0 24 25 NA 25
222 67 124 90 34 44 129 1761 0 0 88 0 25 24.5 NA 24.5
223 84 120 87 33 42 135 1753 0 0 88 0 24.5 24.5 NA 24.5
224 73 117 84 33 40 134 1745 0 0 86 0 25 24.5 NA 24.5
225 79 119 86 33 40 140 1740 0 0 87 0 26 24.5 NA 24.5
226 71 120 85 35 39 143 1762 0 0 90 0 26.5 24 NA 24
227 65 119 84 35 40 144 1758 0 0 91 0 27 24 NA 24
228 69 116 82 34 37 146 1757 0 0 87 0 26.5 25 NA 25
229 77 114 82 32 36 146 1757 0 0 85 0 26 25.5 NA 25.5
230 78 115 83 32 37 142 1748 0 0 88 0 26 25 NA 25
231 86 114 83 31 38 135 1745 0 0 89 0 27 25.5 NA 25.5
232 71 113 82 31 40 132 1760 0 0 89 0 28 26 NA 26
233 88 111 83 28 39 132 1757 0 0 88 0 27 26 NA 26
234 89 113 85 28 42 129 1744 0 0 90 0 28 25.5 NA 25.5
235 90 111 84 27 43 130 1758 0 0 89 0 27 25 NA 25
236 75 110 85 25 44 128 1760 0 0 87 0 27 24 NA 24
237 64 110 84 26 43 123 1775 0 0 87 0 26 24 NA 24
238 81 112 83 29 46 116 1790 0 0 88 0 27 24.5 NA 24.5
239 66 117 88 29 48 111 1786 0 0 87 0 25 25.5 NA 25.5
240 70 118 87 31 47 112 1782 0 0 87 0 26 26 NA 26
241 58 122 92 30 46 114 1792 0 0 86 0 24 26 NA 26
242 74 121 92 29 45 116 1786 0 0 85 0 24 26 NA 26
243 69 123 92 31 46 123 1791 0 0 86 0 25 26 NA 26
244 90 125 94 31 49 125 1779 0 0 88 0 25 26 NA 26
245 77 122 92 30 49 119 1779 0 0 87 0 26.5 26 NA 26
246 89 124 94 30 44 120 1760 0 0 84 0 25 26.5 NA 26.5
247 77 121 92 29 45 109 1761 0 0 82 0 26 27 NA 27
248 90 122 92 30 45 110 1770 0 0 81 0 26 27 NA 27
249 83 120 90 30 44 106 1764 0 0 82 0 27 27 NA 27
250 99 121 93 28 44 104 1779 0 0 83 0 26 27 NA 27
251 76 119 90 29 43 105 1773 0 0 85 0 26 27 NA 27
252 75 120 92 28 47 104 1771 0 0 87 0 27 26 NA 26
253 85 119 91 28 48 105 1765 0 0 92 0 28 25.5 NA 25.5
254 80 120 92 28 48 108 1770 0 0 93 0 28.5 25.5 NA 25.5
255 89 118 92 26 46 109 1775 0 0 91 0 26.5 24 NA 24
256 91 119 93 26 46 109 1762 0 0 93 0 27 24 NA 24
257 92 119 93 26 49 110 1791 0 0 93 0 27 26 NA 26
258 77 121 93 28 49 116 1784 0 0 96 0 26 25 NA 25
259 74 119 90 29 48 116 1781 0 0 94 0 26 24 NA 24
260 67 123 94 29 48 115 1777 0 0 96 0 25 22 NA 22
261 81 124 94 30 48 114 1781 0 0 96 0 24 21 NA 21
262 80 124 94 30 47 115 1753 0 0 98 0 24 21 NA 21
263 69 127 97 30 48 118 1743 0 0 99 0 25 21 NA 21
264 82 126 97 29 49 117 1720 0 0 99 0 25.5 21 NA 21
265 86 120 93 27 47 118 1708 0 0 92 0 25.5 23 NA 23
266 79 115 88 27 45 108 1714 0 0 86 0 26 20 NA 20
267 63 113 87 26 46 108 1710 0 0 87 0 26 20.5 NA 20.5
268 84 110 84 26 50 103 1723 0 0 87 0 27 21 NA 21
269 68 106 80 26 47 102 1735 0 0 83 0 28 21 NA 21
270 71 106 80 26 46 98 1780 0 0 84 0 27.5 21 NA 21
271 88 105 80 25 43 103 1761 0 0 82 0 28 21 NA 21
272 67 104 79 25 41 112 1761 0 0 84 0 28 21 NA 21
273 69 100 75 25 39 117 1765 0 0 83 0 27.5 21 NA 21
274 86 98 72 26 37 119 1777 0 0 80 0 28 21 NA 21
275 86 97 71 26 36 118 1754 0 0 78 0 27 21 NA 21
276 72 96 71 25 36 117 1776 0 0 77 0 28 21 NA 21
277 94 98 72 26 37 118 1762 0 0 78 0 28.5 21 NA 21
278 89 99 72 27 37 124 1753 0 0 78 0 28 24 NA 24
279 69 96 70 26 38 119 1750 0 0 75 0 29.5 22.5 NA 22.5
280 84 99 71 28 41 119 1736 0 0 76 0 30 24 NA 24
281 82 98 71 27 41 118 1751 0 0 75 0 30.5 24 NA 24
282 84 99 73 26 41 119 1753 0 0 75 0 28 24 NA 24
283 64 97 72 25 38 118 1787 0 0 74 0 28 24.5 NA 24.5
284 65 94 70 24 36 116 1783 0 0 71 0 26.5 22 NA 22
285 77 93 69 24 35 124 1781 0 0 68 0 26 23 NA 23
286 77 93 68 25 35 130 1778 0 0 69 0 26 23 NA 23
287 70 94 68 26 35 129 1772 0 0 70 0 27 23 NA 23
288 77 95 68 27 35 126 1775 0 0 69 0 27 23 NA 23
289 76 97 70 27 36 130 1750 0 0 70 0 28 23.5 NA 23.5
290 63 100 71 29 36 127 1754 0 0 68 0 26.5 27 NA 27
291 60 100 71 29 33 128 1775 0 0 65 0 24 27 NA 27
292 65 98 72 26 32 138 1770 0 0 65 0 22 27.5 NA 27.5
293 71 94 69 25 31 130 1787 0 0 64 0 23 27 NA 27
294 74 92 67 25 31 131 1792 0 0 65 0 24 28 NA 28
295 67 92 68 24 32 136 1803 0 0 67 0 25 28 NA 28
296 62 88 66 22 31 139 1845 0 0 63 0 24 28 NA 28
297 75 87 66 21 31 140 1845 0 0 63 0 25 28 NA 28
298 83 92 69 23 31 134 1860 0 0 65 0 24 28 NA 28
299 98 95 69 26 33 132 1812 0 0 67 0 22 28 NA 28
300 78 93 67 26 31 128 1817 0 0 65 0 20 27 NA 27
301 95 96 70 26 32 119 1813 0 0 68 0 21 27 NA 27
302 80 97 71 26 32 115 1814 0 0 71 0 21 27 NA 27
303 70 101 75 26 36 123 1820 0 0 74 0 21 26 NA 26
304 71 101 75 26 37 131 1816 0 0 75 0 22 26 NA 26
305 81 103 77 26 38 124 1784 0 0 75 0 22 26 NA 26
306 72 102 75 27 37 123 1779 0 0 70 0 21.5 24 NA 24
307 81 107 78 29 37 127 1783 0 0 71 0 21 24 NA 24
308 83 111 79 32 39 130 1783 0 0 73 0 21 24 NA 24
309 73 110 80 30 40 130 1797 0 0 72 0 22 24 NA 24
310 67 113 83 30 42 132 1813 0 0 77 0 22 24 NA 24
311 72 115 84 31 44 128 1819 0 0 79 0 23 24.5 NA 24.5
312 80 112 82 30 46 130 1805 0 0 78 0 23.5 24 NA 24
313 92 111 79 32 44 131 1779 0 0 77 0 23 24 NA 24
314 71 112 79 33 46 129 1779 0 0 77 0 23.5 24.5 NA 24.5
315 65 115 82 33 46 133 1810 0 0 80 0 24 24 NA 24
316 93 121 87 34 45 136 1807 0 0 80 0 18 24 NA 24
317 89 119 85 34 45 136 1799 0 0 80 0 19 24 NA 24
318 69 120 86 34 46 137 1790 0 0 82 0 20 24 NA 24
319 75 115 85 30 42 131 1784 0 0 81 0 21 24.5 NA 24.5
320 85 116 86 30 41 134 1801 0 0 80 0 21 24 NA 24
321 84 111 81 30 37 137 1796 0 0 78 0 21 26 NA 26
322 75 108 80 28 36 147 1784 0 0 77 0 22.5 25.5 NA 25.5
323 75 107 79 28 38 138 1781 0 0 78 0 23 24.5 NA 24.5
324 60 106 78 28 39 138 1781 0 0 78 0 24 24 NA 24
325 95 108 78 30 40 131 1791 0 0 79 0 23.5 24.5 NA 24.5
326 68 107 77 30 40 132 1791 0 0 79 0 23 24 NA 24
327 93 111 79 32 40 134 1801 0 0 82 0 24 24 NA 24
328 79 113 81 32 40 139 1801 0 0 90 0 24 24 NA 24
329 73 111 81 30 40 140 1819 0 0 85 0 24 24 NA 24
330 90 112 80 32 38 144 1772 0 0 86 0 23.5 23.5 NA 23.5
331 75 109 78 31 36 141 1795 0 0 83 0 24 24 NA 24
332 66 103 73 30 33 136 1804 0 0 81 0 25 24 NA 24
333 85 105 75 30 37 141 1797 0 0 81 0 24 23 NA 23
334 76 105 75 30 35 144 1786 0 0 79 0 24 23 NA 23
335 97 106 77 29 36 142 1803 0 0 78 0 24 23.5 NA 23.5
336 72 105 76 29 36 144 1792 0 0 76 0 24 23.5 NA 23.5
337 80 101 74 27 35 142 1788 0 0 74 0 24 24 NA 24
338 80 102 74 28 37 139 1777 0 0 75 0 25 24 NA 24
339 82 100 73 27 36 144 1780 0 0 75 0 26 24.5 NA 24.5
340 88 100 75 25 35 148 1757 0 0 72 0 25 25 NA 25
341 81 101 74 27 37 142 1747 0 0 72 0 25 26 NA 26
342 70 103 76 27 36 142 1751 0 0 75 0 26 25.5 NA 25.5
343 63 105 79 26 36 142 1773 0 0 74 0 25 25 NA 25
344 90 106 80 26 36 132 1761 0 0 72 0 26 25 NA 25
345 75 105 80 25 36 132 1764 0 0 72 0 25 25 NA 25
346 76 107 81 26 35 133 1772 0 0 72 0 21 25 NA 25
347 80 104 80 24 32 135 1754 0 0 71 0 20 24.5 NA 24.5
348 77 105 81 24 30 131 1765 0 0 70 0 20 25 NA 25
349 69 107 81 26 30 128 1736 0 0 71 0 20 25 NA 25
350 79 105 80 25 29 129 1730 0 0 70 0 20 25 NA 25
351 74 108 82 26 32 127 1748 0 0 71 0 21 24.5 NA 24.5
352 67 107 80 27 33 126 1740 0 0 73 0 22 24 NA 24
353 81 108 81 27 32 129 1752 0 0 75 0 21 24 NA 24
354 78 108 82 26 32 129 1773 0 0 75 0 20.5 24.5 NA 24.5
355 64 106 80 26 31 128 1772 0 0 79 0 21.5 24 NA 24
356 87 106 80 26 33 123 1759 0 0 79 0 22.5 24 NA 24
357 71 104 78 26 33 119 1783 0 0 77 0 22.5 24 NA 24
358 68 104 77 27 33 119 1782 0 0 79 0 22.5 24 NA 24
359 58 105 78 27 34 127 1787 0 0 79 0 22 23.5 NA 23.5
360 78 103 77 26 33 132 1781 0 0 80 0 22 23 NA 23
