1 62 98 83 15 45 22 1263 51 17 74 0 25 18 NA 18 NA 4 51 1 5 17 22 0 0 0 0 1 5 17 22 0 0 0 0 2 165 0 0 4926 19 27 28
2 87 95 81 14 47 19 1304 72 12 72 0 26 18 NA 18 NA 6 72 1 5 19 22 0 0 0 0 1 5 19 22 0 0 0 0 0 136 0 0 4928 18 27 27
3 74 97 83 14 47 24 1363 66 6 73 0 27 18 NA 18 NA 11 66 1 6 18 22 0 0 0 0 1 6 18 22 0 0 0 0 1 148 0 0 4927 18 27 28
4 71 99 84 15 49 23 1422 63 6 75 0 27 18 NA 18 NA 4 63 1 7 18 23 0 0 0 0 1 7 18 23 0 0 0 0 1 149 0 0 4925 19 27 29
5 75 100 86 14 50 33 1432 73 1 76 0 28 18 NA 18 NA 10 73 1 7 19 23 0 0 0 0 1 7 19 23 0 0 0 0 1 107 0 0 4924 20 27 29
6 86 99 82 17 49 36 1438 88 6 75 0 29 18 NA 18 NA 9 88 0 5 19 25 0 0 0 0 0 5 19 25 0 0 0 0 1 125 0 0 4925 17 26 32
7 77 99 82 17 47 37 1477 80 7 73 0 29 18 NA 18 NA 8 80 0 5 17 25 0 0 0 0 0 5 17 25 0 0 0 0 1 137 0 0 4927 17 23 33
8 79 104 86 18 47 41 1497 62 3 73 0 27 18 NA 18 NA 7 62 0 4 17 26 0 0 0 0 0 4 17 26 0 0 0 0 4 115 0 0 4927 16 23 34
9 88 104 87 17 47 46 1524 65 7 73 0 26.5 18 NA 18 NA 12 65 0 5 16 26 0 0 0 0 0 5 16 26 0 0 0 0 2 127 0 0 4927 17 22 34
10 89 102 85 17 50 51 1523 96 8 78 0 27.5 19 NA 19 NA 10 96 0 8 14 28 0 0 0 0 0 8 14 28 0 0 0 0 1 125 0 0 4922 22 20 36
11 99 103 86 17 49 53 1553 86 9 79 0 27 19 NA 19 NA 11 86 0 5 14 30 0 0 0 0 0 5 14 30 0 0 0 0 2 152 0 0 4921 20 20 39
12 93 101 84 17 49 52 1569 82 6 76 0 28 19 NA 19 NA 4 82 0 5 13 31 0 0 0 0 0 5 13 31 0 0 0 0 1 133 0 0 4924 19 16 41
13 71 100 82 18 48 37 1032 45 8 77 0 27 19 NA 19 NA 2 45 0 5 10 33 0 0 0 0 0 5 10 33 0 0 0 0 0 127 8 605 4923 22 13 42
14 66 99 80 19 47 36 1073 49 4 74 0 27 19 NA 19 NA 3 49 0 5 10 32 0 0 0 0 0 5 10 32 0 0 0 0 1 163 9 661 4926 21 13 40
15 76 98 79 19 48 40 1077 43 6 74 0 28 19 NA 19 NA 7 43 1 5 9 33 0 0 0 0 1 5 9 33 0 0 0 0 2 136 9 730 4926 20 13 41
16 72 99 80 19 50 34 1089 52 7 73 0 29 19 NA 19 NA 4 52 1 7 9 33 0 0 0 0 1 7 9 33 0 0 0 0 2 154 13 804 4927 17 14 42
17 78 98 80 18 49 31 1134 52 6 70 0 26.5 19 NA 19 NA 5 52 1 8 10 30 0 0 0 0 1 8 10 30 0 0 0 0 1 166 16 847 4930 17 14 39
18 88 96 79 17 50 31 1147 51 4 72 0 27.5 19 NA 19 NA 5 51 1 8 11 30 0 0 0 0 1 8 11 30 0 0 0 0 0 142 18 910 4928 18 15 39
19 91 94 76 18 49 29 1155 52 6 72 0 28 19 NA 19 NA 8 52 1 8 11 29 0 0 0 0 1 8 11 29 0 0 0 0 0 149 21 978 4928 20 15 37
20 72 94 77 17 50 32 1190 45 7 74 0 29 19.5 NA 19.5 NA 10 45 0 8 11 31 0 0 0 0 0 8 11 31 0 0 0 0 1 142 22 1028 4926 21 14 39
21 75 98 82 16 50 28 1176 61 6 73 0 27 20 NA 20 NA 5 61 0 9 12 29 0 0 0 0 0 9 12 29 0 0 0 0 4 130 26 1090 4927 21 14 38
22 77 100 83 17 49 30 1189 70 2 73 0 27 20 NA 20 NA 7 70 0 6 14 29 0 0 0 0 0 6 14 29 0 0 0 0 1 152 28 1144 4927 18 17 38
23 90 100 81 19 50 29 1190 63 7 73 0 25 20 NA 20 NA 5 63 0 6 12 32 0 0 0 0 0 6 12 32 0 0 0 0 2 164 30 1219 4927 18 15 40
24 94 99 79 20 49 24 1219 47 8 71 0 26 20 NA 20 NA 4 47 1 7 10 31 0 0 0 0 1 7 10 31 0 0 0 0 2 158 33 1283 4929 19 13 39
25 70 99 77 22 48 34 1235 68 2 70 0 26 20 NA 20 NA 12 68 1 6 12 29 0 0 0 0 1 6 12 29 0 0 0 0 0 159 34 1337 4930 18 15 37
26 78 97 75 22 47 38 1215 61 6 70 0 25 20 NA 20 NA 8 61 1 7 11 28 0 0 0 0 1 7 11 28 0 0 0 0 0 142 34 1415 4930 20 14 36
27 76 94 72 22 50 40 1224 46 8 69 0 27 20 NA 20 NA 10 46 1 7 12 30 0 0 0 0 1 7 12 30 0 0 0 0 0 140 34 1482 4931 18 14 37
28 71 95 73 22 49 40 1217 52 6 71 0 27 20 NA 20 NA 8 52 0 7 11 31 0 0 0 0 0 7 11 31 0 0 0 0 2 143 35 1557 4929 20 13 38
29 76 96 73 23 50 44 1189 58 8 72 0 27 20 NA 20 NA 12 58 0 8 11 31 0 0 0 0 0 8 11 31 0 0 0 0 1 134 36 1640 4928 20 14 38
30 76 95 71 24 49 43 1206 49 6 69 0 26 20 NA 20 NA 5 49 0 8 11 30 0 0 0 0 0 8 11 30 0 0 0 0 1 138 36 1690 4931 19 13 37
31 60 97 72 25 50 44 1209 64 7 69 0 26 20 NA 20 NA 8 64 0 8 12 30 0 0 0 0 0 8 12 30 0 0 0 0 2 163 37 1772 4931 17 15 37
32 67 98 72 26 49 49 1166 65 4 68 0 24.5 20 NA 20 NA 10 65 0 7 13 29 0 0 0 0 0 7 13 29 0 0 0 0 3 117 38 1853 4932 17 15 36
33 98 99 74 25 50 44 1183 50 5 74 0 25 19.5 NA 19.5 NA 5 50 0 9 12 29 0 0 0 0 0 9 12 29 0 0 0 0 2 149 43 1911 4926 22 16 36
34 81 100 75 25 51 41 1183 53 6 76 0 25 20 NA 20 NA 5 53 0 8 11 32 0 0 0 0 0 8 11 32 0 0 0 0 0 140 44 1983 4924 24 14 38
35 79 100 76 24 51 40 1181 57 3 75 0 25.5 20 NA 20 NA 3 57 0 8 9 34 0 0 0 0 0 8 9 34 0 0 0 0 1 144 45 2059 4925 22 13 40
36 91 99 74 25 50 41 1184 52 2 73 0 25 19.5 NA 19.5 NA 5 52 0 8 9 33 0 0 0 0 0 8 9 33 0 0 0 0 1 155 48 2134 4927 23 13 37
37 77 98 74 24 51 45 1191 43 7 74 0 25 19 NA 19 NA 9 43 0 9 9 33 0 0 0 0 0 9 9 33 0 0 0 0 0 139 48 2205 4926 24 13 37
38 82 102 79 23 51 38 1164 59 9 72 0 22.5 19 NA 19 NA 5 59 0 9 11 31 0 0 0 0 0 9 11 31 0 0 0 0 4 122 51 2271 4928 22 15 35
39 83 100 76 24 49 36 1169 60 7 68 0 22.5 19 NA 19 NA 7 60 0 8 10 31 0 0 0 0 0 8 10 31 0 0 0 0 1 146 53 2331 4932 20 14 34
40 91 98 75 23 49 31 1149 82 7 69 0 23.5 19 NA 19 NA 5 82 0 8 10 31 0 0 0 0 0 8 10 31 0 0 0 0 0 158 55 2405 4931 20 15 34
41 90 99 74 25 46 30 1162 59 4 67 0 21 18 NA 18 NA 3 59 0 7 11 28 0 0 0 0 0 7 11 28 0 0 0 0 3 157 55 2468 4933 20 15 32
42 90 97 71 26 42 22 1168 59 5 64 0 21 16.5 NA 16.5 NA 2 59 1 7 10 24 0 0 0 0 1 7 10 24 0 0 0 0 2 157 60 2530 4936 21 15 28
43 72 94 69 25 40 23 1159 57 4 63 0 22 16.5 NA 16.5 NA 7 57 1 7 10 22 0 0 0 0 1 7 10 22 0 0 0 0 1 140 62 2603 4937 23 14 26
44 71 98 71 27 42 23 1171 60 5 67 0 22 17 NA 17 NA 5 60 1 8 8 25 0 0 0 0 1 8 8 25 0 0 0 0 3 141 64 2657 4933 26 13 28
45 64 102 75 27 43 29 1191 46 5 70 0 21.5 17 NA 17 NA 11 46 1 4 13 25 0 0 0 0 1 4 13 25 0 0 0 0 3 155 65 2729 4930 22 19 29
46 86 104 74 30 43 25 1170 54 4 70 0 21 17 NA 17 NA 2 54 0 6 11 26 0 0 0 0 0 6 11 26 0 0 0 0 1 130 68 2807 4930 21 19 30
47 76 102 72 30 41 33 1195 54 1 69 0 20 16 NA 16 NA 8 54 0 5 12 24 0 0 0 0 0 5 12 24 0 0 0 0 2 162 68 2871 4931 22 19 28
48 88 100 72 28 41 36 1182 60 7 68 0 20 15 NA 15 NA 10 60 0 7 12 22 0 0 0 0 0 7 12 22 0 0 0 0 0 138 68 2942 4932 22 20 26
49 80 97 71 26 40 33 1190 53 6 66 0 21 16 NA 16 NA 4 53 0 6 13 21 0 0 0 0 0 6 13 21 0 0 0 0 1 143 68 2998 4934 20 21 25
50 60 97 71 26 40 32 1212 49 5 74 0 22 16 NA 16 NA 4 49 0 6 11 23 0 0 0 0 0 6 11 23 0 0 0 0 0 144 68 3060 4926 27 20 27
51 80 97 73 24 39 35 1218 64 4 74 0 21 16 NA 16 NA 10 64 0 7 10 22 0 0 0 0 0 7 10 22 0 0 0 0 0 148 70 3121 4926 29 19 26
52 81 98 72 26 41 35 1185 52 5 72 0 21 15 NA 15 NA 4 52 1 9 8 23 0 0 0 0 1 9 8 23 0 0 0 0 1 124 72 3195 4928 26 18 28
53 77 97 71 26 42 34 1191 47 5 73 0 22 16 NA 16 NA 4 47 1 9 8 24 0 0 0 0 1 9 8 24 0 0 0 0 0 154 72 3278 4927 27 18 28
54 68 97 71 26 39 37 1199 60 5 71 0 21 16 NA 16 NA 8 60 0 11 9 19 0 0 0 0 0 11 9 19 0 0 0 0 5 152 72 3344 4929 29 18 24
55 68 95 71 24 39 45 1208 58 3 69 0 22 16 NA 16 NA 11 58 0 11 9 19 0 0 0 0 0 11 9 19 0 0 0 0 1 148 74 3409 4931 26 19 24
56 79 94 69 25 39 40 1197 56 10 68 0 22 16 NA 16 NA 5 56 0 11 10 18 0 0 0 0 0 11 10 18 0 0 0 0 2 132 75 3476 4932 25 20 23
57 73 97 73 24 39 35 1188 52 7 70 0 22 15 NA 15 NA 3 52 0 10 9 20 0 0 0 0 0 10 9 20 0 0 0 0 4 135 77 3547 4930 25 19 26
58 86 100 77 23 39 36 1185 54 3 70 0 20 16 NA 16 NA 8 54 0 9 11 19 0 0 0 0 0 9 11 19 0 0 0 0 3 149 81 3618 4930 25 19 26
59 76 101 77 24 39 38 1175 58 5 68 0 21 16 NA 16 NA 5 58 0 9 11 19 0 0 0 0 0 9 11 19 0 0 0 0 2 148 81 3699 4932 23 20 25
60 74 100 75 25 39 33 1165 56 7 67 0 22 16 NA 16 NA 3 56 0 9 12 18 0 0 0 0 0 9 12 18 0 0 0 0 1 141 83 3770 4933 23 20 24
61 90 99 74 25 38 31 1174 62 4 65 0 22 16 NA 16 NA 3 62 0 9 10 19 0 0 0 0 0 9 10 19 0 0 0 0 0 161 85 3835 4935 23 18 24
62 96 98 75 23 39 36 1192 47 3 63 0 22 16 NA 16 NA 7 47 0 6 14 19 0 0 0 0 0 6 14 19 0 0 0 0 0 152 85 3898 4937 16 23 24
63 71 97 74 23 40 39 1185 60 5 64 0 22 16 NA 16 NA 7 60 1 5 16 18 0 0 0 0 1 5 16 18 0 0 0 0 1 142 86 3966 4936 16 25 23
64 61 97 74 23 42 32 1189 56 7 66 0 23 16 NA 16 NA 5 56 1 7 16 18 0 0 0 0 1 7 16 18 0 0 0 0 0 128 91 4020 4934 19 23 24
65 63 95 74 21 40 35 1174 63 5 62 0 21 16 NA 16 NA 9 63 2 7 15 16 0 0 0 0 2 7 15 16 0 0 0 0 2 138 93 4096 4938 17 22 23
66 83 95 74 21 41 37 1157 56 4 68 0 22 16 NA 16 NA 7 56 0 8 16 17 0 0 0 0 0 8 16 17 0 0 0 0 1 149 94 4185 4932 21 23 24
67 64 96 75 21 41 34 1173 57 7 69 0 23 16 NA 16 NA 6 57 0 8 15 18 0 0 0 0 0 8 15 18 0 0 0 0 1 157 96 4254 4931 22 22 25
68 76 97 77 20 40 33 1152 63 5 70 0 24 16 NA 16 NA 5 63 0 5 16 19 0 0 0 0 0 5 16 19 0 0 0 0 3 125 99 4315 4930 21 22 27
69 75 96 77 19 40 35 1162 63 3 71 0 24 17 NA 17 NA 7 63 0 4 15 21 0 0 0 0 0 4 15 21 0 0 0 0 1 161 101 4375 4929 21 22 28
70 82 92 73 19 42 33 1178 55 9 74 0 24.5 16 NA 16 NA 7 55 0 7 15 20 0 0 0 0 0 7 15 20 0 0 0 0 0 163 102 4450 4926 26 22 26
71 59 95 75 20 42 33 1186 73 8 76 0 23 16 NA 16 NA 10 73 0 7 14 21 0 0 0 0 0 7 14 21 0 0 0 0 2 157 104 4512 4924 29 19 28
72 61 95 74 21 42 35 1194 60 8 77 0 24 16 NA 16 NA 9 60 0 6 14 22 0 0 0 0 0 6 14 22 0 0 0 0 0 147 104 4583 4923 29 19 29
73 76 96 75 21 45 38 1190 56 9 78 0 23.5 17 NA 17 NA 13 56 0 9 14 22 0 0 0 0 0 9 14 22 0 0 0 0 1 151 105 4658 4922 30 19 29
74 75 96 74 22 46 36 1178 56 10 75 0 22.5 16.5 NA 16.5 NA 7 56 1 10 9 26 0 0 0 0 1 10 9 26 0 0 0 0 1 135 106 4729 4925 29 13 33
75 86 95 72 23 50 29 1188 58 16 73 0 23 17 NA 17 NA 8 58 2 12 10 26 0 0 0 0 2 12 10 26 0 0 0 0 2 145 107 4789 4927 28 14 31
76 80 100 77 23 51 36 1203 49 1 74 0 22 17 NA 17 NA 7 49 2 10 13 26 0 0 0 0 2 10 13 26 0 0 0 0 2 142 107 4843 4926 26 17 31
77 76 102 79 23 51 38 1193 61 4 75 0 23 17 NA 17 NA 7 61 1 13 11 26 0 0 0 0 1 13 11 26 0 0 0 0 2 138 107 4909 4925 28 15 32
78 70 99 76 23 51 41 1189 51 4 73 0 24 17 NA 17 NA 5 51 1 10 13 27 0 0 0 0 1 10 13 27 0 0 0 0 1 130 107 4977 4927 23 17 33
79 77 96 73 23 49 41 1184 47 4 71 0 23 17 NA 17 NA 3 47 1 10 13 25 0 0 0 0 1 10 13 25 0 0 0 0 0 144 107 5058 4929 24 17 30
80 81 96 75 21 49 40 1205 43 3 71 0 23.5 17 NA 17 NA 6 43 0 11 11 27 0 0 0 0 0 11 11 27 0 0 0 0 2 132 110 5106 4929 23 16 32
81 79 98 77 21 49 37 1179 65 5 70 0 24 17 NA 17 NA 4 65 0 10 11 28 0 0 0 0 0 10 11 28 0 0 0 0 0 142 111 5185 4930 20 16 34
82 91 98 75 23 48 37 1159 50 3 67 0 24.5 16.5 NA 16.5 NA 6 50 0 6 14 28 0 0 0 0 0 6 14 28 0 0 0 0 0 128 113 5263 4933 12 20 35
83 88 98 77 21 47 37 1145 58 8 67 0 25 17 NA 17 NA 9 58 0 6 15 26 0 0 0 0 0 6 15 26 0 0 0 0 2 148 116 5345 4933 13 22 32
84 75 96 75 21 46 36 1150 48 6 66 0 26 17 NA 17 NA 9 48 0 6 14 26 0 0 0 0 0 6 14 26 0 0 0 0 0 149 118 5415 4934 14 21 31
85 71 96 75 21 45 31 1141 49 8 66 0 26.5 17 NA 17 NA 4 49 1 6 14 24 0 0 0 0 1 6 14 24 0 0 0 0 1 129 119 5487 4934 15 22 29
86 84 97 76 21 48 28 1156 58 5 68 0 27 17 NA 17 NA 3 58 2 7 15 24 0 0 0 0 2 7 15 24 0 0 0 0 0 151 121 5547 4932 17 22 29
87 88 93 72 21 45 36 1132 64 1 65 0 29 17 NA 17 NA 7 64 1 4 15 25 0 0 0 0 1 4 15 25 0 0 0 0 2 150 121 5633 4935 14 20 31
88 68 94 73 21 45 35 1141 56 3 69 0 29.5 18 NA 18 NA 3 56 0 5 14 26 0 0 0 0 0 5 14 26 0 0 0 0 0 144 124 5700 4931 18 19 32
89 65 92 73 19 43 35 1141 63 4 71 0 29 19 NA 19 NA 5 63 0 4 14 25 0 0 0 0 0 4 14 25 0 0 0 0 0 156 125 5775 4929 20 20 31
90 65 94 76 18 43 34 1152 52 4 73 0 28 19 NA 19 NA 4 52 0 4 10 29 0 0 0 0 0 4 10 29 0 0 0 0 0 135 127 5833 4927 21 17 35
91 91 93 72 21 44 30 1158 51 6 69 0 27 17.5 NA 17.5 NA 4 51 0 5 11 28 0 0 0 0 0 5 11 28 0 0 0 0 1 151 128 5904 4931 18 17 34
92 69 91 71 20 41 31 1184 53 2 67 0 27 17 NA 17 NA 4 53 0 5 10 26 0 0 0 0 0 5 10 26 0 0 0 0 0 152 129 5966 4933 19 15 33
93 67 93 74 19 40 38 1203 56 5 69 0 26 16.5 NA 16.5 NA 12 56 0 5 9 26 0 0 0 0 0 5 9 26 0 0 0 0 0 157 130 6029 4931 22 13 34
94 75 92 74 18 44 42 1217 65 7 68 0 25 17 NA 17 NA 12 65 0 9 5 30 0 0 0 0 0 9 5 30 0 0 0 0 1 159 132 6082 4932 22 8 38
95 77 93 74 19 44 43 1175 73 10 69 0 24 17 NA 17 NA 12 73 0 7 7 30 0 0 0 0 0 7 7 30 0 0 0 0 2 127 133 6159 4931 21 10 38
96 75 94 75 19 45 40 1192 60 8 70 0 25 17 NA 17 NA 7 60 0 8 7 30 0 0 0 0 0 8 7 30 0 0 0 0 1 161 135 6220 4930 21 11 38
97 83 97 79 18 43 39 1177 55 8 69 0 24 17 NA 17 NA 8 55 0 7 6 30 0 0 0 0 0 7 6 30 0 0 0 0 2 129 136 6284 4931 20 11 38
98 84 99 80 19 44 40 1171 52 7 67 0 22 17 NA 17 NA 5 52 0 7 10 27 0 0 0 0 0 7 10 27 0 0 0 0 4 126 136 6348 4933 19 13 35
99 95 97 78 19 44 29 1168 64 12 67 0 22 17 NA 17 NA 4 64 0 8 9 27 0 0 0 0 0 8 9 27 0 0 0 0 0 169 139 6423 4933 21 12 34
100 89 94 77 17 42 31 1161 66 2 65 0 22 17 NA 17 NA 6 66 0 7 9 26 0 0 0 0 0 7 9 26 0 0 0 0 0 147 141 6493 4935 21 13 31
101 86 94 76 18 41 39 1148 51 0 64 0 22 17 NA 17 NA 9 51 0 5 9 27 0 0 0 0 0 5 9 27 0 0 0 0 0 129 142 6563 4936 19 13 32
102 80 95 76 19 42 34 1172 54 8 64 0 21 16 NA 16 NA 5 54 1 6 9 26 0 0 0 0 1 6 9 26 0 0 0 0 2 162 143 6627 4936 19 14 31
103 66 95 76 19 42 35 1189 60 7 67 0 22 16 NA 16 NA 9 60 1 6 8 27 0 0 0 0 1 6 8 27 0 0 0 0 0 157 144 6687 4933 22 13 32
104 84 96 75 21 43 35 1166 59 3 67 0 22.5 17 NA 17 NA 4 59 1 7 9 26 0 0 0 0 1 7 9 26 0 0 0 0 1 131 144 6758 4933 22 15 30
105 80 96 75 21 43 32 1174 60 3 68 0 22 17 NA 17 NA 4 60 1 4 13 25 0 0 0 0 1 4 13 25 0 0 0 0 1 159 146 6832 4932 22 18 28
106 80 98 77 21 45 31 1176 62 8 69 0 22.5 17 NA 17 NA 8 62 2 4 14 25 0 0 0 0 2 4 14 25 0 0 0 0 0 151 148 6901 4931 22 19 28
107 89 92 72 20 39 30 1181 68 2 65 0 21.5 15 NA 15 NA 5 68 2 3 12 22 0 0 0 0 2 3 12 22 0 0 0 0 0 153 151 6961 4935 22 18 25
108 93 88 68 20 40 25 1168 62 8 64 0 22.5 16 NA 16 NA 4 62 3 5 12 20 0 0 0 0 3 5 12 20 0 0 0 0 0 136 153 7025 4936 22 18 24
109 72 94 73 21 42 30 1187 66 5 68 0 21 17 NA 17 NA 9 66 3 5 14 20 0 0 0 0 3 5 14 20 0 0 0 0 3 153 154 7074 4932 25 18 25
110 74 96 74 22 42 28 1207 58 3 73 0 20 17 NA 17 NA 4 58 0 8 12 22 0 0 0 0 0 8 12 22 0 0 0 0 3 155 155 7127 4927 30 16 27
111 70 97 75 22 42 27 1208 53 4 71 0 20 17 NA 17 NA 4 53 0 9 11 22 0 0 0 0 0 9 11 22 0 0 0 0 2 152 157 7206 4929 27 17 27
112 73 97 75 22 42 24 1203 53 7 70 0 21 17 NA 17 NA 3 53 0 8 13 21 0 0 0 0 0 8 13 21 0 0 0 0 1 145 157 7282 4930 25 18 27
113 81 98 73 25 41 26 1201 53 2 69 0 21.5 17 NA 17 NA 4 53 0 7 10 24 0 0 0 0 0 7 10 24 0 0 0 0 0 128 159 7340 4931 25 15 29
114 77 100 76 24 42 31 1204 56 2 71 0 21.5 17 NA 17 NA 8 56 0 7 10 25 0 0 0 0 0 7 10 25 0 0 0 0 4 143 161 7406 4929 25 16 30
115 72 101 76 25 43 32 1196 51 7 70 0 22 17 NA 17 NA 8 51 0 7 11 25 0 0 0 0 0 7 11 25 0 0 0 0 0 136 161 7479 4930 21 19 30
116 69 101 76 25 42 34 1233 54 6 71 0 23 17 NA 17 NA 8 54 0 8 9 25 0 0 0 0 0 8 9 25 0 0 0 0 1 170 163 7540 4929 23 18 30
117 61 104 79 25 43 33 1254 61 6 73 0 23 17 NA 17 NA 8 61 0 8 7 28 0 0 0 0 0 8 7 28 0 0 0 0 2 164 165 7606 4927 22 18 33
118 68 104 78 26 44 33 1223 75 7 75 0 23.5 17 NA 17 NA 7 75 1 8 7 28 0 0 0 0 1 8 7 28 0 0 0 0 1 137 166 7677 4925 23 19 33
119 73 104 78 26 45 31 1219 51 5 75 0 24 17 NA 17 NA 6 51 1 8 8 28 0 0 0 0 1 8 8 28 0 0 0 0 1 139 170 7747 4925 21 20 34
120 88 104 76 28 45 29 1201 65 10 74 0 25 17 NA 17 NA 8 65 1 7 10 27 0 0 0 0 1 7 10 27 0 0 0 0 1 154 171 7826 4926 20 20 34
121 97 104 76 28 47 34 1200 62 6 79 0 25.5 17 NA 17 NA 10 62 1 7 12 27 0 0 0 0 1 7 12 27 0 0 0 0 0 164 172 7896 4921 21 24 34
122 75 103 75 28 46 30 1199 54 9 78 0 25 17.5 NA 17.5 NA 7 54 1 4 15 26 0 0 0 0 1 4 15 26 0 0 0 0 3 151 174 7976 4922 20 25 33
123 78 103 76 27 46 31 1171 72 8 79 0 26 18 NA 18 NA 8 72 0 5 14 27 0 0 0 0 0 5 14 27 0 0 0 0 1 132 174 8042 4921 22 23 34
124 84 105 78 27 47 28 1162 51 7 79 0 27 19 NA 19 NA 4 51 0 5 16 26 0 0 0 0 0 5 16 26 0 0 0 0 2 128 175 8106 4921 23 22 34
125 78 103 76 27 42 29 1156 58 5 76 0 24 19 NA 19 NA 7 58 0 5 16 21 0 0 0 0 0 5 16 21 0 0 0 0 2 124 176 8161 4924 24 23 29
126 82 107 78 29 42 29 1158 68 7 77 0 22 19 NA 19 NA 10 68 0 4 17 21 0 0 0 0 0 4 17 21 0 0 0 0 3 151 177 8223 4923 25 22 30
127 61 105 76 29 45 26 1173 52 8 76 0 23 18 NA 18 NA 5 52 1 6 16 22 0 0 0 0 1 6 16 22 0 0 0 0 2 144 178 8284 4924 24 19 33
128 88 102 74 28 43 24 1183 51 7 74 0 24 18 NA 18 NA 5 51 1 6 16 20 0 0 0 0 1 6 16 20 0 0 0 0 1 158 179 8362 4926 22 21 31
129 80 102 75 27 41 24 1193 54 4 72 0 23 20 NA 20 NA 6 54 1 6 13 21 0 0 0 0 1 6 13 21 0 0 0 0 0 155 181 8430 4928 22 20 30
130 91 103 76 27 42 23 1194 66 7 71 0 23 21 NA 21 NA 7 66 1 5 13 23 0 0 0 0 1 5 13 23 0 0 0 0 3 145 184 8485 4929 20 21 30
131 71 102 76 26 44 22 1200 53 6 72 0 23 20.5 NA 20.5 NA 2 53 1 7 11 25 0 0 0 0 1 7 11 25 0 0 0 0 0 143 184 8552 4928 21 19 32
132 85 97 73 24 41 29 1200 67 1 69 0 23 21 NA 21 NA 9 67 1 7 8 25 0 0 0 0 1 7 8 25 0 0 0 0 0 158 185 8622 4931 22 15 32
133 69 98 75 23 43 30 1196 57 5 71 0 24 21 NA 21 NA 7 57 0 7 9 27 0 0 0 0 0 7 9 27 0 0 0 0 1 151 186 8701 4929 20 16 35
134 63 97 74 23 43 29 1186 63 6 72 0 25 21 NA 21 NA 6 63 0 7 7 29 0 0 0 0 0 7 7 29 0 0 0 0 0 141 186 8773 4928 21 15 36
135 77 101 78 23 45 34 1202 71 8 72 0 24 21 NA 21 NA 11 71 0 6 10 29 0 0 0 0 0 6 10 29 0 0 0 0 3 156 186 8830 4928 20 17 35
136 88 104 81 23 46 38 1195 64 7 72 0 23 21.5 NA 21.5 NA 11 64 0 7 10 29 0 0 0 0 0 7 10 29 0 0 0 0 4 144 187 8895 4928 21 16 35
137 89 100 77 23 42 38 1201 64 10 69 0 21.5 21 NA 21 NA 11 64 0 7 10 25 0 0 0 0 0 7 10 25 0 0 0 0 1 149 187 8953 4931 21 17 31
138 80 100 77 23 44 31 1215 54 12 71 0 22 20.5 NA 20.5 NA 5 54 1 7 10 26 0 0 0 0 1 7 10 26 0 0 0 0 1 154 188 9023 4929 23 17 31
139 79 101 77 24 44 31 1223 59 6 70 0 21 19.5 NA 19.5 NA 7 59 1 8 11 24 0 0 0 0 1 8 11 24 0 0 0 0 1 151 190 9090 4930 25 18 27
140 76 101 76 25 46 34 1229 53 3 72 0 22 18.5 NA 18.5 NA 7 53 2 8 11 25 0 0 0 0 2 8 11 25 0 0 0 0 0 162 191 9166 4928 25 17 30
141 72 101 77 24 45 28 1217 62 9 75 0 22 18 NA 18 NA 5 62 2 7 11 25 0 0 0 0 2 7 11 25 0 0 0 0 1 146 193 9242 4925 26 19 30
142 72 102 78 24 45 29 1224 54 4 73 0 21.5 18 NA 18 NA 6 54 1 10 9 25 0 0 0 0 1 10 9 25 0 0 0 0 3 145 193 9309 4927 26 17 30
143 77 103 78 25 44 31 1211 64 4 69 0 21 18 NA 18 NA 6 64 1 12 8 23 0 0 0 0 1 12 8 23 0 0 0 0 4 133 195 9368 4931 23 18 28
144 79 102 78 24 44 33 1211 54 5 68 0 21 18 NA 18 NA 8 54 1 11 11 21 0 0 0 0 1 11 11 21 0 0 0 0 2 142 197 9441 4932 22 20 26
145 75 102 78 24 44 29 1210 62 6 68 0 21 18 NA 18 NA 4 62 1 9 11 23 0 0 0 0 1 9 11 23 0 0 0 0 0 147 198 9514 4932 21 18 29
146 82 102 78 24 40 30 1220 53 1 64 0 19.5 18 NA 18 NA 5 53 1 8 8 23 0 0 0 0 1 8 8 23 0 0 0 0 3 146 199 9579 4936 18 17 29
147 76 104 81 23 40 31 1217 68 3 68 0 19.5 18 NA 18 NA 6 68 1 8 9 22 0 0 0 0 1 8 9 22 0 0 0 0 1 144 201 9641 4932 23 16 29
148 82 106 80 26 40 36 1184 67 6 72 0 19.5 18 NA 18 NA 11 67 0 8 10 22 0 0 0 0 0 8 10 22 0 0 0 0 0 132 202 9720 4928 26 17 29
149 78 107 81 26 41 32 1173 61 10 71 0 20 18 NA 18 NA 6 61 0 9 9 23 0 0 0 0 0 9 9 23 0 0 0 0 2 145 203 9796 4929 26 15 30
150 74 110 84 26 42 30 1176 52 8 71 0 20 18 NA 18 NA 5 52 0 8 11 23 0 0 0 0 0 8 11 23 0 0 0 0 4 137 204 9861 4929 25 16 30
151 66 114 89 25 42 30 1187 49 3 74 0 17.5 18 NA 18 NA 6 49 1 7 10 24 0 0 0 0 1 7 10 24 0 0 0 0 4 153 206 9935 4926 27 16 31
152 94 115 91 24 41 29 1178 53 3 69 0 17 18 NA 18 NA 4 53 2 6 10 23 0 0 0 0 2 6 10 23 0 0 0 0 5 146 207 10009 4931 24 16 29
153 71 118 93 25 42 29 1189 46 6 70 0 17 19 NA 19 NA 4 46 2 5 10 25 0 0 0 0 2 5 10 25 0 0 0 0 3 140 208 10082 4930 22 17 31
154 70 121 94 27 44 26 1175 56 7 74 0 18 18 NA 18 NA 4 56 3 5 11 25 0 0 0 0 3 5 11 25 0 0 0 0 2 134 210 10158 4926 24 19 31
155 78 121 95 26 45 24 1194 42 6 76 0 17 18 NA 18 NA 6 42 3 8 11 23 0 0 0 0 3 8 11 23 0 0 0 0 3 156 212 10233 4924 29 17 30
156 69 123 96 27 46 30 1191 64 1 76 0 17 18 NA 18 NA 9 64 3 8 9 26 0 0 0 0 3 8 9 26 0 0 0 0 3 139 215 10294 4924 29 15 32
157 79 122 95 27 47 29 1203 61 7 75 0 17 18 NA 18 NA 8 61 3 9 9 26 0 0 0 0 3 9 9 26 0 0 0 0 3 163 216 10363 4925 29 15 31
158 85 123 95 28 49 29 1189 63 5 79 0 17 18 NA 18 NA 5 63 4 10 10 25 0 0 0 0 4 10 10 25 0 0 0 0 1 147 218 10437 4921 33 15 31
159 84 125 98 27 51 29 1181 61 5 83 0 17 18 NA 18 NA 5 61 2 11 14 24 0 0 0 0 2 11 14 24 0 0 0 0 2 150 220 10511 4917 34 19 30
160 62 126 99 27 53 29 1204 59 7 87 0 18 18 NA 18 NA 8 59 2 9 16 26 0 0 0 0 2 9 16 26 0 0 0 0 0 147 221 10565 4913 33 23 31
161 69 125 99 26 53 28 1213 58 12 87 0 19 18 NA 18 NA 7 58 1 10 17 25 0 0 0 0 1 10 17 25 0 0 0 0 1 155 222 10633 4913 34 23 30
162 65 126 99 27 55 31 1214 62 6 87 0 19 18 NA 18 NA 6 62 1 13 17 24 0 0 0 0 1 13 17 24 0 0 0 0 2 154 222 10705 4913 36 22 29
163 64 125 99 26 56 33 1204 73 9 91 0 20 18 NA 18 NA 10 73 1 12 17 26 0 0 0 0 1 12 17 26 0 0 0 0 0 151 222 10777 4909 36 24 31
164 73 124 98 26 57 33 1194 56 6 92 0 20.5 18 NA 18 NA 5 56 3 13 16 25 0 0 0 0 3 13 16 25 0 0 0 0 2 134 222 10847 4908 39 23 30
165 63 126 100 26 58 33 1198 67 6 93 0 19.5 18 NA 18 NA 8 67 1 15 13 29 0 0 0 0 1 15 13 29 0 0 0 0 3 164 224 10918 4907 41 19 33
166 83 123 98 25 58 40 1188 78 4 94 0 20 18 NA 18 NA 12 78 1 14 14 29 0 0 0 0 1 14 14 29 0 0 0 0 0 152 224 10987 4906 40 21 33
167 68 122 95 27 57 38 1186 69 8 94 0 21 18 NA 18 NA 7 69 1 13 15 28 0 0 0 0 1 13 15 28 0 0 0 0 1 153 225 11055 4906 37 25 32
168 80 118 93 25 58 39 1203 53 7 94 0 22 17.5 NA 17.5 NA 7 53 2 15 15 26 0 0 0 0 2 15 15 26 0 0 0 0 0 153 226 11121 4906 38 25 31
169 74 120 94 26 58 38 1193 55 6 97 0 23 18 NA 18 NA 7 55 0 18 14 26 0 0 0 0 0 18 14 26 0 0 0 0 1 130 229 11187 4903 41 25 31
170 76 118 91 27 57 34 1196 57 8 96 0 23 18 NA 18 NA 5 57 0 15 17 25 0 0 0 0 0 15 17 25 0 0 0 0 0 142 231 11256 4904 38 29 29
171 60 119 93 26 58 31 1229 42 8 97 0 24 17.5 NA 17.5 NA 3 42 0 12 18 28 0 0 0 0 0 12 18 28 0 0 0 0 2 167 231 11331 4903 36 29 32
172 65 121 96 25 57 34 1216 59 2 97 0 24 17 NA 17 NA 5 59 0 10 16 31 0 0 0 0 0 10 16 31 0 0 0 0 1 131 231 11398 4903 34 28 35
173 72 117 94 23 56 41 1211 67 6 94 0 25 18 NA 18 NA 10 67 0 9 17 30 0 0 0 0 0 9 17 30 0 0 0 0 1 142 231 11463 4906 33 28 33
174 71 119 96 23 59 33 1213 59 11 98 0 25 18 NA 18 NA 4 59 1 10 19 29 0 0 0 0 1 10 19 29 0 0 0 0 2 153 233 11533 4902 35 31 32
175 75 117 95 22 57 32 1204 57 6 94 0 25 18 NA 18 NA 6 57 1 9 19 28 0 0 0 0 1 9 19 28 0 0 0 0 1 140 235 11605 4906 29 32 33
176 84 116 94 22 55 30 1209 62 5 92 0 25 18 NA 18 NA 5 62 1 8 21 25 0 0 0 0 1 8 21 25 0 0 0 0 2 150 237 11664 4908 27 36 29
177 60 115 93 22 57 30 1209 60 8 93 0 26 18 NA 18 NA 8 60 1 6 25 25 0 0 0 0 1 6 25 25 0 0 0 0 2 152 239 11737 4907 26 37 30
178 85 113 90 23 54 30 1192 50 6 87 0 26 18.5 NA 18.5 NA 6 50 2 5 20 27 0 0 0 0 2 5 20 27 0 0 0 0 3 133 241 11813 4913 21 35 31
179 97 114 91 23 55 31 1168 49 5 87 0 27 18 NA 18 NA 9 49 2 6 19 28 0 0 0 0 2 6 19 28 0 0 0 0 3 127 245 11895 4913 22 33 32
180 71 112 90 22 55 31 1139 51 7 84 0 27.5 18 NA 18 NA 8 51 2 7 19 27 0 0 0 0 2 7 19 27 0 0 0 0 1 121 246 11978 4916 19 32 33
181 80 112 90 22 57 28 1143 57 7 86 0 28 18 NA 18 NA 4 57 2 7 21 27 0 0 0 0 2 7 21 27 0 0 0 0 1 137 247 12033 4914 19 33 34
182 76 114 92 22 59 32 1142 57 5 86 0 28.5 18 NA 18 NA 10 57 2 7 20 30 0 0 0 0 2 7 20 30 0 0 0 0 0 149 248 12107 4914 19 30 37
183 60 117 94 23 61 33 1142 61 7 89 0 29 18 NA 18 NA 9 61 1 9 16 35 0 0 0 0 1 9 16 35 0 0 0 0 2 157 250 12187 4911 19 28 42
184 73 116 93 23 61 35 1137 69 6 91 0 30 18 NA 18 NA 6 69 1 9 15 36 0 0 0 0 1 9 15 36 0 0 0 0 0 145 250 12247 4909 22 25 44
185 81 114 92 22 62 34 1123 50 9 88 0 30.5 18 NA 18 NA 7 50 2 12 12 36 0 0 0 0 2 12 12 36 0 0 0 0 1 123 251 12309 4912 21 23 44
186 85 115 92 23 64 32 1134 45 8 90 0 30 18 NA 18 NA 6 45 1 12 15 36 0 0 0 0 1 12 15 36 0 0 0 0 2 148 252 12377 4910 20 24 46
187 81 117 91 26 64 29 1121 58 6 89 0 31 18.5 NA 18.5 NA 4 58 0 13 14 37 0 0 0 0 0 13 14 37 0 0 0 0 1 144 253 12449 4911 21 20 48
188 85 118 92 26 63 32 1107 61 3 90 0 31 19 NA 19 NA 7 61 0 11 12 40 0 0 0 0 0 11 12 40 0 0 0 0 0 138 255 12517 4910 21 18 51
189 84 114 91 23 62 31 1135 46 4 89 0 31.5 18.5 NA 18.5 NA 3 46 0 9 14 39 0 0 0 0 0 9 14 39 0 0 0 0 1 159 256 12584 4911 20 20 49
190 67 114 91 23 64 31 1147 59 8 89 0 31 18 NA 18 NA 6 59 1 10 13 40 0 0 0 0 1 10 13 40 0 0 0 0 1 151 257 12644 4911 22 17 50
191 78 114 92 22 64 27 1172 48 6 89 0 31 18 NA 18 NA 6 48 0 11 13 40 0 0 0 0 0 11 13 40 0 0 0 0 0 138 260 12691 4911 22 17 50
192 96 115 93 22 61 26 1194 57 4 87 0 30 18 NA 18 NA 5 57 0 10 11 40 0 0 0 0 0 10 11 40 0 0 0 0 3 156 263 12744 4913 23 15 49
193 78 116 94 22 61 24 1224 45 4 89 0 29 18 NA 18 NA 3 45 0 8 12 41 0 0 0 0 0 8 12 41 0 0 0 0 1 158 264 12812 4911 23 16 50
194 71 114 92 22 62 27 1224 55 7 89 0 30 18.5 NA 18.5 NA 9 55 0 7 13 42 0 0 0 0 0 7 13 42 0 0 0 0 0 149 265 12885 4911 23 16 50
195 76 114 92 22 64 26 1204 58 7 90 0 30.5 18.5 NA 18.5 NA 8 58 0 6 15 43 0 0 0 0 0 6 15 43 0 0 0 0 0 136 268 12961 4910 22 17 51
196 77 114 91 23 64 29 1221 51 5 88 0 31 18.5 NA 18.5 NA 6 51 0 7 16 41 0 0 0 0 0 7 16 41 0 0 0 0 1 153 268 13032 4912 20 19 49
197 82 107 86 21 60 30 1215 63 8 82 0 28 19 NA 19 NA 10 63 0 8 14 38 0 0 0 0 0 8 14 38 0 0 0 0 0 139 269 13095 4918 20 17 45
198 94 103 82 21 58 34 1201 76 5 78 0 28 19.5 NA 19.5 NA 7 76 0 8 13 37 0 0 0 0 0 8 13 37 0 0 0 0 1 158 269 13161 4922 19 16 43
199 62 105 83 22 60 34 1186 66 7 81 0 28 19.5 NA 19.5 NA 5 66 0 7 15 38 0 0 0 0 0 7 15 38 0 0 0 0 1 126 270 13217 4919 20 18 43
200 62 105 82 23 60 42 1208 65 3 82 0 29 19.5 NA 19.5 NA 12 65 0 8 13 39 0 0 0 0 0 8 13 39 0 0 0 0 2 167 272 13276 4918 22 16 44
201 96 101 78 23 58 35 1182 53 8 77 0 29 19 NA 19 NA 3 53 0 8 13 37 0 0 0 0 0 8 13 37 0 0 0 0 0 115 273 13346 4923 21 15 41
202 77 101 78 23 58 32 1190 50 8 77 0 28 18.5 NA 18.5 NA 5 50 1 8 14 35 0 0 0 0 1 8 14 35 0 0 0 0 1 148 274 13419 4923 22 16 39
203 85 105 82 23 59 30 1209 57 9 78 0 26 18 NA 18 NA 7 57 1 9 14 35 0 0 0 0 1 9 14 35 0 0 0 0 2 155 274 13482 4922 22 17 39
204 92 106 83 23 61 33 1189 65 5 82 0 25.5 18 NA 18 NA 7 65 1 10 15 35 0 0 0 0 1 10 15 35 0 0 0 0 2 147 274 13562 4918 25 19 38
205 86 106 83 23 59 36 1169 58 2 82 0 25.5 18 NA 18 NA 7 58 1 8 13 37 0 0 0 0 1 8 13 37 0 0 0 0 1 138 275 13647 4918 24 18 40
206 70 105 82 23 57 37 1148 55 8 81 0 26 18 NA 18 NA 10 55 1 6 13 37 0 0 0 0 1 6 13 37 0 0 0 0 0 121 276 13721 4919 22 19 40
207 70 107 83 24 58 31 1156 64 9 80 0 26 18 NA 18 NA 4 64 1 9 10 38 0 0 0 0 1 9 10 38 0 0 0 0 2 155 279 13786 4920 22 17 41
208 70 109 84 25 58 32 1173 49 4 81 0 26 17.5 NA 17.5 NA 8 49 1 9 10 38 0 0 0 0 1 9 10 38 0 0 0 0 3 161 283 13864 4919 24 15 42
209 76 108 84 24 57 32 1175 60 7 76 0 23.5 17 NA 17 NA 7 60 2 9 11 35 0 0 0 0 2 9 11 35 0 0 0 0 2 151 283 13933 4924 22 15 39
210 60 108 84 24 59 31 1197 57 5 78 0 24.5 17 NA 17 NA 6 57 3 8 12 36 0 0 0 0 3 8 12 36 0 0 0 0 0 159 284 13999 4922 22 15 41
211 66 105 82 23 57 34 1215 63 4 75 0 24 17 NA 17 NA 7 63 2 8 12 35 0 0 0 0 2 8 12 35 0 0 0 0 0 156 285 14058 4925 21 15 39
212 77 106 83 23 58 38 1200 74 1 76 0 25 17.5 NA 17.5 NA 9 74 2 8 13 35 0 0 0 0 2 8 13 35 0 0 0 0 2 151 286 14137 4924 20 17 39
213 92 105 81 24 54 36 1224 58 6 74 0 25 17.5 NA 17.5 NA 4 58 1 8 11 34 0 0 0 0 1 8 11 34 0 0 0 0 2 161 286 14187 4926 21 15 38
214 86 105 81 24 55 40 1225 65 6 75 0 24 17 NA 17 NA 10 65 0 9 12 34 0 0 0 0 0 9 12 34 0 0 0 0 2 153 286 14257 4925 22 15 38
215 78 102 79 23 54 38 1231 46 6 76 0 24 17.5 NA 17.5 NA 5 46 1 9 13 31 0 0 0 0 1 9 13 31 0 0 0 0 0 142 287 14320 4924 24 16 36
216 78 107 81 26 53 35 1224 48 5 76 0 24 18 NA 18 NA 7 48 1 6 14 32 0 0 0 0 1 6 14 32 0 0 0 0 5 124 290 14384 4924 21 19 36
217 79 108 81 27 56 33 1223 69 10 77 0 24.5 18 NA 18 NA 7 69 1 6 16 33 0 0 0 0 1 6 16 33 0 0 0 0 1 150 291 14445 4923 21 19 37
218 73 108 81 27 57 34 1225 63 8 76 0 24.5 17 NA 17 NA 7 63 1 7 16 33 0 0 0 0 1 7 16 33 0 0 0 0 1 144 291 14501 4924 21 19 36
219 78 106 79 27 57 29 1224 41 6 78 0 25.5 18 NA 18 NA 5 41 1 8 15 33 0 0 0 0 1 8 15 33 0 0 0 0 0 143 294 14587 4922 24 17 37
220 87 107 78 29 55 33 1212 63 4 79 0 22 18 NA 18 NA 8 63 1 8 15 31 0 0 0 0 1 8 15 31 0 0 0 0 3 147 295 14663 4921 26 18 35
221 88 104 73 31 52 31 1196 58 5 77 0 23 18 NA 18 NA 4 58 1 8 14 29 0 0 0 0 1 8 14 29 0 0 0 0 2 125 298 14728 4923 27 17 33
222 75 105 71 34 49 33 1180 67 1 75 0 22 17 NA 17 NA 7 67 1 7 13 28 0 0 0 0 1 7 13 28 0 0 0 0 1 144 301 14804 4925 25 18 32
223 61 106 71 35 50 33 1165 62 8 75 0 23 17.5 NA 17.5 NA 9 62 1 6 12 31 0 0 0 0 1 6 12 31 0 0 0 0 2 148 302 14881 4925 23 17 35
224 74 106 71 35 50 32 1168 56 6 75 0 23.5 17.5 NA 17.5 NA 6 56 1 6 12 31 0 0 0 0 1 6 12 31 0 0 0 0 1 140 305 14951 4925 22 17 36
225 81 106 72 34 50 29 1174 49 7 75 0 23.5 17.5 NA 17.5 NA 5 49 1 7 12 30 0 0 0 0 1 7 12 30 0 0 0 0 2 153 307 15037 4925 22 18 35
226 67 110 73 37 53 34 1150 61 7 76 0 23 17 NA 17 NA 10 61 1 8 13 31 0 0 0 0 1 8 13 31 0 0 0 0 3 128 307 15112 4924 22 18 36
227 88 108 73 35 56 36 1165 51 8 76 0 24.5 17.5 NA 17.5 NA 8 51 1 7 15 33 0 0 0 0 1 7 15 33 0 0 0 0 0 146 307 15172 4924 18 20 38
228 85 107 72 35 57 32 1179 45 6 78 0 26 18 NA 18 NA 4 45 1 7 13 36 0 0 0 0 1 7 13 36 0 0 0 0 2 138 308 15229 4922 18 19 41
229 77 112 77 35 57 33 1167 60 3 79 0 26 17 NA 17 NA 4 60 1 7 13 36 0 0 0 0 1 7 13 36 0 0 0 0 1 138 309 15299 4921 19 19 41
230 69 113 78 35 59 39 1189 59 3 80 0 27 17 NA 17 NA 8 59 1 7 14 37 0 0 0 0 1 7 14 37 0 0 0 0 2 165 310 15366 4920 19 19 42
231 80 112 77 35 59 38 1182 58 8 79 0 27 18 NA 18 NA 7 58 1 6 16 36 0 0 0 0 1 6 16 36 0 0 0 0 1 155 311 15443 4921 17 22 40
232 69 113 79 34 62 37 1198 58 7 81 0 27 17 NA 17 NA 7 58 3 6 16 37 0 0 0 0 3 6 16 37 0 0 0 0 2 156 312 15509 4919 18 22 41
233 83 107 73 34 58 29 1193 61 9 77 0 26 17 NA 17 NA 4 61 3 7 16 32 0 0 0 0 3 7 16 32 0 0 0 0 1 133 314 15567 4923 19 23 35
234 89 108 73 35 59 25 1189 63 9 79 0 26 17 NA 17 NA 3 63 3 9 13 34 0 0 0 0 3 9 13 34 0 0 0 0 2 143 314 15633 4921 23 18 38
235 71 108 73 35 59 33 1182 55 1 80 0 26.5 17 NA 17 NA 11 55 3 10 11 35 0 0 0 0 3 10 11 35 0 0 0 0 1 149 317 15710 4920 23 18 39
236 69 111 75 36 59 33 1179 70 6 79 0 25 17 NA 17 NA 6 70 2 11 11 35 0 0 0 0 2 11 11 35 0 0 0 0 3 149 319 15779 4921 23 16 40
237 92 106 71 35 57 33 1181 66 8 75 0 22 17 NA 17 NA 11 66 2 13 11 31 0 0 0 0 2 13 11 31 0 0 0 0 2 157 322 15851 4925 24 18 33
238 75 100 66 34 54 32 1219 57 6 73 0 22 17 NA 17 NA 6 57 4 10 11 29 0 0 0 0 4 10 11 29 0 0 0 0 1 170 324 15911 4927 24 17 32
239 73 103 69 34 55 41 1226 61 6 73 0 22 17 NA 17 NA 14 61 4 10 12 29 0 0 0 0 4 10 12 29 0 0 0 0 1 153 325 15977 4927 25 15 33
240 82 104 70 34 57 36 1220 50 11 75 0 22.5 17 NA 17 NA 7 50 4 10 12 31 0 0 0 0 4 10 12 31 0 0 0 0 1 130 327 16043 4925 25 15 35
241 69 109 76 33 57 35 1232 70 4 79 0 20 16 NA 16 NA 5 70 3 10 13 31 0 0 0 0 3 10 13 31 0 0 0 0 2 158 328 16108 4921 29 15 35
242 76 110 79 31 53 40 1226 56 4 76 0 20 15 NA 15 NA 11 56 3 10 12 28 0 0 0 0 3 10 12 28 0 0 0 0 4 146 329 16184 4924 29 15 32
243 85 109 79 30 51 40 1212 57 6 73 0 20 15 NA 15 NA 7 57 3 9 11 28 0 0 0 0 3 9 11 28 0 0 0 0 1 127 331 16247 4927 27 13 33
244 70 108 79 29 48 36 1194 53 10 71 0 19 15 NA 15 NA 5 53 2 9 11 26 0 0 0 0 2 9 11 26 0 0 0 0 2 130 331 16321 4929 27 13 31
245 80 109 78 31 48 34 1204 55 5 70 0 19 15 NA 15 NA 3 55 2 10 11 25 0 0 0 0 2 10 11 25 0 0 0 0 1 150 331 16382 4930 26 14 30
246 73 110 79 31 49 42 1196 62 5 71 0 19.5 15 NA 15 NA 12 62 2 10 13 24 0 0 0 0 2 10 13 24 0 0 0 0 1 139 332 16447 4929 24 18 29
247 77 111 80 31 48 41 1205 52 5 69 0 18 15 NA 15 NA 6 52 2 10 12 24 0 0 0 0 2 10 12 24 0 0 0 0 1 152 333 16524 4931 23 17 29
248 68 107 76 31 46 47 1187 73 6 70 0 19 15 NA 15 NA 13 73 0 11 13 22 0 0 0 0 0 11 13 22 0 0 0 0 0 146 335 16599 4930 26 17 27
249 83 108 78 30 46 40 1183 54 10 68 0 19 15 NA 15 NA 6 54 0 11 12 23 0 0 0 0 0 11 12 23 0 0 0 0 1 147 335 16675 4932 25 18 25
250 81 111 77 34 47 40 1170 54 7 69 0 18 14 NA 14 NA 8 54 1 10 12 24 0 0 0 0 1 10 12 24 0 0 0 0 1 139 338 16755 4931 23 20 26
251 89 114 79 35 47 39 1155 53 4 73 0 17.5 13 NA 13 NA 7 53 1 11 12 23 0 0 0 0 1 11 12 23 0 0 0 0 4 136 339 16831 4927 28 20 25
252 89 117 82 35 47 43 1157 63 4 72 0 16 13 NA 13 NA 13 63 1 10 11 25 0 0 0 0 1 10 11 25 0 0 0 0 1 144 343 16887 4928 26 19 27
253 78 115 82 33 46 40 1183 41 8 75 0 17 13 NA 13 NA 5 41 1 6 14 25 0 0 0 0 1 6 14 25 0 0 0 0 0 155 344 16959 4925 27 22 26
254 77 116 85 31 47 45 1199 58 6 78 0 18 15 NA 15 NA 11 58 1 6 17 23 0 0 0 0 1 6 17 23 0 0 0 0 1 167 345 17031 4922 30 24 24
255 74 115 84 31 48 48 1197 67 6 81 0 19 14.5 NA 14.5 NA 9 67 1 8 16 23 0 0 0 0 1 8 16 23 0 0 0 0 0 137 347 17086 4919 33 24 24
256 69 114 84 30 52 50 1233 55 12 84 0 20 15 NA 15 NA 12 55 1 10 16 25 0 0 0 0 1 10 16 25 0 0 0 0 0 164 347 17145 4916 34 24 26
257 69 115 84 31 53 49 1217 64 10 87 0 20 15 NA 15 NA 10 64 1 12 14 26 0 0 0 0 1 12 14 26 0 0 0 0 3 138 349 17214 4913 37 23 27
258 85 108 81 27 53 52 1204 61 9 83 0 21 15 NA 15 NA 12 61 0 15 14 24 0 0 0 0 0 15 14 24 0 0 0 0 1 139 349 17286 4917 35 21 27
259 76 110 82 28 52 47 1186 66 11 82 0 20 15 NA 15 NA 12 66 1 15 14 22 0 0 0 0 1 15 14 22 0 0 0 0 5 141 355 17359 4918 37 20 25
260 68 111 82 29 55 41 1185 49 10 81 0 21 15 NA 15 NA 6 49 1 14 17 23 0 0 0 0 1 14 17 23 0 0 0 0 1 131 356 17419 4919 31 24 26
261 84 112 85 27 55 38 1203 60 5 83 0 22 15 NA 15 NA 3 60 2 13 17 23 0 0 0 0 2 13 17 23 0 0 0 0 2 163 357 17488 4917 32 23 28
262 80 114 88 26 55 38 1180 71 5 84 0 22 15 NA 15 NA 6 71 2 12 17 24 0 0 0 0 2 12 17 24 0 0 0 0 1 133 358 17555 4916 32 22 30
263 87 116 90 26 56 43 1179 65 5 86 0 22 15 NA 15 NA 8 65 1 9 23 23 0 0 0 0 1 9 23 23 0 0 0 0 2 147 358 17615 4914 30 27 29
264 68 119 92 27 60 43 1198 49 11 90 0 23 15 NA 15 NA 11 49 1 13 22 24 0 0 0 0 1 13 22 24 0 0 0 0 1 149 361 17675 4910 34 26 30
265 80 117 90 27 60 41 1180 62 6 88 0 24 15 NA 15 NA 6 62 0 13 20 27 0 0 0 0 0 13 20 27 0 0 0 0 0 135 363 17746 4912 28 27 33
266 77 112 88 24 59 34 1170 60 11 84 0 24 15 NA 15 NA 5 60 0 12 23 24 0 0 0 0 0 12 23 24 0 0 0 0 1 149 365 17826 4916 25 29 30
267 75 111 87 24 57 38 1151 64 5 81 0 25 15 NA 15 NA 11 64 0 10 23 24 0 0 0 0 0 10 23 24 0 0 0 0 2 136 367 17897 4919 21 30 30
268 78 109 85 24 56 37 1151 67 8 78 0 25 15 NA 15 NA 9 67 0 10 24 22 0 0 0 0 0 10 24 22 0 0 0 0 2 161 369 17971 4922 21 29 28
269 68 112 87 25 56 32 1163 46 8 77 0 24 15 NA 15 NA 5 46 0 10 24 22 0 0 0 0 0 10 24 22 0 0 0 0 3 146 371 18038 4923 19 31 27
270 88 113 89 24 54 30 1171 58 6 74 0 23 15 NA 15 NA 8 58 0 9 22 23 0 0 0 0 0 9 22 23 0 0 0 0 2 146 374 18098 4926 18 28 28
271 81 111 87 24 55 27 1168 46 5 78 0 24 15 NA 15 NA 5 46 0 7 25 23 0 0 0 0 0 7 25 23 0 0 0 0 1 140 377 18171 4922 20 30 28
272 85 110 86 24 53 29 1175 51 4 78 0 25 15 NA 15 NA 7 51 0 7 20 26 0 0 0 0 0 7 20 26 0 0 0 0 0 137 378 18230 4922 22 24 32
273 85 109 86 23 51 29 1162 65 6 79 0 24 15 NA 15 NA 7 65 0 6 18 27 0 0 0 0 0 6 18 27 0 0 0 0 1 155 379 18312 4921 23 23 33
274 51 110 87 23 53 31 1169 53 7 82 0 25 15 NA 15 NA 7 53 0 7 16 30 0 0 0 0 0 7 16 30 0 0 0 0 1 133 379 18376 4918 24 23 35
275 103 113 90 23 55 25 1159 52 11 86 0 25 15 NA 15 NA 4 52 0 6 14 35 0 0 0 0 0 6 14 35 0 0 0 0 1 143 380 18446 4914 26 20 40
276 80 112 89 23 52 29 1171 66 3 84 0 24.5 15 NA 15 NA 6 66 0 5 15 32 0 0 0 0 0 5 15 32 0 0 0 0 2 167 380 18517 4916 25 22 37
277 88 110 88 22 52 30 1186 60 4 80 0 24.5 15 NA 15 NA 5 60 0 6 15 31 0 0 0 0 0 6 15 31 0 0 0 0 3 144 382 18570 4920 24 20 36
278 91 108 86 22 50 30 1168 57 9 77 0 22 15 NA 15 NA 10 57 1 7 10 32 0 0 0 0 1 7 10 32 0 0 0 0 1 113 384 18629 4923 24 16 37
279 73 112 89 23 50 30 1187 74 4 78 0 20 15.5 NA 15.5 NA 6 74 1 8 9 32 0 0 0 0 1 8 9 32 0 0 0 0 4 165 386 18687 4922 26 15 37
280 76 115 92 23 50 31 1194 54 5 80 0 21 16 NA 16 NA 6 54 1 8 10 31 0 0 0 0 1 8 10 31 0 0 0 0 3 146 386 18753 4920 27 17 36
281 76 116 94 22 51 39 1176 66 6 83 0 21 16 NA 16 NA 12 66 0 12 8 31 0 0 0 0 0 12 8 31 0 0 0 0 2 148 387 18831 4917 32 14 37
282 93 115 92 23 51 42 1168 67 5 85 0 22 16 NA 16 NA 7 67 0 11 8 32 0 0 0 0 0 11 8 32 0 0 0 0 1 148 387 18900 4915 35 14 36
283 82 113 90 23 47 41 1142 73 4 81 0 22 16 NA 16 NA 6 73 0 8 9 30 0 0 0 0 0 8 9 30 0 0 0 0 2 129 388 18964 4919 29 17 35
284 65 114 90 24 48 46 1146 65 5 81 0 22 16 NA 16 NA 12 65 1 7 11 29 0 0 0 0 1 7 11 29 0 0 0 0 1 147 391 19021 4919 28 19 34
285 72 117 93 24 50 41 1146 60 6 83 0 23 16 NA 16 NA 3 60 1 9 10 30 0 0 0 0 1 9 10 30 0 0 0 0 1 140 393 19089 4917 27 20 36
286 76 119 93 26 52 41 1167 45 8 84 0 23 16 NA 16 NA 9 45 2 9 11 30 0 0 0 0 2 9 11 30 0 0 0 0 3 147 395 19155 4916 26 21 37
287 72 119 93 26 52 44 1163 55 5 86 0 24 16 NA 16 NA 10 55 2 7 13 30 0 0 0 0 2 7 13 30 0 0 0 0 1 132 396 19221 4914 25 24 37
288 80 121 94 27 56 44 1161 57 11 87 0 23 16.5 NA 16.5 NA 11 57 2 8 14 32 0 0 0 0 2 8 14 32 0 0 0 0 2 161 397 19307 4913 27 22 38
289 84 120 92 28 56 39 1151 52 5 89 0 23.5 16 NA 16 NA 3 52 3 8 13 32 0 0 0 0 3 8 13 32 0 0 0 0 1 136 400 19375 4911 29 22 38
290 66 120 91 29 56 43 1164 71 5 90 0 23.5 16.5 NA 16.5 NA 7 71 3 9 13 31 0 0 0 0 3 9 13 31 0 0 0 0 0 154 400 19426 4910 30 22 38
291 87 118 89 29 59 40 1143 49 7 91 0 24 16 NA 16 NA 5 49 1 14 14 30 0 0 0 0 1 14 14 30 0 0 0 0 2 124 403 19501 4909 31 23 37
292 82 116 88 28 58 39 1139 55 6 91 0 24 16 NA 16 NA 5 55 2 13 14 29 0 0 0 0 2 13 14 29 0 0 0 0 1 149 405 19578 4909 32 24 35
293 84 113 86 27 59 40 1167 50 5 90 0 25 16 NA 16 NA 5 50 1 10 20 28 0 0 0 0 1 10 20 28 0 0 0 0 0 161 407 19644 4910 28 28 34
294 91 112 87 25 61 35 1162 63 9 90 0 26 16 NA 16 NA 6 63 1 9 23 28 0 0 0 0 1 9 23 28 0 0 0 0 0 146 410 19713 4910 26 31 33
295 94 108 84 24 57 36 1178 60 3 86 0 26 16 NA 16 NA 3 60 1 9 19 28 0 0 0 0 1 9 19 28 0 0 0 0 1 151 412 19768 4914 27 24 35
296 78 109 86 23 56 39 1176 59 7 84 0 26 16 NA 16 NA 10 59 1 10 17 28 0 0 0 0 1 10 17 28 0 0 0 0 3 141 412 19831 4916 27 23 34
297 62 107 83 24 57 35 1212 54 10 86 0 27 16 NA 16 NA 10 54 2 9 18 28 0 0 0 0 2 9 18 28 0 0 0 0 1 167 416 19894 4914 28 22 36
298 68 103 81 22 54 34 1238 56 7 86 0 28 16.5 NA 16.5 NA 5 56 1 10 14 29 0 0 0 0 1 10 14 29 0 0 0 0 0 171 416 19964 4914 29 20 37
299 77 104 78 26 51 33 1237 61 5 82 0 25.5 18 NA 18 NA 6 61 1 8 13 29 0 0 0 0 1 8 13 29 0 0 0 0 2 129 418 20017 4918 25 19 38
300 83 101 76 25 50 38 1217 80 6 81 0 26 18 NA 18 NA 12 80 1 9 11 29 0 0 0 0 1 9 11 29 0 0 0 0 0 152 420 20094 4919 25 19 37
301 74 99 73 26 50 30 1219 53 6 80 0 27 18 NA 18 NA 4 53 1 7 13 29 0 0 0 0 1 7 13 29 0 0 0 0 0 135 424 20156 4920 23 20 37
302 81 99 72 27 52 37 1206 64 9 80 0 28 18 NA 18 NA 14 64 1 9 12 30 0 0 0 0 1 9 12 30 0 0 0 0 1 144 424 20223 4920 23 20 37
303 85 101 74 27 53 31 1214 43 10 79 0 27 18 NA 18 NA 6 43 1 9 12 31 0 0 0 0 1 9 12 31 0 0 0 0 1 136 426 20279 4921 23 18 38
304 80 102 75 27 54 31 1232 46 3 79 0 27 18 NA 18 NA 4 46 1 8 13 32 0 0 0 0 1 8 13 32 0 0 0 0 1 162 428 20354 4921 21 20 38
305 69 102 74 28 53 27 1226 60 6 77 0 27 18 NA 18 NA 5 60 1 7 14 31 0 0 0 0 1 7 14 31 0 0 0 0 2 141 431 20426 4923 19 21 37
306 83 101 74 27 54 30 1224 50 6 75 0 26 18 NA 18 NA 10 50 1 6 15 32 0 0 0 0 1 6 15 32 0 0 0 0 2 147 433 20494 4925 17 20 38
307 95 98 72 26 53 22 1208 55 9 72 0 27 18 NA 18 NA 1 55 1 7 15 30 0 0 0 0 1 7 15 30 0 0 0 0 1 135 434 20568 4928 16 21 35
308 91 102 76 26 52 32 1205 56 0 73 0 26.5 18 NA 18 NA 9 56 0 8 15 29 0 0 0 0 0 8 15 29 0 0 0 0 1 143 434 20635 4927 17 21 35
309 59 97 71 26 51 37 1197 56 4 69 0 26 20 NA 20 NA 8 56 0 9 14 28 0 0 0 0 0 9 14 28 0 0 0 0 1 140 434 20713 4931 15 21 33
310 77 96 71 25 50 40 1186 59 7 67 0 25.5 20 NA 20 NA 9 59 0 7 13 30 0 0 0 0 0 7 13 30 0 0 0 0 1 149 435 20798 4933 13 20 34
311 89 98 75 23 50 39 1204 42 6 67 0 26 21 NA 21 NA 5 42 0 6 15 29 0 0 0 0 0 6 15 29 0 0 0 0 6 137 435 20852 4933 14 19 34
312 80 94 71 23 49 37 1197 61 7 66 0 26.5 20 NA 20 NA 7 61 0 5 15 29 0 0 0 0 0 5 15 29 0 0 0 0 0 147 436 20924 4934 13 20 33
313 91 94 71 23 48 34 1217 49 5 66 0 27 20.5 NA 20.5 NA 5 49 0 5 12 31 0 0 0 0 0 5 12 31 0 0 0 0 0 159 438 20998 4934 13 18 35
314 81 98 71 27 47 38 1209 54 3 67 0 26 21 NA 21 NA 8 54 0 4 13 30 0 0 0 0 0 4 13 30 0 0 0 0 3 137 438 21068 4933 14 19 34
315 72 99 71 28 44 37 1214 56 4 67 0 25 20 NA 20 NA 5 56 0 3 13 28 0 0 0 0 0 3 13 28 0 0 0 0 3 144 441 21136 4933 16 19 32
316 70 102 74 28 47 35 1180 70 11 68 0 24.5 18 NA 18 NA 6 70 1 5 10 31 0 0 0 0 1 5 10 31 0 0 0 0 2 136 443 21219 4932 16 17 35
317 71 105 77 28 49 34 1198 73 7 71 0 22 20 NA 20 NA 7 73 1 5 11 32 0 0 0 0 1 5 11 32 0 0 0 0 1 170 444 21285 4929 19 16 36
318 86 110 81 29 50 41 1183 76 6 70 0 19 18.5 NA 18.5 NA 11 76 1 7 10 32 0 0 0 0 1 7 10 32 0 0 0 0 5 152 445 21354 4930 20 15 35
319 75 113 84 29 48 36 1198 66 7 68 0 18 18 NA 18 NA 6 66 1 6 11 30 0 0 0 0 1 6 11 30 0 0 0 0 4 156 449 21409 4932 19 16 33
320 74 110 81 29 47 35 1210 55 5 69 0 18 18 NA 18 NA 4 55 1 8 11 27 0 0 0 0 1 8 11 27 0 0 0 0 0 151 450 21480 4931 22 16 31
321 86 109 79 30 49 30 1179 51 7 68 0 18 18 NA 18 NA 6 51 1 10 9 29 0 0 0 0 1 10 9 29 0 0 0 0 1 118 454 21555 4932 23 12 33
322 76 110 81 29 48 29 1171 55 4 69 0 19 18 NA 18 NA 4 55 1 8 8 31 0 0 0 0 1 8 8 31 0 0 0 0 2 140 455 21626 4931 23 10 36
323 64 109 82 27 48 29 1194 50 6 73 0 19 18 NA 18 NA 6 50 0 9 9 30 0 0 0 0 0 9 9 30 0 0 0 0 0 145 456 21683 4927 26 12 35
324 84 109 82 27 50 30 1214 64 4 73 0 20 18 NA 18 NA 6 64 0 10 8 32 0 0 0 0 0 10 8 32 0 0 0 0 1 163 457 21741 4927 25 11 37
325 78 114 86 28 52 29 1238 56 5 73 0 19.5 18 NA 18 NA 7 56 1 10 9 32 0 0 0 0 1 10 9 32 0 0 0 0 5 160 459 21808 4927 25 12 36
326 64 117 89 28 52 29 1246 50 4 76 0 19 18 NA 18 NA 6 50 1 9 9 33 0 0 0 0 1 9 9 33 0 0 0 0 3 134 460 21869 4924 26 13 37
327 84 120 88 32 51 34 1218 66 6 76 0 17 18 NA 18 NA 9 66 0 10 10 31 0 0 0 0 0 10 10 31 0 0 0 0 3 119 460 21937 4924 27 14 35
328 74 122 90 32 53 38 1226 69 7 79 0 17.5 17 NA 17 NA 12 69 1 10 11 31 0 0 0 0 1 10 11 31 0 0 0 0 1 156 462 21997 4921 28 15 36
329 89 119 88 31 52 40 1192 60 8 76 0 18 17 NA 17 NA 10 60 3 9 13 27 0 0 0 0 3 9 13 27 0 0 0 0 0 128 463 22081 4924 26 18 32
330 68 117 89 28 49 39 1184 56 8 79 0 19 17 NA 17 NA 11 56 2 8 13 26 0 0 0 0 2 8 13 26 0 0 0 0 1 145 465 22157 4921 31 18 30
331 72 116 89 27 49 38 1161 67 10 81 0 18.5 16 NA 16 NA 10 67 2 9 11 27 0 0 0 0 2 9 11 27 0 0 0 0 1 143 465 22238 4919 34 16 31
332 62 117 89 28 50 35 1144 53 8 80 0 18 16 NA 16 NA 6 53 2 8 13 27 0 0 0 0 2 8 13 27 0 0 0 0 3 125 468 22310 4920 32 17 31
333 79 118 88 30 53 36 1143 62 9 80 0 18 16 NA 16 NA 7 62 3 10 13 27 0 0 0 0 3 10 13 27 0 0 0 0 1 142 469 22368 4920 32 17 31
334 68 117 88 29 54 36 1169 49 7 81 0 19 16 NA 16 NA 5 49 3 12 12 27 0 0 0 0 3 12 12 27 0 0 0 0 1 152 469 22425 4919 32 18 31
335 84 117 88 29 57 34 1167 57 9 80 0 19 17 NA 17 NA 7 57 3 13 15 26 0 0 0 0 3 13 15 26 0 0 0 0 2 150 470 22500 4920 30 20 30
336 71 120 91 29 57 41 1135 57 3 81 0 18 17 NA 17 NA 10 57 3 14 14 26 0 0 0 0 3 14 14 26 0 0 0 0 3 120 471 22579 4919 31 20 30
337 77 116 88 28 54 47 1121 54 4 82 0 19 17 NA 17 NA 10 54 1 14 13 26 0 0 0 0 1 14 13 26 0 0 0 0 0 140 471 22663 4918 32 20 30
338 82 116 89 27 52 44 1147 55 7 82 0 20 17 NA 17 NA 6 55 0 13 13 26 0 0 0 0 0 13 13 26 0 0 0 0 1 169 474 22726 4918 32 19 31
339 78 116 89 27 52 50 1169 53 5 87 0 21 17 NA 17 NA 10 53 0 11 14 27 0 0 0 0 0 11 14 27 0 0 0 0 1 153 476 22780 4913 35 21 31
340 71 118 89 29 55 49 1144 67 7 88 0 21 18 NA 18 NA 6 67 0 14 13 28 0 0 0 0 0 14 13 28 0 0 0 0 2 131 478 22855 4912 37 19 32
341 75 117 88 29 56 49 1150 47 9 87 0 22 19 NA 19 NA 9 47 0 17 10 29 0 0 0 0 0 17 10 29 0 0 0 0 1 127 481 22911 4913 37 17 33
342 76 119 89 30 56 50 1115 73 5 88 0 23 19 NA 19 NA 9 73 0 13 13 30 0 0 0 0 0 13 13 30 0 0 0 0 2 142 482 22992 4912 33 21 34
343 70 118 88 30 56 52 1125 54 5 89 0 22.5 18.5 NA 18.5 NA 7 54 0 10 17 29 0 0 0 0 0 10 17 29 0 0 0 0 0 146 483 23059 4911 31 25 33
344 84 120 90 30 57 54 1131 62 8 90 0 22 18 NA 18 NA 12 62 0 11 18 28 0 0 0 0 0 11 18 28 0 0 0 0 1 144 486 23116 4910 33 25 32
345 72 118 89 29 57 49 1130 52 10 89 0 22 18 NA 18 NA 7 52 0 12 19 26 0 0 0 0 0 12 19 26 0 0 0 0 1 123 489 23173 4911 34 25 30
346 72 115 89 26 57 51 1120 55 9 85 0 21 19 NA 19 NA 11 55 0 13 18 26 0 0 0 0 0 13 18 26 0 0 0 0 3 138 490 23249 4915 31 25 29
347 78 114 88 26 58 57 1144 59 3 86 0 22 19 NA 19 NA 9 59 0 12 18 28 0 0 0 0 0 12 18 28 0 0 0 0 1 176 491 23322 4914 31 24 31
348 85 115 89 26 58 54 1154 70 6 88 0 23 19 NA 19 NA 11 70 0 13 18 27 0 0 0 0 0 13 18 27 0 0 0 0 1 151 495 23375 4912 34 23 31
349 71 113 85 28 58 38 1148 62 13 85 0 24 19 NA 19 NA 0 62 0 11 19 28 0 0 0 0 0 11 19 28 0 0 0 0 0 142 498 23445 4915 28 26 31
350 67 114 86 28 59 37 1160 49 6 87 0 24.5 19 NA 19 NA 7 49 0 8 21 30 0 0 0 0 0 8 21 30 0 0 0 0 0 148 501 23511 4913 27 27 33
351 75 117 88 29 57 36 1163 61 4 85 0 24 20 NA 20 NA 7 61 0 4 20 33 0 0 0 0 0 4 20 33 0 0 0 0 4 153 503 23582 4915 21 28 36
352 68 116 87 29 59 32 1160 57 9 87 0 25 20 NA 20 NA 6 57 0 4 23 32 0 0 0 0 0 4 23 32 0 0 0 0 0 128 506 23639 4913 23 29 35
353 79 114 87 27 58 26 1155 71 8 83 0 26 19 NA 19 NA 5 71 1 4 23 30 0 0 0 0 1 4 23 30 0 0 0 0 2 150 508 23702 4917 23 28 32
354 73 115 87 28 58 22 1157 57 6 82 0 24 20 NA 20 NA 3 57 1 6 18 33 0 0 0 0 1 6 18 33 0 0 0 0 2 140 508 23765 4918 23 24 35
355 78 116 87 29 61 26 1179 57 4 83 0 25 20 NA 20 NA 7 57 0 10 14 37 0 0 0 0 0 10 14 37 0 0 0 0 1 162 510 23829 4917 22 22 39
356 87 110 82 28 58 27 1176 73 4 82 0 26 19.5 NA 19.5 NA 7 73 0 8 14 36 0 0 0 0 0 8 14 36 0 0 0 0 1 152 512 23893 4918 23 21 38
357 67 110 80 30 56 23 1197 54 4 82 0 25.5 19.5 NA 19.5 NA 3 54 0 7 15 34 0 0 0 0 0 7 15 34 0 0 0 0 1 139 515 23948 4918 24 22 36
358 82 104 77 27 55 25 1211 51 4 81 0 26 20 NA 20 NA 7 51 0 6 17 32 0 0 0 0 0 6 17 32 0 0 0 0 0 142 517 24007 4919 24 22 35
359 64 104 77 27 56 23 1168 69 9 80 0 25.5 19.5 NA 19.5 NA 8 69 0 7 18 31 0 0 0 0 0 7 18 31 0 0 0 0 2 130 520 24095 4920 22 24 34
360 73 102 74 28 54 28 1163 49 3 79 0 25.5 20 NA 20 NA 8 49 0 7 17 30 0 0 0 0 0 7 17 30 0 0 0 0 1 133 520 24167 4921 23 25 31
