1 91 99 84 15 45 32 1231 60 8 75 0 25 18 NA 18 NA 8 60 1 5 17 22 0 0 0 0 1 5 17 22 0 0 0 0 2 147 0 0 4925 19 27 29
2 77 104 86 18 44 34 1285 58 7 75 0 25.5 18 NA 18 NA 10 58 1 4 17 22 0 0 0 0 1 4 17 22 0 0 0 0 3 132 0 0 4925 19 27 29
3 78 104 86 18 44 39 1345 63 5 75 0 26 17.5 NA 17.5 NA 9 63 1 5 16 22 0 0 0 0 1 5 16 22 0 0 0 0 0 145 0 0 4925 19 26 30
4 78 104 87 17 44 38 1370 73 8 74 0 25.5 17 NA 17 NA 6 73 1 6 15 22 0 0 0 0 1 6 15 22 0 0 0 0 1 124 0 0 4926 19 26 29
5 81 101 84 17 46 43 1394 74 7 74 0 26 17 NA 17 NA 11 74 1 8 16 21 0 0 0 0 1 8 16 21 0 0 0 0 1 127 0 0 4926 21 26 27
6 74 97 80 17 44 45 1448 65 9 71 0 28 17 NA 17 NA 11 65 0 6 16 22 0 0 0 0 0 6 16 22 0 0 0 0 1 142 0 0 4929 17 25 29
7 71 99 81 18 45 52 1476 73 8 72 0 28 17 NA 17 NA 14 73 1 6 15 23 0 0 0 0 1 6 15 23 0 0 0 0 1 125 0 0 4928 17 23 32
8 98 98 82 16 44 44 1510 73 11 69 0 26 17 NA 17 NA 5 73 1 6 16 21 0 0 0 0 1 6 16 21 0 0 0 0 1 129 0 0 4931 16 23 30
9 72 97 81 16 44 53 1533 83 2 68 0 25 17.5 NA 17.5 NA 12 83 1 5 15 23 0 0 0 0 1 5 15 23 0 0 0 0 1 129 0 0 4932 17 21 30
10 83 99 81 18 46 59 1549 73 9 72 0 26 17.5 NA 17.5 NA 15 73 1 5 13 27 0 0 0 0 1 5 13 27 0 0 0 0 1 111 0 0 4928 20 19 33
11 72 100 82 18 45 56 1580 78 11 72 0 24.5 17 NA 17 NA 7 78 1 3 15 26 0 0 0 0 1 3 15 26 0 0 0 0 4 128 0 0 4928 18 21 33
12 59 102 83 19 45 54 1592 80 9 71 0 25 17 NA 17 NA 8 80 1 2 14 28 0 0 0 0 1 2 14 28 0 0 0 0 2 110 0 0 4929 16 19 36
13 72 100 82 18 43 42 1020 47 7 69 0 25.5 18 NA 18 NA 7 47 1 4 10 28 0 0 0 0 1 4 10 28 0 0 0 0 2 104 10 614 4931 18 15 36
14 71 98 80 18 46 41 1047 50 7 71 0 26.5 18 NA 18 NA 7 50 1 5 11 29 0 0 0 0 1 5 11 29 0 0 0 0 1 165 13 680 4929 20 15 36
15 56 99 81 18 49 43 1068 46 5 71 0 25 18 NA 18 NA 7 46 2 7 10 30 0 0 0 0 2 7 10 30 0 0 0 0 2 145 16 749 4929 20 14 37
16 62 100 82 18 51 41 1098 54 7 72 0 24.5 18 NA 18 NA 5 54 1 11 10 29 0 0 0 0 1 11 10 29 0 0 0 0 1 145 17 795 4928 21 14 37
17 73 105 86 19 50 39 1126 49 6 72 0 21 17.5 NA 17.5 NA 5 49 1 11 9 29 0 0 0 0 1 11 9 29 0 0 0 0 5 161 20 860 4928 22 13 37
18 71 104 85 19 51 34 1145 57 9 72 0 21.5 18 NA 18 NA 5 57 1 11 9 30 0 0 0 0 1 11 9 30 0 0 0 0 0 153 22 923 4928 22 12 38
19 94 105 84 21 49 33 1133 49 3 72 0 21 18 NA 18 NA 4 49 1 10 10 28 0 0 0 0 1 10 10 28 0 0 0 0 2 127 24 990 4928 23 13 36
20 80 111 84 27 50 37 1150 61 2 73 0 21 18 NA 18 NA 7 61 1 11 9 29 0 0 0 0 1 11 9 29 0 0 0 0 3 154 28 1052 4927 25 12 36
21 73 109 83 26 49 35 1167 50 6 74 0 22 18 NA 18 NA 7 50 1 10 10 28 0 0 0 0 1 10 10 28 0 0 0 0 0 141 30 1110 4926 25 14 35
22 77 109 83 26 47 34 1194 48 4 74 0 20 18 NA 18 NA 6 48 0 8 11 28 0 0 0 0 0 8 11 28 0 0 0 0 1 143 33 1163 4926 24 16 34
23 88 112 85 27 50 33 1164 68 10 77 0 21 18 NA 18 NA 10 68 0 9 9 32 0 0 0 0 0 9 9 32 0 0 0 0 1 121 36 1226 4923 25 14 38
24 83 116 86 30 51 31 1193 45 8 78 0 20.5 18 NA 18 NA 5 45 0 11 8 32 0 0 0 0 0 11 8 32 0 0 0 0 6 144 36 1276 4922 27 13 38
25 62 114 86 28 53 32 1201 73 9 78 0 19.5 17 NA 17 NA 8 73 0 14 10 29 0 0 0 0 0 14 10 29 0 0 0 0 1 155 38 1335 4922 28 15 35
26 90 118 89 29 52 28 1176 48 7 78 0 18.5 17 NA 17 NA 4 48 0 11 12 29 0 0 0 0 0 11 12 29 0 0 0 0 2 133 38 1417 4922 25 18 35
27 85 115 86 29 50 26 1171 58 8 75 0 19 17 NA 17 NA 7 58 0 9 13 28 0 0 0 0 0 9 13 28 0 0 0 0 0 144 40 1484 4925 23 18 34
28 79 115 86 29 52 31 1171 47 3 76 0 20 17 NA 17 NA 10 47 0 10 13 29 0 0 0 0 0 10 13 29 0 0 0 0 0 140 42 1558 4924 23 18 35
29 82 114 85 29 54 31 1140 60 9 80 0 21 17 NA 17 NA 10 60 2 11 13 28 0 0 0 0 2 11 13 28 0 0 0 0 1 128 44 1639 4920 27 19 34
30 66 114 84 30 55 30 1138 51 7 79 0 21.5 17 NA 17 NA 6 51 3 10 13 29 0 0 0 0 3 10 13 29 0 0 0 0 1 150 44 1725 4921 26 19 34
31 64 118 87 31 55 31 1142 53 6 84 0 22 17 NA 17 NA 8 53 3 10 12 30 0 0 0 0 3 10 12 30 0 0 0 0 3 133 45 1785 4916 29 20 35
32 87 116 85 31 54 26 1131 57 6 87 0 22.5 17 NA 17 NA 4 57 0 11 13 30 0 0 0 0 0 11 13 30 0 0 0 0 1 142 48 1856 4913 32 21 34
33 77 117 85 32 53 28 1148 38 5 86 0 22 17 NA 17 NA 9 38 0 10 15 28 0 0 0 0 0 10 15 28 0 0 0 0 2 157 50 1929 4914 30 23 33
34 78 116 84 32 54 29 1190 50 7 87 0 23 17 NA 17 NA 6 50 0 11 14 29 0 0 0 0 0 11 14 29 0 0 0 0 1 173 51 1988 4913 31 21 35
35 75 121 83 38 53 26 1208 59 7 86 0 19 17 NA 17 NA 4 59 0 11 13 29 0 0 0 0 0 11 13 29 0 0 0 0 4 148 51 2042 4914 30 21 35
36 71 119 82 37 55 29 1221 48 5 89 0 19 16 NA 16 NA 6 48 0 11 17 27 0 0 0 0 0 11 17 27 0 0 0 0 0 142 54 2111 4911 34 23 32
37 86 117 81 36 55 32 1209 72 5 87 0 20 16 NA 16 NA 8 72 0 13 16 26 0 0 0 0 0 13 16 26 0 0 0 0 0 145 54 2181 4913 34 21 32
38 74 114 78 36 53 32 1232 57 3 90 0 21 16 NA 16 NA 5 57 0 12 12 29 0 0 0 0 0 12 12 29 0 0 0 0 0 160 54 2241 4910 37 18 35
39 85 113 78 35 54 32 1229 42 8 88 0 22 16.5 NA 16.5 NA 6 42 0 14 12 28 0 0 0 0 0 14 12 28 0 0 0 0 0 138 54 2310 4912 37 17 34
40 71 115 78 37 53 34 1210 55 2 86 0 21 17 NA 17 NA 5 55 0 13 13 27 0 0 0 0 0 13 13 27 0 0 0 0 4 129 55 2380 4914 36 17 33
41 63 118 81 37 54 33 1231 52 9 85 0 21 17 NA 17 NA 8 52 0 13 15 26 0 0 0 0 0 13 15 26 0 0 0 0 3 145 57 2441 4915 31 22 32
42 74 121 83 38 55 30 1239 50 4 85 0 22 17 NA 17 NA 3 50 0 13 14 28 0 0 0 0 0 13 14 28 0 0 0 0 3 141 59 2513 4915 31 21 33
43 59 124 86 38 54 31 1244 69 7 87 0 23 17 NA 17 NA 9 69 0 11 16 27 0 0 0 0 0 11 16 27 0 0 0 0 3 163 61 2584 4913 31 24 32
44 65 123 85 38 55 29 1258 56 5 87 0 24 17 NA 17 NA 4 56 0 10 19 26 0 0 0 0 0 10 19 26 0 0 0 0 0 150 62 2653 4913 25 30 32
45 76 124 87 37 55 30 1236 62 4 88 0 23.5 17 NA 17 NA 6 62 0 9 17 29 0 0 0 0 0 9 17 29 0 0 0 0 0 149 64 2740 4912 26 27 35
46 84 120 84 36 55 28 1207 64 8 85 0 23.5 17 NA 17 NA 6 64 0 8 18 29 0 0 0 0 0 8 18 29 0 0 0 0 1 143 65 2823 4915 25 27 33
47 78 114 81 33 53 26 1185 56 8 87 0 23.5 17 NA 17 NA 6 56 1 9 15 28 0 0 0 0 1 9 15 28 0 0 0 0 0 133 67 2896 4913 30 24 33
48 79 117 85 32 55 30 1179 66 4 87 0 24 17 NA 17 NA 7 66 1 8 16 30 0 0 0 0 1 8 16 30 0 0 0 0 2 141 68 2954 4913 25 27 35
49 78 113 81 32 52 33 1197 45 2 84 0 25 17 NA 17 NA 6 45 1 8 15 28 0 0 0 0 1 8 15 28 0 0 0 0 1 149 68 3022 4916 25 26 33
50 66 114 82 32 53 33 1148 73 6 84 0 26 17 NA 17 NA 9 73 1 5 19 28 0 0 0 0 1 5 19 28 0 0 0 0 0 134 70 3108 4916 20 30 34
51 85 115 83 32 57 31 1153 53 9 85 0 27 17 NA 17 NA 4 53 1 9 19 28 0 0 0 0 1 9 19 28 0 0 0 0 0 149 71 3173 4915 21 30 34
52 62 114 81 33 55 34 1180 66 8 86 0 26 17 NA 17 NA 12 66 0 11 17 27 0 0 0 0 0 11 17 27 0 0 0 0 1 155 72 3225 4914 24 28 34
53 73 114 79 35 55 37 1205 48 3 89 0 27 17 NA 17 NA 7 48 0 11 16 28 0 0 0 0 0 11 16 28 0 0 0 0 1 151 73 3286 4911 27 25 37
54 79 116 81 35 57 36 1187 54 7 93 0 28 17 NA 17 NA 6 54 0 12 17 28 0 0 0 0 0 12 17 28 0 0 0 0 1 129 74 3362 4907 31 25 37
55 91 111 75 36 56 40 1167 62 9 90 0 29 17 NA 17 NA 9 62 0 11 16 29 0 0 0 0 0 11 16 29 0 0 0 0 1 127 74 3428 4910 29 25 36
56 62 112 77 35 59 38 1187 41 7 88 0 26 17 NA 17 NA 6 41 0 13 12 34 0 0 0 0 0 13 12 34 0 0 0 0 2 153 76 3506 4912 29 18 41
57 77 115 80 35 59 41 1180 69 4 90 0 26 17 NA 17 NA 10 69 0 11 13 35 0 0 0 0 0 11 13 35 0 0 0 0 3 151 77 3581 4910 29 19 42
58 81 114 77 37 59 41 1187 58 7 89 0 26 18 NA 18 NA 9 58 0 13 11 35 0 0 0 0 0 13 11 35 0 0 0 0 1 148 79 3649 4911 30 17 42
59 68 112 76 36 61 32 1188 47 10 86 0 25 17 NA 17 NA 3 47 1 9 17 34 0 0 0 0 1 9 17 34 0 0 0 0 1 137 82 3713 4914 22 22 42
60 69 111 75 36 59 31 1221 52 4 87 0 25 17 NA 17 NA 3 52 1 8 16 34 0 0 0 0 1 8 16 34 0 0 0 0 2 165 82 3776 4913 24 20 43
61 76 111 75 36 59 30 1208 60 5 87 0 26 17 NA 17 NA 5 60 1 8 17 33 0 0 0 0 1 8 17 33 0 0 0 0 1 139 83 3845 4913 25 21 41
62 68 112 73 39 57 31 1211 61 2 85 0 27 17 NA 17 NA 7 61 1 8 15 33 0 0 0 0 1 8 15 33 0 0 0 0 3 149 86 3914 4915 25 18 42
63 67 111 74 37 53 28 1195 51 6 82 0 26 17 NA 17 NA 3 51 1 8 14 30 0 0 0 0 1 8 14 30 0 0 0 0 1 128 87 3995 4918 26 17 39
64 79 108 73 35 52 31 1182 76 4 79 0 24 17 NA 17 NA 7 76 0 7 17 28 0 0 0 0 0 7 17 28 0 0 0 0 3 150 88 4068 4921 23 20 36
65 74 112 73 39 53 37 1165 80 7 81 0 24.5 17 NA 17 NA 15 80 0 5 20 28 0 0 0 0 0 5 20 28 0 0 0 0 2 150 91 4137 4919 21 24 36
66 75 117 78 39 55 34 1168 63 8 82 0 25 18 NA 18 NA 4 63 0 5 21 29 0 0 0 0 0 5 21 29 0 0 0 0 3 148 92 4198 4918 18 28 36
67 90 112 74 38 54 32 1184 54 6 79 0 25 17.5 NA 17.5 NA 6 54 0 5 21 28 0 0 0 0 0 5 21 28 0 0 0 0 2 143 94 4247 4921 16 29 34
68 69 112 75 37 55 36 1184 57 4 80 0 26 18 NA 18 NA 8 57 0 5 22 28 0 0 0 0 0 5 22 28 0 0 0 0 1 147 95 4322 4920 18 29 33
69 71 110 73 37 54 34 1206 43 7 77 0 26 18 NA 18 NA 5 43 1 4 22 27 0 0 0 0 1 4 22 27 0 0 0 0 2 149 95 4388 4923 17 29 31
70 67 112 75 37 54 28 1203 55 8 78 0 27 18.5 NA 18.5 NA 3 55 1 3 24 26 0 0 0 0 1 3 24 26 0 0 0 0 1 138 96 4458 4922 18 30 30
71 92 113 77 36 53 32 1232 48 0 77 0 26 18 NA 18 NA 5 48 0 4 17 32 0 0 0 0 0 4 17 32 0 0 0 0 2 153 98 4516 4923 18 22 37
72 87 113 77 36 54 33 1212 51 2 78 0 27 18 NA 18 NA 6 51 0 5 16 33 0 0 0 0 0 5 16 33 0 0 0 0 0 143 100 4597 4922 17 22 39
73 90 111 76 35 51 31 1219 45 4 76 0 25 17 NA 17 NA 4 45 0 4 16 31 0 0 0 0 0 4 16 31 0 0 0 0 1 139 100 4663 4924 17 22 37
74 74 108 75 33 48 33 1204 63 6 74 0 25 17.5 NA 17.5 NA 9 63 0 4 16 28 0 0 0 0 0 4 16 28 0 0 0 0 1 137 102 4730 4926 18 22 34
75 82 107 75 32 48 35 1202 60 7 75 0 25 17 NA 17 NA 10 60 0 6 16 26 0 0 0 0 0 6 16 26 0 0 0 0 1 134 104 4784 4925 20 23 32
76 74 106 74 32 48 36 1208 70 7 74 0 24.5 16.5 NA 16.5 NA 8 70 0 7 13 28 0 0 0 0 0 7 13 28 0 0 0 0 1 170 104 4860 4926 20 19 35
77 82 111 77 34 48 28 1188 71 9 78 0 23 16 NA 16 NA 3 71 1 7 10 30 0 0 0 0 1 7 10 30 0 0 0 0 5 142 105 4924 4922 23 17 38
78 81 111 75 36 48 33 1185 71 3 79 0 22 16 NA 16 NA 9 71 1 8 7 32 0 0 0 0 1 8 7 32 0 0 0 0 1 158 109 4997 4921 26 14 39
79 71 111 75 36 50 40 1201 56 5 79 0 23 16.5 NA 16.5 NA 10 56 0 9 6 35 0 0 0 0 0 9 6 35 0 0 0 0 0 163 109 5070 4921 24 13 42
80 77 112 76 36 51 45 1192 72 5 80 0 23.5 16 NA 16 NA 9 72 0 9 8 34 0 0 0 0 0 9 8 34 0 0 0 0 2 141 110 5131 4920 24 16 40
81 79 112 75 37 52 40 1187 55 8 80 0 20 16 NA 16 NA 4 55 1 11 6 34 0 0 0 0 1 11 6 34 0 0 0 0 1 144 110 5203 4920 25 15 40
82 81 110 75 35 54 44 1164 59 6 81 0 20.5 16 NA 16 NA 10 59 1 12 8 33 0 0 0 0 1 12 8 33 0 0 0 0 1 133 112 5277 4919 28 15 38
83 70 112 77 35 55 42 1158 54 6 84 0 21 16 NA 16 NA 7 54 1 13 8 33 0 0 0 0 1 13 8 33 0 0 0 0 0 132 115 5341 4916 31 15 38
84 69 114 79 35 54 43 1142 61 5 82 0 21 16 NA 16 NA 6 61 1 14 7 32 0 0 0 0 1 14 7 32 0 0 0 0 3 137 116 5406 4918 31 13 38
85 77 115 79 36 54 43 1145 66 7 82 0 21 16 NA 16 NA 6 66 2 13 6 33 0 0 0 0 2 13 6 33 0 0 0 0 3 162 118 5474 4918 31 12 39
86 87 113 79 34 54 35 1169 51 9 78 0 21 15 NA 15 NA 1 51 1 16 9 28 0 0 0 0 1 16 9 28 0 0 0 0 2 148 119 5530 4922 31 14 33
87 63 114 80 34 56 36 1186 71 4 80 0 21.5 15 NA 15 NA 8 71 1 15 10 30 0 0 0 0 1 15 10 30 0 0 0 0 1 156 123 5586 4920 30 16 34
88 77 118 84 34 56 35 1167 54 4 82 0 22 15 NA 15 NA 6 54 1 15 9 31 0 0 0 0 1 15 9 31 0 0 0 0 3 132 126 5669 4918 30 17 35
89 74 116 81 35 54 32 1179 53 5 84 0 22.5 15 NA 15 NA 4 53 0 13 11 30 0 0 0 0 0 13 11 30 0 0 0 0 1 147 128 5729 4916 29 20 35
90 75 118 81 37 54 34 1182 58 4 86 0 22.5 15 NA 15 NA 7 58 0 12 12 30 0 0 0 0 0 12 12 30 0 0 0 0 2 161 129 5800 4914 29 23 34
91 84 116 79 37 54 34 1156 53 6 84 0 23 15 NA 15 NA 9 53 0 12 13 29 0 0 0 0 0 12 13 29 0 0 0 0 1 121 134 5880 4916 28 22 34
92 57 115 77 38 54 36 1145 63 6 84 0 22 15 NA 15 NA 11 63 0 11 13 30 0 0 0 0 0 11 13 30 0 0 0 0 1 121 136 5939 4916 28 21 35
93 76 115 78 37 54 30 1131 62 9 83 0 23 15 NA 15 NA 4 62 0 11 14 29 0 0 0 0 0 11 14 29 0 0 0 0 3 129 137 6004 4917 28 21 34
94 83 115 75 40 53 37 1132 46 1 81 0 23 15 NA 15 NA 9 46 0 9 16 28 0 0 0 0 0 9 16 28 0 0 0 0 1 138 139 6070 4919 26 23 32
95 73 115 75 40 52 39 1135 66 6 79 0 22 15 NA 15 NA 11 66 0 7 19 26 0 0 0 0 0 7 19 26 0 0 0 0 1 147 143 6128 4921 23 26 30
96 79 114 74 40 50 38 1135 50 7 81 0 22.5 15 NA 15 NA 5 50 0 6 20 24 0 0 0 0 0 6 20 24 0 0 0 0 0 135 144 6192 4919 26 27 28
97 83 113 73 40 48 33 1140 67 8 80 0 22 15 NA 15 NA 5 67 1 6 19 22 0 0 0 0 1 6 19 22 0 0 0 0 1 163 145 6267 4920 27 26 27
98 70 113 76 37 47 39 1169 62 2 81 0 21 15 NA 15 NA 9 62 0 6 18 23 0 0 0 0 0 6 18 23 0 0 0 0 2 173 146 6330 4919 29 26 26
99 77 113 77 36 47 43 1187 49 5 82 0 22 15 NA 15 NA 5 49 0 7 16 24 0 0 0 0 0 7 16 24 0 0 0 0 1 142 146 6395 4918 29 25 28
100 79 115 79 36 48 43 1196 67 7 85 0 22 15 NA 15 NA 8 67 0 8 17 23 0 0 0 0 0 8 17 23 0 0 0 0 1 154 147 6454 4915 32 24 29
101 71 114 78 36 48 39 1182 62 7 83 0 22.5 15 NA 15 NA 5 62 0 8 16 24 0 0 0 0 0 8 16 24 0 0 0 0 2 137 149 6528 4917 29 25 29
102 87 114 78 36 46 40 1170 56 7 82 0 22 15 NA 15 NA 7 56 0 6 16 24 0 0 0 0 0 6 16 24 0 0 0 0 4 145 149 6599 4918 28 24 30
103 80 115 82 33 47 40 1158 53 6 82 0 22 15 NA 15 NA 5 53 1 6 15 25 0 0 0 0 1 6 15 25 0 0 0 0 3 126 149 6660 4918 28 24 30
104 74 119 85 34 48 39 1172 61 7 83 0 20 14.5 NA 14.5 NA 7 61 2 4 15 27 0 0 0 0 2 4 15 27 0 0 0 0 3 148 151 6710 4917 27 24 32
105 82 117 84 33 46 37 1166 51 4 83 0 21 14 NA 14 NA 7 51 2 5 13 26 0 0 0 0 2 5 13 26 0 0 0 0 1 127 155 6773 4917 29 23 31
106 84 117 84 33 47 34 1177 53 9 84 0 21 14 NA 14 NA 6 53 2 6 11 28 0 0 0 0 2 6 11 28 0 0 0 0 2 151 156 6831 4916 31 20 33
107 74 121 87 34 46 31 1168 49 3 85 0 21 14 NA 14 NA 2 49 2 6 9 29 0 0 0 0 2 6 9 29 0 0 0 0 3 133 157 6909 4915 33 19 33
108 76 121 88 33 45 31 1182 58 6 83 0 21 14 NA 14 NA 4 58 1 6 10 28 0 0 0 0 1 6 10 28 0 0 0 0 3 160 160 6980 4917 30 22 31
109 75 122 89 33 47 38 1171 62 5 85 0 21.5 15 NA 15 NA 11 62 1 8 11 27 0 0 0 0 1 8 11 27 0 0 0 0 0 152 160 7058 4915 30 23 32
110 78 125 90 35 51 39 1147 70 8 87 0 22 15 NA 15 NA 7 70 2 9 11 29 0 0 0 0 2 9 11 29 0 0 0 0 2 150 163 7144 4913 29 24 34
111 75 124 89 35 51 35 1159 50 5 85 0 21.5 15 NA 15 NA 3 50 1 9 12 29 0 0 0 0 1 9 12 29 0 0 0 0 1 149 165 7208 4915 27 22 36
112 94 124 89 35 53 46 1135 71 6 87 0 22 15 NA 15 NA 17 71 2 10 13 28 0 0 0 0 2 10 13 28 0 0 0 0 1 142 167 7276 4913 27 24 36
113 82 125 91 34 57 38 1145 59 12 88 0 22 15 NA 15 NA 3 59 3 13 11 30 0 0 0 0 3 13 11 30 0 0 0 0 2 157 168 7338 4912 28 22 38
114 76 123 90 33 55 38 1153 52 5 87 0 22 15 NA 15 NA 7 52 3 11 12 29 0 0 0 0 3 11 12 29 0 0 0 0 0 146 170 7404 4913 28 23 36
115 87 124 91 33 54 30 1171 54 6 86 0 21.5 16 NA 16 NA 4 54 2 12 12 28 0 0 0 0 2 12 12 28 0 0 0 0 3 149 174 7464 4914 29 23 34
116 78 121 88 33 55 40 1210 57 4 89 0 22 16 NA 16 NA 13 57 1 13 14 27 0 0 0 0 1 13 14 27 0 0 0 0 1 176 175 7523 4911 32 24 33
117 68 119 88 31 51 42 1205 67 8 83 0 22 16 NA 16 NA 11 67 1 11 14 25 0 0 0 0 1 11 14 25 0 0 0 0 2 132 178 7581 4917 29 24 30
118 78 117 87 30 52 36 1178 69 8 82 0 23 16.5 NA 16.5 NA 6 69 2 7 19 24 0 0 0 0 2 7 19 24 0 0 0 0 0 135 180 7656 4918 26 26 30
119 80 116 87 29 48 32 1156 67 8 83 0 21.5 16 NA 16 NA 6 67 1 7 17 23 0 0 0 0 1 7 17 23 0 0 0 0 2 118 182 7710 4917 28 26 29
120 83 118 88 30 47 33 1163 57 8 85 0 21 16 NA 16 NA 5 57 1 8 14 24 0 0 0 0 1 8 14 24 0 0 0 0 3 155 182 7781 4915 32 23 30
121 82 119 90 29 50 28 1144 63 8 86 0 21 16 NA 16 NA 4 63 1 11 14 24 0 0 0 0 1 11 14 24 0 0 0 0 2 133 184 7846 4914 31 24 31
122 83 121 92 29 52 24 1170 54 5 89 0 21 16 NA 16 NA 4 54 1 11 12 28 0 0 0 0 1 11 12 28 0 0 0 0 2 164 188 7909 4911 31 23 35
123 59 121 91 30 53 31 1194 44 3 90 0 22 16 NA 16 NA 10 44 1 11 13 28 0 0 0 0 1 11 13 28 0 0 0 0 0 156 188 7981 4910 33 21 36
124 67 121 91 30 51 34 1196 55 6 87 0 21 16 NA 16 NA 7 55 1 11 11 28 0 0 0 0 1 11 11 28 0 0 0 0 2 140 188 8050 4913 31 20 36
125 74 122 91 31 51 29 1168 63 6 86 0 21 17 NA 17 NA 2 63 1 10 13 27 0 0 0 0 1 10 13 27 0 0 0 0 2 123 190 8123 4914 31 21 34
126 63 124 95 29 51 35 1194 58 2 87 0 22 17 NA 17 NA 7 58 0 12 13 26 0 0 0 0 0 12 13 26 0 0 0 0 3 159 191 8186 4913 31 23 33
127 91 126 97 29 52 34 1199 47 6 91 0 22.5 17 NA 17 NA 6 47 0 10 15 27 0 0 0 0 0 10 15 27 0 0 0 0 2 150 192 8256 4909 33 24 34
128 83 126 97 29 51 27 1195 49 7 90 0 22 17 NA 17 NA 3 49 0 8 16 27 0 0 0 0 0 8 16 27 0 0 0 0 1 149 195 8338 4910 29 27 34
129 71 122 92 30 48 36 1197 64 5 91 0 23 17 NA 17 NA 15 64 0 7 16 25 0 0 0 0 0 7 16 25 0 0 0 0 2 151 196 8404 4909 31 27 33
130 86 117 89 28 46 42 1210 56 6 87 0 23 17 NA 17 NA 12 56 0 8 12 26 0 0 0 0 0 8 12 26 0 0 0 0 0 150 196 8469 4913 30 24 33
131 87 118 90 28 46 40 1212 59 11 88 0 24 17 NA 17 NA 8 59 0 6 12 28 0 0 0 0 0 6 12 28 0 0 0 0 2 151 196 8529 4912 28 25 35
132 80 119 92 27 45 38 1225 43 6 89 0 24 17 NA 17 NA 5 43 0 5 14 26 0 0 0 0 0 5 14 26 0 0 0 0 1 137 199 8594 4911 28 28 33
133 85 118 92 26 47 41 1219 71 7 88 0 23.5 17 NA 17 NA 9 71 1 7 13 26 0 0 0 0 1 7 13 26 0 0 0 0 0 151 199 8659 4912 29 25 34
134 77 115 90 25 47 40 1210 51 9 87 0 24 17 NA 17 NA 7 51 1 7 13 26 0 0 0 0 1 7 13 26 0 0 0 0 1 142 200 8741 4913 27 26 34
135 68 115 92 23 45 36 1186 54 9 82 0 22 18 NA 18 NA 7 54 1 6 14 24 0 0 0 0 1 6 14 24 0 0 0 0 5 117 201 8819 4918 26 24 32
136 84 117 93 24 44 36 1199 63 5 84 0 22 17.5 NA 17.5 NA 9 63 1 6 13 24 0 0 0 0 1 6 13 24 0 0 0 0 1 174 204 8893 4916 29 22 33
137 62 115 92 23 46 30 1199 62 6 86 0 23 17.5 NA 17.5 NA 3 62 0 8 14 24 0 0 0 0 0 8 14 24 0 0 0 0 2 141 207 8957 4914 31 22 33
138 80 115 91 24 46 31 1183 55 7 88 0 23 17.5 NA 17.5 NA 9 55 0 7 14 25 0 0 0 0 0 7 14 25 0 0 0 0 1 142 209 9038 4912 32 23 33
139 75 114 90 24 47 29 1205 46 6 89 0 24 18 NA 18 NA 4 46 0 5 14 28 0 0 0 0 0 5 14 28 0 0 0 0 0 154 209 9107 4911 29 25 35
140 74 113 90 23 48 31 1206 57 5 86 0 24 18.5 NA 18.5 NA 7 57 0 7 12 29 0 0 0 0 0 7 12 29 0 0 0 0 3 144 211 9180 4914 28 24 34
141 79 113 91 22 49 35 1226 53 3 88 0 25 19 NA 19 NA 6 53 0 5 15 29 0 0 0 0 0 5 15 29 0 0 0 0 0 162 211 9247 4912 26 28 34
142 90 111 89 22 46 34 1195 71 5 85 0 25 19 NA 19 NA 9 71 0 5 15 26 0 0 0 0 0 5 15 26 0 0 0 0 3 132 216 9317 4915 26 27 32
143 77 110 86 24 44 28 1202 62 12 84 0 26 19 NA 19 NA 8 62 0 5 13 26 0 0 0 0 0 5 13 26 0 0 0 0 2 153 219 9382 4916 26 24 34
144 65 107 83 24 43 28 1199 61 7 83 0 26 18 NA 18 NA 9 61 0 5 11 27 0 0 0 0 0 5 11 27 0 0 0 0 1 147 220 9453 4917 26 22 35
145 75 108 84 24 44 31 1169 64 7 84 0 25 19 NA 19 NA 10 64 0 6 13 25 0 0 0 0 0 6 13 25 0 0 0 0 1 123 222 9526 4916 27 24 33
146 78 104 81 23 45 30 1165 54 11 79 0 26 20 NA 20 NA 7 54 0 7 13 25 0 0 0 0 0 7 13 25 0 0 0 0 3 151 222 9603 4921 22 23 34
147 61 101 79 22 45 27 1128 59 10 80 0 26 20 NA 20 NA 4 59 0 9 13 23 0 0 0 0 0 9 13 23 0 0 0 0 1 105 222 9665 4920 25 23 32
148 76 101 76 25 45 34 1119 63 3 78 0 26 21 NA 21 NA 11 63 0 8 15 22 0 0 0 0 0 8 15 22 0 0 0 0 1 147 222 9743 4922 24 24 30
149 70 100 76 24 46 29 1126 48 12 77 0 26.5 21.5 NA 21.5 NA 6 48 1 6 17 22 0 0 0 0 1 6 17 22 0 0 0 0 1 135 223 9810 4923 22 24 31
150 64 97 74 23 47 34 1107 62 5 76 0 28 21 NA 21 NA 10 62 1 5 16 25 0 0 0 0 1 5 16 25 0 0 0 0 1 127 224 9878 4924 18 24 34
151 75 95 71 24 47 30 1122 50 7 73 0 27 22 NA 22 NA 4 50 2 4 15 26 0 0 0 0 2 4 15 26 0 0 0 0 1 160 226 9950 4927 16 23 34
152 92 93 69 24 46 31 1108 56 6 72 0 28 21.5 NA 21.5 NA 8 56 2 5 12 27 0 0 0 0 2 5 12 27 0 0 0 0 0 137 227 10025 4928 16 21 35
153 69 92 67 25 47 33 1118 52 6 71 0 28 22 NA 22 NA 9 52 2 5 13 27 0 0 0 0 2 5 13 27 0 0 0 0 1 142 229 10087 4929 15 21 35
154 84 93 68 25 47 34 1142 53 2 73 0 29 22 NA 22 NA 4 53 2 4 14 27 0 0 0 0 2 4 14 27 0 0 0 0 1 148 229 10141 4927 16 21 36
155 79 90 65 25 46 35 1124 60 6 71 0 29 21.5 NA 21.5 NA 6 60 2 6 13 25 0 0 0 0 2 6 13 25 0 0 0 0 2 131 230 10213 4929 18 20 33
156 92 90 63 27 47 32 1130 58 5 68 0 29 20 NA 20 NA 7 58 2 7 13 25 0 0 0 0 2 7 13 25 0 0 0 0 1 147 232 10280 4932 16 21 31
157 90 92 64 28 47 34 1126 63 5 68 0 28 21 NA 21 NA 11 63 1 7 14 25 0 0 0 0 1 7 14 25 0 0 0 0 2 140 236 10335 4932 16 21 31
158 83 89 63 26 48 34 1133 59 9 68 0 29 22 NA 22 NA 10 59 1 7 14 26 0 0 0 0 1 7 14 26 0 0 0 0 1 146 238 10398 4932 18 19 31
159 68 86 62 24 48 31 1162 59 9 66 0 29.5 22 NA 22 NA 8 59 0 5 18 25 0 0 0 0 0 5 18 25 0 0 0 0 1 151 240 10445 4934 15 21 30
160 68 83 60 23 45 37 1146 55 4 63 0 28 22 NA 22 NA 9 55 0 3 17 25 0 0 0 0 0 3 17 25 0 0 0 0 0 130 240 10523 4937 15 20 28
161 66 81 59 22 42 29 1169 55 8 60 0 26 20.5 NA 20.5 NA 2 55 0 3 15 24 0 0 0 0 0 3 15 24 0 0 0 0 2 150 242 10578 4940 14 20 26
162 76 82 59 23 42 35 1182 55 1 61 0 27 20.5 NA 20.5 NA 7 55 0 3 11 28 0 0 0 0 0 3 11 28 0 0 0 0 1 138 242 10631 4939 15 16 30
163 95 88 63 25 42 34 1179 56 5 63 0 26.5 20.5 NA 20.5 NA 7 56 0 3 9 30 0 0 0 0 0 3 9 30 0 0 0 0 3 162 244 10715 4937 17 14 32
164 90 85 62 23 41 27 1190 57 13 60 0 27 20 NA 20 NA 5 57 0 3 9 29 0 0 0 0 0 3 9 29 0 0 0 0 1 152 244 10776 4940 14 15 31
165 69 84 60 24 41 30 1188 56 6 58 0 28 20 NA 20 NA 10 56 0 4 8 29 0 0 0 0 0 4 8 29 0 0 0 0 1 138 245 10843 4942 12 14 32
166 68 84 60 24 41 28 1176 55 4 57 0 26 20 NA 20 NA 6 55 1 4 7 29 0 0 0 0 1 4 7 29 0 0 0 0 1 130 248 10915 4943 12 14 31
167 81 82 57 25 38 30 1186 46 8 55 0 24.5 19.5 NA 19.5 NA 9 46 0 5 8 25 0 0 0 0 0 5 8 25 0 0 0 0 1 145 248 10982 4945 13 15 27
168 75 82 56 26 38 32 1194 53 2 56 0 22 20 NA 20 NA 5 53 0 6 6 26 0 0 0 0 0 6 6 26 0 0 0 0 2 148 248 11046 4944 16 12 28
169 66 84 58 26 39 32 1181 61 9 57 0 21.5 20 NA 20 NA 9 61 0 6 6 27 0 0 0 0 0 6 6 27 0 0 0 0 1 127 249 11114 4943 18 9 30
170 84 84 59 25 38 34 1189 61 4 56 0 21.5 20 NA 20 NA 9 61 0 5 8 25 0 0 0 0 0 5 8 25 0 0 0 0 2 142 252 11175 4944 17 11 28
171 64 88 62 26 40 27 1183 52 9 56 0 20 20 NA 20 NA 4 52 1 5 8 26 0 0 0 0 1 5 8 26 0 0 0 0 4 142 252 11257 4944 17 10 29
172 83 90 63 27 41 30 1186 63 3 58 0 20 20 NA 20 NA 6 63 2 4 8 27 0 0 0 0 2 4 8 27 0 0 0 0 1 145 253 11318 4942 17 11 30
173 76 90 62 28 43 23 1189 55 8 60 0 19.5 20 NA 20 NA 3 55 1 7 8 27 0 0 0 0 1 7 8 27 0 0 0 0 1 149 255 11388 4940 19 10 31
174 77 89 63 26 40 27 1171 61 2 58 0 19 20 NA 20 NA 7 61 1 6 8 25 0 0 0 0 1 6 8 25 0 0 0 0 2 134 255 11458 4942 19 10 29
175 75 88 62 26 39 22 1186 59 7 60 0 19 20 NA 20 NA 3 59 1 6 9 23 0 0 0 0 1 6 9 23 0 0 0 0 1 165 256 11536 4940 21 12 27
176 78 91 65 26 38 20 1189 58 4 60 0 19 19 NA 19 NA 3 58 1 6 7 24 0 0 0 0 1 6 7 24 0 0 0 0 3 148 256 11604 4940 22 10 28
177 75 90 64 26 37 24 1174 61 3 60 0 19 20 NA 20 NA 8 61 1 6 7 23 0 0 0 0 1 6 7 23 0 0 0 0 2 136 257 11679 4940 22 11 27
178 79 88 62 26 37 30 1165 60 6 59 0 18.5 20 NA 20 NA 10 60 1 7 6 23 0 0 0 0 1 7 6 23 0 0 0 0 0 137 258 11747 4941 22 11 26
179 67 86 61 25 39 32 1153 60 10 60 0 19 18 NA 18 NA 13 60 1 8 8 22 0 0 0 0 1 8 8 22 0 0 0 0 0 126 259 11810 4940 22 13 25
180 75 85 61 24 40 33 1161 60 7 62 0 20 17 NA 17 NA 10 60 0 9 9 22 0 0 0 0 0 9 9 22 0 0 0 0 0 161 263 11883 4938 24 14 24
181 71 85 61 24 41 35 1155 63 9 63 0 20 18 NA 18 NA 12 63 0 9 11 21 0 0 0 0 0 9 11 21 0 0 0 0 1 132 263 11940 4937 25 16 22
182 77 83 60 23 43 33 1173 56 9 62 0 21 16 NA 16 NA 6 56 0 12 9 22 0 0 0 0 0 12 9 22 0 0 0 0 0 153 264 12001 4938 26 13 23
183 76 84 59 25 42 31 1169 62 4 64 0 20.5 16 NA 16 NA 4 62 0 11 9 22 0 0 0 0 0 11 9 22 0 0 0 0 2 145 266 12072 4936 28 13 23
184 68 83 59 24 41 31 1180 49 5 65 0 21 16 NA 16 NA 5 49 0 10 8 23 0 0 0 0 0 10 8 23 0 0 0 0 1 141 267 12139 4935 27 13 25
185 80 82 58 24 38 37 1176 62 2 63 0 22 16 NA 16 NA 9 62 0 8 9 21 0 0 0 0 0 8 9 21 0 0 0 0 2 150 268 12208 4937 25 15 23
186 67 81 59 22 37 33 1169 55 7 60 0 21 16 NA 16 NA 4 55 0 9 10 18 0 0 0 0 0 9 10 18 0 0 0 0 2 125 269 12264 4940 26 14 20
187 82 81 59 22 37 34 1172 58 5 61 0 22 16 NA 16 NA 5 58 0 7 11 19 0 0 0 0 0 7 11 19 0 0 0 0 2 152 269 12337 4939 23 17 21
188 72 83 61 22 38 38 1174 57 5 64 0 21 16 NA 16 NA 9 57 0 8 12 18 0 0 0 0 0 8 12 18 0 0 0 0 1 141 269 12399 4936 26 18 20
189 64 83 61 22 42 37 1198 48 12 64 0 22 16 NA 16 NA 7 48 0 11 13 18 0 0 0 0 0 11 13 18 0 0 0 0 1 160 269 12469 4936 25 19 20
190 72 84 60 24 44 35 1195 53 7 65 0 23 16 NA 16 NA 7 53 0 11 14 19 0 0 0 0 0 11 14 19 0 0 0 0 0 138 271 12531 4935 25 19 21
191 80 85 62 23 45 35 1201 57 8 64 0 23 17 NA 17 NA 7 57 0 10 15 20 0 0 0 0 0 10 15 20 0 0 0 0 2 146 271 12592 4936 22 20 22
192 75 85 61 24 45 31 1182 57 8 62 0 24 17 NA 17 NA 9 57 0 7 18 20 0 0 0 0 0 7 18 20 0 0 0 0 0 140 277 12671 4938 19 21 22
193 68 86 63 23 48 27 1192 54 12 64 0 24 17.5 NA 17.5 NA 8 54 1 8 18 21 0 0 0 0 1 8 18 21 0 0 0 0 1 147 278 12738 4936 19 22 23
194 90 89 65 24 49 25 1196 73 9 64 0 25 17 NA 17 NA 8 73 2 8 18 21 0 0 0 0 2 8 18 21 0 0 0 0 3 170 279 12809 4936 18 23 23
195 85 91 68 23 48 25 1209 58 7 63 0 24 17.5 NA 17.5 NA 5 58 2 8 18 20 0 0 0 0 2 8 18 20 0 0 0 0 4 154 279 12873 4937 17 24 22
196 81 95 71 24 48 29 1203 55 5 63 0 24 17.5 NA 17.5 NA 10 55 2 6 19 21 0 0 0 0 2 6 19 21 0 0 0 0 2 147 281 12947 4937 15 25 23
197 64 97 73 24 50 31 1217 74 7 64 0 22 18 NA 18 NA 9 74 2 8 17 23 0 0 0 0 2 8 17 23 0 0 0 0 1 161 282 13009 4936 16 23 25
198 88 100 75 25 50 32 1239 52 2 65 0 22 18 NA 18 NA 6 52 2 8 18 22 0 0 0 0 2 8 18 22 0 0 0 0 2 154 283 13066 4935 18 23 24
199 92 102 77 25 52 31 1204 56 4 67 0 23 17.5 NA 17.5 NA 5 56 2 8 16 26 0 0 0 0 2 8 16 26 0 0 0 0 2 115 284 13134 4933 18 20 29
200 84 98 74 24 49 32 1183 52 5 65 0 23.5 16 NA 16 NA 6 52 3 5 16 25 0 0 0 0 3 5 16 25 0 0 0 0 0 130 284 13206 4935 16 21 28
201 75 97 74 23 48 31 1202 55 8 65 0 24 16.5 NA 16.5 NA 6 55 1 5 17 25 0 0 0 0 1 5 17 25 0 0 0 0 4 162 285 13276 4935 16 21 28
202 76 97 74 23 48 38 1202 48 6 66 0 24 17.5 NA 17.5 NA 11 48 1 6 17 24 0 0 0 0 1 6 17 24 0 0 0 0 0 125 285 13330 4934 17 22 27
203 79 98 76 22 49 37 1206 55 8 65 0 23.5 17 NA 17 NA 8 55 1 7 15 26 0 0 0 0 1 7 15 26 0 0 0 0 1 154 286 13402 4935 16 20 29
204 81 98 76 22 51 36 1163 80 8 64 0 23 17 NA 17 NA 8 80 2 8 13 28 0 0 0 0 2 8 13 28 0 0 0 0 2 130 288 13473 4936 17 17 30
205 85 99 75 24 49 37 1136 67 8 64 0 22 18 NA 18 NA 11 67 2 7 12 28 0 0 0 0 2 7 12 28 0 0 0 0 3 132 289 13545 4936 16 17 31
206 73 98 74 24 49 40 1131 64 5 66 0 22 18 NA 18 NA 8 64 3 7 11 28 0 0 0 0 3 7 11 28 0 0 0 0 1 155 289 13621 4934 19 16 31
207 76 99 76 23 49 38 1120 54 5 68 0 22 18 NA 18 NA 6 54 3 5 11 30 0 0 0 0 3 5 11 30 0 0 0 0 1 138 292 13705 4932 20 16 32
208 80 99 76 23 53 38 1161 47 11 73 0 23 17 NA 17 NA 10 47 3 8 10 32 0 0 0 0 3 8 10 32 0 0 0 0 0 165 292 13762 4927 25 14 34
209 81 99 78 21 54 36 1131 63 7 74 0 23 15 NA 15 NA 8 63 3 11 10 30 0 0 0 0 3 11 10 30 0 0 0 0 1 136 296 13845 4926 25 15 34
210 75 98 77 21 52 37 1131 51 3 73 0 22.5 15 NA 15 NA 7 51 2 10 11 29 0 0 0 0 2 10 11 29 0 0 0 0 2 141 298 13914 4927 25 16 32
211 85 99 78 21 56 32 1147 48 11 75 0 23 15 NA 15 NA 6 48 3 13 9 31 0 0 0 0 3 13 9 31 0 0 0 0 1 146 298 13975 4925 27 15 33
212 70 101 80 21 56 36 1168 54 4 75 0 23 15 NA 15 NA 8 54 3 12 8 33 0 0 0 0 3 12 8 33 0 0 0 0 0 149 298 14033 4925 25 14 36
213 81 97 78 19 53 32 1170 43 7 72 0 20 15 NA 15 NA 2 43 2 14 8 29 0 0 0 0 2 14 8 29 0 0 0 0 1 134 299 14107 4928 26 14 32
214 81 98 80 18 50 28 1166 57 5 69 0 19.5 15 NA 15 NA 2 57 1 15 8 26 0 0 0 0 1 15 8 26 0 0 0 0 2 121 300 14161 4931 26 14 29
215 93 97 80 17 50 27 1161 57 3 68 0 20 15 NA 15 NA 5 57 1 15 9 25 0 0 0 0 1 15 9 25 0 0 0 0 2 147 303 14234 4932 27 14 27
216 85 96 79 17 49 30 1158 58 2 68 0 20 15 NA 15 NA 8 58 1 15 9 24 0 0 0 0 1 15 9 24 0 0 0 0 0 125 305 14285 4932 28 15 25
217 62 97 78 19 48 31 1147 70 4 71 0 21 15 NA 15 NA 8 70 0 15 9 24 0 0 0 0 0 15 9 24 0 0 0 0 0 138 308 14346 4929 30 15 26
218 90 95 77 18 44 28 1124 56 6 68 0 21 15 NA 15 NA 3 56 0 14 10 20 0 0 0 0 0 14 10 20 0 0 0 0 0 134 308 14421 4932 29 17 22
219 74 96 78 18 46 27 1128 40 7 68 0 22 15 NA 15 NA 4 40 0 15 9 22 0 0 0 0 0 15 9 22 0 0 0 0 1 140 310 14497 4932 27 17 24
220 81 97 79 18 47 28 1095 64 7 65 0 22 15 NA 15 NA 9 64 0 12 13 22 0 0 0 0 0 12 13 22 0 0 0 0 2 132 310 14577 4935 22 20 23
221 83 96 78 18 48 27 1118 48 2 67 0 23 15 NA 15 NA 2 48 0 11 14 23 0 0 0 0 0 11 14 23 0 0 0 0 0 140 312 14633 4933 20 21 26
222 65 97 77 20 48 29 1118 57 6 68 0 23 15 NA 15 NA 10 57 0 10 14 24 0 0 0 0 0 10 14 24 0 0 0 0 1 140 314 14697 4932 20 21 27
223 76 94 74 20 49 34 1108 57 6 69 0 24.5 15 NA 15 NA 11 57 0 8 17 24 0 0 0 0 0 8 17 24 0 0 0 0 0 145 314 14768 4931 19 23 27
224 82 95 75 20 49 31 1103 57 9 69 0 25 15 NA 15 NA 7 57 0 8 17 24 0 0 0 0 0 8 17 24 0 0 0 0 2 137 314 14831 4931 20 21 28
225 79 92 73 19 50 26 1112 50 7 68 0 26 15 NA 15 NA 6 50 0 6 20 24 0 0 0 0 0 6 20 24 0 0 0 0 0 139 318 14892 4932 18 23 27
226 71 94 75 19 50 29 1115 66 4 72 0 26 15 NA 15 NA 6 66 0 6 19 25 0 0 0 0 0 6 19 25 0 0 0 0 1 142 318 14944 4928 22 22 28
227 83 93 75 18 48 30 1104 59 2 73 0 26 15 NA 15 NA 5 59 0 6 19 23 0 0 0 0 0 6 19 23 0 0 0 0 0 135 319 15008 4927 24 23 26
228 61 95 77 18 49 28 1118 64 9 73 0 27 15 NA 15 NA 7 64 0 5 20 24 0 0 0 0 0 5 20 24 0 0 0 0 1 146 320 15061 4927 22 24 27
229 76 101 82 19 48 34 1147 64 3 74 0 24 15 NA 15 NA 9 64 0 5 18 25 0 0 0 0 0 5 18 25 0 0 0 0 3 164 320 15118 4926 22 24 28
230 85 102 84 18 49 36 1160 53 8 74 0 24.5 15 NA 15 NA 10 53 0 5 18 26 0 0 0 0 0 5 18 26 0 0 0 0 1 159 322 15192 4926 22 23 29
231 93 106 89 17 50 35 1163 53 6 74 0 22 15.5 NA 15.5 NA 5 53 0 6 17 27 0 0 0 0 0 6 17 27 0 0 0 0 4 139 322 15250 4926 22 22 30
232 74 104 88 16 49 35 1160 56 6 76 0 22.5 15 NA 15 NA 7 56 1 6 14 28 0 0 0 0 1 6 14 28 0 0 0 0 0 134 324 15309 4924 26 19 31
233 80 102 86 16 52 41 1172 68 5 75 0 24 15 NA 15 NA 11 68 1 8 13 30 0 0 0 0 1 8 13 30 0 0 0 0 0 159 326 15375 4925 23 17 35
234 63 103 86 17 55 36 1196 59 11 76 0 25 15 NA 15 NA 7 59 2 6 14 33 0 0 0 0 2 6 14 33 0 0 0 0 2 149 326 15427 4924 21 18 37
235 80 104 86 18 55 41 1206 56 2 75 0 25 16 NA 16 NA 10 56 2 6 12 35 0 0 0 0 2 6 12 35 0 0 0 0 1 154 328 15495 4925 20 16 39
236 71 102 85 17 53 40 1212 48 5 73 0 26 16 NA 16 NA 5 48 2 5 13 33 0 0 0 0 2 5 13 33 0 0 0 0 0 147 329 15571 4927 19 17 37
237 71 104 84 20 53 46 1230 65 3 73 0 25.5 16 NA 16 NA 9 65 2 6 10 35 0 0 0 0 2 6 10 35 0 0 0 0 2 161 330 15629 4927 19 15 39
238 82 108 88 20 53 44 1186 55 5 74 0 24 18 NA 18 NA 7 55 2 5 12 34 0 0 0 0 2 5 12 34 0 0 0 0 2 119 333 15708 4926 17 19 38
239 80 105 85 20 53 47 1195 58 5 72 0 25 18 NA 18 NA 9 58 2 6 12 33 0 0 0 0 2 6 12 33 0 0 0 0 0 149 335 15774 4928 16 20 36
240 63 105 84 21 53 52 1217 58 3 72 0 25 18 NA 18 NA 8 58 2 7 10 34 0 0 0 0 2 7 10 34 0 0 0 0 1 160 336 15841 4928 17 18 37
241 65 104 83 21 52 53 1189 59 6 75 0 26 18 NA 18 NA 7 59 1 6 11 34 0 0 0 0 1 6 11 34 0 0 0 0 1 127 337 15925 4925 20 18 37
242 73 101 81 20 50 51 1181 66 4 75 0 27 18 NA 18 NA 4 66 1 4 12 33 0 0 0 0 1 4 12 33 0 0 0 0 1 147 340 15997 4925 20 19 36
243 66 101 80 21 53 44 1198 56 6 80 0 27 18 NA 18 NA 4 56 0 7 12 34 0 0 0 0 0 7 12 34 0 0 0 0 1 143 345 16056 4920 25 18 37
244 70 99 77 22 51 43 1200 64 6 76 0 28 18 NA 18 NA 7 64 0 4 14 33 0 0 0 0 0 4 14 33 0 0 0 0 0 147 347 16121 4924 19 21 36
245 74 98 76 22 48 43 1186 60 3 73 0 27 18 NA 18 NA 3 60 0 4 12 32 0 0 0 0 0 4 12 32 0 0 0 0 2 146 348 16197 4927 19 18 36
246 59 100 78 22 48 41 1183 52 3 75 0 27.5 18 NA 18 NA 5 52 0 4 11 33 0 0 0 0 0 4 11 33 0 0 0 0 1 139 351 16272 4925 19 18 38
247 85 105 82 23 48 47 1154 55 3 76 0 27 18 NA 18 NA 8 55 0 5 10 33 0 0 0 0 0 5 10 33 0 0 0 0 4 131 351 16354 4924 21 17 38
248 76 102 79 23 44 40 1161 59 5 72 0 22.5 17 NA 17 NA 3 59 1 5 9 29 0 0 0 0 1 5 9 29 0 0 0 0 1 148 356 16415 4928 22 16 34
249 84 101 76 25 42 36 1166 52 3 74 0 22 17 NA 17 NA 3 52 1 6 8 27 0 0 0 0 1 6 8 27 0 0 0 0 2 158 360 16495 4926 26 16 32
250 72 101 77 24 43 36 1160 52 8 77 0 22 16 NA 16 NA 9 52 1 7 8 27 0 0 0 0 1 7 8 27 0 0 0 0 0 118 362 16556 4923 29 15 33
251 72 101 77 24 45 35 1162 53 8 77 0 23 18 NA 18 NA 9 53 1 8 8 28 0 0 0 0 1 8 8 28 0 0 0 0 0 148 365 16630 4923 28 14 35
252 79 98 75 23 44 28 1167 55 9 77 0 23 17 NA 17 NA 3 55 1 9 8 26 0 0 0 0 1 9 8 26 0 0 0 0 0 148 367 16701 4923 29 15 33
253 72 99 77 22 45 24 1166 58 4 77 0 24 18 NA 18 NA 6 58 0 9 8 28 0 0 0 0 0 9 8 28 0 0 0 0 0 149 371 16770 4923 26 17 34
254 80 97 75 22 44 20 1180 46 4 77 0 25 18 NA 18 NA 2 46 0 7 8 29 0 0 0 0 0 7 8 29 0 0 0 0 0 146 372 16838 4923 24 18 35
255 79 98 76 22 44 22 1155 60 5 77 0 25.5 18 NA 18 NA 8 60 0 5 10 29 0 0 0 0 0 5 10 29 0 0 0 0 1 139 374 16917 4923 20 22 35
256 66 96 74 22 44 25 1152 65 6 76 0 26.5 18 NA 18 NA 9 65 0 5 8 31 0 0 0 0 0 5 8 31 0 0 0 0 0 142 374 16980 4924 20 19 37
257 89 97 73 24 46 24 1140 59 5 78 0 27 18 NA 18 NA 6 59 0 7 8 31 0 0 0 0 0 7 8 31 0 0 0 0 1 144 378 17054 4922 23 18 37
258 69 95 71 24 47 24 1141 54 7 79 0 28 19 NA 19 NA 7 54 0 8 9 30 0 0 0 0 0 8 9 30 0 0 0 0 0 138 378 17124 4921 23 18 38
259 82 96 72 24 47 25 1140 51 4 84 0 29 19 NA 19 NA 7 51 0 8 9 30 0 0 0 0 0 8 9 30 0 0 0 0 1 136 380 17192 4916 26 20 38
260 80 93 69 24 47 23 1164 55 5 82 0 29 18 NA 18 NA 4 55 0 8 11 28 0 0 0 0 0 8 11 28 0 0 0 0 0 152 383 17251 4918 27 20 35
261 68 92 69 23 47 21 1159 57 6 81 0 30 19 NA 19 NA 4 57 0 4 15 28 0 0 0 0 0 4 15 28 0 0 0 0 1 146 384 17327 4919 24 23 34
262 68 92 69 23 46 26 1158 52 3 81 0 31 20 NA 20 NA 8 52 0 2 16 28 0 0 0 0 0 2 16 28 0 0 0 0 2 120 384 17376 4919 21 25 35
263 74 93 69 24 46 30 1171 50 3 80 0 29 20 NA 20 NA 5 50 0 3 16 27 0 0 0 0 0 3 16 27 0 0 0 0 1 158 384 17446 4920 21 24 35
264 92 94 69 25 46 29 1154 61 7 80 0 29.5 20 NA 20 NA 5 61 0 2 16 28 0 0 0 0 0 2 16 28 0 0 0 0 1 140 384 17509 4920 19 24 37
265 79 95 71 24 48 34 1136 71 5 81 0 30 20 NA 20 NA 9 71 0 3 16 29 0 0 0 0 0 3 16 29 0 0 0 0 1 147 384 17582 4919 20 22 39
266 88 96 72 24 53 28 1149 46 14 81 0 31 20 NA 20 NA 6 46 0 5 17 31 0 0 0 0 0 5 17 31 0 0 0 0 1 152 385 17653 4919 19 21 41
267 81 92 69 23 52 32 1166 53 4 77 0 30 20.5 NA 20.5 NA 7 53 0 6 14 32 0 0 0 0 0 6 14 32 0 0 0 0 1 137 385 17703 4923 19 17 41
268 64 93 70 23 53 35 1172 56 6 75 0 31 21 NA 21 NA 9 56 0 7 15 31 0 0 0 0 0 7 15 31 0 0 0 0 2 156 386 17769 4925 18 18 39
269 64 93 70 23 53 32 1168 60 6 75 0 31 21 NA 21 NA 6 60 0 7 16 30 0 0 0 0 0 7 16 30 0 0 0 0 1 152 389 17843 4925 17 21 37
270 82 96 72 24 53 32 1177 61 6 72 0 30 21 NA 21 NA 5 61 0 7 17 29 0 0 0 0 0 7 17 29 0 0 0 0 4 158 391 17903 4928 15 22 35
271 76 97 74 23 54 31 1156 61 7 70 0 27 21 NA 21 NA 8 61 0 6 19 29 0 0 0 0 0 6 19 29 0 0 0 0 2 128 395 17967 4930 11 25 34
272 79 95 72 23 51 29 1172 57 4 67 0 27 21 NA 21 NA 4 57 0 5 19 27 0 0 0 0 0 5 19 27 0 0 0 0 1 158 396 18036 4933 10 26 31
273 84 92 69 23 47 27 1164 63 5 64 0 27 21 NA 21 NA 4 63 0 2 17 28 0 0 0 0 0 2 17 28 0 0 0 0 0 146 397 18107 4936 8 24 32
274 75 93 69 24 48 35 1174 59 3 67 0 28 21 NA 21 NA 10 59 0 2 13 33 0 0 0 0 0 2 13 33 0 0 0 0 1 146 397 18165 4933 9 21 37
275 77 93 69 24 51 30 1147 61 10 67 0 28 21 NA 21 NA 5 61 0 5 15 31 0 0 0 0 0 5 15 31 0 0 0 0 2 117 397 18224 4933 12 21 34
276 85 93 69 24 50 30 1145 58 6 66 0 29 21 NA 21 NA 7 58 0 5 12 33 0 0 0 0 0 5 12 33 0 0 0 0 0 143 398 18288 4934 12 18 36
277 79 90 67 23 51 28 1155 53 8 65 0 30 21 NA 21 NA 5 53 1 6 12 32 0 0 0 0 1 6 12 32 0 0 0 0 0 150 398 18352 4935 13 17 35
278 76 88 66 22 48 27 1178 53 4 62 0 29.5 20.5 NA 20.5 NA 5 53 1 6 10 31 0 0 0 0 1 6 10 31 0 0 0 0 1 148 399 18410 4938 14 15 33
279 73 88 66 22 48 26 1181 53 6 60 0 29.5 22 NA 22 NA 4 53 1 5 12 30 0 0 0 0 1 5 12 30 0 0 0 0 2 146 400 18483 4940 13 15 32
280 75 88 66 22 48 30 1190 55 4 61 0 30 23.5 NA 23.5 NA 10 55 1 5 12 30 0 0 0 0 1 5 12 30 0 0 0 0 1 156 401 18550 4939 15 14 32
281 58 88 65 23 48 29 1192 51 5 62 0 31 24 NA 24 NA 6 51 0 4 12 32 0 0 0 0 0 4 12 32 0 0 0 0 0 142 404 18622 4938 14 14 34
282 62 87 65 22 46 34 1178 67 6 64 0 27 24 NA 24 NA 11 67 0 4 9 33 0 0 0 0 0 4 9 33 0 0 0 0 2 136 404 18691 4936 18 11 35
283 86 86 65 21 46 34 1183 52 10 65 0 26 23.5 NA 23.5 NA 10 52 0 6 6 34 0 0 0 0 0 6 6 34 0 0 0 0 0 139 405 18749 4935 20 8 37
284 91 86 66 20 45 28 1158 72 9 64 0 24.5 21 NA 21 NA 5 72 0 7 5 33 0 0 0 0 0 7 5 33 0 0 0 0 1 153 406 18832 4936 20 8 36
285 85 86 67 19 44 32 1176 49 4 63 0 24 20.5 NA 20.5 NA 8 49 1 6 4 33 0 0 0 0 1 6 4 33 0 0 0 0 1 158 406 18902 4937 20 7 36
286 87 86 69 17 41 36 1149 63 5 60 0 21 20 NA 20 NA 10 63 1 5 4 31 0 0 0 0 1 5 4 31 0 0 0 0 4 129 406 18973 4940 19 6 35
287 67 85 68 17 41 32 1183 52 8 61 0 22 18 NA 18 NA 7 52 1 5 5 30 0 0 0 0 1 5 5 30 0 0 0 0 0 155 409 19026 4939 20 7 34
288 87 86 71 15 41 33 1156 65 6 61 0 20.5 17 NA 17 NA 7 65 1 7 4 29 0 0 0 0 1 7 4 29 0 0 0 0 3 127 409 19092 4939 22 6 33
289 74 88 73 15 40 34 1187 55 3 60 0 20.5 17.5 NA 17.5 NA 6 55 1 7 3 29 0 0 0 0 1 7 3 29 0 0 0 0 2 166 411 19154 4940 20 7 33
290 87 86 72 14 38 39 1195 42 4 58 0 20 17.5 NA 17.5 NA 11 42 1 7 3 27 0 0 0 0 1 7 3 27 0 0 0 0 1 153 412 19235 4942 20 7 31
291 72 89 73 16 38 42 1188 46 2 60 0 21 17.5 NA 17.5 NA 7 46 1 7 3 27 0 0 0 0 1 7 3 27 0 0 0 0 4 119 414 19299 4940 22 8 30
292 72 88 72 16 39 42 1173 53 7 60 0 22 17 NA 17 NA 6 53 1 7 5 26 0 0 0 0 1 7 5 26 0 0 0 0 0 128 414 19367 4940 21 10 29
293 73 86 70 16 37 46 1161 55 4 59 0 22.5 17 NA 17 NA 11 55 1 6 5 25 0 0 0 0 1 6 5 25 0 0 0 0 1 129 416 19435 4941 21 10 28
294 85 87 72 15 39 44 1149 57 8 58 0 22 16 NA 16 NA 5 57 2 6 7 24 0 0 0 0 2 6 7 24 0 0 0 0 2 134 417 19497 4942 17 15 26
295 92 87 73 14 38 38 1151 50 7 59 0 21 16 NA 16 NA 5 50 2 6 7 23 0 0 0 0 2 6 7 23 0 0 0 0 0 154 420 19562 4941 17 16 26
296 77 87 73 14 37 39 1152 57 3 59 0 21 16 NA 16 NA 5 57 2 7 6 22 0 0 0 0 2 7 6 22 0 0 0 0 0 153 423 19634 4941 18 15 26
297 71 86 72 14 37 40 1159 51 3 60 0 22 17 NA 17 NA 6 51 2 8 6 21 0 0 0 0 2 8 6 21 0 0 0 0 0 149 424 19701 4940 20 15 25
298 82 88 74 14 36 40 1175 53 6 60 0 20.5 19 NA 19 NA 4 53 1 6 7 22 0 0 0 0 1 6 7 22 0 0 0 0 2 153 424 19765 4940 20 15 25
299 80 87 72 15 37 42 1161 65 6 59 0 20 20 NA 20 NA 8 65 1 6 7 23 0 0 0 0 1 6 7 23 0 0 0 0 2 145 427 19841 4941 18 15 26
300 64 90 74 16 37 42 1166 60 2 62 0 19 20 NA 20 NA 4 60 1 4 9 23 0 0 0 0 1 4 9 23 0 0 0 0 4 141 429 19901 4938 20 16 26
301 90 88 72 16 37 37 1142 62 9 60 0 18.5 18 NA 18 NA 6 62 1 7 8 21 0 0 0 0 1 7 8 21 0 0 0 0 2 136 431 19980 4940 22 14 24
302 76 85 71 14 34 36 1119 63 5 58 0 18 17 NA 17 NA 6 63 1 6 7 20 0 0 0 0 1 6 7 20 0 0 0 0 1 148 433 20072 4942 23 12 23
303 62 85 71 14 36 28 1151 48 9 61 0 19 19 NA 19 NA 5 48 1 6 9 20 0 0 0 0 1 6 9 20 0 0 0 0 0 148 438 20129 4939 25 12 24
304 65 86 72 14 35 27 1172 58 5 60 0 19.5 18 NA 18 NA 6 58 1 5 9 20 0 0 0 0 1 5 9 20 0 0 0 0 2 152 439 20185 4940 24 12 24
305 73 87 73 14 34 35 1205 52 1 59 0 19 18 NA 18 NA 8 52 1 4 9 20 0 0 0 0 1 4 9 20 0 0 0 0 2 153 439 20238 4941 24 11 24
306 70 88 73 15 35 30 1196 71 8 61 0 20 18 NA 18 NA 7 71 1 5 8 21 0 0 0 0 1 5 8 21 0 0 0 0 2 130 442 20291 4939 24 11 26
307 74 91 76 15 36 25 1177 63 6 62 0 20 19 NA 19 NA 1 63 1 6 8 21 0 0 0 0 1 6 8 21 0 0 0 0 4 141 443 20364 4938 24 11 27
308 77 89 74 15 33 34 1155 69 1 60 0 20 20 NA 20 NA 9 69 1 5 8 19 0 0 0 0 1 5 8 19 0 0 0 0 2 131 443 20432 4940 23 12 25
309 87 89 74 15 32 40 1129 72 3 59 0 21 20 NA 20 NA 11 72 1 5 8 18 0 0 0 0 1 5 8 18 0 0 0 0 1 143 445 20500 4941 21 14 24
310 73 92 77 15 35 36 1121 60 10 63 0 21 20 NA 20 NA 7 60 0 5 10 20 0 0 0 0 0 5 10 20 0 0 0 0 0 135 449 20571 4937 22 16 25
311 82 95 77 18 36 31 1143 50 7 64 0 20 20 NA 20 NA 3 50 0 7 9 20 0 0 0 0 0 7 9 20 0 0 0 0 2 163 450 20640 4936 24 15 25
312 90 92 75 17 37 32 1128 64 4 67 0 22 20 NA 20 NA 5 64 0 4 11 22 0 0 0 0 0 4 11 22 0 0 0 0 0 138 452 20705 4933 24 16 27
313 82 88 72 16 33 39 1151 65 2 63 0 22 21 NA 21 NA 10 65 0 3 11 19 0 0 0 0 0 3 11 19 0 0 0 0 0 153 453 20755 4937 22 17 24
314 78 90 73 17 34 37 1161 62 6 64 0 23 21.5 NA 21.5 NA 3 62 0 3 12 19 0 0 0 0 0 3 12 19 0 0 0 0 1 158 454 20820 4936 21 19 24
315 92 93 75 18 35 33 1178 42 5 62 0 21 21 NA 21 NA 3 42 1 4 11 19 0 0 0 0 1 4 11 19 0 0 0 0 3 150 456 20885 4938 18 21 23
316 76 91 74 17 34 40 1151 57 5 60 0 20 21 NA 21 NA 12 57 1 5 11 17 0 0 0 0 1 5 11 17 0 0 0 0 0 134 458 20966 4940 19 20 21
317 68 92 76 16 33 35 1163 48 9 62 0 19.5 21 NA 21 NA 7 48 0 5 12 16 0 0 0 0 0 5 12 16 0 0 0 0 3 140 460 21034 4938 21 21 20
318 81 94 78 16 35 32 1157 71 7 64 0 19.5 21 NA 21 NA 7 71 1 5 12 17 0 0 0 0 1 5 12 17 0 0 0 0 1 142 463 21086 4936 21 21 22
319 66 92 77 15 35 32 1174 65 6 65 0 20 21 NA 21 NA 8 65 0 7 12 16 0 0 0 0 0 7 12 16 0 0 0 0 0 161 465 21150 4935 24 20 21
320 70 93 78 15 35 40 1170 56 5 66 0 21 22 NA 22 NA 11 56 0 7 12 16 0 0 0 0 0 7 12 16 0 0 0 0 1 138 465 21217 4934 25 19 22
321 93 91 76 15 36 40 1191 55 5 67 0 22 21.5 NA 21.5 NA 5 55 0 8 10 18 0 0 0 0 0 8 10 18 0 0 0 0 0 159 466 21278 4933 26 17 24
322 73 93 78 15 37 35 1179 61 12 68 0 22 21 NA 21 NA 7 61 0 7 11 19 0 0 0 0 0 7 11 19 0 0 0 0 3 137 467 21346 4932 26 17 25
323 83 94 80 14 39 32 1178 58 8 69 0 21.5 21 NA 21 NA 3 58 0 9 12 18 0 0 0 0 0 9 12 18 0 0 0 0 2 157 468 21423 4931 27 18 24
324 66 91 78 13 38 33 1213 52 4 66 0 22 21 NA 21 NA 6 52 0 7 12 19 0 0 0 0 0 7 12 19 0 0 0 0 0 166 470 21483 4934 22 19 25
325 74 92 80 12 39 32 1200 63 5 66 0 20 21 NA 21 NA 6 63 1 7 11 20 0 0 0 0 1 7 11 20 0 0 0 0 0 139 472 21552 4934 22 18 26
326 88 93 81 12 40 27 1202 51 9 65 0 20 20 NA 20 NA 7 51 1 9 11 19 0 0 0 0 1 9 11 19 0 0 0 0 1 145 476 21620 4935 23 17 25
327 72 93 81 12 42 29 1230 44 7 66 0 21 20.5 NA 20.5 NA 7 44 1 10 11 20 0 0 0 0 1 10 11 20 0 0 0 0 0 155 476 21681 4934 26 15 25
328 78 92 80 12 44 29 1234 62 4 66 0 21.5 20.5 NA 20.5 NA 2 62 1 12 11 20 0 0 0 0 1 12 11 20 0 0 0 0 1 148 476 21743 4934 27 15 24
329 75 93 81 12 44 33 1221 63 4 70 0 22 20.5 NA 20.5 NA 8 63 0 12 12 20 0 0 0 0 0 12 12 20 0 0 0 0 0 140 477 21813 4930 27 19 24
330 77 94 81 13 44 30 1221 57 5 71 0 23 20.5 NA 20.5 NA 4 57 0 10 12 22 0 0 0 0 0 10 12 22 0 0 0 0 1 155 479 21891 4929 25 19 27
331 95 94 81 13 44 35 1203 52 2 71 0 24 20 NA 20 NA 8 52 0 9 14 21 0 0 0 0 0 9 14 21 0 0 0 0 2 133 481 21967 4929 23 22 26
332 72 94 81 13 44 33 1206 54 3 72 0 25 20 NA 20 NA 5 54 0 9 14 21 0 0 0 0 0 9 14 21 0 0 0 0 0 141 484 22028 4928 24 22 26
333 77 92 78 14 41 26 1179 53 7 68 0 23.5 20 NA 20 NA 3 53 0 7 17 17 0 0 0 0 0 7 17 17 0 0 0 0 0 133 488 22109 4932 22 23 23
334 73 88 74 14 39 27 1213 56 5 68 0 24 20 NA 20 NA 4 56 0 6 17 16 0 0 0 0 0 6 17 16 0 0 0 0 0 173 488 22174 4932 22 24 22
335 83 91 75 16 39 23 1215 42 4 71 0 25 20 NA 20 NA 3 42 0 4 16 19 0 0 0 0 0 4 16 19 0 0 0 0 1 140 491 22243 4929 21 25 25
336 85 89 74 15 37 31 1176 77 3 66 0 25 20 NA 20 NA 10 77 0 4 13 20 0 0 0 0 0 4 13 20 0 0 0 0 1 148 491 22329 4934 20 21 25
337 68 92 77 15 38 29 1175 51 6 68 0 25 19.5 NA 19.5 NA 4 51 0 5 12 21 0 0 0 0 0 5 12 21 0 0 0 0 1 137 492 22397 4932 21 21 26
338 81 94 77 17 38 31 1178 50 7 70 0 23 19.5 NA 19.5 NA 8 50 1 4 13 20 0 0 0 0 1 4 13 20 0 0 0 0 3 138 492 22463 4930 23 22 25
339 74 94 76 18 39 33 1182 53 4 72 0 24 20 NA 20 NA 8 53 1 4 13 21 0 0 0 0 1 4 13 21 0 0 0 0 1 145 495 22532 4928 25 22 25
340 48 92 74 18 37 31 1217 50 6 70 0 23 20 NA 20 NA 5 50 1 5 13 18 0 0 0 0 1 5 13 18 0 0 0 0 1 176 497 22612 4930 25 23 22
341 71 91 73 18 40 28 1210 58 6 67 0 24 19.5 NA 19.5 NA 2 58 2 3 15 20 0 0 0 0 2 3 15 20 0 0 0 0 0 142 497 22684 4933 20 23 24
342 72 90 72 18 41 28 1203 52 4 67 0 24.5 19 NA 19 NA 4 52 1 5 14 21 0 0 0 0 1 5 14 21 0 0 0 0 0 144 499 22765 4933 20 22 25
343 80 90 72 18 41 30 1186 58 3 68 0 25 19 NA 19 NA 7 58 1 5 13 22 0 0 0 0 1 5 13 22 0 0 0 0 0 126 499 22826 4932 20 21 27
344 75 92 74 18 42 24 1190 52 8 67 0 25 19 NA 19 NA 3 52 1 6 14 21 0 0 0 0 1 6 14 21 0 0 0 0 3 134 501 22891 4933 20 21 26
345 72 96 75 21 43 26 1172 58 4 68 0 23 19 NA 19 NA 6 58 1 6 13 23 0 0 0 0 1 6 13 23 0 0 0 0 3 135 502 22958 4932 21 19 28
346 83 92 72 20 40 27 1148 54 4 63 0 24 19 NA 19 NA 5 54 1 4 13 22 0 0 0 0 1 4 13 22 0 0 0 0 1 133 502 23038 4937 15 20 28
347 66 93 73 20 40 33 1150 51 3 63 0 24 19 NA 19 NA 8 51 0 6 9 25 0 0 0 0 0 6 9 25 0 0 0 0 1 139 502 23111 4937 15 17 31
348 85 92 73 19 39 34 1136 54 3 62 0 22.5 19 NA 19 NA 7 54 0 6 8 25 0 0 0 0 0 6 8 25 0 0 0 0 2 127 504 23177 4938 17 16 29
349 70 95 76 19 41 30 1140 52 11 64 0 23 19 NA 19 NA 7 52 0 6 10 25 0 0 0 0 0 6 10 25 0 0 0 0 3 142 507 23248 4936 19 16 29
350 75 97 78 19 42 37 1146 49 5 66 0 23 19 NA 19 NA 11 49 0 7 9 26 0 0 0 0 0 7 9 26 0 0 0 0 2 135 508 23311 4934 18 18 30
351 68 99 80 19 45 36 1152 59 10 68 0 24 20 NA 20 NA 7 59 0 5 13 27 0 0 0 0 0 5 13 27 0 0 0 0 2 152 509 23379 4932 18 20 30
352 67 96 78 18 44 38 1133 58 4 65 0 22 20 NA 20 NA 6 58 0 6 13 25 0 0 0 0 0 6 13 25 0 0 0 0 0 140 510 23467 4935 18 19 28
353 80 96 79 17 45 36 1142 56 6 64 0 21 20 NA 20 NA 5 56 0 6 11 28 0 0 0 0 0 6 11 28 0 0 0 0 1 154 512 23534 4936 18 15 31
354 65 100 83 17 46 33 1154 58 5 64 0 19 20.5 NA 20.5 NA 2 58 0 5 11 30 0 0 0 0 0 5 11 30 0 0 0 0 2 157 512 23599 4936 17 14 33
355 71 98 81 17 44 35 1162 67 1 62 0 19.5 20.5 NA 20.5 NA 5 67 0 4 10 30 0 0 0 0 0 4 10 30 0 0 0 0 0 154 513 23662 4938 16 13 33
356 63 98 80 18 45 40 1167 62 5 63 0 20 21 NA 21 NA 9 62 0 5 11 29 0 0 0 0 0 5 11 29 0 0 0 0 3 143 513 23727 4937 18 13 32
357 85 97 79 18 44 42 1192 47 4 66 0 21 21 NA 21 NA 6 47 0 4 11 29 0 0 0 0 0 4 11 29 0 0 0 0 2 151 513 23785 4934 22 13 31
358 83 96 78 18 44 38 1184 56 9 66 0 22 21 NA 21 NA 7 56 0 4 9 31 0 0 0 0 0 4 9 31 0 0 0 0 0 140 515 23851 4934 22 11 33
359 71 97 79 18 44 42 1155 75 7 66 0 22 21 NA 21 NA 12 75 0 3 11 30 0 0 0 0 0 3 11 30 0 0 0 0 2 137 518 23920 4934 21 12 33
360 86 97 79 18 43 40 1157 47 4 67 0 22 21 NA 21 NA 4 47 0 2 12 29 0 0 0 0 0 2 12 29 0 0 0 0 0 126 519 23974 4933 20 15 32
