1 77 97 81 16 45 32 1206 60 6 76 0 26 18 NA 18 NA 4 60 1 5 16 23 0 0 0 0 1 5 16 23 0 0 0 0 0 119 0 0 4924 19 27 30
2 76 100 83 17 47 31 1256 63 11 75 0 26 18 NA 18 NA 10 63 1 4 18 24 0 0 0 0 1 4 18 24 0 0 0 0 3 128 0 0 4925 18 27 30
3 78 100 83 17 47 32 1315 68 4 74 0 27 18 NA 18 NA 7 68 1 5 17 24 0 0 0 0 1 5 17 24 0 0 0 0 1 148 0 0 4926 18 26 30
4 81 100 82 18 47 32 1370 68 7 73 0 27 18 NA 18 NA 8 68 1 5 16 25 0 0 0 0 1 5 16 25 0 0 0 0 2 140 0 0 4927 19 23 31
5 80 99 82 17 47 37 1401 67 5 74 0 28 18 NA 18 NA 10 67 1 5 16 25 0 0 0 0 1 5 16 25 0 0 0 0 0 129 0 0 4926 20 23 31
6 103 93 77 16 40 41 1433 70 6 66 0 27 18 NA 18 NA 10 70 0 4 15 21 0 0 0 0 0 4 15 21 0 0 0 0 2 130 0 0 4934 17 22 27
7 69 88 73 15 39 43 1490 70 7 63 0 26 18 NA 18 NA 9 70 0 5 14 20 0 0 0 0 0 5 14 20 0 0 0 0 0 148 0 0 4937 17 18 28
8 76 87 70 17 39 51 1495 79 5 60 0 25 18 NA 18 NA 14 79 0 6 14 19 0 0 0 0 0 6 14 19 0 0 0 0 1 113 0 0 4940 14 19 27
9 83 90 73 17 42 50 1536 57 10 61 0 25 18.5 NA 18.5 NA 10 57 1 6 12 23 0 0 0 0 1 6 12 23 0 0 0 0 2 128 0 0 4939 14 18 29
10 84 89 72 17 41 52 1560 79 7 65 0 26 18 NA 18 NA 8 79 1 6 10 24 0 0 0 0 1 6 10 24 0 0 0 0 0 130 0 0 4935 18 17 30
11 82 91 74 17 42 44 1595 61 11 67 0 26 18.5 NA 18.5 NA 3 61 1 5 10 26 0 0 0 0 1 5 10 26 0 0 0 0 1 127 0 0 4933 17 17 33
12 74 90 73 17 40 49 1597 92 4 64 0 25.5 18 NA 18 NA 7 92 1 5 8 26 0 0 0 0 1 5 8 26 0 0 0 0 1 122 0 0 4936 16 15 33
13 78 89 73 16 39 37 1064 44 7 62 0 26 18 NA 18 NA 6 44 1 6 6 26 0 0 0 0 1 6 6 26 0 0 0 0 2 128 11 599 4938 16 12 34
14 76 88 72 16 38 41 1078 60 1 65 0 25 18.5 NA 18.5 NA 5 60 1 6 6 25 0 0 0 0 1 6 6 25 0 0 0 0 0 156 12 665 4935 20 12 33
15 72 90 73 17 39 36 1101 46 6 67 0 23.5 18 NA 18 NA 4 46 1 7 6 25 0 0 0 0 1 7 6 25 0 0 0 0 3 160 16 742 4933 22 12 33
16 69 89 73 16 39 39 1139 49 6 67 0 24 19 NA 19 NA 7 49 0 5 8 26 0 0 0 0 0 5 8 26 0 0 0 0 1 152 16 797 4933 22 12 33
17 86 87 71 16 40 35 1144 60 6 64 0 24 19.5 NA 19.5 NA 6 60 0 5 9 26 0 0 0 0 0 5 9 26 0 0 0 0 1 147 19 853 4936 20 11 33
18 75 87 71 16 40 36 1157 56 3 64 0 23 19 NA 19 NA 6 56 0 6 9 25 0 0 0 0 0 6 9 25 0 0 0 0 1 143 22 910 4936 21 11 32
19 72 86 71 15 39 32 1153 60 6 62 0 21.5 20 NA 20 NA 6 60 0 5 10 24 0 0 0 0 0 5 10 24 0 0 0 0 2 148 25 981 4938 21 11 30
20 81 89 76 13 39 37 1169 66 7 64 0 22 20 NA 20 NA 12 66 0 5 9 25 0 0 0 0 0 5 9 25 0 0 0 0 3 149 26 1034 4936 23 10 31
21 70 87 74 13 39 35 1206 46 4 63 0 20 20 NA 20 NA 5 46 0 8 8 23 0 0 0 0 0 8 8 23 0 0 0 0 2 163 30 1100 4937 25 10 28
22 76 90 77 13 40 28 1204 46 8 62 0 20 19.5 NA 19.5 NA 2 46 1 7 9 23 0 0 0 0 1 7 9 23 0 0 0 0 2 131 31 1162 4938 22 12 28
23 79 89 74 15 41 32 1209 47 3 62 0 21 19 NA 19 NA 8 47 2 6 10 23 0 0 0 0 2 6 10 23 0 0 0 0 0 135 32 1226 4938 21 12 29
24 87 92 75 17 41 34 1184 66 2 62 0 21 19 NA 19 NA 6 66 3 6 9 23 0 0 0 0 3 6 9 23 0 0 0 0 3 123 33 1278 4938 23 11 28
25 71 94 75 19 43 37 1196 54 7 64 0 21.5 19 NA 19 NA 11 54 2 8 10 23 0 0 0 0 2 8 10 23 0 0 0 0 0 165 35 1350 4936 24 12 28
26 81 94 74 20 39 34 1178 61 7 62 0 21 19 NA 19 NA 3 61 0 9 10 20 0 0 0 0 0 9 10 20 0 0 0 0 3 131 36 1423 4938 21 16 25
27 70 97 77 20 41 31 1153 63 6 64 0 20 19 NA 19 NA 3 63 0 9 11 21 0 0 0 0 0 9 11 21 0 0 0 0 2 128 38 1498 4936 20 18 26
28 72 95 75 20 40 29 1130 64 5 62 0 21 19 NA 19 NA 4 64 0 5 12 23 0 0 0 0 0 5 12 23 0 0 0 0 0 140 39 1577 4938 16 19 27
29 86 94 74 20 40 30 1109 70 3 61 0 21 19 NA 19 NA 7 70 0 6 11 23 0 0 0 0 0 6 11 23 0 0 0 0 1 139 41 1648 4939 17 18 26
30 73 96 76 20 41 33 1100 47 4 63 0 22 19 NA 19 NA 9 47 0 7 11 23 0 0 0 0 0 7 11 23 0 0 0 0 1 119 43 1712 4937 18 19 26
31 72 97 76 21 43 30 1105 55 9 64 0 23 19 NA 19 NA 7 55 1 7 11 24 0 0 0 0 1 7 11 24 0 0 0 0 1 150 44 1788 4936 18 19 27
32 61 96 74 22 42 30 1144 46 7 67 0 23.5 20 NA 20 NA 8 46 1 4 13 24 0 0 0 0 1 4 13 24 0 0 0 0 0 155 44 1848 4933 19 21 27
33 69 99 74 25 43 31 1146 57 6 69 0 24 20 NA 20 NA 7 57 1 2 16 24 0 0 0 0 1 2 16 24 0 0 0 0 1 147 45 1922 4931 18 24 27
34 88 98 73 25 43 42 1134 70 3 71 0 24 20 NA 20 NA 14 70 1 3 14 25 0 0 0 0 1 3 14 25 0 0 0 0 1 144 47 1978 4929 22 20 29
35 68 99 74 25 44 39 1145 56 9 71 0 24 20 NA 20 NA 5 56 1 4 13 26 0 0 0 0 1 4 13 26 0 0 0 0 3 143 47 2038 4929 21 20 30
36 58 101 75 26 48 34 1175 48 8 76 0 24 19.5 NA 19.5 NA 5 48 2 6 14 26 0 0 0 0 2 6 14 26 0 0 0 0 2 150 48 2095 4924 24 22 30
37 94 100 74 26 46 33 1161 55 3 76 0 24.5 19.5 NA 19.5 NA 5 55 1 7 14 24 0 0 0 0 1 7 14 24 0 0 0 0 0 144 49 2178 4924 25 22 29
38 86 101 76 25 45 38 1159 57 3 77 0 23 19 NA 19 NA 10 57 1 7 14 23 0 0 0 0 1 7 14 23 0 0 0 0 1 138 52 2241 4923 27 19 31
39 81 101 75 26 46 35 1161 58 10 78 0 21 19 NA 19 NA 8 58 1 9 11 25 0 0 0 0 1 9 11 25 0 0 0 0 3 143 54 2296 4922 29 16 33
40 76 102 77 25 46 37 1198 49 4 76 0 20.5 19 NA 19 NA 7 49 1 10 8 27 0 0 0 0 1 10 8 27 0 0 0 0 3 159 55 2351 4924 29 12 35
41 83 106 80 26 49 33 1176 58 10 76 0 21 19 NA 19 NA 5 58 1 12 9 27 0 0 0 0 1 12 9 27 0 0 0 0 4 135 55 2431 4924 30 13 33
42 90 108 83 25 52 30 1174 57 8 77 0 20.5 19 NA 19 NA 6 57 1 14 11 26 0 0 0 0 1 14 11 26 0 0 0 0 2 142 58 2495 4923 30 15 32
43 72 108 84 24 53 32 1165 48 5 79 0 21.5 19 NA 19 NA 8 48 1 15 10 27 0 0 0 0 1 15 10 27 0 0 0 0 1 135 59 2571 4921 31 15 33
44 71 108 84 24 52 35 1137 62 5 78 0 22 19 NA 19 NA 9 62 2 11 11 28 0 0 0 0 2 11 11 28 0 0 0 0 1 129 60 2648 4922 27 17 34
45 70 109 86 23 51 31 1149 50 6 78 0 22 19 NA 19 NA 5 50 2 10 10 29 0 0 0 0 2 10 10 29 0 0 0 0 1 146 62 2721 4922 28 16 34
46 87 110 86 24 48 31 1169 68 4 76 0 22 19 NA 19 NA 7 68 1 8 13 26 0 0 0 0 1 8 13 26 0 0 0 0 3 172 63 2785 4924 26 19 31
47 63 110 86 24 52 39 1176 51 8 77 0 22.5 19 NA 19 NA 11 51 2 9 15 26 0 0 0 0 2 9 15 26 0 0 0 0 2 139 63 2851 4923 27 19 31
48 88 109 87 22 53 32 1171 74 8 78 0 24 19 NA 19 NA 3 74 2 8 16 27 0 0 0 0 2 8 16 27 0 0 0 0 0 164 65 2925 4922 23 23 32
49 80 109 87 22 54 32 1174 58 5 77 0 25 18.5 NA 18.5 NA 5 58 2 7 18 27 0 0 0 0 2 7 18 27 0 0 0 0 1 155 66 2993 4923 20 24 33
50 83 111 90 21 53 37 1151 76 4 77 0 25 19 NA 19 NA 10 76 2 7 16 28 0 0 0 0 2 7 16 28 0 0 0 0 2 129 67 3049 4923 19 24 34
51 67 110 89 21 55 40 1145 55 5 79 0 26 19 NA 19 NA 10 55 2 7 18 28 0 0 0 0 2 7 18 28 0 0 0 0 1 129 70 3117 4921 18 26 35
52 83 107 88 19 51 41 1127 61 8 75 0 25 19 NA 19 NA 10 61 2 8 16 25 0 0 0 0 2 8 16 25 0 0 0 0 2 136 72 3192 4925 19 24 32
53 70 110 91 19 53 40 1129 51 6 78 0 25 19 NA 19 NA 8 51 2 7 19 25 0 0 0 0 2 7 19 25 0 0 0 0 3 139 74 3259 4922 21 25 32
54 102 109 89 20 51 33 1134 38 11 77 0 23 19 NA 19 NA 6 38 2 7 19 23 0 0 0 0 2 7 19 23 0 0 0 0 2 136 75 3323 4923 23 24 30
55 80 110 86 24 48 38 1157 50 4 74 0 20.5 18 NA 18 NA 8 50 2 8 17 21 0 0 0 0 2 8 17 21 0 0 0 0 3 148 75 3385 4926 23 23 28
56 70 111 87 24 48 32 1158 70 7 75 0 21 19 NA 19 NA 3 70 1 9 16 22 0 0 0 0 1 9 16 22 0 0 0 0 2 142 77 3444 4925 24 21 30
57 77 112 87 25 49 31 1168 40 5 79 0 22 19 NA 19 NA 6 40 1 9 16 23 0 0 0 0 1 9 16 23 0 0 0 0 0 126 80 3500 4921 26 22 31
58 74 114 89 25 49 30 1174 56 7 81 0 21 19 NA 19 NA 6 56 1 8 17 23 0 0 0 0 1 8 17 23 0 0 0 0 2 166 80 3584 4919 29 21 31
59 76 111 86 25 46 32 1143 60 5 80 0 21 19 NA 19 NA 9 60 0 6 17 23 0 0 0 0 0 6 17 23 0 0 0 0 1 115 83 3648 4920 27 22 31
60 78 113 88 25 47 29 1124 57 9 81 0 21 19 NA 19 NA 6 57 0 7 16 24 0 0 0 0 0 7 16 24 0 0 0 0 3 132 84 3725 4919 27 20 34
61 80 117 91 26 45 25 1122 45 7 78 0 20 19 NA 19 NA 4 45 0 7 13 25 0 0 0 0 0 7 13 25 0 0 0 0 2 127 85 3790 4922 26 17 35
62 63 117 92 25 45 27 1154 44 5 79 0 21 19 NA 19 NA 5 44 0 7 13 25 0 0 0 0 0 7 13 25 0 0 0 0 3 149 85 3848 4921 27 18 34
63 78 121 96 25 47 28 1176 64 4 79 0 21 19 NA 19 NA 8 64 0 7 11 29 0 0 0 0 0 7 11 29 0 0 0 0 2 162 88 3905 4921 25 16 38
64 68 116 91 25 43 34 1183 62 4 78 0 21.5 19 NA 19 NA 12 62 0 7 11 25 0 0 0 0 0 7 11 25 0 0 0 0 1 144 90 3964 4922 26 18 34
65 88 116 92 24 42 33 1180 51 7 80 0 21 19 NA 19 NA 8 51 0 6 10 26 0 0 0 0 0 6 10 26 0 0 0 0 1 141 91 4032 4920 27 19 34
66 60 115 90 25 43 31 1188 53 7 80 0 21 19 NA 19 NA 6 53 0 6 12 25 0 0 0 0 0 6 12 25 0 0 0 0 0 141 92 4096 4920 26 22 32
67 71 114 90 24 45 27 1191 54 6 82 0 22 19 NA 19 NA 3 54 1 7 12 25 0 0 0 0 1 7 12 25 0 0 0 0 0 156 93 4181 4918 29 21 32
68 75 112 88 24 46 30 1190 58 3 84 0 23 19 NA 19 NA 8 58 1 4 15 26 0 0 0 0 1 4 15 26 0 0 0 0 0 149 95 4248 4916 29 22 33
69 74 113 89 24 46 33 1188 66 5 83 0 23 19 NA 19 NA 8 66 1 4 15 26 0 0 0 0 1 4 15 26 0 0 0 0 1 145 95 4313 4917 27 23 33
70 73 109 88 21 43 32 1170 44 6 81 0 24 19 NA 19 NA 3 44 1 4 14 24 0 0 0 0 1 4 14 24 0 0 0 0 0 134 95 4400 4919 26 24 31
71 75 106 85 21 42 34 1168 56 7 79 0 24 19.5 NA 19.5 NA 10 56 1 3 15 23 0 0 0 0 1 3 15 23 0 0 0 0 1 136 97 4459 4921 25 23 31
72 83 106 85 21 45 32 1191 44 5 78 0 22 19 NA 19 NA 3 44 3 5 14 23 0 0 0 0 3 5 14 23 0 0 0 0 1 145 99 4518 4922 26 22 30
73 65 105 85 20 48 30 1211 44 9 84 0 23 19 NA 19 NA 8 44 3 8 14 23 0 0 0 0 3 8 14 23 0 0 0 0 1 147 100 4578 4916 33 22 29
74 75 105 84 21 45 35 1217 60 3 82 0 22 19 NA 19 NA 9 60 3 8 13 21 0 0 0 0 3 8 13 21 0 0 0 0 2 159 100 4646 4918 32 22 28
75 79 108 89 19 46 40 1206 59 6 84 0 22 19 NA 19 NA 9 59 0 12 13 21 0 0 0 0 0 12 13 21 0 0 0 0 3 142 101 4719 4916 34 22 28
76 82 110 90 20 44 36 1182 55 6 83 0 22.5 19 NA 19 NA 6 55 0 11 13 20 0 0 0 0 0 11 13 20 0 0 0 0 2 119 104 4787 4917 32 24 27
77 74 110 90 20 49 37 1183 49 12 85 0 23 19 NA 19 NA 12 49 0 12 13 24 0 0 0 0 0 12 13 24 0 0 0 0 1 138 106 4853 4915 31 25 29
78 81 109 89 20 48 40 1163 51 7 82 0 23 19 NA 19 NA 10 51 0 11 12 25 0 0 0 0 0 11 12 25 0 0 0 0 1 127 107 4930 4918 29 23 30
79 72 109 89 20 50 40 1146 55 7 82 0 24 18.5 NA 18.5 NA 7 55 2 9 15 24 0 0 0 0 2 9 15 24 0 0 0 0 0 143 108 5009 4918 27 26 29
80 66 108 87 21 49 35 1158 54 10 80 0 24 18 NA 18 NA 5 54 2 8 15 24 0 0 0 0 2 8 15 24 0 0 0 0 1 145 109 5070 4920 24 27 29
81 75 107 87 20 51 33 1183 51 8 80 0 24 19 NA 19 NA 3 51 2 11 16 22 0 0 0 0 2 11 16 22 0 0 0 0 2 149 112 5125 4920 26 25 29
82 65 105 85 20 51 32 1184 58 7 76 0 22 19 NA 19 NA 6 58 2 11 16 22 0 0 0 0 2 11 16 22 0 0 0 0 1 142 112 5189 4924 24 24 28
83 66 105 84 21 52 38 1195 55 8 75 0 22 19 NA 19 NA 12 55 2 12 15 23 0 0 0 0 2 12 15 23 0 0 0 0 3 152 113 5261 4925 24 22 29
84 82 101 82 19 49 37 1188 55 7 72 0 23 19 NA 19 NA 9 55 2 11 13 23 0 0 0 0 2 11 13 23 0 0 0 0 1 146 114 5337 4928 23 20 29
85 71 102 84 18 49 33 1216 40 8 72 0 24 19 NA 19 NA 3 40 2 7 18 22 0 0 0 0 2 7 18 22 0 0 0 0 2 161 114 5410 4928 17 27 28
86 63 103 85 18 49 35 1207 52 4 74 0 25 18 NA 18 NA 8 52 1 9 17 22 0 0 0 0 1 9 17 22 0 0 0 0 1 135 116 5486 4926 20 26 28
87 71 101 84 17 47 31 1200 56 6 76 0 25 18 NA 18 NA 6 56 0 7 17 23 0 0 0 0 0 7 17 23 0 0 0 0 1 134 120 5555 4924 22 26 28
88 70 100 84 16 48 35 1185 78 6 79 0 25.5 18.5 NA 18.5 NA 10 78 0 8 15 25 0 0 0 0 0 8 15 25 0 0 0 0 0 146 121 5617 4921 25 23 31
89 70 100 81 19 49 35 1206 48 7 76 0 26 18 NA 18 NA 7 48 0 8 15 26 0 0 0 0 0 8 15 26 0 0 0 0 0 144 121 5679 4924 21 23 32
90 75 100 78 22 46 32 1226 46 4 74 0 25 17.5 NA 17.5 NA 5 46 1 7 14 24 0 0 0 0 1 7 14 24 0 0 0 0 2 147 126 5735 4926 22 22 30
91 97 103 78 25 47 31 1206 59 6 73 0 24 18 NA 18 NA 5 59 1 8 14 24 0 0 0 0 1 8 14 24 0 0 0 0 2 134 128 5804 4927 21 22 30
92 79 104 79 25 49 30 1226 57 6 73 0 23 18 NA 18 NA 7 57 1 9 14 25 0 0 0 0 1 9 14 25 0 0 0 0 0 162 130 5868 4927 22 20 31
93 59 103 78 25 48 34 1217 55 2 72 0 24 17.5 NA 17.5 NA 7 55 1 6 15 26 0 0 0 0 1 6 15 26 0 0 0 0 1 135 131 5943 4928 20 20 32
94 64 106 80 26 49 38 1226 51 2 74 0 22 18 NA 18 NA 5 51 1 7 14 27 0 0 0 0 1 7 14 27 0 0 0 0 1 152 131 6006 4926 22 18 34
95 84 103 78 25 51 41 1230 67 8 74 0 23 17 NA 17 NA 9 67 2 9 14 26 0 0 0 0 2 9 14 26 0 0 0 0 0 156 132 6076 4926 23 18 33
96 77 103 79 24 49 40 1237 49 4 72 0 22 17 NA 17 NA 3 49 2 8 14 25 0 0 0 0 2 8 14 25 0 0 0 0 1 143 132 6151 4928 21 19 32
97 81 103 79 24 51 39 1212 70 8 74 0 23 17 NA 17 NA 7 70 1 12 9 29 0 0 0 0 1 12 9 29 0 0 0 0 1 149 134 6230 4926 24 13 37
98 87 106 82 24 52 35 1216 71 8 77 0 23.5 17.5 NA 17.5 NA 4 71 1 12 10 29 0 0 0 0 1 12 10 29 0 0 0 0 1 162 135 6293 4923 24 15 38
99 79 102 78 24 49 42 1211 53 5 74 0 24 17 NA 17 NA 13 53 1 9 9 30 0 0 0 0 1 9 9 30 0 0 0 0 0 139 137 6361 4926 20 15 39
100 64 102 79 23 50 35 1197 52 10 72 0 24.5 17 NA 17 NA 2 52 1 8 13 28 0 0 0 0 1 8 13 28 0 0 0 0 2 128 138 6432 4928 17 18 37
101 96 103 80 23 51 40 1192 61 8 73 0 25 17 NA 17 NA 14 61 0 11 13 27 0 0 0 0 0 11 13 27 0 0 0 0 1 151 139 6493 4927 19 17 37
102 90 103 81 22 53 40 1185 49 7 76 0 26 17 NA 17 NA 9 49 1 11 14 27 0 0 0 0 1 11 14 27 0 0 0 0 3 143 142 6569 4924 21 19 36
103 96 104 79 25 53 43 1204 53 8 78 0 25 17 NA 17 NA 11 53 0 13 14 26 0 0 0 0 0 13 14 26 0 0 0 0 0 165 143 6635 4922 25 19 34
104 75 105 79 26 54 40 1181 76 6 80 0 26 17 NA 17 NA 5 76 0 12 16 26 0 0 0 0 0 12 16 26 0 0 0 0 0 148 145 6703 4920 26 20 34
105 55 107 81 26 56 35 1188 54 10 81 0 25 17 NA 17 NA 8 54 0 13 14 29 0 0 0 0 0 13 14 29 0 0 0 0 2 138 149 6765 4919 26 18 37
106 82 105 80 25 56 37 1195 58 5 80 0 25 17 NA 17 NA 7 58 0 11 16 29 0 0 0 0 0 11 16 29 0 0 0 0 1 164 150 6841 4920 25 19 36
107 56 108 81 27 55 33 1202 63 9 79 0 24.5 17 NA 17 NA 8 63 0 9 18 28 0 0 0 0 0 9 18 28 0 0 0 0 4 156 153 6911 4921 23 21 35
108 72 106 81 25 56 30 1206 55 7 80 0 26 17 NA 17 NA 7 55 1 9 17 29 0 0 0 0 1 9 17 29 0 0 0 0 0 142 156 6978 4920 24 19 37
109 81 107 82 25 56 32 1171 61 3 81 0 26 17 NA 17 NA 7 61 0 8 19 29 0 0 0 0 0 8 19 29 0 0 0 0 0 119 158 7053 4919 23 22 36
110 83 105 77 28 52 29 1169 51 6 80 0 25 17 NA 17 NA 6 51 0 6 16 30 0 0 0 0 0 6 16 30 0 0 0 0 0 138 159 7124 4920 23 19 38
111 76 101 74 27 53 29 1183 52 3 78 0 26 17 NA 17 NA 5 52 0 7 14 32 0 0 0 0 0 7 14 32 0 0 0 0 0 149 160 7192 4922 22 18 38
112 72 104 77 27 53 26 1182 57 6 81 0 26.5 17 NA 17 NA 5 57 0 7 11 35 0 0 0 0 0 7 11 35 0 0 0 0 2 135 161 7254 4919 24 15 42
113 76 102 76 26 53 32 1172 67 3 81 0 27 17 NA 17 NA 7 67 0 7 12 34 0 0 0 0 0 7 12 34 0 0 0 0 0 155 161 7329 4919 24 16 41
114 82 101 75 26 52 33 1186 46 4 83 0 28 17 NA 17 NA 7 46 0 7 12 33 0 0 0 0 0 7 12 33 0 0 0 0 1 154 164 7398 4917 24 19 40
115 86 100 75 25 53 28 1193 49 10 84 0 27.5 17 NA 17 NA 7 49 1 8 13 31 0 0 0 0 1 8 13 31 0 0 0 0 0 147 165 7472 4916 23 23 38
116 65 97 72 25 53 30 1180 68 9 81 0 29 17 NA 17 NA 10 68 1 6 15 31 0 0 0 0 1 6 15 31 0 0 0 0 1 140 166 7539 4919 19 25 37
117 76 97 72 25 54 31 1175 60 5 80 0 29 17 NA 17 NA 8 60 1 7 15 31 0 0 0 0 1 7 15 31 0 0 0 0 2 138 167 7604 4920 19 24 37
118 80 95 71 24 52 30 1161 57 5 78 0 29 17 NA 17 NA 5 57 2 6 14 30 0 0 0 0 2 6 14 30 0 0 0 0 2 142 168 7676 4922 19 23 36
119 76 94 69 25 54 32 1154 60 9 78 0 29.5 17 NA 17 NA 8 60 0 8 14 32 0 0 0 0 0 8 14 32 0 0 0 0 2 157 168 7758 4922 20 21 37
120 88 90 67 23 50 34 1157 46 3 74 0 30 17 NA 17 NA 7 46 0 6 15 29 0 0 0 0 0 6 15 29 0 0 0 0 0 134 170 7828 4926 17 23 34
121 61 91 68 23 51 35 1199 55 3 75 0 31 17 NA 17 NA 6 55 0 6 14 31 0 0 0 0 0 6 14 31 0 0 0 0 2 154 171 7874 4925 17 21 37
122 94 93 71 22 51 35 1201 55 4 76 0 31 17 NA 17 NA 4 55 0 5 13 33 0 0 0 0 0 5 13 33 0 0 0 0 2 141 171 7939 4924 18 20 38
123 81 94 71 23 49 30 1236 57 4 74 0 31.5 17 NA 17 NA 5 57 0 5 12 32 0 0 0 0 0 5 12 32 0 0 0 0 3 168 174 7994 4926 18 19 37
124 83 93 70 23 51 33 1224 49 4 74 0 32 17 NA 17 NA 5 49 0 6 12 33 0 0 0 0 0 6 12 33 0 0 0 0 0 116 174 8055 4926 16 21 37
125 65 93 71 22 51 39 1222 64 1 74 0 33 17 NA 17 NA 9 64 0 4 12 35 0 0 0 0 0 4 12 35 0 0 0 0 0 151 175 8132 4926 14 21 39
126 60 93 71 22 52 36 1234 55 9 74 0 34 17 NA 17 NA 8 55 0 2 13 37 0 0 0 0 0 2 13 37 0 0 0 0 1 151 176 8199 4926 12 21 41
127 75 93 71 22 51 29 1226 61 11 73 0 34 17 NA 17 NA 6 61 0 2 10 39 0 0 0 0 0 2 10 39 0 0 0 0 1 155 178 8278 4927 10 19 44
128 89 97 76 21 51 23 1218 42 6 73 0 32 17 NA 17 NA 2 42 0 2 8 41 0 0 0 0 0 2 8 41 0 0 0 0 2 134 179 8350 4927 9 18 46
129 78 96 76 20 49 23 1221 51 4 73 0 32.5 17 NA 17 NA 7 51 0 2 8 39 0 0 0 0 0 2 8 39 0 0 0 0 2 139 181 8417 4927 10 18 45
130 87 97 76 21 48 28 1199 59 2 72 0 32 17 NA 17 NA 8 59 0 2 8 38 0 0 0 0 0 2 8 38 0 0 0 0 2 130 182 8486 4928 11 17 44
131 79 97 75 22 47 28 1184 56 6 72 0 31 17 NA 17 NA 9 56 0 1 10 36 0 0 0 0 0 1 10 36 0 0 0 0 2 134 185 8559 4928 11 19 42
132 84 93 73 20 44 24 1162 59 6 67 0 32 17 NA 17 NA 4 59 0 1 9 34 0 0 0 0 0 1 9 34 0 0 0 0 2 120 186 8629 4933 10 16 41
133 69 95 73 22 43 32 1163 49 6 68 0 32 17 NA 17 NA 12 49 0 1 8 34 0 0 0 0 0 1 8 34 0 0 0 0 3 141 186 8705 4932 11 16 41
134 75 98 74 24 46 31 1156 66 9 71 0 32 17.5 NA 17.5 NA 8 66 0 3 8 35 0 0 0 0 0 3 8 35 0 0 0 0 3 150 187 8779 4929 12 17 42
135 70 102 75 27 46 37 1135 60 7 72 0 31.5 17.5 NA 17.5 NA 13 60 0 3 9 34 0 0 0 0 0 3 9 34 0 0 0 0 4 139 187 8860 4928 14 17 41
136 80 103 75 28 46 33 1145 62 8 71 0 29 18.5 NA 18.5 NA 4 62 1 2 10 33 0 0 0 0 1 2 10 33 0 0 0 0 1 138 188 8914 4929 14 15 42
137 74 108 80 28 48 32 1143 51 9 72 0 27 19 NA 19 NA 7 51 1 2 8 37 0 0 0 0 1 2 8 37 0 0 0 0 0 144 188 8991 4928 15 13 44
138 65 109 82 27 47 33 1152 47 5 72 0 28 19 NA 19 NA 7 47 1 2 6 38 0 0 0 0 1 2 6 38 0 0 0 0 1 138 189 9057 4928 15 11 46
139 80 105 79 26 45 36 1136 55 7 70 0 27 19 NA 19 NA 10 55 1 3 4 37 0 0 0 0 1 3 4 37 0 0 0 0 1 134 189 9135 4930 16 9 45
140 73 106 81 25 46 34 1140 56 5 73 0 27 19 NA 19 NA 4 56 0 5 3 38 0 0 0 0 0 5 3 38 0 0 0 0 2 140 190 9200 4927 19 8 46
141 79 106 81 25 46 33 1150 58 7 73 0 24 19 NA 19 NA 6 58 1 4 5 36 0 0 0 0 1 4 5 36 0 0 0 0 1 148 190 9265 4927 19 9 45
142 84 107 82 25 52 34 1148 51 9 76 0 25 19 NA 19 NA 7 51 1 7 7 37 0 0 0 0 1 7 7 37 0 0 0 0 1 138 191 9332 4924 21 10 45
143 83 108 84 24 52 34 1147 54 5 73 0 22 19 NA 19 NA 6 54 1 8 7 36 0 0 0 0 1 8 7 36 0 0 0 0 1 141 192 9399 4927 20 10 43
144 87 104 80 24 49 35 1135 49 4 72 0 22.5 19 NA 19 NA 8 49 1 8 7 33 0 0 0 0 1 8 7 33 0 0 0 0 1 123 194 9460 4928 22 10 40
145 68 99 76 23 50 31 1140 49 8 71 0 24 20.5 NA 20.5 NA 3 49 1 9 9 31 0 0 0 0 1 9 9 31 0 0 0 0 0 135 194 9524 4929 21 11 39
146 67 97 75 22 49 38 1144 62 2 74 0 25 20 NA 20 NA 11 62 1 6 9 33 0 0 0 0 1 6 9 33 0 0 0 0 0 152 196 9588 4926 21 11 42
147 73 97 76 21 48 38 1122 59 4 74 0 25 20.5 NA 20.5 NA 7 59 1 6 9 32 0 0 0 0 1 6 9 32 0 0 0 0 2 124 199 9658 4926 21 12 41
148 90 95 75 20 48 32 1118 58 11 72 0 26 21 NA 21 NA 5 58 0 7 10 31 0 0 0 0 0 7 10 31 0 0 0 0 1 132 202 9716 4928 22 12 38
149 75 95 75 20 49 31 1117 45 4 73 0 26 21 NA 21 NA 3 45 0 9 9 31 0 0 0 0 0 9 9 31 0 0 0 0 1 140 203 9794 4927 24 12 37
150 60 93 75 18 47 26 1155 43 5 73 0 25 21 NA 21 NA 1 43 0 9 8 30 0 0 0 0 0 9 8 30 0 0 0 0 1 162 204 9857 4927 25 12 36
151 66 90 70 20 46 26 1192 56 4 69 0 25.5 21 NA 21 NA 7 56 0 9 9 28 0 0 0 0 0 9 9 28 0 0 0 0 2 174 208 9924 4931 22 13 34
152 78 96 73 23 46 30 1202 43 2 70 0 24 21 NA 21 NA 5 43 0 7 11 28 0 0 0 0 0 7 11 28 0 0 0 0 4 142 208 9988 4930 21 15 34
153 65 99 75 24 47 33 1188 59 5 71 0 24 21 NA 21 NA 9 59 0 6 10 31 0 0 0 0 0 6 10 31 0 0 0 0 3 135 210 10054 4929 21 14 36
154 73 96 72 24 49 29 1182 57 5 71 0 24.5 21 NA 21 NA 1 57 1 6 10 32 0 0 0 0 1 6 10 32 0 0 0 0 0 133 211 10115 4929 19 15 37
155 96 93 70 23 51 35 1158 64 5 72 0 26 20 NA 20 NA 8 64 1 9 9 32 0 0 0 0 1 9 9 32 0 0 0 0 0 137 213 10193 4928 21 14 37
156 96 102 78 24 54 31 1164 58 6 72 0 25 19.5 NA 19.5 NA 5 58 2 10 10 32 0 0 0 0 2 10 10 32 0 0 0 0 6 156 213 10254 4928 20 15 37
157 87 103 77 26 54 34 1163 58 4 70 0 23 19.5 NA 19.5 NA 12 58 2 10 9 33 0 0 0 0 2 10 9 33 0 0 0 0 1 154 218 10320 4930 19 14 37
158 81 103 78 25 54 36 1157 53 8 68 0 24 19.5 NA 19.5 NA 9 53 2 9 10 33 0 0 0 0 2 9 10 33 0 0 0 0 1 138 218 10390 4932 16 15 37
159 65 100 75 25 51 35 1150 64 6 67 0 24.5 20 NA 20 NA 6 64 2 7 11 31 0 0 0 0 2 7 11 31 0 0 0 0 1 129 219 10446 4933 15 16 36
160 72 101 77 24 49 37 1155 63 5 66 0 23 19 NA 19 NA 9 63 2 7 11 29 0 0 0 0 2 7 11 29 0 0 0 0 3 136 220 10503 4934 16 16 34
161 77 98 75 23 47 39 1162 56 4 66 0 24 18 NA 18 NA 7 56 1 8 11 27 0 0 0 0 1 8 11 27 0 0 0 0 1 143 221 10565 4934 16 18 32
162 92 98 78 20 45 35 1153 56 9 62 0 21.5 17 NA 17 NA 8 56 1 8 12 24 0 0 0 0 1 8 12 24 0 0 0 0 2 153 224 10652 4938 15 18 29
163 62 96 76 20 47 31 1168 55 10 62 0 22 17 NA 17 NA 4 55 2 10 11 24 0 0 0 0 2 10 11 24 0 0 0 0 0 161 224 10727 4938 17 17 28
164 79 95 75 20 45 34 1179 52 2 65 0 22 17 NA 17 NA 8 52 1 9 10 25 0 0 0 0 1 9 10 25 0 0 0 0 0 154 227 10793 4935 20 16 29
165 74 94 73 21 45 32 1188 69 7 65 0 22 17 NA 17 NA 6 69 0 10 11 24 0 0 0 0 0 10 11 24 0 0 0 0 2 161 229 10860 4935 21 17 27
166 65 95 74 21 46 33 1217 51 6 64 0 23 17 NA 17 NA 8 51 1 8 12 25 0 0 0 0 1 8 12 25 0 0 0 0 0 150 231 10909 4936 19 17 28
167 89 95 74 21 47 30 1225 50 8 64 0 24 17 NA 17 NA 5 50 1 7 14 25 0 0 0 0 1 7 14 25 0 0 0 0 1 145 232 10976 4936 16 20 28
168 77 93 74 19 43 36 1220 49 2 67 0 21 17 NA 17 NA 9 49 1 6 13 23 0 0 0 0 1 6 13 23 0 0 0 0 0 120 233 11035 4933 22 19 26
169 81 91 72 19 44 32 1219 52 7 69 0 22 17 NA 17 NA 6 52 1 7 14 22 0 0 0 0 1 7 14 22 0 0 0 0 0 149 236 11111 4931 25 18 26
170 75 91 70 21 45 31 1208 61 5 72 0 22 17 NA 17 NA 6 61 1 8 12 24 0 0 0 0 1 8 12 24 0 0 0 0 1 135 238 11174 4928 29 15 28
171 71 90 69 21 46 27 1218 71 8 72 0 23.5 17 NA 17 NA 6 71 1 8 11 26 0 0 0 0 1 8 11 26 0 0 0 0 0 152 240 11227 4928 27 15 30
172 77 90 71 19 47 20 1208 47 6 74 0 23.5 17 NA 17 NA 1 47 0 10 11 26 0 0 0 0 0 10 11 26 0 0 0 0 1 131 242 11297 4926 29 16 29
173 73 89 69 20 42 22 1212 56 2 69 0 22 17 NA 17 NA 5 56 0 7 11 24 0 0 0 0 0 7 11 24 0 0 0 0 0 147 243 11365 4931 26 16 27
174 75 90 70 20 45 29 1210 70 4 70 0 22 17 NA 17 NA 10 70 1 8 10 26 0 0 0 0 1 8 10 26 0 0 0 0 2 147 244 11428 4930 28 15 27
175 72 91 71 20 47 22 1212 69 13 68 0 22 17 NA 17 NA 7 69 1 10 12 24 0 0 0 0 1 10 12 24 0 0 0 0 3 160 246 11496 4932 26 17 25
176 66 88 68 20 45 27 1197 60 4 65 0 20 17 NA 17 NA 7 60 1 9 12 23 0 0 0 0 1 9 12 23 0 0 0 0 0 138 246 11575 4935 23 18 24
177 63 88 69 19 48 25 1186 33 6 67 0 21 17 NA 17 NA 3 33 1 10 13 24 0 0 0 0 1 10 13 24 0 0 0 0 1 125 246 11663 4933 25 16 26
178 82 91 70 21 47 29 1163 63 3 68 0 22 17 NA 17 NA 6 63 0 11 11 25 0 0 0 0 0 11 11 25 0 0 0 0 4 139 246 11740 4932 27 14 27
179 78 89 69 20 45 29 1164 64 5 65 0 22 16 NA 16 NA 6 64 0 12 9 24 0 0 0 0 0 12 9 24 0 0 0 0 1 159 247 11807 4935 28 11 26
180 68 89 67 22 43 28 1199 59 5 64 0 22 16 NA 16 NA 3 59 1 8 12 22 0 0 0 0 1 8 12 22 0 0 0 0 2 163 247 11862 4936 23 17 24
181 91 86 64 22 41 24 1177 52 5 60 0 23 16 NA 16 NA 6 52 1 9 13 18 0 0 0 0 1 9 13 18 0 0 0 0 1 135 252 11943 4940 20 20 20
182 70 86 64 22 42 28 1173 62 4 61 0 23.5 16 NA 16 NA 7 62 1 8 16 17 0 0 0 0 1 8 16 17 0 0 0 0 2 141 252 12010 4939 18 24 19
183 74 86 63 23 41 29 1172 56 5 59 0 23 16 NA 16 NA 7 56 1 8 15 17 0 0 0 0 1 8 15 17 0 0 0 0 1 149 253 12085 4941 17 23 19
184 66 90 64 26 42 24 1198 63 9 61 0 23 16 NA 16 NA 5 63 1 9 14 18 0 0 0 0 1 9 14 18 0 0 0 0 1 170 255 12149 4939 16 25 20
185 95 88 60 28 42 30 1178 58 4 61 0 22 17 NA 17 NA 8 58 1 10 13 18 0 0 0 0 1 10 13 18 0 0 0 0 1 128 255 12223 4939 20 21 20
186 71 88 59 29 41 32 1171 63 6 61 0 21.5 17 NA 17 NA 8 63 1 7 16 17 0 0 0 0 1 7 16 17 0 0 0 0 1 141 255 12288 4939 18 23 20
187 85 86 57 29 41 32 1159 57 5 62 0 22.5 17 NA 17 NA 10 57 0 9 15 17 0 0 0 0 0 9 15 17 0 0 0 0 0 137 259 12356 4938 20 22 20
188 86 85 57 28 41 28 1157 56 3 62 0 23 17 NA 17 NA 5 56 0 9 14 18 0 0 0 0 0 9 14 18 0 0 0 0 1 144 262 12428 4938 20 20 22
189 74 85 58 27 41 29 1162 59 7 61 0 24 17 NA 17 NA 9 59 0 7 17 17 0 0 0 0 0 7 17 17 0 0 0 0 2 135 264 12479 4939 18 23 20
190 74 87 60 27 43 25 1166 47 8 65 0 24 16 NA 16 NA 2 47 0 7 19 17 0 0 0 0 0 7 19 17 0 0 0 0 2 135 264 12545 4935 20 25 20
191 90 87 60 27 42 29 1196 54 4 65 0 24 16 NA 16 NA 9 54 1 6 20 15 0 0 0 0 1 6 20 15 0 0 0 0 3 174 265 12612 4935 21 26 18
192 84 87 61 26 45 28 1177 42 6 66 0 24 16 NA 16 NA 3 42 1 7 18 19 0 0 0 0 1 7 18 19 0 0 0 0 2 136 265 12698 4934 21 22 23
193 93 90 63 27 45 35 1174 58 2 67 0 23 16 NA 16 NA 8 58 1 7 17 20 0 0 0 0 1 7 17 20 0 0 0 0 4 141 265 12759 4933 23 19 25
194 60 90 63 27 45 41 1163 63 3 67 0 21.5 16 NA 16 NA 9 63 1 8 14 22 0 0 0 0 1 8 14 22 0 0 0 0 2 136 266 12821 4933 23 16 28
195 65 86 60 26 46 39 1173 51 6 65 0 22 16 NA 16 NA 5 51 1 10 13 22 0 0 0 0 1 10 13 22 0 0 0 0 0 147 267 12890 4935 24 15 26
196 82 85 59 26 43 43 1173 60 2 64 0 23 16 NA 16 NA 7 60 0 10 12 21 0 0 0 0 0 10 12 21 0 0 0 0 1 158 268 12969 4936 24 14 26
197 76 86 60 26 45 47 1148 63 7 65 0 23 17 NA 17 NA 11 63 1 10 14 20 0 0 0 0 1 10 14 20 0 0 0 0 1 130 268 13039 4935 23 17 25
198 80 86 60 26 45 41 1187 46 8 66 0 23.5 17 NA 17 NA 4 46 1 9 13 22 0 0 0 0 1 9 13 22 0 0 0 0 0 160 270 13093 4934 23 16 27
199 80 83 57 26 44 36 1197 42 5 62 0 24 16 NA 16 NA 2 42 3 7 15 19 0 0 0 0 3 7 15 19 0 0 0 0 1 141 273 13163 4938 20 18 24
200 71 84 58 26 43 39 1199 56 2 61 0 22.5 17 NA 17 NA 9 56 3 8 13 19 0 0 0 0 3 8 13 19 0 0 0 0 3 147 277 13232 4939 20 17 24
201 90 83 57 26 43 46 1183 59 4 62 0 23 17 NA 17 NA 11 59 3 8 12 20 0 0 0 0 3 8 12 20 0 0 0 0 1 133 278 13302 4938 21 16 25
202 76 83 56 27 42 37 1173 65 7 61 0 24 16.5 NA 16.5 NA 3 65 3 6 11 22 0 0 0 0 3 6 11 22 0 0 0 0 1 131 280 13355 4939 17 17 27
203 81 83 56 27 39 38 1137 63 2 60 0 25 16 NA 16 NA 6 63 3 5 11 20 0 0 0 0 3 5 11 20 0 0 0 0 1 130 281 13434 4940 17 18 25
204 68 84 55 29 40 34 1139 57 3 61 0 24.5 16.5 NA 16.5 NA 3 57 1 5 12 22 0 0 0 0 1 5 12 22 0 0 0 0 1 139 285 13492 4939 17 18 26
205 82 82 57 25 38 43 1114 64 2 58 0 25 17 NA 17 NA 10 64 0 5 12 21 0 0 0 0 0 5 12 21 0 0 0 0 4 137 285 13562 4942 15 19 24
206 66 83 58 25 38 42 1121 54 6 59 0 25 17 NA 17 NA 5 54 0 5 13 20 0 0 0 0 0 5 13 20 0 0 0 0 2 153 286 13634 4941 15 20 24
207 80 85 59 26 38 45 1109 59 6 58 0 25 17 NA 17 NA 12 59 0 4 14 20 0 0 0 0 0 4 14 20 0 0 0 0 2 135 290 13699 4942 13 21 24
208 74 86 61 25 37 46 1115 50 3 59 0 25 17 NA 17 NA 5 50 0 3 14 20 0 0 0 0 0 3 14 20 0 0 0 0 1 140 291 13764 4941 13 22 24
209 92 85 58 27 36 45 1125 60 9 57 0 25 18 NA 18 NA 9 60 0 4 10 22 0 0 0 0 0 4 10 22 0 0 0 0 1 150 292 13824 4943 13 19 25
210 78 83 56 27 36 45 1131 63 6 55 0 25 18 NA 18 NA 7 63 0 4 10 22 0 0 0 0 0 4 10 22 0 0 0 0 0 162 294 13895 4945 13 17 25
211 71 82 55 27 37 39 1133 64 11 56 0 26.5 18 NA 18 NA 7 64 0 5 9 23 0 0 0 0 0 5 9 23 0 0 0 0 0 148 296 13958 4944 14 16 26
212 72 82 56 26 37 40 1138 55 6 58 0 25.5 18 NA 18 NA 8 55 0 5 9 23 0 0 0 0 0 5 9 23 0 0 0 0 0 147 297 14021 4942 16 16 26
213 82 82 56 26 36 37 1157 51 7 57 0 24 17.5 NA 17.5 NA 8 51 0 5 9 22 0 0 0 0 0 5 9 22 0 0 0 0 2 153 299 14080 4943 15 17 25
214 80 84 58 26 36 30 1181 41 8 59 0 24 17.5 NA 17.5 NA 4 41 0 5 8 23 0 0 0 0 0 5 8 23 0 0 0 0 1 139 303 14134 4941 17 14 28
215 70 83 56 27 36 28 1199 66 5 59 0 23 17.5 NA 17.5 NA 5 66 1 5 8 22 0 0 0 0 1 5 8 22 0 0 0 0 0 162 305 14196 4941 18 15 26
216 78 83 58 25 36 30 1184 71 4 58 0 22 17.5 NA 17.5 NA 9 71 1 5 8 22 0 0 0 0 1 5 8 22 0 0 0 0 0 144 308 14265 4942 18 14 26
217 87 81 56 25 35 29 1202 49 7 60 0 21 17 NA 17 NA 7 49 1 5 8 21 0 0 0 0 1 5 8 21 0 0 0 0 1 145 309 14320 4940 21 14 25
218 78 83 56 27 36 28 1178 54 4 62 0 22 17 NA 17 NA 4 54 1 6 7 22 0 0 0 0 1 6 7 22 0 0 0 0 0 128 310 14390 4938 22 13 27
219 77 83 57 26 36 29 1177 63 6 62 0 22 17.5 NA 17.5 NA 7 63 0 9 6 21 0 0 0 0 0 9 6 21 0 0 0 0 2 146 311 14457 4938 24 11 27
220 73 84 59 25 38 32 1205 60 2 62 0 20.5 17.5 NA 17.5 NA 8 60 0 9 7 22 0 0 0 0 0 9 7 22 0 0 0 0 3 166 313 14515 4938 23 10 29
221 79 87 62 25 38 37 1219 55 4 64 0 21 17.5 NA 17.5 NA 10 55 0 7 9 22 0 0 0 0 0 7 9 22 0 0 0 0 2 160 315 14584 4936 23 11 30
222 89 87 65 22 39 37 1198 53 9 60 0 19 18 NA 18 NA 8 53 0 11 10 18 0 0 0 0 0 11 10 18 0 0 0 0 3 127 315 14662 4940 24 11 25
223 74 88 66 22 40 32 1192 59 11 59 0 19.5 17.5 NA 17.5 NA 7 59 1 12 9 18 0 0 0 0 1 12 9 18 0 0 0 0 2 145 316 14734 4941 23 11 25
224 73 94 71 23 40 34 1203 48 4 59 0 19 17.5 NA 17.5 NA 7 48 1 9 12 18 0 0 0 0 1 9 12 18 0 0 0 0 4 137 317 14794 4941 20 13 26
225 79 94 71 23 39 32 1247 45 6 58 0 20 17 NA 17 NA 8 45 2 7 11 19 0 0 0 0 2 7 11 19 0 0 0 0 2 177 319 14864 4942 19 12 27
226 68 93 70 23 40 36 1232 62 5 60 0 21 17 NA 17 NA 9 62 2 8 11 19 0 0 0 0 2 8 11 19 0 0 0 0 1 138 321 14938 4940 20 13 27
227 87 92 70 22 40 34 1233 60 9 60 0 22 17 NA 17 NA 6 60 3 8 7 22 0 0 0 0 3 8 7 22 0 0 0 0 1 150 321 15009 4940 20 11 29
228 74 91 68 23 40 35 1217 66 4 61 0 23 17.5 NA 17.5 NA 9 66 2 8 6 24 0 0 0 0 2 8 6 24 0 0 0 0 1 138 322 15079 4939 20 11 30
229 79 92 69 23 40 35 1174 79 7 62 0 23 18 NA 18 NA 9 79 2 6 9 23 0 0 0 0 2 6 9 23 0 0 0 0 0 133 324 15154 4938 17 16 29
230 85 91 68 23 41 30 1181 57 11 60 0 23 18 NA 18 NA 5 57 2 7 10 22 0 0 0 0 2 7 10 22 0 0 0 0 2 147 324 15212 4940 15 17 28
231 78 90 67 23 39 31 1175 50 6 57 0 22 17 NA 17 NA 7 50 2 6 12 19 0 0 0 0 2 6 12 19 0 0 0 0 1 141 324 15287 4943 14 18 25
232 71 91 69 22 37 42 1172 58 1 58 0 22 17 NA 17 NA 13 58 0 6 13 18 0 0 0 0 0 6 13 18 0 0 0 0 2 139 325 15355 4942 15 19 24
233 81 95 73 22 39 47 1180 57 5 60 0 18 18 NA 18 NA 10 57 0 5 14 20 0 0 0 0 0 5 14 20 0 0 0 0 2 165 325 15431 4940 15 20 25
234 93 92 71 21 39 43 1190 52 6 62 0 19 18 NA 18 NA 6 52 0 6 14 19 0 0 0 0 0 6 14 19 0 0 0 0 0 147 327 15494 4938 18 20 24
235 90 92 70 22 39 48 1192 58 4 61 0 19 18 NA 18 NA 7 58 0 6 15 18 0 0 0 0 0 6 15 18 0 0 0 0 1 148 327 15562 4939 19 19 23
236 71 92 70 22 42 43 1189 49 11 65 0 19 18 NA 18 NA 9 49 2 7 12 21 0 0 0 0 2 7 12 21 0 0 0 0 2 134 328 15628 4935 25 16 24
237 70 91 69 22 42 48 1164 70 4 66 0 20 18 NA 18 NA 9 70 2 8 11 21 0 0 0 0 2 8 11 21 0 0 0 0 0 151 329 15714 4934 27 15 24
238 77 91 71 20 40 38 1158 58 9 63 0 18 16.5 NA 16.5 NA 4 58 2 9 10 19 0 0 0 0 2 9 10 19 0 0 0 0 3 131 331 15777 4937 26 15 22
239 79 93 73 20 40 39 1141 50 10 64 0 19 16.5 NA 16.5 NA 11 50 2 9 9 20 0 0 0 0 2 9 9 20 0 0 0 0 2 133 332 15848 4936 26 15 23
240 99 94 73 21 40 51 1135 73 4 66 0 19.5 16.5 NA 16.5 NA 18 73 2 8 9 21 0 0 0 0 2 8 9 21 0 0 0 0 0 152 334 15916 4934 26 15 25
241 77 95 74 21 42 45 1171 39 15 67 0 20 16.5 NA 16.5 NA 9 39 1 8 9 24 0 0 0 0 1 8 9 24 0 0 0 0 3 147 335 15972 4933 26 13 28
242 77 93 72 21 42 44 1165 64 8 68 0 20 16 NA 16 NA 9 64 1 10 8 23 0 0 0 0 1 10 8 23 0 0 0 0 0 145 337 16029 4932 28 12 28
243 77 90 70 20 40 43 1172 48 8 67 0 21 16 NA 16 NA 8 48 1 11 5 23 0 0 0 0 1 11 5 23 0 0 0 0 0 136 338 16090 4933 29 10 28
244 81 90 71 19 40 33 1165 53 6 67 0 21 16.5 NA 16.5 NA 1 53 1 10 6 23 0 0 0 0 1 10 6 23 0 0 0 0 1 140 340 16162 4933 28 11 28
245 84 89 70 19 38 32 1160 45 3 67 0 21 16 NA 16 NA 5 45 0 10 8 20 0 0 0 0 0 10 8 20 0 0 0 0 2 142 343 16244 4933 29 13 25
246 68 90 70 20 39 30 1148 62 3 65 0 22 17 NA 17 NA 4 62 0 9 11 19 0 0 0 0 0 9 11 19 0 0 0 0 1 132 348 16310 4935 26 16 23
247 71 91 71 20 37 34 1156 60 1 65 0 21 17 NA 17 NA 6 60 0 8 12 17 0 0 0 0 0 8 12 17 0 0 0 0 2 135 348 16369 4935 26 18 21
248 71 92 72 20 35 37 1162 77 3 65 0 20.5 17 NA 17 NA 8 77 0 6 14 15 0 0 0 0 0 6 14 15 0 0 0 0 2 157 349 16434 4935 23 23 19
249 87 88 68 20 33 34 1144 59 6 62 0 20.5 17 NA 17 NA 6 59 1 6 11 15 0 0 0 0 1 6 11 15 0 0 0 0 0 132 352 16510 4938 23 21 18
250 74 89 69 20 34 33 1141 54 6 63 0 21 17 NA 17 NA 6 54 1 8 11 14 0 0 0 0 1 8 11 14 0 0 0 0 1 138 353 16583 4937 24 21 18
251 59 90 69 21 35 34 1137 54 8 67 0 22 17 NA 17 NA 7 54 1 8 11 15 0 0 0 0 1 8 11 15 0 0 0 0 2 128 353 16644 4933 26 21 20
252 78 90 69 21 37 32 1121 53 6 67 0 22.5 17 NA 17 NA 6 53 0 11 11 15 0 0 0 0 0 11 11 15 0 0 0 0 0 121 356 16707 4933 25 21 21
253 68 91 68 23 37 30 1136 54 6 68 0 22 18 NA 18 NA 5 54 0 9 13 15 0 0 0 0 0 9 13 15 0 0 0 0 3 155 359 16773 4932 26 21 21
254 67 93 70 23 37 25 1140 59 5 66 0 22 19 NA 19 NA 1 59 0 9 14 14 0 0 0 0 0 9 14 14 0 0 0 0 3 145 361 16843 4934 23 23 20
255 85 95 74 21 39 31 1154 56 4 65 0 22 19 NA 19 NA 9 56 0 9 17 13 0 0 0 0 0 9 17 13 0 0 0 0 1 161 361 16911 4935 21 24 20
256 77 95 74 21 41 29 1147 47 7 66 0 23 19 NA 19 NA 6 47 1 9 16 15 0 0 0 0 1 9 16 15 0 0 0 0 0 124 363 16971 4934 20 24 22
257 77 97 76 21 41 35 1156 53 4 66 0 22 19 NA 19 NA 10 53 0 8 15 18 0 0 0 0 0 8 15 18 0 0 0 0 3 137 363 17028 4934 19 24 23
258 71 100 79 21 42 37 1187 55 8 69 0 22 19 NA 19 NA 10 55 0 8 12 22 0 0 0 0 0 8 12 22 0 0 0 0 2 165 364 17086 4931 22 21 26
259 78 95 77 18 39 31 1223 45 5 65 0 21 18 NA 18 NA 2 45 0 8 11 20 0 0 0 0 0 8 11 20 0 0 0 0 0 163 366 17153 4935 20 20 25
260 74 95 77 18 41 29 1254 41 6 68 0 22 19 NA 19 NA 4 41 0 7 13 21 0 0 0 0 0 7 13 21 0 0 0 0 1 167 367 17232 4932 22 19 27
261 74 96 79 17 39 28 1248 58 2 66 0 22 19 NA 19 NA 5 58 0 7 12 20 0 0 0 0 0 7 12 20 0 0 0 0 3 145 370 17307 4934 22 19 25
262 78 95 78 17 37 31 1210 75 4 65 0 22 19 NA 19 NA 8 75 0 7 12 18 0 0 0 0 0 7 12 18 0 0 0 0 1 124 372 17382 4935 21 20 24
263 78 95 78 17 40 27 1213 55 8 66 0 23 19 NA 19 NA 3 55 1 5 14 20 0 0 0 0 1 5 14 20 0 0 0 0 1 132 372 17441 4934 19 21 26
264 89 95 78 17 39 28 1201 62 5 64 0 23 20 NA 20 NA 8 62 1 5 14 19 0 0 0 0 1 5 14 19 0 0 0 0 2 136 374 17506 4936 18 21 25
265 72 95 76 19 39 27 1223 57 5 64 0 20 19 NA 19 NA 5 57 1 5 13 20 0 0 0 0 1 5 13 20 0 0 0 0 0 166 376 17577 4936 19 20 25
266 62 95 76 19 39 29 1211 64 4 67 0 21 19 NA 19 NA 6 64 1 6 11 21 0 0 0 0 1 6 11 21 0 0 0 0 1 146 377 17647 4933 23 17 27
267 80 99 78 21 39 36 1183 64 4 70 0 20 20 NA 20 NA 10 64 1 7 10 21 0 0 0 0 1 7 10 21 0 0 0 0 5 133 377 17726 4930 27 16 27
268 71 103 80 23 43 39 1204 68 7 71 0 20 19 NA 19 NA 10 68 1 9 10 23 0 0 0 0 1 9 10 23 0 0 0 0 3 161 379 17784 4929 27 15 29
269 78 104 81 23 43 37 1220 59 8 74 0 21 19 NA 19 NA 6 59 0 9 10 24 0 0 0 0 0 9 10 24 0 0 0 0 1 161 379 17849 4926 28 15 31
270 69 102 79 23 42 39 1203 60 6 73 0 22 19.5 NA 19.5 NA 11 60 0 10 9 23 0 0 0 0 0 10 9 23 0 0 0 0 0 143 382 17931 4927 26 17 30
271 86 104 81 23 42 30 1199 44 7 73 0 21.5 20 NA 20 NA 2 44 0 9 11 22 0 0 0 0 0 9 11 22 0 0 0 0 3 143 385 18011 4927 25 18 30
272 54 105 83 22 41 36 1187 74 6 73 0 22 20 NA 20 NA 12 74 0 9 10 22 0 0 0 0 0 9 10 22 0 0 0 0 1 155 385 18090 4927 23 20 30
273 91 103 81 22 41 36 1195 42 6 74 0 22 20 NA 20 NA 5 42 0 8 11 22 0 0 0 0 0 8 11 22 0 0 0 0 1 148 386 18164 4926 25 20 29
274 90 100 78 22 40 35 1188 62 3 72 0 21 20.5 NA 20.5 NA 5 62 0 7 11 22 0 0 0 0 0 7 11 22 0 0 0 0 1 137 387 18222 4928 25 18 29
275 95 100 78 22 43 41 1158 72 6 72 0 21.5 20 NA 20 NA 11 72 1 9 10 23 0 0 0 0 1 9 10 23 0 0 0 0 2 130 387 18289 4928 25 17 30
276 84 99 77 22 44 38 1170 61 8 71 0 22 20 NA 20 NA 4 61 2 11 9 22 0 0 0 0 2 11 9 22 0 0 0 0 1 146 388 18346 4929 26 16 29
277 77 97 76 21 43 32 1163 67 9 70 0 23 20 NA 20 NA 6 67 2 9 10 22 0 0 0 0 2 9 10 22 0 0 0 0 0 151 391 18417 4930 25 18 27
278 82 97 76 21 42 32 1174 51 6 68 0 23 18 NA 18 NA 6 51 2 8 12 20 0 0 0 0 2 8 12 20 0 0 0 0 2 141 392 18476 4932 21 22 25
279 71 95 74 21 43 29 1173 48 7 70 0 22 18 NA 18 NA 5 48 1 10 14 18 0 0 0 0 1 10 14 18 0 0 0 0 2 125 395 18539 4930 23 24 23
280 88 93 73 20 43 34 1139 58 4 73 0 23 18 NA 18 NA 11 58 1 10 13 19 0 0 0 0 1 10 13 19 0 0 0 0 1 138 397 18629 4927 27 22 24
281 64 90 71 19 40 30 1137 47 8 73 0 24 17.5 NA 17.5 NA 5 47 0 8 14 18 0 0 0 0 0 8 14 18 0 0 0 0 0 133 398 18699 4927 26 23 24
282 86 90 71 19 40 29 1149 45 7 72 0 24.5 18.5 NA 18.5 NA 9 45 0 9 11 20 0 0 0 0 0 9 11 20 0 0 0 0 2 142 399 18758 4928 25 21 26
283 88 91 72 19 39 28 1147 52 5 73 0 24 18 NA 18 NA 3 52 0 8 11 20 0 0 0 0 0 8 11 20 0 0 0 0 2 141 399 18830 4927 27 20 26
284 79 88 70 18 39 28 1144 69 5 70 0 23 16 NA 16 NA 6 69 1 9 10 19 0 0 0 0 1 9 10 19 0 0 0 0 1 160 400 18905 4930 27 17 26
285 92 88 69 19 38 34 1161 60 4 71 0 24 16 NA 16 NA 10 60 1 7 11 19 0 0 0 0 1 7 11 19 0 0 0 0 0 162 400 18967 4929 25 20 26
286 88 89 69 20 42 36 1155 56 9 70 0 25 16.5 NA 16.5 NA 11 56 1 9 12 20 0 0 0 0 1 9 12 20 0 0 0 0 1 139 402 19029 4930 23 20 27
287 75 89 69 20 41 35 1172 63 6 68 0 23 16 NA 16 NA 6 63 2 10 12 17 0 0 0 0 2 10 12 17 0 0 0 0 1 164 403 19095 4932 24 19 25
288 72 93 73 20 43 26 1186 56 8 70 0 23 16 NA 16 NA 1 56 3 10 13 17 0 0 0 0 3 10 13 17 0 0 0 0 2 162 405 19169 4930 24 21 25
289 65 92 73 19 42 36 1189 66 5 68 0 23 16 NA 16 NA 13 66 3 8 14 17 0 0 0 0 3 8 14 17 0 0 0 0 1 149 405 19237 4932 22 21 25
290 64 93 74 19 44 33 1194 62 11 70 0 23 16.5 NA 16.5 NA 8 62 2 11 13 18 0 0 0 0 2 11 13 18 0 0 0 0 1 138 406 19292 4930 24 18 28
291 73 94 76 18 48 38 1181 60 7 71 0 24 17 NA 17 NA 12 60 1 13 13 21 0 0 0 0 1 13 13 21 0 0 0 0 2 128 407 19353 4929 21 19 31
292 67 98 77 21 47 40 1187 57 5 71 0 24.5 17 NA 17 NA 8 57 1 10 16 20 0 0 0 0 1 10 16 20 0 0 0 0 2 140 408 19415 4929 17 24 30
293 88 97 78 19 44 37 1191 60 5 67 0 25 16 NA 16 NA 6 60 1 10 14 19 0 0 0 0 1 10 14 19 0 0 0 0 1 149 410 19478 4933 15 23 29
294 70 97 77 20 44 37 1214 43 4 69 0 26 16 NA 16 NA 4 43 0 11 14 19 0 0 0 0 0 11 14 19 0 0 0 0 1 154 410 19546 4931 17 22 30
295 77 98 77 21 42 32 1181 75 7 67 0 24.5 16 NA 16 NA 4 75 0 9 15 18 0 0 0 0 0 9 15 18 0 0 0 0 5 139 413 19628 4933 15 23 29
296 69 97 77 20 41 36 1185 54 2 67 0 25 16 NA 16 NA 8 54 0 9 14 18 0 0 0 0 0 9 14 18 0 0 0 0 0 139 414 19690 4933 16 22 29
297 79 96 77 19 40 37 1197 58 7 65 0 25 16 NA 16 NA 10 58 0 8 15 17 0 0 0 0 0 8 15 17 0 0 0 0 1 156 417 19760 4935 15 21 29
298 53 94 77 17 37 31 1215 54 8 65 0 24.5 16 NA 16 NA 4 54 0 7 13 17 0 0 0 0 0 7 13 17 0 0 0 0 1 142 418 19812 4935 17 19 29
299 89 93 76 17 38 28 1205 54 10 66 0 25 16 NA 16 NA 5 54 0 8 13 17 0 0 0 0 0 8 13 17 0 0 0 0 1 152 419 19894 4934 19 19 28
300 76 93 76 17 37 33 1165 71 2 69 0 24 16 NA 16 NA 9 71 0 7 14 16 0 0 0 0 0 7 14 16 0 0 0 0 0 140 420 19983 4931 21 20 28
301 101 95 80 15 34 40 1165 58 2 63 0 19 16 NA 16 NA 9 58 0 7 12 15 0 0 0 0 0 7 12 15 0 0 0 0 5 150 420 20053 4937 19 18 26
302 73 96 81 15 36 34 1185 54 9 64 0 20 16 NA 16 NA 5 54 1 6 14 15 0 0 0 0 1 6 14 15 0 0 0 0 0 148 423 20114 4936 19 19 26
303 69 97 81 16 41 30 1189 67 9 66 0 21 16 NA 16 NA 4 67 2 8 13 18 0 0 0 0 2 8 13 18 0 0 0 0 0 141 424 20169 4934 20 17 29
304 55 99 81 18 42 31 1231 53 2 71 0 22 15.5 NA 15.5 NA 5 53 3 7 11 21 0 0 0 0 3 7 11 21 0 0 0 0 0 163 426 20227 4929 24 14 33
305 84 99 80 19 42 29 1229 47 3 72 0 22 15.5 NA 15.5 NA 4 47 3 7 10 22 0 0 0 0 3 7 10 22 0 0 0 0 1 150 429 20301 4928 26 12 34
306 83 101 83 18 43 35 1227 49 1 72 0 20 15 NA 15 NA 7 49 4 6 10 23 0 0 0 0 4 6 10 23 0 0 0 0 2 138 429 20364 4928 25 13 34
307 77 102 84 18 45 38 1232 66 6 76 0 21 15 NA 15 NA 10 66 3 7 10 25 0 0 0 0 3 7 10 25 0 0 0 0 0 168 430 20441 4924 27 12 37
308 75 101 83 18 44 48 1211 75 3 76 0 22 15.5 NA 15.5 NA 13 75 3 7 10 24 0 0 0 0 3 7 10 24 0 0 0 0 0 141 431 20508 4924 27 13 36
309 76 103 85 18 46 40 1196 48 11 76 0 22 16 NA 16 NA 5 48 2 10 8 26 0 0 0 0 2 10 8 26 0 0 0 0 1 140 433 20592 4924 29 11 36
310 81 101 83 18 44 43 1191 63 4 74 0 23 16 NA 16 NA 14 63 1 8 9 26 0 0 0 0 1 8 9 26 0 0 0 0 0 143 437 20656 4926 26 13 35
311 70 102 83 19 46 41 1197 54 8 74 0 23 16 NA 16 NA 5 54 0 9 11 26 0 0 0 0 0 9 11 26 0 0 0 0 3 154 437 20724 4926 24 16 34
312 93 102 82 20 45 33 1204 55 9 73 0 23.5 16 NA 16 NA 5 55 0 9 10 26 0 0 0 0 0 9 10 26 0 0 0 0 1 151 440 20796 4927 22 16 35
313 61 103 83 20 44 36 1212 56 5 79 0 22 15.5 NA 15.5 NA 9 56 0 9 10 25 0 0 0 0 0 9 10 25 0 0 0 0 3 142 442 20861 4921 29 17 33
314 79 104 80 24 45 31 1211 45 6 78 0 22 16 NA 16 NA 4 45 0 11 8 26 0 0 0 0 0 11 8 26 0 0 0 0 0 136 445 20930 4922 29 15 34
315 44 104 81 23 43 43 1239 61 6 77 0 23 16 NA 16 NA 18 61 0 10 8 25 0 0 0 0 0 10 8 25 0 0 0 0 2 157 445 20991 4923 28 16 33
316 72 104 81 23 40 41 1212 66 10 75 0 23 16 NA 16 NA 7 66 0 8 9 23 0 0 0 0 0 8 9 23 0 0 0 0 2 139 446 21070 4925 25 19 31
317 70 106 83 23 45 35 1198 51 14 75 0 22.5 16 NA 16 NA 8 51 0 9 13 23 0 0 0 0 0 9 13 23 0 0 0 0 2 138 448 21148 4925 23 21 31
318 88 102 79 23 43 35 1196 65 6 75 0 23.5 16 NA 16 NA 7 65 0 9 12 22 0 0 0 0 0 9 12 22 0 0 0 0 0 144 449 21210 4925 24 21 30
319 82 101 79 22 41 36 1172 44 6 72 0 24 16 NA 16 NA 7 44 0 6 13 22 0 0 0 0 0 6 13 22 0 0 0 0 3 126 449 21290 4928 20 22 30
320 72 97 77 20 43 42 1168 54 6 71 0 25 17 NA 17 NA 14 54 0 7 14 22 0 0 0 0 0 7 14 22 0 0 0 0 0 144 452 21360 4929 19 22 30
321 86 98 79 19 45 41 1171 55 4 73 0 26 16 NA 16 NA 7 55 1 6 16 22 0 0 0 0 1 6 16 22 0 0 0 0 2 147 455 21432 4927 20 23 30
322 83 97 77 20 43 45 1167 58 5 70 0 27 17 NA 17 NA 11 58 1 4 15 23 0 0 0 0 1 4 15 23 0 0 0 0 2 133 457 21497 4930 18 21 31
323 70 99 79 20 43 46 1168 51 4 72 0 26 17 NA 17 NA 7 51 1 4 13 25 0 0 0 0 1 4 13 25 0 0 0 0 0 147 459 21576 4928 20 19 33
324 54 98 79 19 44 40 1155 51 9 73 0 28 17 NA 17 NA 3 51 0 6 12 26 0 0 0 0 0 6 12 26 0 0 0 0 1 132 459 21662 4927 20 18 35
325 78 98 79 19 45 40 1171 54 2 77 0 29 17 NA 17 NA 4 54 0 5 13 27 0 0 0 0 0 5 13 27 0 0 0 0 0 155 460 21723 4923 19 22 36
326 80 100 81 19 46 49 1159 73 3 79 0 28.5 17 NA 17 NA 9 73 0 7 13 26 0 0 0 0 0 7 13 26 0 0 0 0 2 143 460 21787 4921 21 23 35
327 85 100 81 19 46 46 1161 56 8 78 0 26.5 16.5 NA 16.5 NA 7 56 0 8 13 25 0 0 0 0 0 8 13 25 0 0 0 0 2 159 460 21859 4922 21 22 35
328 77 102 81 21 48 41 1166 58 9 80 0 27 17 NA 17 NA 6 58 0 9 13 26 0 0 0 0 0 9 13 26 0 0 0 0 2 153 465 21922 4920 24 19 37
329 59 106 85 21 48 44 1166 60 5 84 0 28 17 NA 17 NA 8 60 0 8 12 28 0 0 0 0 0 8 12 28 0 0 0 0 2 145 465 21989 4916 26 18 40
330 58 105 84 21 50 44 1184 49 5 84 0 29 17 NA 17 NA 7 49 1 7 14 28 0 0 0 0 1 7 14 28 0 0 0 0 0 139 467 22048 4916 23 20 41
331 85 104 83 21 50 44 1233 47 4 82 0 27 16.5 NA 16.5 NA 7 47 2 7 10 31 0 0 0 0 2 7 10 31 0 0 0 0 1 185 467 22119 4918 24 16 42
332 67 100 79 21 50 43 1246 59 5 78 0 26.5 17 NA 17 NA 6 59 2 9 10 29 0 0 0 0 2 9 10 29 0 0 0 0 0 166 470 22194 4922 24 15 39
333 62 100 80 20 50 40 1233 48 9 79 0 27 17 NA 17 NA 11 48 2 7 11 30 0 0 0 0 2 7 11 30 0 0 0 0 0 139 476 22277 4921 22 17 40
334 86 103 83 20 52 45 1231 56 5 80 0 28 17 NA 17 NA 11 56 2 8 11 31 0 0 0 0 2 8 11 31 0 0 0 0 2 134 479 22334 4920 23 16 41
335 82 101 80 21 52 36 1210 49 11 79 0 26 17 NA 17 NA 9 49 2 8 13 29 0 0 0 0 2 8 13 29 0 0 0 0 1 122 485 22409 4921 23 18 38
336 82 100 79 21 52 35 1208 63 5 79 0 27 17 NA 17 NA 5 63 2 8 13 29 0 0 0 0 2 8 13 29 0 0 0 0 0 149 486 22472 4921 23 18 38
337 88 97 79 18 51 41 1190 57 5 73 0 28 17 NA 17 NA 9 57 2 6 14 29 0 0 0 0 2 6 14 29 0 0 0 0 0 133 486 22541 4927 19 17 37
338 75 96 79 17 45 48 1215 55 3 68 0 25 17 NA 17 NA 11 55 2 4 12 27 0 0 0 0 2 4 12 27 0 0 0 0 3 160 486 22606 4932 17 16 35
339 84 99 82 17 47 45 1193 65 6 69 0 25 17 NA 17 NA 6 65 2 5 11 29 0 0 0 0 2 5 11 29 0 0 0 0 2 137 488 22683 4931 17 16 36
340 76 101 84 17 46 51 1191 56 1 71 0 25 18 NA 18 NA 8 56 1 6 11 28 0 0 0 0 1 6 11 28 0 0 0 0 1 149 489 22754 4929 18 18 35
341 74 103 86 17 45 49 1185 66 7 73 0 25 17 NA 17 NA 9 66 1 4 11 29 0 0 0 0 1 4 11 29 0 0 0 0 0 146 491 22817 4927 17 20 36
342 74 103 87 16 43 48 1194 62 7 71 0 26 19 NA 19 NA 7 62 1 4 6 32 0 0 0 0 1 4 6 32 0 0 0 0 0 158 492 22888 4929 17 15 39
343 73 106 89 17 45 48 1171 60 9 73 0 25 19 NA 19 NA 11 60 0 7 6 32 0 0 0 0 0 7 6 32 0 0 0 0 3 153 495 22980 4927 19 14 40
344 60 105 86 19 46 43 1179 63 8 71 0 25 17 NA 17 NA 4 63 1 8 6 31 0 0 0 0 1 8 6 31 0 0 0 0 0 151 496 23046 4929 18 14 39
345 83 110 90 20 45 42 1206 57 2 72 0 23 17 NA 17 NA 4 57 1 6 4 34 0 0 0 0 1 6 4 34 0 0 0 0 3 149 498 23098 4928 18 11 43
346 80 111 90 21 43 40 1171 61 7 73 0 20 17 NA 17 NA 9 61 1 5 6 31 0 0 0 0 1 5 6 31 0 0 0 0 3 116 502 23169 4927 20 13 40
347 77 111 90 21 44 40 1187 73 6 73 0 20 18 NA 18 NA 8 73 2 6 6 30 0 0 0 0 2 6 6 30 0 0 0 0 1 157 503 23218 4927 20 14 39
348 77 113 90 23 45 42 1191 58 7 70 0 19 17 NA 17 NA 10 58 3 7 6 29 0 0 0 0 3 7 6 29 0 0 0 0 3 164 505 23297 4930 20 13 37
349 86 111 89 22 44 39 1170 58 10 72 0 20 17 NA 17 NA 8 58 1 10 5 28 0 0 0 0 1 10 5 28 0 0 0 0 0 137 507 23367 4928 24 11 37
350 88 109 87 22 45 28 1175 52 12 74 0 21 16 NA 16 NA 4 52 2 11 4 28 0 0 0 0 2 11 4 28 0 0 0 0 2 154 511 23434 4926 27 11 36
351 67 110 88 22 46 28 1198 61 5 72 0 18 16.5 NA 16.5 NA 7 61 1 13 5 27 0 0 0 0 1 13 5 27 0 0 0 0 3 155 515 23493 4928 27 11 34
352 72 111 91 20 46 33 1201 56 5 74 0 18 16.5 NA 16.5 NA 10 56 1 12 7 26 0 0 0 0 1 12 7 26 0 0 0 0 4 160 517 23573 4926 29 12 33
353 81 110 88 22 43 34 1214 61 7 72 0 16 17 NA 17 NA 8 61 0 9 11 23 0 0 0 0 0 9 11 23 0 0 0 0 2 158 518 23635 4928 28 15 29
354 77 110 88 22 46 32 1216 48 9 73 0 17 16.5 NA 16.5 NA 7 48 0 11 12 23 0 0 0 0 0 11 12 23 0 0 0 0 0 143 519 23706 4927 29 15 29
355 75 110 89 21 44 31 1226 56 4 73 0 18 16.5 NA 16.5 NA 5 56 1 8 14 21 0 0 0 0 1 8 14 21 0 0 0 0 3 146 520 23770 4927 28 17 28
356 83 109 89 20 44 27 1203 63 5 71 0 18 16.5 NA 16.5 NA 5 63 1 9 14 20 0 0 0 0 1 9 14 20 0 0 0 0 4 129 525 23835 4929 28 17 26
357 67 110 90 20 44 33 1181 52 1 77 0 19 16.5 NA 16.5 NA 7 52 1 8 13 22 0 0 0 0 1 8 13 22 0 0 0 0 1 124 525 23913 4923 32 17 28
358 69 108 88 20 43 27 1191 61 9 78 0 20 16 NA 16 NA 4 61 1 7 12 23 0 0 0 0 1 7 12 23 0 0 0 0 1 142 526 23969 4922 30 19 29
359 87 113 92 21 44 30 1169 47 4 79 0 21 16.5 NA 16.5 NA 6 47 1 8 12 23 0 0 0 0 1 8 12 23 0 0 0 0 2 124 527 24044 4921 30 19 30
360 75 110 88 22 42 31 1156 54 4 80 0 20.5 16 NA 16 NA 5 54 0 10 12 20 0 0 0 0 0 10 12 20 0 0 0 0 1 139 528 24127 4920 35 18 27
