1 66 100 85 15 46 30 1227 69 15 75 0 25.5 18 NA 18 NA 12 69 1 5 17 23 0 0 0 0 1 5 17 23 0 0 0 0 4 142 0 0 4925 18 27 30
2 77 104 88 16 46 33 1304 50 8 75 0 26 18 NA 18 NA 11 50 1 4 17 24 0 0 0 0 1 4 17 24 0 0 0 0 4 146 0 0 4925 18 26 31
3 79 106 90 16 45 32 1346 77 8 75 0 26 18 NA 18 NA 7 77 1 4 17 23 0 0 0 0 1 4 17 23 0 0 0 0 3 147 0 0 4925 18 26 31
4 80 109 94 15 46 36 1398 67 4 74 0 25 18 NA 18 NA 8 67 2 4 16 24 0 0 0 0 2 4 16 24 0 0 0 0 3 141 0 0 4926 18 26 30
5 61 109 95 14 46 37 1430 69 6 75 0 25 18 NA 18 NA 7 69 2 5 16 23 0 0 0 0 2 5 16 23 0 0 0 0 1 126 0 0 4925 20 26 29
6 72 109 93 16 45 44 1463 75 4 74 0 26 18 NA 18 NA 11 75 1 3 16 25 0 0 0 0 1 3 16 25 0 0 0 0 2 133 0 0 4926 17 25 32
7 81 107 92 15 44 59 1514 82 5 72 0 25 18 NA 18 NA 18 82 1 4 15 24 0 0 0 0 1 4 15 24 0 0 0 0 1 155 0 0 4928 17 22 33
8 86 110 94 16 46 61 1518 90 15 73 0 24.5 18 NA 18 NA 15 90 1 5 16 24 0 0 0 0 1 5 16 24 0 0 0 0 4 127 0 0 4927 16 23 34
9 78 110 94 16 47 59 1559 66 8 74 0 25.5 18 NA 18 NA 8 66 1 4 15 27 0 0 0 0 1 4 15 27 0 0 0 0 2 135 0 0 4926 16 22 36
10 76 108 91 17 47 61 1543 103 8 77 0 26 18 NA 18 NA 9 103 1 6 13 27 0 0 0 0 1 6 13 27 0 0 0 0 0 111 0 0 4923 20 21 36
11 89 108 91 17 47 67 1580 77 8 77 0 26.5 18 NA 18 NA 16 77 1 5 12 29 0 0 0 0 1 5 12 29 0 0 0 0 1 142 0 0 4923 18 20 39
12 92 109 92 17 48 62 1564 76 10 75 0 25 18 NA 18 NA 6 76 1 6 9 32 0 0 0 0 1 6 9 32 0 0 0 0 4 93 0 0 4925 17 18 40
13 84 109 92 17 46 60 1029 48 4 76 0 26 18 NA 18 NA 9 48 1 6 7 32 0 0 0 0 1 6 7 32 0 0 0 0 0 114 7 587 4924 20 15 41
14 64 111 94 17 48 53 1041 49 9 79 0 23 18 NA 18 NA 4 49 0 9 7 32 0 0 0 0 0 9 7 32 0 0 0 0 3 143 11 656 4921 24 15 40
15 71 114 98 16 49 51 1028 55 6 79 0 21.5 18 NA 18 NA 8 55 1 8 7 33 0 0 0 0 1 8 7 33 0 0 0 0 3 128 15 717 4921 25 14 40
16 61 114 97 17 50 50 1046 52 7 82 0 22 18 NA 18 NA 7 52 1 9 8 32 0 0 0 0 1 9 8 32 0 0 0 0 4 154 18 785 4918 27 15 40
17 85 116 99 17 55 44 1086 47 10 82 0 21.5 18 NA 18 NA 6 47 1 11 11 32 0 0 0 0 1 11 11 32 0 0 0 0 3 170 22 847 4918 27 16 39
18 71 118 100 18 58 49 1113 55 6 84 0 21 18 NA 18 NA 11 55 2 10 12 34 0 0 0 0 2 10 12 34 0 0 0 0 1 154 23 904 4916 27 16 41
19 81 118 100 18 57 51 1136 39 5 84 0 21 18 NA 18 NA 9 39 1 10 14 32 0 0 0 0 1 10 14 32 0 0 0 0 1 144 25 964 4916 28 16 40
20 93 115 95 20 55 45 1145 50 3 83 0 22 18 NA 18 NA 4 50 1 9 13 32 0 0 0 0 1 9 13 32 0 0 0 0 0 136 31 1021 4917 28 15 40
21 80 110 90 20 52 42 1162 56 7 78 0 23 18 NA 18 NA 7 56 1 9 11 31 0 0 0 0 1 9 11 31 0 0 0 0 0 156 34 1081 4922 27 13 38
22 91 113 91 22 52 39 1170 66 7 78 0 21 18 NA 18 NA 3 66 1 8 14 29 0 0 0 0 1 8 14 29 0 0 0 0 6 149 34 1130 4922 25 18 35
23 88 115 92 23 52 42 1163 61 5 79 0 21 18 NA 18 NA 9 61 1 7 13 31 0 0 0 0 1 7 13 31 0 0 0 0 2 149 35 1197 4921 25 17 37
24 67 112 91 21 52 30 1182 60 8 80 0 22 18 NA 18 NA 4 60 1 8 11 32 0 0 0 0 1 8 11 32 0 0 0 0 0 130 42 1239 4920 28 15 37
25 64 113 92 21 54 29 1207 57 4 81 0 23 18 NA 18 NA 3 57 2 9 11 32 0 0 0 0 2 9 11 32 0 0 0 0 3 159 44 1300 4919 27 18 36
26 73 113 91 22 54 37 1200 54 4 80 0 23 18 NA 18 NA 12 54 1 9 13 31 0 0 0 0 1 9 13 31 0 0 0 0 2 133 45 1372 4920 24 22 34
27 87 117 94 23 56 40 1208 57 9 84 0 24 18 NA 18 NA 10 57 2 8 13 33 0 0 0 0 2 8 13 33 0 0 0 0 4 137 45 1426 4916 25 23 36
28 81 117 93 24 57 32 1198 55 12 85 0 24 18 NA 18 NA 7 55 2 7 15 33 0 0 0 0 2 7 15 33 0 0 0 0 1 140 48 1503 4915 24 24 37
29 75 118 93 25 56 34 1191 50 5 87 0 25 18 NA 18 NA 7 50 1 7 16 32 0 0 0 0 1 7 16 32 0 0 0 0 4 141 49 1578 4913 26 25 36
30 82 118 93 25 58 34 1188 71 7 89 0 26 18 NA 18 NA 9 71 1 8 15 34 0 0 0 0 1 8 15 34 0 0 0 0 0 161 51 1646 4911 26 25 38
31 69 120 94 26 57 37 1184 66 5 88 0 24.5 18 NA 18 NA 11 66 1 8 15 33 0 0 0 0 1 8 15 33 0 0 0 0 4 147 54 1711 4912 26 25 37
32 82 118 91 27 58 29 1178 53 10 87 0 24.5 18 NA 18 NA 6 53 2 9 15 32 0 0 0 0 2 9 15 32 0 0 0 0 1 143 57 1783 4913 26 26 35
33 85 115 90 25 58 28 1176 46 8 83 0 25 18 NA 18 NA 6 46 3 11 14 30 0 0 0 0 3 11 14 30 0 0 0 0 2 146 57 1865 4917 25 25 33
34 61 119 93 26 61 30 1182 52 6 87 0 23 18 NA 18 NA 8 52 3 13 13 32 0 0 0 0 3 13 13 32 0 0 0 0 4 136 57 1934 4913 28 22 37
35 91 118 92 26 59 30 1163 62 5 86 0 23 18 NA 18 NA 5 62 2 12 13 32 0 0 0 0 2 12 13 32 0 0 0 0 1 137 58 2007 4914 28 22 36
36 82 116 90 26 56 31 1168 61 4 82 0 22.5 18 NA 18 NA 7 61 2 10 16 28 0 0 0 0 2 10 16 28 0 0 0 0 1 144 60 2067 4918 26 25 31
37 71 118 92 26 57 29 1151 61 4 84 0 22.5 18 NA 18 NA 2 61 0 10 18 29 0 0 0 0 0 10 18 29 0 0 0 0 2 147 60 2147 4916 27 24 33
38 74 118 92 26 55 30 1159 67 7 84 0 22.5 18 NA 18 NA 8 67 0 10 13 32 0 0 0 0 0 10 13 32 0 0 0 0 1 153 61 2209 4916 28 20 36
39 79 119 93 26 54 27 1156 45 5 85 0 23 17.5 NA 17.5 NA 4 45 0 11 11 32 0 0 0 0 0 11 11 32 0 0 0 0 3 130 63 2273 4915 28 21 36
40 79 121 95 26 54 35 1141 72 4 87 0 23 17.5 NA 17.5 NA 13 72 0 10 10 34 0 0 0 0 0 10 10 34 0 0 0 0 2 137 64 2336 4913 27 21 39
41 86 118 93 25 52 37 1142 58 8 87 0 24 18 NA 18 NA 11 58 0 8 10 34 0 0 0 0 0 8 10 34 0 0 0 0 1 153 67 2408 4913 26 23 38
42 76 121 95 26 53 34 1152 52 9 87 0 25 18 NA 18 NA 5 52 0 9 9 35 0 0 0 0 0 9 9 35 0 0 0 0 2 148 68 2470 4913 24 23 40
43 72 117 91 26 55 30 1164 57 8 89 0 26 18 NA 18 NA 4 57 0 8 13 34 0 0 0 0 0 8 13 34 0 0 0 0 0 153 70 2532 4911 27 23 39
44 81 116 90 26 56 30 1163 44 5 88 0 26 18 NA 18 NA 5 44 0 9 12 35 0 0 0 0 0 9 12 35 0 0 0 0 1 130 70 2600 4912 27 21 40
45 69 114 88 26 53 32 1187 54 6 85 0 24 18 NA 18 NA 9 54 0 9 10 34 0 0 0 0 0 9 10 34 0 0 0 0 1 157 70 2664 4915 28 18 39
46 69 114 88 26 53 28 1180 61 6 86 0 24 18 NA 18 NA 3 61 1 6 13 33 0 0 0 0 1 6 13 33 0 0 0 0 3 132 70 2726 4914 27 19 40
47 73 112 86 26 53 30 1184 49 5 84 0 24 16 NA 16 NA 6 49 1 8 13 31 0 0 0 0 1 8 13 31 0 0 0 0 1 134 71 2787 4916 27 20 37
48 83 116 89 27 54 30 1176 56 8 85 0 23 16 NA 16 NA 8 56 1 8 13 32 0 0 0 0 1 8 13 32 0 0 0 0 5 138 72 2851 4915 28 19 38
49 74 115 87 28 55 33 1173 67 4 85 0 24 17 NA 17 NA 8 67 1 6 15 33 0 0 0 0 1 6 15 33 0 0 0 0 1 161 72 2929 4915 27 20 38
50 76 115 87 28 55 32 1181 48 8 87 0 24 17 NA 17 NA 6 48 1 7 15 32 0 0 0 0 1 7 15 32 0 0 0 0 0 146 72 3005 4913 27 23 37
51 89 110 83 27 50 34 1171 51 6 84 0 24 16 NA 16 NA 9 51 1 7 13 29 0 0 0 0 1 7 13 29 0 0 0 0 1 122 74 3071 4916 27 23 34
52 73 108 81 27 50 30 1169 57 8 86 0 25 16 NA 16 NA 6 57 1 7 12 30 0 0 0 0 1 7 12 30 0 0 0 0 0 141 74 3139 4914 29 22 35
53 69 109 82 27 50 25 1171 55 4 87 0 26 16 NA 16 NA 5 55 1 6 12 31 0 0 0 0 1 6 12 31 0 0 0 0 1 147 79 3210 4913 28 23 36
54 75 113 86 27 52 23 1160 75 5 89 0 26 15.5 NA 15.5 NA 5 75 1 8 12 31 0 0 0 0 1 8 12 31 0 0 0 0 3 149 80 3276 4911 30 23 36
55 84 111 85 26 50 23 1155 60 3 87 0 26 15.5 NA 15.5 NA 5 60 1 7 12 30 0 0 0 0 1 7 12 30 0 0 0 0 1 156 83 3357 4913 26 26 35
56 77 113 85 28 50 23 1151 59 5 87 0 25 15.5 NA 15.5 NA 4 59 1 8 11 30 0 0 0 0 1 8 11 30 0 0 0 0 2 143 83 3425 4913 27 26 34
57 73 112 85 27 50 25 1157 49 5 88 0 26 16 NA 16 NA 7 49 0 9 12 29 0 0 0 0 0 9 12 29 0 0 0 0 1 143 83 3489 4912 28 27 33
58 67 113 86 27 50 26 1165 64 9 89 0 27 16 NA 16 NA 9 64 0 8 11 31 0 0 0 0 0 8 11 31 0 0 0 0 1 140 84 3536 4911 26 26 37
59 71 110 86 24 52 29 1161 65 5 89 0 28 16 NA 16 NA 9 65 0 8 12 32 0 0 0 0 0 8 12 32 0 0 0 0 0 137 84 3593 4911 26 25 38
60 94 107 84 23 54 34 1154 51 6 89 0 29 16 NA 16 NA 9 51 0 9 13 32 0 0 0 0 0 9 13 32 0 0 0 0 1 134 84 3665 4911 26 25 38
61 80 106 84 22 53 35 1174 63 5 87 0 29.5 16 NA 16 NA 7 63 0 10 9 34 0 0 0 0 0 10 9 34 0 0 0 0 1 165 84 3731 4913 25 22 40
62 74 103 81 22 53 33 1138 54 8 85 0 30 16 NA 16 NA 6 54 0 9 10 34 0 0 0 0 0 9 10 34 0 0 0 0 0 117 86 3807 4915 22 22 41
63 68 105 83 22 57 34 1139 60 6 84 0 29 17 NA 17 NA 6 60 0 11 11 35 0 0 0 0 0 11 11 35 0 0 0 0 2 131 87 3858 4916 18 23 43
64 76 104 81 23 53 33 1153 51 3 80 0 28.5 17 NA 17 NA 3 51 0 8 11 34 0 0 0 0 0 8 11 34 0 0 0 0 1 134 88 3913 4920 15 23 42
65 80 102 79 23 52 31 1166 49 3 77 0 28.5 17.5 NA 17.5 NA 4 49 0 8 11 33 0 0 0 0 0 8 11 33 0 0 0 0 1 147 91 3984 4923 15 21 41
66 79 106 83 23 51 34 1141 55 2 81 0 28 17 NA 17 NA 5 55 0 7 12 32 0 0 0 0 0 7 12 32 0 0 0 0 4 132 91 4064 4919 18 23 40
67 69 107 83 24 50 32 1129 49 3 81 0 29 17.5 NA 17.5 NA 5 49 0 7 10 33 0 0 0 0 0 7 10 33 0 0 0 0 1 136 94 4144 4919 19 19 43
68 68 104 81 23 49 33 1148 48 7 78 0 28.5 17 NA 17 NA 6 48 0 8 11 30 0 0 0 0 0 8 11 30 0 0 0 0 2 153 94 4210 4922 20 18 40
69 89 104 80 24 49 28 1157 59 9 77 0 28.5 17 NA 17 NA 5 59 0 7 13 29 0 0 0 0 0 7 13 29 0 0 0 0 2 158 94 4276 4923 19 19 39
70 73 103 77 26 47 34 1178 54 7 76 0 26 17 NA 17 NA 12 54 0 7 12 28 0 0 0 0 0 7 12 28 0 0 0 0 3 156 94 4341 4924 19 19 38
71 64 102 77 25 46 34 1180 45 3 73 0 25.5 17 NA 17 NA 7 45 0 7 12 27 0 0 0 0 0 7 12 27 0 0 0 0 1 137 97 4412 4927 18 18 37
72 83 105 81 24 45 27 1175 59 10 74 0 26 17 NA 17 NA 7 59 0 6 11 28 0 0 0 0 0 6 11 28 0 0 0 0 2 140 100 4476 4926 18 18 38
73 76 109 85 24 45 31 1170 57 4 75 0 25 17 NA 17 NA 11 57 0 5 12 28 0 0 0 0 0 5 12 28 0 0 0 0 1 141 103 4554 4925 18 17 40
74 65 110 84 26 48 32 1186 55 11 73 0 24.5 16 NA 16 NA 11 55 1 7 9 31 0 0 0 0 1 7 9 31 0 0 0 0 3 139 105 4609 4927 17 14 42
75 77 110 84 26 48 29 1172 68 9 76 0 24.5 16.5 NA 16.5 NA 8 68 1 7 8 32 0 0 0 0 1 7 8 32 0 0 0 0 1 129 106 4668 4924 20 14 42
76 87 105 80 25 47 28 1174 55 9 72 0 23 17 NA 17 NA 7 55 1 6 8 32 0 0 0 0 1 6 8 32 0 0 0 0 0 143 108 4734 4928 20 13 39
77 78 105 78 27 49 31 1199 52 8 71 0 23 17 NA 17 NA 8 52 1 7 9 32 0 0 0 0 1 7 9 32 0 0 0 0 0 167 108 4800 4929 20 13 38
78 76 107 80 27 50 35 1183 57 3 75 0 24 17 NA 17 NA 9 57 1 6 10 33 0 0 0 0 1 6 10 33 0 0 0 0 0 130 108 4860 4925 21 15 39
79 86 109 82 27 49 43 1195 64 5 73 0 23 17 NA 17 NA 14 64 1 5 11 32 0 0 0 0 1 5 11 32 0 0 0 0 2 157 108 4921 4927 19 16 38
80 57 108 82 26 50 43 1189 64 8 72 0 24 17 NA 17 NA 8 64 1 7 11 31 0 0 0 0 1 7 11 31 0 0 0 0 1 151 109 4994 4928 17 17 38
81 93 107 81 26 51 47 1153 66 5 74 0 25 17 NA 17 NA 10 66 1 8 9 33 0 0 0 0 1 8 9 33 0 0 0 0 0 129 110 5066 4926 20 14 40
82 94 108 83 25 50 52 1137 64 5 75 0 23 17 NA 17 NA 10 64 1 7 9 33 0 0 0 0 1 7 9 33 0 0 0 0 0 138 110 5138 4925 21 14 40
83 91 106 78 28 48 44 1127 49 5 72 0 21 17 NA 17 NA 2 49 1 7 8 32 0 0 0 0 1 7 8 32 0 0 0 0 2 132 112 5211 4928 21 11 40
84 75 104 75 29 46 44 1140 60 7 73 0 21 17.5 NA 17.5 NA 8 60 0 8 8 30 0 0 0 0 0 8 8 30 0 0 0 0 1 150 114 5273 4927 24 10 39
85 77 104 77 27 46 41 1152 42 8 74 0 20.5 17 NA 17 NA 5 42 0 9 7 30 0 0 0 0 0 9 7 30 0 0 0 0 3 146 115 5341 4926 27 10 37
86 70 107 78 29 49 40 1159 56 6 74 0 20 17 NA 17 NA 6 56 1 12 6 30 0 0 0 0 1 12 6 30 0 0 0 0 4 135 117 5404 4926 28 9 37
87 95 110 81 29 49 35 1161 52 7 75 0 21 17 NA 17 NA 5 52 1 10 8 30 0 0 0 0 1 10 8 30 0 0 0 0 0 130 118 5453 4925 26 12 37
88 70 116 81 35 47 32 1144 56 5 75 0 18 17 NA 17 NA 5 56 1 8 9 29 0 0 0 0 1 8 9 29 0 0 0 0 4 127 121 5528 4925 25 14 36
89 86 116 83 33 49 31 1123 48 8 76 0 19 16 NA 16 NA 7 48 1 10 9 29 0 0 0 0 1 10 9 29 0 0 0 0 1 132 123 5615 4924 26 15 35
90 100 119 86 33 50 26 1131 55 9 78 0 18 16.5 NA 16.5 NA 3 55 1 11 9 29 0 0 0 0 1 11 9 29 0 0 0 0 2 151 123 5673 4922 27 15 36
91 96 121 88 33 52 24 1150 57 4 80 0 19 16.5 NA 16.5 NA 3 57 3 12 9 28 0 0 0 0 3 12 9 28 0 0 0 0 2 150 125 5728 4920 31 15 34
92 81 123 90 33 54 35 1147 60 2 80 0 19 16 NA 16 NA 13 60 3 14 8 29 0 0 0 0 3 14 8 29 0 0 0 0 3 154 127 5804 4920 30 14 36
93 62 124 92 32 53 41 1158 65 2 78 0 20 17 NA 17 NA 8 65 3 14 8 28 0 0 0 0 3 14 8 28 0 0 0 0 4 146 128 5863 4922 27 16 35
94 65 123 92 31 50 36 1147 59 7 76 0 18 17 NA 17 NA 7 59 4 11 7 28 0 0 0 0 4 11 7 28 0 0 0 0 3 130 132 5926 4924 24 17 35
95 74 119 88 31 48 37 1156 58 3 74 0 18 17 NA 17 NA 6 58 3 11 8 26 0 0 0 0 3 11 8 26 0 0 0 0 1 154 134 5992 4926 25 17 32
96 84 115 83 32 47 40 1139 65 5 72 0 18 17 NA 17 NA 8 65 2 11 11 23 0 0 0 0 2 11 11 23 0 0 0 0 2 136 134 6057 4928 23 21 28
97 86 113 82 31 43 35 1152 49 8 70 0 18 16 NA 16 NA 4 49 2 8 13 20 0 0 0 0 2 8 13 20 0 0 0 0 0 143 135 6120 4930 22 22 26
98 64 111 81 30 42 36 1168 49 5 70 0 19 16.5 NA 16.5 NA 5 49 1 9 14 18 0 0 0 0 1 9 14 18 0 0 0 0 1 153 137 6188 4930 25 22 23
99 71 110 79 31 44 34 1189 56 4 72 0 19.5 17 NA 17 NA 2 56 0 13 13 18 0 0 0 0 0 13 13 18 0 0 0 0 0 146 138 6239 4928 28 20 24
100 79 115 83 32 45 32 1189 46 3 80 0 18 17 NA 17 NA 2 46 0 12 14 19 0 0 0 0 0 12 14 19 0 0 0 0 2 134 138 6305 4920 34 20 26
101 85 117 85 32 45 40 1222 54 3 81 0 18 17 NA 17 NA 11 54 0 9 16 20 0 0 0 0 0 9 16 20 0 0 0 0 1 162 138 6362 4919 33 21 27
102 82 114 84 30 44 40 1208 53 6 80 0 19 16.5 NA 16.5 NA 9 53 0 9 16 19 0 0 0 0 0 9 16 19 0 0 0 0 0 147 141 6446 4920 33 21 26
103 81 113 84 29 45 38 1189 56 7 81 0 19 16 NA 16 NA 4 56 2 8 16 19 0 0 0 0 2 8 16 19 0 0 0 0 2 131 141 6516 4919 32 24 25
104 68 115 86 29 46 34 1201 61 3 81 0 19 16 NA 16 NA 3 61 2 9 17 18 0 0 0 0 2 9 17 18 0 0 0 0 2 167 144 6594 4919 33 23 25
105 84 115 86 29 47 34 1164 69 4 83 0 19 16 NA 16 NA 8 69 2 10 17 18 0 0 0 0 2 10 17 18 0 0 0 0 0 126 148 6666 4917 35 22 26
106 82 116 84 32 50 41 1157 64 5 85 0 20 16 NA 16 NA 12 64 3 12 16 19 0 0 0 0 3 12 16 19 0 0 0 0 2 140 151 6734 4915 36 21 28
107 82 110 81 29 54 32 1144 54 17 82 0 20 15.5 NA 15.5 NA 5 54 4 14 17 19 0 0 0 0 4 14 17 19 0 0 0 0 0 131 152 6799 4918 35 22 25
108 61 110 81 29 56 29 1142 64 7 84 0 21 15.5 NA 15.5 NA 3 64 3 16 14 23 0 0 0 0 3 16 14 23 0 0 0 0 0 145 153 6862 4916 35 20 29
109 83 110 81 29 55 36 1142 56 2 85 0 21.5 15 NA 15 NA 12 56 3 15 12 25 0 0 0 0 3 15 12 25 0 0 0 0 3 140 154 6929 4915 36 18 31
110 85 110 81 29 56 36 1170 46 9 85 0 22 16 NA 16 NA 8 46 3 15 14 24 0 0 0 0 3 15 14 24 0 0 0 0 1 156 155 6994 4915 34 21 30
111 73 111 81 30 56 30 1175 54 9 85 0 23 16 NA 16 NA 8 54 2 13 17 24 0 0 0 0 2 13 17 24 0 0 0 0 2 141 160 7060 4915 31 24 30
112 73 114 83 31 57 31 1180 63 7 90 0 24 16 NA 16 NA 7 63 1 12 19 25 0 0 0 0 1 12 19 25 0 0 0 0 4 149 161 7122 4910 31 28 31
113 68 115 82 33 60 28 1160 56 10 92 0 25 16 NA 16 NA 7 56 1 11 20 28 0 0 0 0 1 11 20 28 0 0 0 0 2 132 161 7202 4908 31 28 33
114 70 114 81 33 62 31 1148 63 5 89 0 26 16 NA 16 NA 8 63 2 11 21 28 0 0 0 0 2 11 21 28 0 0 0 0 0 131 162 7266 4911 27 29 33
115 74 115 82 33 61 33 1160 62 5 88 0 25 16 NA 16 NA 8 62 1 11 22 27 0 0 0 0 1 11 22 27 0 0 0 0 3 140 164 7317 4912 27 27 34
116 65 112 79 33 59 40 1151 61 5 87 0 25.5 17 NA 17 NA 13 61 1 9 23 26 0 0 0 0 1 9 23 26 0 0 0 0 1 144 164 7394 4913 26 29 32
117 72 112 79 33 60 40 1157 70 6 86 0 26.5 17 NA 17 NA 8 70 1 7 26 26 0 0 0 0 1 7 26 26 0 0 0 0 0 154 165 7448 4914 22 32 32
118 69 110 78 32 58 36 1156 59 5 85 0 26 16.5 NA 16.5 NA 5 59 0 5 28 25 0 0 0 0 0 5 28 25 0 0 0 0 1 134 166 7509 4915 22 33 30
119 90 108 78 30 56 33 1147 59 7 82 0 26.5 17.5 NA 17.5 NA 7 59 0 5 25 26 0 0 0 0 0 5 25 26 0 0 0 0 1 146 168 7581 4918 21 30 31
120 71 103 74 29 55 32 1148 57 4 78 0 27 19 NA 19 NA 4 57 0 6 24 25 0 0 0 0 0 6 24 25 0 0 0 0 0 143 169 7649 4922 20 29 29
121 75 105 75 30 54 28 1146 68 6 78 0 27 19 NA 19 NA 4 68 1 6 24 23 0 0 0 0 1 6 24 23 0 0 0 0 3 150 170 7709 4922 20 31 27
122 68 103 73 30 52 34 1128 62 1 75 0 27 19 NA 19 NA 10 62 1 5 21 25 0 0 0 0 1 5 21 25 0 0 0 0 1 129 175 7779 4925 18 28 29
123 66 103 73 30 54 29 1132 53 9 74 0 26 18.5 NA 18.5 NA 4 53 2 6 20 26 0 0 0 0 2 6 20 26 0 0 0 0 2 139 175 7846 4926 18 26 30
124 80 103 72 31 53 30 1122 58 7 76 0 27 19 NA 19 NA 7 58 1 6 16 30 0 0 0 0 1 6 16 30 0 0 0 0 0 144 175 7916 4924 17 25 34
125 76 101 70 31 54 28 1136 64 7 76 0 28 19 NA 19 NA 5 64 2 7 14 31 0 0 0 0 2 7 14 31 0 0 0 0 0 156 175 7972 4924 16 25 35
126 71 104 74 30 51 32 1142 67 4 76 0 26 19 NA 19 NA 7 67 2 6 13 30 0 0 0 0 2 6 13 30 0 0 0 0 2 152 175 8033 4924 18 24 34
127 65 105 76 29 54 28 1160 56 5 80 0 27 18.5 NA 18.5 NA 2 56 2 7 13 32 0 0 0 0 2 7 13 32 0 0 0 0 2 161 177 8100 4920 21 23 36
128 84 106 80 26 51 35 1194 49 2 78 0 27 19 NA 19 NA 9 49 2 6 13 30 0 0 0 0 2 6 13 30 0 0 0 0 2 165 177 8164 4922 20 23 35
129 76 105 78 27 52 36 1181 59 6 76 0 26 17.5 NA 17.5 NA 7 59 2 8 12 30 0 0 0 0 2 8 12 30 0 0 0 0 1 134 179 8229 4924 20 21 35
130 81 103 76 27 50 34 1199 60 7 77 0 26 16.5 NA 16.5 NA 8 60 1 7 11 31 0 0 0 0 1 7 11 31 0 0 0 0 1 158 182 8290 4923 21 20 36
131 63 105 77 28 52 30 1183 58 8 78 0 27 17.5 NA 17.5 NA 5 58 1 6 12 33 0 0 0 0 1 6 12 33 0 0 0 0 1 114 183 8351 4922 21 20 37
132 91 107 78 29 53 28 1167 55 5 77 0 26 18 NA 18 NA 4 55 1 7 12 33 0 0 0 0 1 7 12 33 0 0 0 0 1 135 184 8427 4923 21 19 37
133 76 105 78 27 53 30 1159 54 6 78 0 24 18 NA 18 NA 6 54 0 8 13 32 0 0 0 0 0 8 13 32 0 0 0 0 3 129 185 8491 4922 24 18 36
134 95 108 80 28 53 31 1150 62 5 78 0 22.5 19 NA 19 NA 7 62 0 9 12 32 0 0 0 0 0 9 12 32 0 0 0 0 3 134 186 8546 4922 25 17 36
135 68 106 77 29 54 23 1156 51 10 76 0 23 17.5 NA 17.5 NA 4 51 1 10 12 31 0 0 0 0 1 10 12 31 0 0 0 0 0 136 187 8610 4924 25 16 35
136 69 108 78 30 54 25 1155 64 4 77 0 23 17.5 NA 17.5 NA 5 64 1 11 9 33 0 0 0 0 1 11 9 33 0 0 0 0 2 142 187 8672 4923 24 14 39
137 80 108 78 30 53 24 1143 62 4 75 0 23 17 NA 17 NA 5 62 2 11 8 32 0 0 0 0 2 11 8 32 0 0 0 0 1 140 189 8740 4925 22 14 39
138 94 109 79 30 53 23 1111 57 5 79 0 23 16 NA 16 NA 6 57 2 10 10 31 0 0 0 0 2 10 10 31 0 0 0 0 1 113 191 8809 4921 25 17 37
139 76 114 80 34 54 27 1119 58 4 79 0 23.5 16.5 NA 16.5 NA 10 58 2 8 13 31 0 0 0 0 2 8 13 31 0 0 0 0 3 152 194 8880 4921 22 20 37
140 71 113 79 34 54 25 1126 45 6 81 0 22 16.5 NA 16.5 NA 4 45 2 9 11 32 0 0 0 0 2 9 11 32 0 0 0 0 2 142 194 8956 4919 25 19 37
141 60 115 81 34 56 27 1163 55 6 83 0 23 17 NA 17 NA 6 55 2 10 12 32 0 0 0 0 2 10 12 32 0 0 0 0 1 159 195 9014 4917 27 19 37
142 87 113 81 32 56 30 1154 49 4 81 0 24 17 NA 17 NA 8 49 1 10 13 32 0 0 0 0 1 10 13 32 0 0 0 0 0 139 197 9095 4919 24 20 37
143 87 112 81 31 56 30 1146 68 9 80 0 23 17 NA 17 NA 8 68 1 11 13 31 0 0 0 0 1 11 13 31 0 0 0 0 0 143 197 9154 4920 24 20 36
144 77 114 83 31 57 30 1158 47 4 83 0 23 17 NA 17 NA 5 47 1 12 13 31 0 0 0 0 1 12 13 31 0 0 0 0 2 138 199 9220 4917 27 20 36
145 85 115 85 30 57 35 1156 57 3 84 0 24 17 NA 17 NA 7 57 1 9 16 31 0 0 0 0 1 9 16 31 0 0 0 0 1 145 199 9284 4916 24 24 36
146 74 113 84 29 58 35 1186 63 10 84 0 25 17.5 NA 17.5 NA 8 63 0 12 18 28 0 0 0 0 0 12 18 28 0 0 0 0 1 168 200 9345 4916 26 25 33
147 64 113 85 28 56 29 1179 74 11 81 0 23 17 NA 17 NA 6 74 1 12 17 26 0 0 0 0 1 12 17 26 0 0 0 0 2 153 201 9411 4919 25 25 31
148 67 113 86 27 56 30 1180 51 7 82 0 24 17.5 NA 17.5 NA 7 51 1 11 18 26 0 0 0 0 1 11 18 26 0 0 0 0 1 141 201 9478 4918 25 23 34
149 80 114 88 26 57 25 1184 45 8 81 0 23 17 NA 17 NA 3 45 1 13 18 25 0 0 0 0 1 13 18 25 0 0 0 0 1 141 202 9545 4919 26 21 34
150 88 111 85 26 57 28 1187 50 2 83 0 24 17 NA 17 NA 6 50 0 12 18 27 0 0 0 0 0 12 18 27 0 0 0 0 0 125 202 9592 4917 25 23 35
151 92 116 88 28 57 33 1195 55 2 88 0 24.5 17 NA 17 NA 9 55 0 11 15 31 0 0 0 0 0 11 15 31 0 0 0 0 4 160 203 9665 4912 29 20 39
152 71 114 86 28 56 35 1187 60 7 87 0 24.5 17 NA 17 NA 11 60 0 9 15 32 0 0 0 0 0 9 15 32 0 0 0 0 0 143 205 9741 4913 25 22 40
153 76 111 84 27 56 36 1153 53 7 85 0 25 17 NA 17 NA 7 53 0 9 17 30 0 0 0 0 0 9 17 30 0 0 0 0 1 123 206 9824 4915 25 23 37
154 80 110 83 27 54 41 1176 54 5 83 0 25.5 17 NA 17 NA 13 54 1 8 15 30 0 0 0 0 1 8 15 30 0 0 0 0 2 156 208 9888 4917 25 21 37
155 66 110 81 29 53 38 1159 59 10 83 0 25.5 17 NA 17 NA 8 59 1 8 15 29 0 0 0 0 1 8 15 29 0 0 0 0 2 124 210 9956 4917 25 21 37
156 74 110 81 29 53 36 1184 53 4 82 0 25 17 NA 17 NA 5 53 1 6 17 29 0 0 0 0 1 6 17 29 0 0 0 0 1 161 213 10019 4918 24 23 35
157 72 113 84 29 56 30 1170 62 10 85 0 25 17 NA 17 NA 3 62 0 9 15 32 0 0 0 0 0 9 15 32 0 0 0 0 0 135 213 10089 4915 26 20 39
158 90 112 84 28 53 31 1189 63 5 82 0 24 17 NA 17 NA 6 63 0 9 15 29 0 0 0 0 0 9 15 29 0 0 0 0 0 174 214 10164 4918 24 22 36
159 74 109 81 28 52 34 1180 58 7 82 0 25 17 NA 17 NA 10 58 0 10 15 27 0 0 0 0 0 10 15 27 0 0 0 0 1 145 214 10242 4918 27 21 34
160 56 113 82 31 52 28 1204 49 7 83 0 24 17.5 NA 17.5 NA 1 49 0 8 16 28 0 0 0 0 0 8 16 28 0 0 0 0 2 156 214 10313 4917 25 23 35
161 80 114 84 30 51 29 1202 56 5 82 0 23 17 NA 17 NA 8 56 1 7 17 26 0 0 0 0 1 7 17 26 0 0 0 0 3 138 216 10380 4918 26 24 32
162 77 118 88 30 53 32 1195 66 5 81 0 23 17 NA 17 NA 10 66 2 7 15 29 0 0 0 0 2 7 15 29 0 0 0 0 3 137 218 10439 4919 23 22 36
163 87 117 88 29 53 33 1169 73 6 85 0 24 17 NA 17 NA 7 73 2 5 17 29 0 0 0 0 2 5 17 29 0 0 0 0 0 159 219 10528 4915 23 26 36
164 89 118 90 28 52 33 1168 45 8 82 0 25 17 NA 17 NA 6 45 2 4 16 30 0 0 0 0 2 4 16 30 0 0 0 0 3 131 220 10594 4918 21 23 38
165 67 117 89 28 55 32 1163 57 7 82 0 26 17 NA 17 NA 6 57 3 5 15 32 0 0 0 0 3 5 15 32 0 0 0 0 0 128 221 10649 4918 20 22 40
166 74 114 86 28 57 28 1185 42 7 81 0 26.5 18 NA 18 NA 4 42 2 6 16 33 0 0 0 0 2 6 16 33 0 0 0 0 0 156 224 10724 4919 20 22 39
167 85 115 89 26 58 28 1194 60 7 81 0 26 17 NA 17 NA 10 60 2 9 15 32 0 0 0 0 2 9 15 32 0 0 0 0 0 142 228 10777 4919 22 19 40
168 64 121 94 27 58 29 1196 58 4 83 0 23 17 NA 17 NA 6 58 2 9 13 34 0 0 0 0 2 9 13 34 0 0 0 0 2 143 229 10846 4917 24 17 42
169 70 119 92 27 57 27 1188 58 6 84 0 24 17 NA 17 NA 5 58 1 9 13 34 0 0 0 0 1 9 13 34 0 0 0 0 1 137 230 10916 4916 24 18 42
170 73 119 92 27 60 25 1183 63 8 84 0 23 18 NA 18 NA 5 63 1 13 13 33 0 0 0 0 1 13 13 33 0 0 0 0 2 148 230 10992 4916 25 18 41
171 90 122 93 29 61 28 1197 61 1 85 0 23.5 18 NA 18 NA 5 61 1 12 15 33 0 0 0 0 1 12 15 33 0 0 0 0 3 166 230 11064 4915 24 21 40
172 64 122 93 29 63 29 1193 54 6 89 0 24.5 18 NA 18 NA 8 54 2 10 15 36 0 0 0 0 2 10 15 36 0 0 0 0 0 142 230 11142 4911 26 21 42
173 60 122 93 29 65 27 1210 51 7 91 0 25.5 18 NA 18 NA 5 51 3 11 14 37 0 0 0 0 3 11 14 37 0 0 0 0 1 137 230 11200 4909 27 21 43
174 93 122 94 28 65 32 1223 54 5 95 0 26 18 NA 18 NA 10 54 3 12 10 40 0 0 0 0 3 12 10 40 0 0 0 0 0 160 231 11269 4905 32 17 46
175 77 119 92 27 60 31 1222 60 6 91 0 24 17.5 NA 17.5 NA 6 60 2 8 12 38 0 0 0 0 2 8 12 38 0 0 0 0 2 154 232 11347 4909 27 19 45
176 87 116 89 27 60 29 1225 65 11 93 0 26 18 NA 18 NA 8 65 2 6 13 39 0 0 0 0 2 6 13 39 0 0 0 0 0 147 234 11410 4907 29 19 45
177 61 114 89 25 61 31 1231 61 8 90 0 26 18 NA 18 NA 9 61 2 8 12 39 0 0 0 0 2 8 12 39 0 0 0 0 2 150 234 11479 4910 27 18 45
178 64 113 89 24 60 35 1213 69 4 88 0 27 18 NA 18 NA 8 69 2 7 13 38 0 0 0 0 2 7 13 38 0 0 0 0 0 133 235 11546 4912 25 19 44
179 72 111 88 23 58 31 1225 52 9 88 0 27 18 NA 18 NA 5 52 2 8 13 35 0 0 0 0 2 8 13 35 0 0 0 0 1 165 235 11627 4912 28 20 40
180 70 113 90 23 57 30 1223 53 4 91 0 26 18 NA 18 NA 6 53 1 8 14 34 0 0 0 0 1 8 14 34 0 0 0 0 3 139 237 11697 4909 30 22 39
181 73 113 91 22 57 31 1205 72 6 90 0 26 18 NA 18 NA 9 72 0 7 15 35 0 0 0 0 0 7 15 35 0 0 0 0 1 139 240 11761 4910 28 22 40
182 98 111 90 21 62 33 1174 61 9 90 0 28 18.5 NA 18.5 NA 9 61 0 11 16 35 0 0 0 0 0 11 16 35 0 0 0 0 1 130 241 11830 4910 26 23 41
183 71 110 89 21 63 36 1170 63 7 91 0 27.5 18 NA 18 NA 11 63 0 12 14 37 0 0 0 0 0 12 14 37 0 0 0 0 1 139 242 11897 4909 27 21 43
184 102 112 93 19 62 39 1135 60 7 89 0 27 19 NA 19 NA 12 60 0 11 14 37 0 0 0 0 0 11 14 37 0 0 0 0 2 121 244 11974 4911 24 23 42
185 75 110 90 20 59 38 1161 56 8 86 0 28 19 NA 19 NA 10 56 0 10 12 37 0 0 0 0 0 10 12 37 0 0 0 0 3 157 245 12037 4914 22 22 42
186 66 111 93 18 58 39 1148 46 9 84 0 27 19 NA 19 NA 9 46 0 8 15 35 0 0 0 0 0 8 15 35 0 0 0 0 4 131 245 12121 4916 20 24 40
187 92 111 94 17 55 42 1155 48 3 84 0 27 19 NA 19 NA 7 48 0 7 13 35 0 0 0 0 0 7 13 35 0 0 0 0 1 154 247 12198 4916 22 21 41
188 93 109 93 16 55 36 1139 62 8 80 0 27 18 NA 18 NA 4 62 0 9 14 32 0 0 0 0 0 9 14 32 0 0 0 0 2 142 249 12273 4920 19 23 38
189 76 110 95 15 55 40 1124 69 5 79 0 25.5 18 NA 18 NA 10 69 1 9 13 32 0 0 0 0 1 9 13 32 0 0 0 0 2 140 250 12339 4921 21 22 36
190 82 111 95 16 57 33 1143 51 7 77 0 23 18 NA 18 NA 4 51 2 12 11 32 0 0 0 0 2 12 11 32 0 0 0 0 4 153 252 12404 4923 22 20 35
191 84 111 95 16 56 31 1158 45 2 77 0 24 18 NA 18 NA 2 45 2 10 13 31 0 0 0 0 2 10 13 31 0 0 0 0 1 160 254 12484 4923 19 23 35
192 63 110 96 14 54 26 1196 58 6 76 0 25 18 NA 18 NA 2 58 2 6 15 31 0 0 0 0 2 6 15 31 0 0 0 0 0 164 256 12538 4924 16 25 35
193 86 107 93 14 53 25 1206 56 5 75 0 26 18 NA 18 NA 4 56 2 7 12 32 0 0 0 0 2 7 12 32 0 0 0 0 0 150 256 12600 4925 18 21 36
194 85 103 90 13 51 30 1216 53 2 72 0 26 18 NA 18 NA 8 53 2 6 12 31 0 0 0 0 2 6 12 31 0 0 0 0 2 151 256 12666 4928 17 21 34
195 68 100 87 13 51 32 1199 75 8 71 0 27 18 NA 18 NA 9 75 2 4 14 31 0 0 0 0 2 4 14 31 0 0 0 0 0 140 257 12733 4929 14 22 35
196 75 96 83 13 50 28 1225 49 6 71 0 28 17 NA 17 NA 3 49 3 5 11 31 0 0 0 0 3 5 11 31 0 0 0 0 1 143 261 12784 4929 16 18 37
197 79 98 84 14 51 24 1200 47 7 73 0 28 17 NA 17 NA 7 47 2 8 10 31 0 0 0 0 2 8 10 31 0 0 0 0 3 123 265 12864 4927 19 17 37
198 71 99 85 14 49 25 1193 53 4 73 0 27 17 NA 17 NA 4 53 1 9 9 30 0 0 0 0 1 9 9 30 0 0 0 0 2 126 266 12924 4927 21 16 36
199 81 100 84 16 50 27 1187 63 5 74 0 26 17.5 NA 17.5 NA 9 63 1 8 10 31 0 0 0 0 1 8 10 31 0 0 0 0 1 142 269 12992 4926 21 16 37
200 83 96 80 16 48 24 1177 41 6 71 0 24 17.5 NA 17.5 NA 3 41 1 8 9 30 0 0 0 0 1 8 9 30 0 0 0 0 0 122 269 13060 4929 23 14 34
201 77 95 80 15 49 30 1165 58 8 73 0 24 18 NA 18 NA 14 58 1 8 11 29 0 0 0 0 1 8 11 29 0 0 0 0 0 126 269 13130 4927 24 16 33
202 60 95 80 15 51 30 1148 62 8 74 0 25 18 NA 18 NA 6 62 1 8 13 29 0 0 0 0 1 8 13 29 0 0 0 0 0 148 270 13217 4926 25 17 32
203 60 95 82 13 53 23 1162 48 8 72 0 23 17 NA 17 NA 2 48 2 11 11 29 0 0 0 0 2 11 11 29 0 0 0 0 1 134 271 13278 4928 25 14 33
204 69 92 81 11 48 27 1167 66 4 69 0 21.5 17.5 NA 17.5 NA 8 66 1 12 8 27 0 0 0 0 1 12 8 27 0 0 0 0 1 155 271 13352 4931 25 12 32
205 69 90 79 11 49 32 1150 66 7 67 0 21.5 17 NA 17 NA 11 66 1 13 10 25 0 0 0 0 1 13 10 25 0 0 0 0 1 147 271 13432 4933 24 13 30
206 75 91 81 10 48 32 1134 49 3 67 0 22 17 NA 17 NA 5 49 0 14 9 25 0 0 0 0 0 14 9 25 0 0 0 0 3 130 272 13508 4933 25 13 29
207 92 91 80 11 47 33 1138 51 4 64 0 22 18 NA 18 NA 5 51 0 15 7 25 0 0 0 0 0 15 7 25 0 0 0 0 1 140 274 13570 4936 24 11 29
208 68 92 80 12 46 28 1151 41 5 63 0 22 16 NA 16 NA 2 41 1 11 11 23 0 0 0 0 1 11 11 23 0 0 0 0 1 154 275 13647 4937 21 14 28
209 68 94 82 12 45 32 1156 57 3 65 0 21.5 17 NA 17 NA 7 57 2 10 11 22 0 0 0 0 2 10 11 22 0 0 0 0 4 135 275 13704 4935 22 16 27
210 76 92 80 12 45 27 1184 51 7 65 0 21.5 17 NA 17 NA 4 51 2 10 11 22 0 0 0 0 2 10 11 22 0 0 0 0 1 152 277 13757 4935 22 17 26
211 89 95 83 12 45 30 1181 64 3 66 0 22 17 NA 17 NA 7 64 1 11 11 22 0 0 0 0 1 11 11 22 0 0 0 0 2 154 280 13825 4934 24 17 25
212 95 97 85 12 46 36 1180 64 4 65 0 21 15 NA 15 NA 9 64 1 12 13 20 0 0 0 0 1 12 13 20 0 0 0 0 4 150 281 13881 4935 23 19 23
213 67 101 87 14 45 35 1179 53 8 65 0 19 15 NA 15 NA 6 53 1 9 14 21 0 0 0 0 1 9 14 21 0 0 0 0 3 140 281 13949 4935 20 21 24
214 87 103 89 14 44 36 1189 55 3 65 0 18 14.5 NA 14.5 NA 7 55 1 9 12 22 0 0 0 0 1 9 12 22 0 0 0 0 1 164 285 14029 4935 19 21 25
215 83 105 90 15 47 37 1199 50 9 68 0 18 15 NA 15 NA 9 50 1 11 13 22 0 0 0 0 1 11 13 22 0 0 0 0 2 144 285 14097 4932 21 21 26
216 80 104 90 14 47 38 1201 65 2 68 0 19 14 NA 14 NA 8 65 2 9 14 22 0 0 0 0 2 9 14 22 0 0 0 0 1 152 287 14161 4932 21 20 27
217 85 103 89 14 47 29 1196 57 11 69 0 20 14 NA 14 NA 4 57 1 10 15 21 0 0 0 0 1 10 15 21 0 0 0 0 1 130 287 14226 4931 23 20 26
218 66 102 88 14 46 25 1210 47 2 71 0 21 14 NA 14 NA 4 47 1 8 17 20 0 0 0 0 1 8 17 20 0 0 0 0 0 146 292 14290 4929 24 21 26
219 71 103 89 14 47 31 1208 65 4 73 0 21 14 NA 14 NA 8 65 1 8 17 21 0 0 0 0 1 8 17 21 0 0 0 0 2 153 292 14358 4927 27 20 26
220 76 104 89 15 47 35 1190 64 8 73 0 21.5 14 NA 14 NA 12 64 1 9 14 23 0 0 0 0 1 9 14 23 0 0 0 0 1 152 292 14437 4927 28 17 28
221 59 104 89 15 52 28 1190 61 14 77 0 22 14 NA 14 NA 7 61 4 9 15 24 0 0 0 0 4 9 15 24 0 0 0 0 1 126 292 14490 4923 29 19 29
222 75 103 88 15 51 28 1166 70 8 75 0 23 14 NA 14 NA 7 70 4 8 15 24 0 0 0 0 4 8 15 24 0 0 0 0 1 135 293 14565 4925 26 19 30
223 87 99 85 14 51 25 1144 60 9 74 0 22 14 NA 14 NA 8 60 6 7 17 21 0 0 0 0 6 7 17 21 0 0 0 0 1 142 295 14640 4926 26 21 27
224 64 100 86 14 53 29 1140 58 7 76 0 21.5 14 NA 14 NA 9 58 4 12 16 21 0 0 0 0 4 12 16 21 0 0 0 0 2 143 296 14712 4924 28 21 27
225 82 102 87 15 54 33 1136 60 2 79 0 22 14 NA 14 NA 7 60 4 12 14 24 0 0 0 0 4 12 14 24 0 0 0 0 3 130 297 14772 4921 30 19 30
226 85 105 86 19 55 31 1118 53 8 80 0 22 14 NA 14 NA 6 53 3 14 14 24 0 0 0 0 3 14 14 24 0 0 0 0 0 122 297 14846 4920 31 18 31
227 75 109 89 20 58 31 1126 57 9 81 0 21 15 NA 15 NA 7 57 3 17 12 26 0 0 0 0 3 17 12 26 0 0 0 0 5 155 298 14916 4919 32 17 32
228 81 110 91 19 61 34 1158 44 7 83 0 21.5 15 NA 15 NA 10 44 2 18 12 29 0 0 0 0 2 18 12 29 0 0 0 0 1 154 300 14975 4917 33 17 33
229 86 113 94 19 60 32 1151 54 8 81 0 21 15 NA 15 NA 6 54 2 17 14 27 0 0 0 0 2 17 14 27 0 0 0 0 2 131 302 15039 4919 32 19 30
230 73 107 88 19 58 36 1143 52 5 76 0 21 15 NA 15 NA 9 52 2 15 16 25 0 0 0 0 2 15 16 25 0 0 0 0 0 120 304 15099 4924 29 20 27
231 56 108 89 19 60 34 1145 49 7 78 0 22 15 NA 15 NA 6 49 1 17 17 25 0 0 0 0 1 17 17 25 0 0 0 0 1 144 305 15177 4922 28 23 27
232 73 108 89 19 61 31 1144 51 3 80 0 23 15 NA 15 NA 1 51 1 17 17 26 0 0 0 0 1 17 17 26 0 0 0 0 0 139 307 15247 4920 29 23 28
233 79 105 86 19 59 34 1167 47 3 77 0 24 15 NA 15 NA 5 47 1 13 17 28 0 0 0 0 1 13 17 28 0 0 0 0 1 147 307 15302 4923 24 23 30
234 59 105 86 19 59 38 1150 56 2 76 0 23 15 NA 15 NA 7 56 1 15 15 28 0 0 0 0 1 15 15 28 0 0 0 0 2 121 309 15371 4924 25 21 30
235 81 103 84 19 58 38 1120 66 6 74 0 23 15 NA 15 NA 6 66 1 15 14 28 0 0 0 0 1 15 14 28 0 0 0 0 2 127 311 15444 4926 24 20 30
236 81 103 84 19 58 45 1134 53 3 76 0 24 15 NA 15 NA 13 53 1 13 16 28 0 0 0 0 1 13 16 28 0 0 0 0 0 149 314 15510 4924 23 22 31
237 76 109 90 19 63 40 1141 51 14 77 0 24 15 NA 15 NA 9 51 3 12 19 29 0 0 0 0 3 12 19 29 0 0 0 0 0 140 316 15572 4923 20 25 32
238 82 108 90 18 64 40 1146 48 5 78 0 25 15.5 NA 15.5 NA 5 48 3 11 20 30 0 0 0 0 3 11 20 30 0 0 0 0 1 133 317 15629 4922 20 25 33
239 97 108 90 18 61 47 1141 67 2 81 0 25.5 15 NA 15 NA 9 67 2 9 20 30 0 0 0 0 2 9 20 30 0 0 0 0 1 159 317 15701 4919 22 26 33
240 63 109 91 18 62 45 1141 48 7 81 0 26 15 NA 15 NA 6 48 2 7 23 30 0 0 0 0 2 7 23 30 0 0 0 0 3 135 319 15772 4919 20 28 33
241 72 111 90 21 60 50 1147 49 2 85 0 26 15 NA 15 NA 10 49 0 9 21 30 0 0 0 0 0 9 21 30 0 0 0 0 2 139 322 15838 4915 26 26 33
242 86 111 89 22 61 51 1141 69 5 84 0 27 15 NA 15 NA 7 69 0 10 20 31 0 0 0 0 0 10 20 31 0 0 0 0 0 137 323 15897 4916 25 25 34
243 93 112 88 24 59 52 1150 58 7 83 0 27 15 NA 15 NA 11 58 0 9 18 32 0 0 0 0 0 9 18 32 0 0 0 0 1 160 326 15965 4917 24 24 35
244 71 113 88 25 59 49 1129 70 7 83 0 25 15 NA 15 NA 8 70 0 7 21 31 0 0 0 0 0 7 21 31 0 0 0 0 2 140 329 16032 4917 23 24 36
245 66 112 88 24 57 45 1138 57 11 81 0 25.5 15 NA 15 NA 7 57 0 5 20 32 0 0 0 0 0 5 20 32 0 0 0 0 2 148 330 16098 4919 22 22 37
246 71 110 85 25 56 45 1151 59 2 79 0 26 15.5 NA 15.5 NA 4 59 0 5 20 31 0 0 0 0 0 5 20 31 0 0 0 0 1 139 331 16149 4921 21 23 35
247 74 107 83 24 55 42 1188 41 4 76 0 27 15 NA 15 NA 4 41 1 5 17 32 0 0 0 0 1 5 17 32 0 0 0 0 1 160 333 16213 4924 19 21 36
248 86 106 83 23 55 44 1180 54 6 76 0 27.5 16 NA 16 NA 8 54 1 5 15 34 0 0 0 0 1 5 15 34 0 0 0 0 0 140 333 16288 4924 19 19 38
249 73 105 80 25 54 44 1172 56 3 79 0 27 16.5 NA 16.5 NA 8 56 0 7 11 36 0 0 0 0 0 7 11 36 0 0 0 0 1 144 338 16362 4921 24 15 40
250 73 108 83 25 56 38 1200 55 10 81 0 26.5 16.5 NA 16.5 NA 8 55 0 9 9 38 0 0 0 0 0 9 9 38 0 0 0 0 3 153 343 16417 4919 23 16 42
251 81 106 80 26 54 33 1202 53 5 81 0 26 16 NA 16 NA 3 53 0 5 11 38 0 0 0 0 0 5 11 38 0 0 0 0 2 145 345 16492 4919 20 19 42
252 97 109 80 29 53 36 1178 50 3 82 0 26 16 NA 16 NA 7 50 0 4 9 40 0 0 0 0 0 4 9 40 0 0 0 0 1 114 346 16557 4918 21 17 44
253 66 107 79 28 54 32 1200 41 8 82 0 26 16 NA 16 NA 4 41 0 4 13 37 0 0 0 0 0 4 13 37 0 0 0 0 1 146 348 16626 4918 19 22 41
254 80 107 80 27 51 33 1222 48 6 79 0 27 16 NA 16 NA 8 48 0 4 13 34 0 0 0 0 0 4 13 34 0 0 0 0 2 151 350 16691 4921 19 22 38
255 75 103 76 27 48 28 1231 57 7 77 0 26 16 NA 16 NA 4 57 0 5 12 31 0 0 0 0 0 5 12 31 0 0 0 0 0 166 352 16773 4923 21 20 36
256 86 107 80 27 50 32 1226 69 3 78 0 27 15.5 NA 15.5 NA 6 69 0 7 10 33 0 0 0 0 0 7 10 33 0 0 0 0 3 153 353 16846 4922 21 19 38
257 77 103 75 28 49 28 1190 75 3 76 0 28 16 NA 16 NA 5 75 0 7 9 33 0 0 0 0 0 7 9 33 0 0 0 0 0 126 357 16917 4924 20 19 37
258 76 101 74 27 48 27 1185 57 3 76 0 29 16 NA 16 NA 5 57 0 7 9 32 0 0 0 0 0 7 9 32 0 0 0 0 0 133 358 16980 4924 22 18 36
259 67 99 72 27 47 34 1158 73 4 74 0 27 16 NA 16 NA 11 73 0 8 10 29 0 0 0 0 0 8 10 29 0 0 0 0 0 142 358 17061 4926 23 17 34
260 81 99 69 30 45 32 1134 65 6 70 0 24 16 NA 16 NA 5 65 0 7 10 28 0 0 0 0 0 7 10 28 0 0 0 0 1 140 359 17137 4930 20 17 33
261 80 100 70 30 46 30 1147 69 6 72 0 24 16 NA 16 NA 5 69 0 4 15 27 0 0 0 0 0 4 15 27 0 0 0 0 0 159 360 17195 4928 18 22 32
262 53 99 70 29 48 29 1164 60 5 74 0 25 16.5 NA 16.5 NA 2 60 0 5 15 28 0 0 0 0 0 5 15 28 0 0 0 0 0 160 360 17264 4926 19 21 34
263 77 101 70 31 46 37 1168 51 1 72 0 26 16.5 NA 16.5 NA 10 51 0 4 12 30 0 0 0 0 0 4 12 30 0 0 0 0 2 150 362 17339 4928 16 19 37
264 68 102 71 31 46 37 1197 57 7 75 0 25.5 16 NA 16 NA 7 57 0 5 12 29 0 0 0 0 0 5 12 29 0 0 0 0 2 148 363 17387 4925 20 19 36
265 70 103 72 31 51 39 1177 63 10 76 0 26 16 NA 16 NA 12 63 0 7 11 33 0 0 0 0 0 7 11 33 0 0 0 0 0 125 363 17455 4924 20 16 40
266 85 102 72 30 52 33 1171 64 10 78 0 26.5 16 NA 16 NA 5 64 0 8 12 32 0 0 0 0 0 8 12 32 0 0 0 0 1 152 365 17521 4922 23 16 39
267 88 99 69 30 49 31 1159 59 7 74 0 26 16 NA 16 NA 6 59 0 5 14 30 0 0 0 0 0 5 14 30 0 0 0 0 1 152 366 17605 4926 20 17 37
268 84 97 68 29 46 34 1167 52 3 74 0 25 16 NA 16 NA 9 52 0 5 12 29 0 0 0 0 0 5 12 29 0 0 0 0 1 144 368 17672 4926 24 15 35
269 61 97 69 28 48 30 1182 54 9 73 0 24 16 NA 16 NA 5 54 0 9 9 30 0 0 0 0 0 9 9 30 0 0 0 0 2 129 370 17718 4927 24 13 36
270 71 97 70 27 47 27 1172 55 5 70 0 23 16 NA 16 NA 3 55 0 9 8 30 0 0 0 0 0 9 8 30 0 0 0 0 2 124 370 17781 4930 22 13 35
271 77 98 71 27 49 27 1157 57 5 70 0 23 16 NA 16 NA 6 57 0 10 9 30 0 0 0 0 0 10 9 30 0 0 0 0 1 129 372 17853 4930 21 14 35
272 58 99 72 27 49 30 1165 53 4 71 0 23 16 NA 16 NA 6 53 0 11 9 29 0 0 0 0 0 11 9 29 0 0 0 0 1 136 373 17908 4929 24 14 33
273 77 100 74 26 50 32 1165 63 6 71 0 22 16 NA 16 NA 9 63 0 12 8 30 0 0 0 0 0 12 8 30 0 0 0 0 2 154 374 17981 4929 23 14 34
274 86 100 73 27 47 34 1161 52 3 69 0 22 16 NA 16 NA 7 52 0 10 10 27 0 0 0 0 0 10 10 27 0 0 0 0 2 153 376 18064 4931 22 15 32
275 80 98 70 28 46 37 1140 68 7 70 0 22.5 16 NA 16 NA 9 68 0 11 9 26 0 0 0 0 0 11 9 26 0 0 0 0 0 129 376 18133 4930 26 13 31
276 90 96 70 26 45 38 1150 61 7 69 0 22.5 16 NA 16 NA 6 61 0 8 12 25 0 0 0 0 0 8 12 25 0 0 0 0 2 162 377 18204 4931 23 16 30
277 80 97 73 24 44 38 1166 56 6 69 0 23 16 NA 16 NA 9 56 0 7 11 26 0 0 0 0 0 7 11 26 0 0 0 0 2 146 379 18262 4931 22 16 31
278 69 101 78 23 43 35 1182 60 5 68 0 22 16 NA 16 NA 4 60 1 4 13 25 0 0 0 0 1 4 13 25 0 0 0 0 4 167 381 18336 4932 19 19 30
279 72 97 74 23 40 39 1194 52 5 66 0 20 15 NA 15 NA 8 52 1 5 9 25 0 0 0 0 1 5 9 25 0 0 0 0 1 154 382 18405 4934 20 16 30
280 84 95 72 23 39 41 1180 59 6 66 0 20 15 NA 15 NA 9 59 1 5 10 23 0 0 0 0 1 5 10 23 0 0 0 0 1 139 382 18472 4934 21 18 27
281 79 96 73 23 41 35 1182 53 6 68 0 21 15 NA 15 NA 4 53 2 6 10 23 0 0 0 0 2 6 10 23 0 0 0 0 1 145 385 18544 4932 23 17 28
282 74 99 75 24 42 36 1192 54 4 70 0 21 15.5 NA 15.5 NA 7 54 2 7 10 23 0 0 0 0 2 7 10 23 0 0 0 0 2 142 386 18602 4930 25 16 29
283 82 97 73 24 41 34 1173 59 4 71 0 22 15 NA 15 NA 5 59 1 7 11 22 0 0 0 0 1 7 11 22 0 0 0 0 0 130 388 18667 4929 26 17 28
284 70 98 74 24 43 33 1156 67 6 74 0 22.5 15 NA 15 NA 5 67 1 7 12 23 0 0 0 0 1 7 12 23 0 0 0 0 1 126 390 18725 4926 27 19 28
285 75 100 73 27 45 31 1152 48 5 75 0 22 16 NA 16 NA 5 48 0 9 12 24 0 0 0 0 0 9 12 24 0 0 0 0 0 134 393 18797 4925 28 18 29
286 72 98 70 28 45 32 1121 60 5 76 0 22.5 16 NA 16 NA 10 60 1 9 11 24 0 0 0 0 1 9 11 24 0 0 0 0 0 115 395 18866 4924 30 17 29
287 59 100 74 26 44 26 1133 55 8 73 0 22 16 NA 16 NA 3 55 1 8 13 22 0 0 0 0 1 8 13 22 0 0 0 0 2 142 397 18930 4927 27 19 27
288 71 99 76 23 41 27 1142 57 2 69 0 20 16 NA 16 NA 6 57 1 7 12 21 0 0 0 0 1 7 12 21 0 0 0 0 4 159 400 19002 4931 25 19 25
289 82 99 77 22 41 21 1136 49 7 68 0 21 16 NA 16 NA 2 49 1 7 12 21 0 0 0 0 1 7 12 21 0 0 0 0 1 136 400 19076 4932 24 19 25
290 79 98 75 23 38 24 1125 47 2 71 0 20.5 15 NA 15 NA 7 47 0 6 10 22 0 0 0 0 0 6 10 22 0 0 0 0 1 148 401 19159 4929 28 16 27
291 82 99 75 24 37 28 1140 59 6 69 0 20 15 NA 15 NA 11 59 0 7 10 20 0 0 0 0 0 7 10 20 0 0 0 0 4 155 402 19222 4931 27 17 25
292 69 101 76 25 37 22 1136 57 9 69 0 20 15 NA 15 NA 4 57 0 7 9 21 0 0 0 0 0 7 9 21 0 0 0 0 2 137 403 19287 4931 25 17 27
293 69 102 78 24 36 28 1129 58 3 67 0 20.5 15.5 NA 15.5 NA 9 58 0 7 9 20 0 0 0 0 0 7 9 20 0 0 0 0 3 137 404 19355 4933 24 17 26
294 56 102 78 24 38 33 1118 64 5 69 0 21.5 15.5 NA 15.5 NA 10 64 0 7 11 20 0 0 0 0 0 7 11 20 0 0 0 0 1 140 406 19430 4931 23 20 26
295 77 104 79 25 43 28 1142 45 11 68 0 22 16 NA 16 NA 6 45 2 9 11 21 0 0 0 0 2 9 11 21 0 0 0 0 3 140 407 19485 4932 21 20 27
296 76 104 79 25 44 25 1157 52 9 66 0 22 16.5 NA 16.5 NA 5 52 3 8 12 21 0 0 0 0 3 8 12 21 0 0 0 0 2 142 407 19543 4934 19 21 26
297 63 106 81 25 45 28 1152 45 2 66 0 19 16 NA 16 NA 6 45 4 6 13 22 0 0 0 0 4 6 13 22 0 0 0 0 2 125 408 19607 4934 18 22 26
298 76 109 84 25 45 33 1181 52 3 67 0 20 16 NA 16 NA 8 52 4 4 15 22 0 0 0 0 4 4 15 22 0 0 0 0 0 152 408 19660 4933 16 25 26
299 87 108 83 25 45 28 1180 53 6 69 0 21 17 NA 17 NA 3 53 4 4 14 23 0 0 0 0 4 4 14 23 0 0 0 0 1 136 411 19726 4931 20 22 27
300 77 111 86 25 48 33 1132 70 8 75 0 22 18 NA 18 NA 11 70 3 7 14 24 0 0 0 0 3 7 14 24 0 0 0 0 3 128 411 19809 4925 25 20 30
301 77 110 85 25 52 32 1153 57 7 77 0 23 17.5 NA 17.5 NA 7 57 4 9 14 25 0 0 0 0 4 9 14 25 0 0 0 0 0 155 413 19867 4923 27 18 32
302 68 108 84 24 54 32 1148 61 7 78 0 24 17.5 NA 17.5 NA 7 61 3 9 17 25 0 0 0 0 3 9 17 25 0 0 0 0 0 148 413 19941 4922 23 24 31
303 72 106 83 23 54 35 1146 46 5 81 0 24.5 18 NA 18 NA 7 46 2 9 17 26 0 0 0 0 2 9 17 26 0 0 0 0 0 141 413 20016 4919 27 23 31
304 87 109 84 25 53 29 1143 58 7 83 0 24 18 NA 18 NA 4 58 2 7 17 27 0 0 0 0 2 7 17 27 0 0 0 0 4 141 416 20080 4917 28 22 33
305 87 110 85 25 53 33 1142 54 1 85 0 23 18 NA 18 NA 7 54 2 7 16 28 0 0 0 0 2 7 16 28 0 0 0 0 0 147 417 20145 4915 31 21 33
306 85 114 89 25 51 32 1137 49 4 84 0 20.5 18 NA 18 NA 3 49 1 7 15 28 0 0 0 0 1 7 15 28 0 0 0 0 2 129 419 20208 4916 29 22 33
307 74 114 91 23 50 29 1131 63 3 83 0 20 17.5 NA 17.5 NA 2 63 0 9 13 28 0 0 0 0 0 9 13 28 0 0 0 0 3 143 422 20277 4917 31 19 33
308 67 117 93 24 52 33 1155 58 3 86 0 20 17.5 NA 17.5 NA 7 58 0 11 10 31 0 0 0 0 0 11 10 31 0 0 0 0 2 162 422 20343 4914 34 16 36
309 84 118 94 24 51 35 1173 61 6 87 0 21 17 NA 17 NA 7 61 0 13 9 29 0 0 0 0 0 13 9 29 0 0 0 0 1 161 423 20405 4913 37 16 34
310 79 117 91 26 49 38 1160 66 5 85 0 20 18 NA 18 NA 8 66 0 13 7 29 0 0 0 0 0 13 7 29 0 0 0 0 3 139 425 20464 4915 37 14 34
311 61 119 91 28 52 40 1196 46 6 85 0 21 18 NA 18 NA 8 46 0 16 7 29 0 0 0 0 0 16 7 29 0 0 0 0 1 160 426 20530 4915 34 17 34
312 90 118 91 27 52 40 1194 62 7 83 0 22 18 NA 18 NA 8 62 0 14 10 28 0 0 0 0 0 14 10 28 0 0 0 0 2 142 426 20587 4917 28 21 34
313 88 116 90 26 50 40 1155 57 6 80 0 22.5 16.5 NA 16.5 NA 7 57 0 13 11 26 0 0 0 0 0 13 11 26 0 0 0 0 0 123 429 20665 4920 26 22 32
314 67 116 90 26 52 33 1166 51 9 79 0 23.5 18 NA 18 NA 3 51 0 11 12 29 0 0 0 0 0 11 12 29 0 0 0 0 0 140 430 20730 4921 21 20 38
315 66 117 90 27 52 33 1178 54 2 77 0 24 18 NA 18 NA 4 54 0 8 15 29 0 0 0 0 0 8 15 29 0 0 0 0 2 144 432 20794 4923 16 23 38
316 79 119 91 28 53 30 1176 51 7 81 0 25 18 NA 18 NA 6 51 0 7 17 29 0 0 0 0 0 7 17 29 0 0 0 0 2 134 435 20861 4919 19 24 38
317 69 121 95 26 53 29 1156 50 4 82 0 25 18 NA 18 NA 3 50 0 5 19 29 0 0 0 0 0 5 19 29 0 0 0 0 2 118 435 20927 4918 18 27 37
318 79 122 94 28 55 28 1185 48 6 86 0 25 18 NA 18 NA 4 48 0 7 18 30 0 0 0 0 0 7 18 30 0 0 0 0 0 155 437 20985 4914 23 24 39
319 74 121 93 28 54 30 1175 59 4 89 0 26 17.5 NA 17.5 NA 8 59 0 7 19 28 0 0 0 0 0 7 19 28 0 0 0 0 1 140 439 21059 4911 27 25 37
320 59 124 96 28 56 31 1153 64 6 92 0 24.5 18 NA 18 NA 4 64 0 7 19 30 0 0 0 0 0 7 19 30 0 0 0 0 2 142 439 21143 4908 28 27 37
321 71 123 95 28 55 34 1124 63 4 92 0 26 18 NA 18 NA 9 63 0 5 19 31 0 0 0 0 0 5 19 31 0 0 0 0 0 141 441 21229 4908 24 30 38
322 78 124 95 29 53 34 1141 64 3 93 0 26 18 NA 18 NA 5 64 0 3 18 32 0 0 0 0 0 3 18 32 0 0 0 0 1 158 444 21289 4907 25 29 39
323 84 121 91 30 53 34 1165 45 5 90 0 26 18 NA 18 NA 6 45 1 3 16 33 0 0 0 0 1 3 16 33 0 0 0 0 4 161 447 21360 4910 27 24 39
324 93 117 89 28 52 32 1170 45 9 89 0 24 17.5 NA 17.5 NA 6 45 1 5 13 33 0 0 0 0 1 5 13 33 0 0 0 0 0 148 449 21435 4911 30 20 39
325 74 117 89 28 53 30 1177 59 3 89 0 23 18 NA 18 NA 3 59 1 6 13 33 0 0 0 0 1 6 13 33 0 0 0 0 0 138 451 21488 4911 31 19 39
326 69 119 90 29 54 35 1166 62 3 91 0 22 18 NA 18 NA 7 62 1 7 10 36 0 0 0 0 1 7 10 36 0 0 0 0 2 141 451 21552 4909 32 17 42
327 64 117 88 29 52 32 1165 47 7 90 0 23 18 NA 18 NA 4 47 1 8 8 35 0 0 0 0 1 8 8 35 0 0 0 0 0 138 452 21628 4910 35 14 41
328 66 120 91 29 53 44 1173 63 3 92 0 23.5 18 NA 18 NA 13 63 1 6 10 36 0 0 0 0 1 6 10 36 0 0 0 0 2 148 452 21695 4908 32 18 42
329 71 121 92 29 55 44 1188 58 8 95 0 23 17 NA 17 NA 8 58 1 8 9 37 0 0 0 0 1 8 9 37 0 0 0 0 2 141 453 21743 4905 35 16 44
330 79 121 94 27 59 41 1173 64 10 95 0 24 17 NA 17 NA 9 64 2 10 12 35 0 0 0 0 2 10 12 35 0 0 0 0 1 131 454 21810 4905 33 20 42
331 92 122 95 27 58 43 1152 59 5 93 0 24 17.5 NA 17.5 NA 7 59 2 9 13 34 0 0 0 0 2 9 13 34 0 0 0 0 1 133 454 21882 4907 29 23 41
332 93 120 93 27 60 44 1162 50 7 92 0 24 17.5 NA 17.5 NA 10 50 1 12 14 33 0 0 0 0 1 12 14 33 0 0 0 0 3 154 456 21945 4908 30 23 39
333 84 120 93 27 62 44 1168 49 9 92 0 25 17.5 NA 17.5 NA 8 49 1 11 15 35 0 0 0 0 1 11 15 35 0 0 0 0 0 132 456 22009 4908 29 21 42
334 83 121 93 28 63 37 1180 52 8 93 0 26 18 NA 18 NA 5 52 1 10 16 36 0 0 0 0 1 10 16 36 0 0 0 0 1 163 460 22088 4907 27 23 43
335 85 119 92 27 61 38 1164 67 4 94 0 27 18 NA 18 NA 6 67 1 8 17 35 0 0 0 0 1 8 17 35 0 0 0 0 1 138 461 22161 4906 27 25 42
336 87 117 89 28 58 42 1120 70 5 93 0 27 18.5 NA 18.5 NA 9 70 0 8 17 33 0 0 0 0 0 8 17 33 0 0 0 0 2 133 461 22247 4907 26 27 40
337 68 116 88 28 60 40 1115 57 9 92 0 27 19 NA 19 NA 6 57 0 10 19 31 0 0 0 0 0 10 19 31 0 0 0 0 1 140 463 22317 4908 26 28 38
338 97 113 85 28 56 42 1132 44 5 89 0 27 19 NA 19 NA 6 44 0 8 21 27 0 0 0 0 0 8 21 27 0 0 0 0 1 142 463 22379 4911 26 28 35
339 72 111 84 27 54 39 1166 56 5 87 0 27 19 NA 19 NA 7 56 0 8 21 25 0 0 0 0 0 8 21 25 0 0 0 0 0 159 466 22436 4913 25 30 32
340 75 111 83 28 53 37 1153 59 4 88 0 26 19 NA 19 NA 2 59 0 8 19 26 0 0 0 0 0 8 19 26 0 0 0 0 2 122 468 22497 4912 27 27 34
341 70 112 84 28 56 30 1165 57 8 89 0 27 19 NA 19 NA 3 57 0 7 21 28 0 0 0 0 0 7 21 28 0 0 0 0 1 149 471 22556 4911 24 30 35
342 71 115 88 27 58 34 1173 62 5 89 0 27 19 NA 19 NA 10 62 0 7 21 30 0 0 0 0 0 7 21 30 0 0 0 0 2 159 474 22633 4911 23 29 37
343 71 114 87 27 59 40 1165 62 6 90 0 28 19 NA 19 NA 14 62 0 8 19 32 0 0 0 0 0 8 19 32 0 0 0 0 0 130 476 22696 4910 24 27 39
344 68 115 88 27 63 32 1164 64 12 92 0 28 19 NA 19 NA 5 64 1 9 19 34 0 0 0 0 1 9 19 34 0 0 0 0 1 154 478 22768 4908 24 27 41
345 88 117 90 27 61 34 1165 58 5 93 0 28 19 NA 19 NA 10 58 0 9 16 36 0 0 0 0 0 9 16 36 0 0 0 0 2 150 480 22833 4907 25 25 43
346 64 115 88 27 60 36 1144 67 6 93 0 29 19 NA 19 NA 10 67 0 10 14 36 0 0 0 0 0 10 14 36 0 0 0 0 1 142 483 22916 4907 26 23 44
347 76 113 86 27 59 40 1120 55 6 92 0 30 19 NA 19 NA 10 55 0 7 15 37 0 0 0 0 0 7 15 37 0 0 0 0 0 114 483 22984 4908 23 24 45
348 77 112 85 27 59 41 1157 49 6 92 0 31 19 NA 19 NA 6 49 0 7 14 38 0 0 0 0 0 7 14 38 0 0 0 0 1 159 483 23034 4908 23 22 47
349 67 108 84 24 57 35 1161 56 8 88 0 31.5 19 NA 19 NA 5 56 0 7 13 37 0 0 0 0 0 7 13 37 0 0 0 0 1 138 485 23099 4912 22 21 45
350 84 108 84 24 56 40 1165 57 1 88 0 31.5 19 NA 19 NA 7 57 0 6 12 38 0 0 0 0 0 6 12 38 0 0 0 0 0 139 487 23163 4912 21 21 46
351 80 110 84 26 58 38 1168 59 6 88 0 31 19 NA 19 NA 6 59 1 8 11 38 0 0 0 0 1 8 11 38 0 0 0 0 1 159 490 23241 4912 22 19 47
352 74 109 83 26 61 31 1171 58 8 88 0 32 19 NA 19 NA 3 58 1 7 15 38 0 0 0 0 1 7 15 38 0 0 0 0 0 135 491 23296 4912 20 22 46
353 77 107 82 25 57 35 1167 63 2 85 0 31 19 NA 19 NA 9 63 1 6 11 39 0 0 0 0 1 6 11 39 0 0 0 0 1 145 492 23367 4915 20 18 47
354 77 105 80 25 58 35 1186 38 9 88 0 31 19 NA 19 NA 8 38 1 6 13 38 0 0 0 0 1 6 13 38 0 0 0 0 0 151 492 23446 4912 24 18 46
355 76 105 81 24 59 42 1201 67 4 88 0 32 19 NA 19 NA 12 67 1 4 16 38 0 0 0 0 1 4 16 38 0 0 0 0 1 167 493 23509 4912 22 20 46
356 71 108 84 24 62 38 1192 56 10 86 0 29.5 19 NA 19 NA 8 56 0 9 14 39 0 0 0 0 0 9 14 39 0 0 0 0 4 132 496 23578 4914 20 20 46
357 77 109 83 26 62 37 1191 58 5 89 0 29 19 NA 19 NA 8 58 0 9 14 39 0 0 0 0 0 9 14 39 0 0 0 0 0 151 498 23650 4911 22 21 46
358 63 109 83 26 62 33 1189 53 12 88 0 29 19 NA 19 NA 9 53 0 10 13 39 0 0 0 0 0 10 13 39 0 0 0 0 3 128 499 23708 4912 21 22 45
359 84 107 81 26 58 36 1190 72 4 83 0 28 18.5 NA 18.5 NA 10 72 0 10 12 36 0 0 0 0 0 10 12 36 0 0 0 0 1 148 502 23760 4917 20 21 42
360 76 110 84 26 60 28 1176 56 11 83 0 28 17.5 NA 17.5 NA 3 56 2 10 12 36 0 0 0 0 2 10 12 36 0 0 0 0 1 142 503 23842 4917 20 21 42
