1 76 98 83 15 48 29 1254 51 14 75 0 25.5 18 NA 18 NA 9 51 1 6 17 24 0 0 0 0 1 6 17 24 0 0 0 0 2 153 0 0 4925 19 27 29
2 72 93 78 15 45 29 1308 68 11 71 0 26 18 NA 18 NA 11 68 1 5 18 21 0 0 0 0 1 5 18 21 0 0 0 0 0 139 0 0 4929 18 27 26
3 73 94 79 15 48 29 1350 72 11 72 0 27 18 NA 18 NA 8 72 1 8 17 22 0 0 0 0 1 8 17 22 0 0 0 0 2 134 0 0 4928 18 26 28
4 72 98 83 15 48 31 1408 62 3 73 0 27 18 NA 18 NA 5 62 1 9 16 22 0 0 0 0 1 9 16 22 0 0 0 0 2 143 0 0 4927 19 26 28
5 86 99 84 15 47 36 1470 61 4 73 0 27 18 NA 18 NA 8 61 1 9 16 21 0 0 0 0 1 9 16 21 0 0 0 0 1 155 0 0 4927 20 26 27
6 76 95 80 15 46 35 1509 61 6 69 0 28 18 NA 18 NA 4 61 0 9 15 22 0 0 0 0 0 9 15 22 0 0 0 0 3 119 0 0 4931 16 24 29
7 76 93 78 15 43 38 1524 75 6 67 0 28 18 NA 18 NA 11 75 0 9 13 21 0 0 0 0 0 9 13 21 0 0 0 0 1 118 0 0 4933 16 21 30
8 78 92 77 15 44 44 1558 74 5 64 0 25.5 18 NA 18 NA 10 74 0 9 15 20 0 0 0 0 0 9 15 20 0 0 0 0 0 129 0 0 4936 16 20 28
9 78 91 75 16 44 45 1571 76 6 65 0 27 18 NA 18 NA 7 76 0 8 15 21 0 0 0 0 0 8 15 21 0 0 0 0 0 117 0 0 4935 16 20 29
10 72 93 77 16 45 45 1613 63 7 70 0 27 18 NA 18 NA 6 63 0 8 13 24 0 0 0 0 0 8 13 24 0 0 0 0 0 128 0 0 4930 20 18 32
11 67 93 77 16 49 41 1627 70 7 72 0 28 18 NA 18 NA 4 70 0 9 15 25 0 0 0 0 0 9 15 25 0 0 0 0 0 118 0 0 4928 18 20 34
12 79 90 74 16 47 39 1657 72 8 69 0 27.5 17 NA 17 NA 7 72 0 8 12 27 0 0 0 0 0 8 12 27 0 0 0 0 0 132 0 0 4931 17 16 36
13 75 87 72 15 46 30 1061 65 7 67 0 28 17.5 NA 17.5 NA 8 65 0 8 11 27 0 0 0 0 0 8 11 27 0 0 0 0 0 129 10 639 4933 17 15 35
14 65 90 74 16 46 28 1072 59 9 66 0 27 17 NA 17 NA 7 59 1 7 11 27 0 0 0 0 1 7 11 27 0 0 0 0 2 153 10 703 4934 16 15 35
15 74 86 72 14 42 31 1100 46 4 64 0 28 17.5 NA 17.5 NA 8 46 0 7 9 26 0 0 0 0 0 7 9 26 0 0 0 0 1 156 11 769 4936 15 15 34
16 87 88 73 15 42 28 1096 54 5 67 0 29 17.5 NA 17.5 NA 5 54 0 7 9 26 0 0 0 0 0 7 9 26 0 0 0 0 3 137 13 835 4933 17 15 35
17 65 85 70 15 42 29 1112 40 4 67 0 30 18 NA 18 NA 4 40 0 7 10 25 0 0 0 0 0 7 10 25 0 0 0 0 0 158 14 922 4933 18 15 34
18 68 86 71 15 43 32 1153 51 5 68 0 30.5 18 NA 18 NA 8 51 0 5 11 27 0 0 0 0 0 5 11 27 0 0 0 0 2 152 14 966 4932 18 15 35
19 77 87 73 14 45 32 1191 49 6 66 0 28 18 NA 18 NA 6 49 0 6 13 26 0 0 0 0 0 6 13 26 0 0 0 0 1 169 15 1028 4934 18 15 33
20 68 89 74 15 44 36 1185 59 5 68 0 26 17.5 NA 17.5 NA 10 59 0 5 14 25 0 0 0 0 0 5 14 25 0 0 0 0 1 132 17 1091 4932 21 15 32
21 79 90 75 15 45 31 1200 49 3 68 0 26.5 17 NA 17 NA 5 49 1 5 13 26 0 0 0 0 1 5 13 26 0 0 0 0 2 133 22 1144 4932 21 14 33
22 85 88 74 14 40 29 1200 48 5 65 0 24 17 NA 17 NA 3 48 1 4 12 23 0 0 0 0 1 4 12 23 0 0 0 0 0 139 22 1208 4935 18 17 30
23 86 88 74 14 42 35 1189 63 4 65 0 25 17.5 NA 17.5 NA 8 63 1 3 11 27 0 0 0 0 1 3 11 27 0 0 0 0 0 142 22 1274 4935 16 15 34
24 70 86 73 13 43 29 1164 58 7 62 0 26 17 NA 17 NA 2 58 1 4 11 27 0 0 0 0 1 4 11 27 0 0 0 0 1 132 23 1354 4938 16 13 33
25 87 85 72 13 42 30 1167 60 4 60 0 27 17.5 NA 17.5 NA 5 60 1 4 11 26 0 0 0 0 1 4 11 26 0 0 0 0 1 132 24 1402 4940 15 13 32
26 65 88 73 15 42 34 1200 48 4 62 0 25 17.5 NA 17.5 NA 8 48 1 4 10 27 0 0 0 0 1 4 10 27 0 0 0 0 2 170 24 1474 4938 18 11 33
27 72 93 77 16 41 39 1192 63 4 62 0 22 17 NA 17 NA 11 63 1 4 8 28 0 0 0 0 1 4 8 28 0 0 0 0 2 146 25 1550 4938 18 10 34
28 70 98 80 18 42 37 1189 56 5 66 0 22.5 17 NA 17 NA 5 56 1 3 9 29 0 0 0 0 1 3 9 29 0 0 0 0 3 145 28 1619 4934 20 11 35
29 86 99 80 19 43 40 1174 65 3 66 0 23 17 NA 17 NA 5 65 1 4 9 29 0 0 0 0 1 4 9 29 0 0 0 0 1 148 29 1693 4934 17 14 35
30 84 97 78 19 44 40 1190 56 4 65 0 24 17 NA 17 NA 4 56 1 4 8 31 0 0 0 0 1 4 8 31 0 0 0 0 0 162 31 1765 4935 15 14 36
31 86 95 76 19 44 45 1169 66 4 66 0 25 17 NA 17 NA 10 66 0 6 7 31 0 0 0 0 0 6 7 31 0 0 0 0 0 151 32 1847 4934 17 14 35
32 66 95 76 19 43 37 1164 65 13 66 0 24 17 NA 17 NA 6 65 0 5 9 29 0 0 0 0 0 5 9 29 0 0 0 0 4 132 32 1902 4934 18 16 32
33 79 97 77 20 45 34 1144 59 10 66 0 23 17 NA 17 NA 6 59 0 7 9 29 0 0 0 0 0 7 9 29 0 0 0 0 3 130 33 1968 4934 18 16 32
34 75 97 77 20 49 35 1188 44 5 69 0 24 17 NA 17 NA 6 44 0 11 8 30 0 0 0 0 0 11 8 30 0 0 0 0 0 168 35 2032 4931 19 16 34
35 71 97 75 22 51 32 1193 55 9 69 0 21 17 NA 17 NA 6 55 1 13 7 30 0 0 0 0 1 13 7 30 0 0 0 0 1 144 36 2092 4931 21 14 34
36 79 97 77 20 50 36 1201 48 6 67 0 21 17 NA 17 NA 8 48 1 12 9 28 0 0 0 0 1 12 9 28 0 0 0 0 1 135 37 2154 4933 21 14 32
37 74 93 73 20 49 38 1182 79 7 62 0 21 17 NA 17 NA 9 79 1 14 9 25 0 0 0 0 1 14 9 25 0 0 0 0 3 138 37 2218 4938 21 12 29
38 78 95 75 20 50 35 1173 58 8 66 0 20 17 NA 17 NA 7 58 1 13 11 25 0 0 0 0 1 13 11 25 0 0 0 0 0 161 39 2306 4934 23 14 29
39 91 97 77 20 51 41 1188 62 3 70 0 20 17 NA 17 NA 11 62 1 13 12 25 0 0 0 0 1 13 12 25 0 0 0 0 0 158 41 2370 4930 26 15 29
40 85 99 80 19 51 36 1202 43 7 72 0 20 17 NA 17 NA 9 43 1 12 12 26 0 0 0 0 1 12 12 26 0 0 0 0 2 153 47 2440 4928 27 16 29
41 56 97 77 20 49 37 1215 55 4 71 0 20 16 NA 16 NA 6 55 1 13 10 25 0 0 0 0 1 13 10 25 0 0 0 0 1 138 49 2501 4929 29 13 29
42 71 98 77 21 51 34 1216 57 7 69 0 20 16 NA 16 NA 3 57 1 17 8 25 0 0 0 0 1 17 8 25 0 0 0 0 1 152 49 2576 4931 29 11 29
43 89 100 79 21 52 34 1221 59 4 68 0 20 16 NA 16 NA 4 59 1 15 10 26 0 0 0 0 1 15 10 26 0 0 0 0 1 163 50 2646 4932 27 13 28
44 80 100 80 20 53 40 1194 70 3 69 0 19.5 16 NA 16 NA 10 70 1 13 11 28 0 0 0 0 1 13 11 28 0 0 0 0 2 122 50 2709 4931 25 14 30
45 76 102 82 20 53 38 1190 57 7 71 0 19 16 NA 16 NA 7 57 1 14 10 28 0 0 0 0 1 14 10 28 0 0 0 0 2 140 53 2774 4929 28 13 30
46 90 100 80 20 53 39 1175 62 8 70 0 20 16 NA 16 NA 13 62 1 12 12 28 0 0 0 0 1 12 12 28 0 0 0 0 0 143 55 2850 4930 25 14 31
47 70 102 81 21 53 38 1181 67 4 72 0 21 16 NA 16 NA 5 67 1 11 13 28 0 0 0 0 1 11 13 28 0 0 0 0 2 155 55 2914 4928 25 16 31
48 100 101 80 21 52 38 1194 59 3 73 0 22 16 NA 16 NA 4 59 1 10 13 28 0 0 0 0 1 10 13 28 0 0 0 0 0 159 56 2979 4927 27 15 31
49 78 100 78 22 51 33 1214 56 8 72 0 22 16 NA 16 NA 6 56 0 12 13 26 0 0 0 0 0 12 13 26 0 0 0 0 1 156 58 3040 4928 27 16 29
50 88 99 77 22 50 36 1199 67 2 74 0 23 16 NA 16 NA 7 67 0 8 15 27 0 0 0 0 0 8 15 27 0 0 0 0 1 145 59 3114 4926 26 18 30
51 74 99 77 22 50 40 1178 61 6 76 0 24 16 NA 16 NA 11 61 0 7 16 27 0 0 0 0 0 7 16 27 0 0 0 0 1 135 60 3186 4924 25 21 30
52 79 102 77 25 50 39 1175 49 7 78 0 24 16 NA 16 NA 10 49 0 6 16 28 0 0 0 0 0 6 16 28 0 0 0 0 3 141 64 3258 4922 24 23 31
53 69 106 81 25 51 37 1179 47 6 79 0 25 16 NA 16 NA 6 47 0 5 18 28 0 0 0 0 0 5 18 28 0 0 0 0 4 126 66 3318 4921 23 25 31
54 81 106 81 25 51 37 1176 51 6 81 0 25.5 16 NA 16 NA 7 51 0 6 18 27 0 0 0 0 0 6 18 27 0 0 0 0 0 143 68 3390 4919 26 25 30
55 87 107 82 25 51 37 1142 58 8 83 0 26 15 NA 15 NA 6 58 0 7 16 28 0 0 0 0 0 7 16 28 0 0 0 0 1 136 68 3480 4917 29 23 31
56 71 107 82 25 51 40 1171 48 4 83 0 24 15 NA 15 NA 6 48 0 6 14 31 0 0 0 0 0 6 14 31 0 0 0 0 1 134 68 3527 4917 28 21 34
57 90 105 80 25 53 32 1197 45 9 84 0 25 15 NA 15 NA 2 45 0 7 16 30 0 0 0 0 0 7 16 30 0 0 0 0 0 162 70 3592 4916 28 24 32
58 88 104 79 25 49 38 1191 52 4 79 0 23 15 NA 15 NA 10 52 0 8 13 28 0 0 0 0 0 8 13 28 0 0 0 0 2 133 71 3657 4921 28 21 30
59 77 102 77 25 47 37 1170 51 5 77 0 23 15 NA 15 NA 7 51 0 9 11 27 0 0 0 0 0 9 11 27 0 0 0 0 1 119 75 3726 4923 28 20 29
60 72 103 79 24 46 36 1147 57 5 76 0 22 15.5 NA 15.5 NA 4 57 0 8 12 26 0 0 0 0 0 8 12 26 0 0 0 0 2 152 77 3818 4924 26 22 28
61 49 105 81 24 46 37 1172 46 4 77 0 23 15.5 NA 15.5 NA 5 46 0 7 13 26 0 0 0 0 0 7 13 26 0 0 0 0 1 148 78 3881 4923 26 23 28
62 85 108 82 26 47 40 1166 61 4 78 0 23.5 15 NA 15 NA 7 61 0 6 13 28 0 0 0 0 0 6 13 28 0 0 0 0 1 132 80 3938 4922 24 24 30
63 79 107 81 26 44 43 1143 49 5 76 0 24 16 NA 16 NA 9 49 0 5 12 27 0 0 0 0 0 5 12 27 0 0 0 0 1 116 80 4011 4924 21 24 31
64 68 105 80 25 43 38 1151 62 9 77 0 24 16 NA 16 NA 7 62 0 6 11 26 0 0 0 0 0 6 11 26 0 0 0 0 2 167 84 4088 4923 22 24 31
65 73 107 83 24 46 38 1164 54 4 79 0 24 16 NA 16 NA 7 54 0 6 12 28 0 0 0 0 0 6 12 28 0 0 0 0 1 141 87 4143 4921 25 23 31
66 88 106 82 24 47 43 1162 48 6 77 0 24 16 NA 16 NA 10 48 2 5 14 26 0 0 0 0 2 5 14 26 0 0 0 0 1 145 88 4221 4923 22 26 29
67 77 107 82 25 49 37 1143 62 12 78 0 25 16 NA 16 NA 8 62 2 6 15 26 0 0 0 0 2 6 15 26 0 0 0 0 1 130 91 4289 4922 21 28 29
68 85 108 82 26 49 35 1171 42 5 79 0 26 16 NA 16 NA 3 42 2 6 13 28 0 0 0 0 2 6 13 28 0 0 0 0 2 153 91 4355 4921 21 26 32
69 92 107 81 26 48 42 1159 74 6 76 0 26 15.5 NA 15.5 NA 12 74 2 4 14 28 0 0 0 0 2 4 14 28 0 0 0 0 1 158 91 4426 4924 19 24 33
70 91 109 81 28 50 40 1162 59 8 79 0 26 15.5 NA 15.5 NA 4 59 2 6 14 28 0 0 0 0 2 6 14 28 0 0 0 0 0 143 91 4487 4921 22 24 33
71 85 106 79 27 51 35 1173 64 8 79 0 27.5 16 NA 16 NA 6 64 1 6 15 29 0 0 0 0 1 6 15 29 0 0 0 0 0 155 96 4548 4921 21 24 34
72 66 106 79 27 50 37 1158 55 5 81 0 27.5 15.5 NA 15.5 NA 8 55 0 5 15 30 0 0 0 0 0 5 15 30 0 0 0 0 1 121 97 4611 4919 22 23 36
73 68 109 83 26 52 36 1152 58 9 82 0 28 16.5 NA 16.5 NA 9 58 0 5 16 31 0 0 0 0 0 5 16 31 0 0 0 0 2 137 99 4673 4918 22 23 37
74 74 107 81 26 53 38 1164 64 7 82 0 26 16 NA 16 NA 9 64 0 9 12 32 0 0 0 0 0 9 12 32 0 0 0 0 1 145 101 4728 4918 25 20 37
75 73 105 80 25 54 33 1146 66 6 84 0 28 16.5 NA 16.5 NA 4 66 0 10 9 35 0 0 0 0 0 10 9 35 0 0 0 0 1 134 103 4798 4916 25 19 40
76 71 107 81 26 54 40 1139 58 3 86 0 28 16.5 NA 16.5 NA 11 58 0 8 11 35 0 0 0 0 0 8 11 35 0 0 0 0 2 154 104 4884 4914 24 19 43
77 74 108 82 26 55 37 1141 64 8 89 0 28.5 17 NA 17 NA 4 64 0 7 13 35 0 0 0 0 0 7 13 35 0 0 0 0 2 157 105 4956 4911 25 22 42
78 90 106 80 26 55 34 1167 53 7 89 0 28.5 17 NA 17 NA 4 53 0 8 11 36 0 0 0 0 0 8 11 36 0 0 0 0 0 167 106 5021 4911 26 19 44
79 74 106 80 26 56 36 1179 73 4 89 0 29.5 17.5 NA 17.5 NA 10 73 0 9 10 37 0 0 0 0 0 9 10 37 0 0 0 0 1 164 110 5082 4911 26 18 45
80 89 106 81 25 54 39 1181 59 4 87 0 28 18 NA 18 NA 9 59 0 8 10 36 0 0 0 0 0 8 10 36 0 0 0 0 2 151 112 5146 4913 25 19 43
81 75 103 80 23 52 38 1180 53 9 85 0 28 17.5 NA 17.5 NA 8 53 0 9 8 35 0 0 0 0 0 9 8 35 0 0 0 0 1 130 113 5211 4915 27 17 41
82 90 102 79 23 52 30 1181 59 9 83 0 28.5 17 NA 17 NA 5 59 0 9 10 33 0 0 0 0 0 9 10 33 0 0 0 0 0 145 117 5277 4917 26 19 38
83 76 103 81 22 52 34 1122 66 10 82 0 27 17.5 NA 17.5 NA 12 66 0 8 12 32 0 0 0 0 0 8 12 32 0 0 0 0 2 106 117 5352 4918 25 19 38
84 73 104 82 22 51 36 1123 51 5 82 0 27 17 NA 17 NA 8 51 0 6 12 33 0 0 0 0 0 6 12 33 0 0 0 0 1 127 118 5406 4918 23 20 39
85 78 107 83 24 51 33 1168 52 7 85 0 27 17 NA 17 NA 8 52 0 5 12 34 0 0 0 0 0 5 12 34 0 0 0 0 1 178 119 5468 4915 25 20 40
86 69 111 86 25 53 31 1183 50 7 86 0 27 18 NA 18 NA 4 50 0 4 15 34 0 0 0 0 0 4 15 34 0 0 0 0 4 145 120 5531 4914 22 23 41
87 68 113 88 25 54 32 1202 58 3 85 0 27 18.5 NA 18.5 NA 5 58 0 5 15 34 0 0 0 0 0 5 15 34 0 0 0 0 2 147 120 5588 4915 19 24 42
88 94 111 86 25 53 35 1213 55 5 83 0 28 18 NA 18 NA 11 55 0 5 14 34 0 0 0 0 0 5 14 34 0 0 0 0 1 164 120 5665 4917 18 22 43
89 66 108 83 25 53 38 1202 57 4 82 0 28.5 17 NA 17 NA 9 57 2 4 13 34 0 0 0 0 2 4 13 34 0 0 0 0 0 133 121 5731 4918 16 23 43
90 71 109 84 25 53 42 1184 58 9 82 0 28 17 NA 17 NA 11 58 2 3 14 34 0 0 0 0 2 3 14 34 0 0 0 0 2 145 121 5811 4918 15 24 43
91 70 110 84 26 55 42 1188 52 6 81 0 28.5 17 NA 17 NA 6 52 2 5 13 35 0 0 0 0 2 5 13 35 0 0 0 0 1 155 122 5891 4919 15 24 42
92 81 106 81 25 54 41 1160 54 5 81 0 29 17 NA 17 NA 7 54 1 6 12 35 0 0 0 0 1 6 12 35 0 0 0 0 0 119 126 5968 4919 18 21 42
93 76 108 81 27 55 41 1156 52 6 82 0 29.5 17 NA 17 NA 5 52 1 6 13 35 0 0 0 0 1 6 13 35 0 0 0 0 0 133 126 6030 4918 17 23 42
94 71 110 83 27 56 37 1148 65 6 83 0 30 16.5 NA 16.5 NA 3 65 1 6 12 37 0 0 0 0 1 6 12 37 0 0 0 0 3 144 128 6101 4917 18 21 44
95 65 107 83 24 54 37 1177 66 7 82 0 30 15.5 NA 15.5 NA 8 66 1 7 9 37 0 0 0 0 1 7 9 37 0 0 0 0 0 168 131 6156 4918 21 19 42
96 86 106 83 23 53 32 1203 68 8 80 0 30 15 NA 15 NA 4 68 1 8 9 35 0 0 0 0 1 8 9 35 0 0 0 0 1 156 134 6205 4920 21 18 41
97 77 104 81 23 53 29 1196 59 6 80 0 30.5 15 NA 15 NA 3 59 1 8 9 35 0 0 0 0 1 8 9 35 0 0 0 0 1 141 136 6281 4920 20 19 41
98 63 104 81 23 54 29 1196 49 6 81 0 30 17 NA 17 NA 7 49 0 8 10 36 0 0 0 0 0 8 10 36 0 0 0 0 0 135 137 6356 4919 21 17 43
99 69 101 78 23 52 30 1188 63 4 81 0 30 17 NA 17 NA 7 63 0 8 10 34 0 0 0 0 0 8 10 34 0 0 0 0 0 142 138 6426 4919 23 16 42
100 60 98 75 23 49 29 1204 51 8 77 0 27.5 17 NA 17 NA 7 51 0 8 10 31 0 0 0 0 0 8 10 31 0 0 0 0 2 150 138 6497 4923 23 15 39
101 76 99 74 25 49 29 1229 64 6 76 0 28 17 NA 17 NA 7 64 0 7 9 33 0 0 0 0 0 7 9 33 0 0 0 0 1 159 140 6554 4924 21 14 41
102 65 100 76 24 51 28 1234 61 6 78 0 28.5 17 NA 17 NA 6 61 0 7 9 35 0 0 0 0 0 7 9 35 0 0 0 0 1 155 141 6626 4922 22 14 42
103 78 99 75 24 52 24 1235 46 6 79 0 27 17 NA 17 NA 4 46 1 8 7 36 0 0 0 0 1 8 7 36 0 0 0 0 0 142 144 6701 4921 24 13 42
104 84 99 75 24 49 28 1233 72 1 76 0 26 17 NA 17 NA 7 72 1 6 9 33 0 0 0 0 1 6 9 33 0 0 0 0 1 145 144 6759 4924 21 16 39
105 77 100 76 24 50 26 1243 65 6 78 0 27 17 NA 17 NA 6 65 1 7 8 34 0 0 0 0 1 7 8 34 0 0 0 0 1 161 146 6823 4922 22 16 40
106 89 98 75 23 48 28 1257 54 7 79 0 27.5 17 NA 17 NA 10 54 0 6 10 32 0 0 0 0 0 6 10 32 0 0 0 0 2 159 147 6891 4921 23 18 38
107 72 95 73 22 46 29 1235 56 5 77 0 28 17 NA 17 NA 7 56 0 5 9 32 0 0 0 0 0 5 9 32 0 0 0 0 0 142 148 6975 4923 22 17 38
108 79 99 77 22 47 30 1253 64 5 79 0 27 17 NA 17 NA 8 64 0 7 7 33 0 0 0 0 0 7 7 33 0 0 0 0 3 158 150 7038 4921 24 16 39
109 76 97 74 23 47 30 1245 53 8 77 0 27 17 NA 17 NA 8 53 0 7 7 33 0 0 0 0 0 7 7 33 0 0 0 0 1 142 150 7119 4923 23 16 38
110 84 98 75 23 47 25 1237 69 9 78 0 27 17 NA 17 NA 4 69 0 6 9 32 0 0 0 0 0 6 9 32 0 0 0 0 1 141 150 7183 4922 22 18 38
111 78 98 76 22 47 30 1235 53 3 77 0 28 17 NA 17 NA 9 53 0 4 11 32 0 0 0 0 0 4 11 32 0 0 0 0 2 147 150 7258 4923 19 20 38
112 71 97 76 21 45 33 1231 66 2 76 0 28 17 NA 17 NA 7 66 0 4 10 31 0 0 0 0 0 4 10 31 0 0 0 0 1 156 151 7332 4924 20 19 37
113 72 95 74 21 45 29 1241 70 8 74 0 28 17 NA 17 NA 6 70 1 5 9 30 0 0 0 0 1 5 9 30 0 0 0 0 2 163 152 7398 4926 21 17 36
114 83 92 73 19 44 30 1231 63 4 73 0 28 17 NA 17 NA 8 63 1 3 10 30 0 0 0 0 1 3 10 30 0 0 0 0 0 155 154 7476 4927 20 18 35
115 68 89 71 18 44 29 1252 49 4 72 0 29 17 NA 17 NA 4 49 0 4 9 31 0 0 0 0 0 4 9 31 0 0 0 0 0 153 155 7541 4928 18 19 35
116 85 88 71 17 44 26 1270 44 8 72 0 30 17 NA 17 NA 5 44 1 3 10 30 0 0 0 0 1 3 10 30 0 0 0 0 2 157 156 7616 4928 20 17 35
117 77 91 75 16 43 31 1241 71 4 70 0 27 17 NA 17 NA 8 71 1 3 11 28 0 0 0 0 1 3 11 28 0 0 0 0 3 128 156 7686 4930 19 18 33
118 60 92 75 17 42 28 1261 47 5 69 0 27 17 NA 17 NA 4 47 1 2 10 29 0 0 0 0 1 2 10 29 0 0 0 0 4 155 157 7758 4931 15 20 34
119 66 92 75 17 42 28 1247 64 5 68 0 28 17 NA 17 NA 6 64 1 2 9 30 0 0 0 0 1 2 9 30 0 0 0 0 1 128 158 7823 4932 14 18 36
120 69 92 76 16 43 35 1230 64 5 70 0 28 16 NA 16 NA 13 64 2 2 10 29 0 0 0 0 2 2 10 29 0 0 0 0 1 141 160 7899 4930 16 18 36
121 65 96 79 17 46 33 1236 45 8 70 0 27.5 15.5 NA 15.5 NA 8 45 3 4 10 29 0 0 0 0 3 4 10 29 0 0 0 0 2 144 161 7977 4930 15 18 37
122 72 97 80 17 48 33 1213 70 8 72 0 28 15.5 NA 15.5 NA 7 70 4 3 9 32 0 0 0 0 4 3 9 32 0 0 0 0 1 131 162 8044 4928 16 16 40
123 67 97 80 17 49 40 1202 79 5 71 0 29 16 NA 16 NA 10 79 4 4 7 34 0 0 0 0 4 4 7 34 0 0 0 0 2 155 162 8116 4929 17 14 40
124 65 95 79 16 52 35 1192 57 9 72 0 30 17 NA 17 NA 8 57 2 6 8 36 0 0 0 0 2 6 8 36 0 0 0 0 2 149 166 8192 4928 19 14 39
125 79 97 79 18 53 27 1166 57 9 70 0 29 17 NA 17 NA 4 57 2 8 9 34 0 0 0 0 2 8 9 34 0 0 0 0 2 136 169 8278 4930 18 15 37
126 68 96 77 19 51 30 1173 59 4 68 0 26.5 17 NA 17 NA 11 59 2 8 8 33 0 0 0 0 2 8 8 33 0 0 0 0 2 149 171 8345 4932 17 15 36
127 80 97 78 19 50 29 1185 43 3 67 0 25 17 NA 17 NA 4 43 2 7 7 34 0 0 0 0 2 7 7 34 0 0 0 0 1 152 173 8425 4933 16 14 37
128 74 100 79 21 52 25 1184 51 8 69 0 25.5 17 NA 17 NA 4 51 2 7 9 34 0 0 0 0 2 7 9 34 0 0 0 0 1 138 174 8499 4931 15 17 37
129 65 100 79 21 52 23 1240 34 7 74 0 26.5 17 NA 17 NA 5 34 0 9 7 36 0 0 0 0 0 9 7 36 0 0 0 0 0 157 174 8553 4926 19 16 39
130 70 100 80 20 51 28 1238 49 2 75 0 26.5 17 NA 17 NA 7 49 0 8 7 36 0 0 0 0 0 8 7 36 0 0 0 0 1 138 174 8628 4925 19 14 42
131 56 101 79 22 53 28 1229 52 6 76 0 27 17 NA 17 NA 5 52 1 10 7 35 0 0 0 0 1 10 7 35 0 0 0 0 0 134 174 8704 4924 21 14 41
132 75 105 83 22 54 26 1197 65 5 77 0 27 17 NA 17 NA 3 65 1 7 9 37 0 0 0 0 1 7 9 37 0 0 0 0 1 128 175 8780 4923 18 16 43
133 81 106 85 21 53 30 1205 61 2 79 0 27 17 NA 17 NA 4 61 1 7 8 37 0 0 0 0 1 7 8 37 0 0 0 0 3 155 176 8842 4921 21 15 43
134 79 108 87 21 53 28 1202 55 7 76 0 25 18 NA 18 NA 5 55 1 9 8 35 0 0 0 0 1 9 8 35 0 0 0 0 3 132 178 8903 4924 20 16 40
135 85 112 91 21 53 30 1198 60 5 75 0 23 18 NA 18 NA 8 60 1 10 8 34 0 0 0 0 1 10 8 34 0 0 0 0 3 160 180 8985 4925 20 16 39
136 83 109 89 20 50 35 1181 61 5 72 0 20 19.5 NA 19.5 NA 8 61 1 8 11 30 0 0 0 0 1 8 11 30 0 0 0 0 2 151 180 9062 4928 19 18 35
137 79 113 93 20 52 34 1191 55 10 76 0 20 19.5 NA 19.5 NA 9 55 0 10 12 30 0 0 0 0 0 10 12 30 0 0 0 0 2 163 181 9138 4924 23 17 36
138 79 110 90 20 49 31 1182 53 10 72 0 21 20 NA 20 NA 8 53 0 10 12 27 0 0 0 0 0 10 12 27 0 0 0 0 2 134 183 9210 4928 22 16 34
139 77 111 91 20 47 34 1180 56 5 72 0 21 20 NA 20 NA 8 56 0 10 11 26 0 0 0 0 0 10 11 26 0 0 0 0 3 148 183 9279 4928 25 15 32
140 63 112 91 21 45 39 1203 50 2 72 0 19 19 NA 19 NA 7 50 0 9 10 26 0 0 0 0 0 9 10 26 0 0 0 0 1 149 183 9348 4928 25 14 33
141 69 113 91 22 44 46 1206 61 5 71 0 19 19 NA 19 NA 13 61 0 6 14 24 0 0 0 0 0 6 14 24 0 0 0 0 2 153 183 9424 4929 21 18 32
142 78 115 92 23 44 46 1222 56 5 71 0 18 19 NA 19 NA 6 56 0 4 15 25 0 0 0 0 0 4 15 25 0 0 0 0 2 161 184 9488 4929 20 17 34
143 80 116 93 23 46 46 1193 43 7 73 0 19 19 NA 19 NA 8 43 0 4 16 26 0 0 0 0 0 4 16 26 0 0 0 0 1 109 187 9557 4927 21 18 34
144 80 119 93 26 45 53 1185 65 4 75 0 19 19 NA 19 NA 11 65 0 4 12 29 0 0 0 0 0 4 12 29 0 0 0 0 1 139 188 9618 4925 25 14 36
145 72 119 93 26 42 51 1177 50 7 74 0 18 19 NA 19 NA 6 50 0 4 12 26 0 0 0 0 0 4 12 26 0 0 0 0 5 134 189 9692 4926 25 17 32
146 90 124 99 25 40 55 1181 54 2 77 0 16.5 19 NA 19 NA 7 54 0 4 10 26 0 0 0 0 0 4 10 26 0 0 0 0 3 133 190 9748 4923 29 16 32
147 69 125 99 26 42 53 1182 55 6 80 0 16 18.5 NA 18.5 NA 9 55 1 6 10 25 0 0 0 0 1 6 10 25 0 0 0 0 2 140 194 9814 4920 33 17 30
148 61 123 97 26 42 47 1172 68 9 80 0 16 18.5 NA 18.5 NA 7 68 2 5 10 25 0 0 0 0 2 5 10 25 0 0 0 0 0 147 196 9887 4920 33 17 30
149 72 123 98 25 42 46 1149 58 5 81 0 17 17 NA 17 NA 5 58 2 6 11 23 0 0 0 0 2 6 11 23 0 0 0 0 2 137 199 9977 4919 32 21 28
150 82 121 97 24 43 42 1176 53 6 81 0 17 17 NA 17 NA 5 53 2 8 11 22 0 0 0 0 2 8 11 22 0 0 0 0 0 159 201 10039 4919 34 20 27
151 85 119 95 24 43 41 1157 52 4 83 0 18 17 NA 17 NA 5 52 1 9 12 21 0 0 0 0 1 9 12 21 0 0 0 0 0 131 203 10112 4917 35 23 25
152 71 122 96 26 45 41 1152 51 6 86 0 18.5 17 NA 17 NA 7 51 1 10 12 22 0 0 0 0 1 10 12 22 0 0 0 0 2 139 204 10190 4914 36 24 26
153 80 119 93 26 44 42 1140 62 5 84 0 19 17 NA 17 NA 7 62 1 11 9 23 0 0 0 0 1 11 9 23 0 0 0 0 2 142 206 10267 4916 38 18 28
154 72 122 94 28 46 43 1146 52 7 86 0 19 17.5 NA 17.5 NA 6 52 1 14 8 23 0 0 0 0 1 14 8 23 0 0 0 0 3 149 208 10343 4914 41 17 28
155 86 119 91 28 46 40 1172 52 7 81 0 20 18 NA 18 NA 7 52 1 15 9 21 0 0 0 0 1 15 9 21 0 0 0 0 1 153 212 10393 4919 37 18 26
156 86 120 90 30 46 37 1201 51 4 85 0 20.5 17.5 NA 17.5 NA 3 51 0 15 11 20 0 0 0 0 0 15 11 20 0 0 0 0 0 162 214 10449 4915 38 22 25
157 76 120 94 26 46 38 1203 57 6 86 0 21 17 NA 17 NA 7 57 0 13 12 21 0 0 0 0 0 13 12 21 0 0 0 0 4 141 217 10511 4914 37 22 27
158 82 118 92 26 44 40 1217 60 3 89 0 21.5 17 NA 17 NA 10 60 0 12 12 20 0 0 0 0 0 12 12 20 0 0 0 0 0 147 220 10567 4911 38 24 27
159 89 119 94 25 48 46 1191 67 10 89 0 21 17.5 NA 17.5 NA 12 67 0 13 16 19 0 0 0 0 0 13 16 19 0 0 0 0 2 134 221 10641 4911 35 28 26
160 72 120 94 26 48 43 1188 53 9 86 0 21 17.5 NA 17.5 NA 7 53 0 12 18 18 0 0 0 0 0 12 18 18 0 0 0 0 3 142 223 10717 4914 32 29 25
161 73 119 94 25 50 44 1210 45 8 86 0 21 17.5 NA 17.5 NA 9 45 0 12 18 20 0 0 0 0 0 12 18 20 0 0 0 0 1 154 225 10785 4914 32 27 27
162 78 121 93 28 51 48 1191 48 4 87 0 22 18 NA 18 NA 9 48 0 11 18 22 0 0 0 0 0 11 18 22 0 0 0 0 1 130 227 10865 4913 32 27 28
163 87 122 93 29 54 41 1178 56 11 87 0 22 17 NA 17 NA 5 56 0 11 20 23 0 0 0 0 0 11 20 23 0 0 0 0 1 141 229 10933 4913 29 29 29
164 71 122 93 29 52 44 1175 52 5 87 0 22 17.5 NA 17.5 NA 9 52 0 12 18 22 0 0 0 0 0 12 18 22 0 0 0 0 2 141 230 11006 4913 30 29 28
165 80 120 90 30 51 45 1167 70 8 85 0 21 18 NA 18 NA 8 70 1 10 20 20 0 0 0 0 1 10 20 20 0 0 0 0 1 148 231 11072 4915 30 29 26
166 87 121 92 29 50 43 1157 53 5 87 0 21 17.5 NA 17.5 NA 7 53 2 8 21 19 0 0 0 0 2 8 21 19 0 0 0 0 1 146 235 11148 4913 32 30 25
167 100 119 90 29 52 45 1131 55 9 87 0 22 17.5 NA 17.5 NA 13 55 1 11 20 20 0 0 0 0 1 11 20 20 0 0 0 0 1 134 237 11224 4913 33 28 26
168 86 120 91 29 55 39 1140 46 10 88 0 23 17 NA 17 NA 4 46 2 10 20 23 0 0 0 0 2 10 20 23 0 0 0 0 0 140 238 11285 4912 30 28 30
169 83 119 90 29 55 40 1152 47 4 89 0 24 17 NA 17 NA 5 47 2 8 21 24 0 0 0 0 2 8 21 24 0 0 0 0 3 139 238 11348 4911 29 30 30
170 72 118 91 27 55 39 1166 53 3 86 0 24.5 17 NA 17 NA 5 53 2 6 22 25 0 0 0 0 2 6 22 25 0 0 0 0 2 144 241 11404 4914 22 31 33
171 77 120 93 27 52 44 1158 65 3 88 0 25 17 NA 17 NA 10 65 2 5 17 28 0 0 0 0 2 5 17 28 0 0 0 0 4 143 244 11469 4912 23 28 37
172 87 121 94 27 59 42 1194 63 11 90 0 25 17 NA 17 NA 9 63 2 10 17 30 0 0 0 0 2 10 17 30 0 0 0 0 2 180 246 11530 4910 27 25 38
173 76 122 93 29 62 41 1196 40 7 89 0 26 17.5 NA 17.5 NA 7 40 1 11 17 33 0 0 0 0 1 11 17 33 0 0 0 0 1 134 248 11606 4911 25 25 39
174 78 122 92 30 62 40 1219 49 5 89 0 26 17.5 NA 17.5 NA 6 49 2 9 18 33 0 0 0 0 2 9 18 33 0 0 0 0 1 157 252 11667 4911 25 26 38
175 57 125 94 31 64 46 1224 56 3 91 0 26 17.5 NA 17.5 NA 11 56 2 10 16 36 0 0 0 0 2 10 16 36 0 0 0 0 3 144 254 11730 4909 26 24 41
176 71 123 93 30 64 41 1235 62 7 93 0 27 17 NA 17 NA 6 62 1 11 15 37 0 0 0 0 1 11 15 37 0 0 0 0 0 162 257 11799 4907 26 25 42
177 74 119 89 30 62 40 1239 47 8 91 0 27 17.5 NA 17.5 NA 9 47 1 11 14 36 0 0 0 0 1 11 14 36 0 0 0 0 0 141 258 11870 4909 25 25 41
178 82 116 87 29 60 36 1245 66 11 89 0 26 17.5 NA 17.5 NA 9 66 1 11 13 35 0 0 0 0 1 11 13 35 0 0 0 0 1 161 260 11939 4911 25 24 40
179 71 115 87 28 59 32 1238 76 5 90 0 27 17 NA 17 NA 4 76 1 10 14 34 0 0 0 0 1 10 14 34 0 0 0 0 0 157 262 12011 4910 26 25 39
180 88 116 84 32 57 31 1212 68 6 88 0 27 17 NA 17 NA 7 68 1 9 13 34 0 0 0 0 1 9 13 34 0 0 0 0 1 140 265 12078 4912 26 22 40
181 71 119 87 32 57 30 1214 56 7 89 0 26 18 NA 18 NA 7 56 1 8 13 35 0 0 0 0 1 8 13 35 0 0 0 0 2 146 266 12152 4911 25 23 41
182 79 119 87 32 59 29 1222 59 9 91 0 27 17 NA 17 NA 8 59 1 9 12 37 0 0 0 0 1 9 12 37 0 0 0 0 1 155 266 12217 4909 26 21 44
183 77 116 84 32 58 28 1222 53 6 93 0 27 17.5 NA 17.5 NA 6 53 1 8 12 37 0 0 0 0 1 8 12 37 0 0 0 0 1 136 268 12282 4907 28 19 46
184 88 116 84 32 58 28 1182 63 8 94 0 27 18.5 NA 18.5 NA 9 63 1 8 13 36 0 0 0 0 1 8 13 36 0 0 0 0 1 134 270 12371 4906 27 22 45
185 63 113 81 32 57 32 1188 65 2 91 0 28 19 NA 19 NA 8 65 1 8 11 37 0 0 0 0 1 8 11 37 0 0 0 0 1 144 272 12428 4909 28 19 44
186 60 113 83 30 57 33 1194 58 7 91 0 27 19 NA 19 NA 7 58 1 10 9 37 0 0 0 0 1 10 9 37 0 0 0 0 2 148 273 12497 4909 29 18 44
187 84 112 81 31 60 32 1216 58 7 91 0 27 18 NA 18 NA 2 58 2 12 11 35 0 0 0 0 2 12 11 35 0 0 0 0 0 162 273 12554 4909 30 18 43
188 74 109 79 30 57 29 1179 64 6 86 0 28 18 NA 18 NA 5 64 2 9 10 36 0 0 0 0 2 9 10 36 0 0 0 0 1 132 274 12629 4914 26 16 44
189 51 112 79 33 58 34 1183 65 3 86 0 26.5 18 NA 18 NA 10 65 2 8 12 36 0 0 0 0 2 8 12 36 0 0 0 0 1 154 275 12700 4914 24 18 44
190 78 111 78 33 58 31 1203 55 7 86 0 27 18 NA 18 NA 5 55 1 8 13 36 0 0 0 0 1 8 13 36 0 0 0 0 0 151 277 12763 4914 23 19 44
191 80 114 81 33 57 29 1206 62 6 85 0 27 18 NA 18 NA 8 62 1 7 13 36 0 0 0 0 1 7 13 36 0 0 0 0 2 162 278 12840 4915 21 20 44
192 77 115 82 33 56 31 1213 47 2 88 0 28 18 NA 18 NA 5 47 1 6 13 36 0 0 0 0 1 6 13 36 0 0 0 0 2 131 278 12902 4912 22 22 44
193 95 116 83 33 54 27 1201 53 5 90 0 27 18 NA 18 NA 1 53 1 5 13 35 0 0 0 0 1 5 13 35 0 0 0 0 3 142 280 12979 4910 24 21 45
194 91 113 82 31 54 32 1205 56 6 87 0 27 18 NA 18 NA 10 56 1 6 14 33 0 0 0 0 1 6 14 33 0 0 0 0 1 149 280 13048 4913 22 22 43
195 64 111 82 29 55 35 1200 68 8 84 0 27 18 NA 18 NA 10 68 1 8 14 32 0 0 0 0 1 8 14 32 0 0 0 0 2 142 280 13116 4916 21 23 40
196 57 111 82 29 53 41 1195 83 6 83 0 27 18 NA 18 NA 12 83 0 9 13 31 0 0 0 0 0 9 13 31 0 0 0 0 1 150 281 13173 4917 21 21 41
197 78 109 80 29 53 35 1188 54 9 83 0 28 18 NA 18 NA 6 54 0 9 14 30 0 0 0 0 0 9 14 30 0 0 0 0 1 151 284 13248 4917 20 23 40
198 86 106 78 28 50 36 1216 64 8 80 0 27.5 18 NA 18 NA 9 64 0 8 13 29 0 0 0 0 0 8 13 29 0 0 0 0 3 174 285 13312 4920 19 24 37
199 76 105 78 27 50 32 1208 62 8 80 0 28 18 NA 18 NA 6 62 0 8 13 29 0 0 0 0 0 8 13 29 0 0 0 0 0 140 286 13381 4920 18 24 38
200 76 103 78 25 49 36 1202 63 2 79 0 29 18 NA 18 NA 8 63 0 8 11 30 0 0 0 0 0 8 11 30 0 0 0 0 1 137 286 13444 4921 18 22 39
201 89 100 75 25 47 31 1192 60 6 76 0 29.5 18 NA 18 NA 4 60 1 7 10 29 0 0 0 0 1 7 10 29 0 0 0 0 1 150 289 13521 4924 18 21 37
202 91 100 75 25 47 35 1192 47 3 76 0 30.5 18 NA 18 NA 8 47 1 7 9 30 0 0 0 0 1 7 9 30 0 0 0 0 2 144 291 13587 4924 18 19 39
203 101 98 74 24 46 36 1151 59 6 75 0 30.5 18.5 NA 18.5 NA 8 59 1 7 10 28 0 0 0 0 1 7 10 28 0 0 0 0 1 124 293 13668 4925 20 17 38
204 64 96 72 24 47 39 1185 64 3 76 0 30.5 19 NA 19 NA 8 64 1 7 9 30 0 0 0 0 1 7 9 30 0 0 0 0 0 173 295 13722 4924 21 17 38
205 58 96 73 23 49 37 1178 61 7 79 0 31.5 19 NA 19 NA 4 61 1 5 11 32 0 0 0 0 1 5 11 32 0 0 0 0 0 135 295 13786 4921 21 17 41
206 76 93 71 22 48 37 1170 65 5 75 0 31 18.5 NA 18.5 NA 6 65 1 5 10 32 0 0 0 0 1 5 10 32 0 0 0 0 2 141 295 13851 4925 20 16 39
207 67 96 71 25 48 42 1209 61 1 74 0 27 18.5 NA 18.5 NA 6 61 1 4 10 33 0 0 0 0 1 4 10 33 0 0 0 0 3 168 295 13905 4926 19 14 41
208 80 91 68 23 46 32 1203 52 7 72 0 27 18.5 NA 18.5 NA 4 52 2 3 10 31 0 0 0 0 2 3 10 31 0 0 0 0 0 142 300 13975 4928 21 13 38
209 60 92 69 23 48 30 1222 53 8 72 0 28 18 NA 18 NA 6 53 2 6 10 30 0 0 0 0 2 6 10 30 0 0 0 0 0 154 303 14044 4928 20 14 38
210 81 92 70 22 48 33 1196 51 4 73 0 28.5 18 NA 18 NA 8 51 1 7 9 31 0 0 0 0 1 7 9 31 0 0 0 0 1 135 303 14136 4927 21 14 38
211 67 92 72 20 49 33 1214 63 5 72 0 27.5 18 NA 18 NA 5 63 2 7 9 31 0 0 0 0 2 7 9 31 0 0 0 0 2 157 305 14198 4928 21 13 38
212 83 91 72 19 46 32 1219 50 2 68 0 25 17 NA 17 NA 4 50 1 8 10 27 0 0 0 0 1 8 10 27 0 0 0 0 2 135 307 14257 4932 20 15 33
213 69 93 74 19 46 38 1220 55 4 67 0 25 17 NA 17 NA 11 55 1 9 10 26 0 0 0 0 1 9 10 26 0 0 0 0 2 159 309 14341 4933 19 16 32
214 75 91 72 19 46 35 1215 58 5 67 0 26 16.5 NA 16.5 NA 4 58 1 10 10 25 0 0 0 0 1 10 10 25 0 0 0 0 1 138 311 14405 4933 20 16 31
215 73 91 72 19 46 38 1222 63 3 69 0 27 16.5 NA 16.5 NA 9 63 1 8 12 25 0 0 0 0 1 8 12 25 0 0 0 0 1 143 313 14462 4931 19 19 31
216 73 93 73 20 50 40 1192 64 9 69 0 27 17.5 NA 17.5 NA 11 64 1 8 13 28 0 0 0 0 1 8 13 28 0 0 0 0 3 139 314 14550 4931 17 19 33
217 62 88 69 19 47 34 1194 63 6 67 0 29.5 17 NA 17 NA 3 63 1 7 7 32 0 0 0 0 1 7 7 32 0 0 0 0 0 142 317 14609 4933 16 14 37
218 82 88 70 18 48 36 1186 64 5 66 0 27 17.5 NA 17.5 NA 6 64 1 6 8 33 0 0 0 0 1 6 8 33 0 0 0 0 0 159 317 14683 4934 16 14 36
219 92 86 69 17 45 36 1192 48 4 66 0 27 17 NA 17 NA 4 48 1 5 9 30 0 0 0 0 1 5 9 30 0 0 0 0 1 156 318 14756 4934 19 14 33
220 67 87 71 16 45 41 1218 58 3 65 0 27 17 NA 17 NA 8 58 1 4 10 30 0 0 0 0 1 4 10 30 0 0 0 0 2 163 318 14820 4935 17 15 33
221 80 87 71 16 45 40 1227 54 4 67 0 28 17 NA 17 NA 4 54 0 5 9 31 0 0 0 0 0 5 9 31 0 0 0 0 0 155 319 14887 4933 18 14 35
222 76 89 71 18 45 35 1210 70 7 65 0 26 17 NA 17 NA 4 70 1 5 9 30 0 0 0 0 1 5 9 30 0 0 0 0 3 141 320 14957 4935 17 14 34
223 84 90 71 19 46 36 1204 46 4 66 0 26.5 16.5 NA 16.5 NA 7 46 0 7 9 30 0 0 0 0 0 7 9 30 0 0 0 0 3 136 323 15021 4934 18 14 34
224 77 91 74 17 46 35 1192 56 4 69 0 26 15.5 NA 15.5 NA 4 56 1 6 9 30 0 0 0 0 1 6 9 30 0 0 0 0 2 132 324 15089 4931 21 14 34
225 84 92 74 18 45 36 1180 55 3 70 0 25.5 16 NA 16 NA 6 55 0 7 9 29 0 0 0 0 0 7 9 29 0 0 0 0 0 130 326 15160 4930 23 14 33
226 83 92 72 20 47 36 1172 58 4 71 0 26.5 17 NA 17 NA 9 58 0 7 11 29 0 0 0 0 0 7 11 29 0 0 0 0 0 134 331 15227 4929 22 16 33
227 79 92 73 19 50 36 1181 61 10 69 0 25 16.5 NA 16.5 NA 9 61 0 8 10 32 0 0 0 0 0 8 10 32 0 0 0 0 0 149 331 15289 4931 20 13 36
228 80 95 76 19 47 36 1181 61 6 68 0 23 16 NA 16 NA 8 61 0 8 9 30 0 0 0 0 0 8 9 30 0 0 0 0 5 149 333 15354 4932 22 12 34
229 93 98 79 19 49 30 1208 48 10 67 0 22.5 16 NA 16 NA 4 48 0 9 11 29 0 0 0 0 0 9 11 29 0 0 0 0 0 157 336 15414 4933 20 14 33
230 76 98 77 21 48 29 1179 65 2 68 0 23 15.5 NA 15.5 NA 4 65 0 9 10 29 0 0 0 0 0 9 10 29 0 0 0 0 0 148 337 15501 4932 21 14 33
231 90 95 74 21 47 28 1185 63 5 66 0 24 15 NA 15 NA 6 63 0 8 11 28 0 0 0 0 0 8 11 28 0 0 0 0 0 171 338 15581 4934 18 16 32
232 80 95 75 20 47 30 1182 56 4 66 0 23 16 NA 16 NA 6 56 0 9 9 29 0 0 0 0 0 9 9 29 0 0 0 0 1 152 338 15665 4934 19 14 33
233 82 96 72 24 45 26 1178 48 6 63 0 22 16 NA 16 NA 4 48 0 8 10 27 0 0 0 0 0 8 10 27 0 0 0 0 1 129 340 15734 4937 17 14 32
234 53 95 72 23 45 29 1189 53 3 66 0 23 15 NA 15 NA 7 53 0 8 11 26 0 0 0 0 0 8 11 26 0 0 0 0 0 143 341 15799 4934 20 14 32
235 75 101 73 28 44 34 1197 67 3 67 0 23 15.5 NA 15.5 NA 8 67 0 7 11 26 0 0 0 0 0 7 11 26 0 0 0 0 5 164 341 15869 4933 20 15 32
236 67 100 72 28 43 35 1188 56 4 68 0 23.5 16 NA 16 NA 7 56 0 5 12 26 0 0 0 0 0 5 12 26 0 0 0 0 0 127 343 15926 4932 18 18 32
237 103 99 72 27 41 37 1188 55 2 67 0 23 17 NA 17 NA 7 55 0 4 11 26 0 0 0 0 0 4 11 26 0 0 0 0 0 151 345 15992 4933 18 18 31
238 73 98 71 27 39 34 1183 62 5 66 0 21 16 NA 16 NA 5 62 0 3 10 26 0 0 0 0 0 3 10 26 0 0 0 0 2 137 348 16056 4934 19 16 31
239 84 98 71 27 40 35 1196 46 4 68 0 22 16.5 NA 16.5 NA 6 46 0 4 8 28 0 0 0 0 0 4 8 28 0 0 0 0 0 138 349 16121 4932 21 14 33
240 76 97 70 27 39 30 1195 60 7 70 0 22 16 NA 16 NA 3 60 0 3 10 26 0 0 0 0 0 3 10 26 0 0 0 0 2 142 350 16186 4930 24 15 31
241 75 100 72 28 38 34 1188 64 1 72 0 19 15 NA 15 NA 6 64 0 4 9 25 0 0 0 0 0 4 9 25 0 0 0 0 2 140 352 16251 4928 28 14 30
242 77 99 71 28 38 40 1158 69 5 71 0 20 15.5 NA 15.5 NA 12 69 0 5 9 24 0 0 0 0 0 5 9 24 0 0 0 0 1 138 354 16333 4929 27 15 29
243 81 94 67 27 38 35 1151 58 11 67 0 20 16 NA 16 NA 8 58 0 7 7 24 0 0 0 0 0 7 7 24 0 0 0 0 0 142 355 16404 4933 26 12 29
244 67 96 68 28 39 29 1162 45 7 70 0 20.5 16 NA 16 NA 5 45 0 7 8 24 0 0 0 0 0 7 8 24 0 0 0 0 1 132 358 16466 4930 28 13 29
245 72 94 67 27 39 33 1168 62 5 71 0 21.5 16 NA 16 NA 10 62 0 8 7 24 0 0 0 0 0 8 7 24 0 0 0 0 1 145 359 16524 4929 30 11 30
246 68 97 69 28 41 27 1159 53 8 69 0 21 16 NA 16 NA 4 53 0 9 8 24 0 0 0 0 0 9 8 24 0 0 0 0 2 135 360 16600 4931 26 15 28
247 74 97 69 28 42 31 1139 52 5 73 0 21 16 NA 16 NA 10 52 0 9 8 25 0 0 0 0 0 9 8 25 0 0 0 0 1 137 362 16686 4927 29 15 29
248 94 97 69 28 41 33 1127 55 6 73 0 22 16 NA 16 NA 10 55 0 9 7 25 0 0 0 0 0 9 7 25 0 0 0 0 0 137 364 16749 4927 28 16 29
249 88 100 69 31 41 31 1125 51 6 74 0 21.5 16 NA 16 NA 5 51 0 8 8 25 0 0 0 0 0 8 8 25 0 0 0 0 2 154 365 16826 4926 28 17 29
250 79 102 71 31 41 32 1131 55 7 75 0 22 16 NA 16 NA 5 55 0 7 10 24 0 0 0 0 0 7 10 24 0 0 0 0 2 141 366 16883 4925 28 19 28
251 72 99 68 31 43 31 1162 50 6 72 0 23 16 NA 16 NA 4 50 0 7 13 23 0 0 0 0 0 7 13 23 0 0 0 0 0 152 366 16936 4928 24 21 27
252 72 95 64 31 41 36 1203 42 1 71 0 23 16 NA 16 NA 5 42 1 6 12 22 0 0 0 0 1 6 12 22 0 0 0 0 0 153 367 16991 4929 24 21 26
253 55 94 65 29 38 35 1189 49 5 71 0 24 16 NA 16 NA 5 49 1 5 13 19 0 0 0 0 1 5 13 19 0 0 0 0 2 123 367 17063 4929 23 25 23
254 87 95 66 29 38 38 1182 59 3 71 0 24 16.5 NA 16.5 NA 7 59 1 6 11 20 0 0 0 0 1 6 11 20 0 0 0 0 1 143 367 17138 4929 22 23 26
255 73 95 67 28 41 36 1169 64 7 70 0 25 17 NA 17 NA 7 64 1 8 13 19 0 0 0 0 1 8 13 19 0 0 0 0 1 136 371 17208 4930 22 22 26
256 90 94 65 29 43 34 1173 57 8 68 0 24 16 NA 16 NA 8 57 1 10 14 18 0 0 0 0 1 10 14 18 0 0 0 0 1 138 374 17268 4932 20 24 24
257 77 96 67 29 46 28 1183 55 8 69 0 24.5 17 NA 17 NA 3 55 1 11 16 18 0 0 0 0 1 11 16 18 0 0 0 0 0 146 375 17335 4931 18 27 24
258 86 97 68 29 47 32 1192 56 3 73 0 25 17 NA 17 NA 8 56 1 12 14 20 0 0 0 0 1 12 14 20 0 0 0 0 1 156 376 17403 4927 23 23 27
259 92 100 71 29 49 35 1188 62 7 75 0 25 17 NA 17 NA 10 62 1 10 17 21 0 0 0 0 1 10 17 21 0 0 0 0 0 160 377 17476 4925 21 25 29
260 76 101 72 29 50 33 1189 52 4 75 0 25 17 NA 17 NA 3 52 1 11 16 22 0 0 0 0 1 11 16 22 0 0 0 0 2 142 378 17542 4925 21 24 30
261 67 100 71 29 49 24 1192 53 3 77 0 26 17 NA 17 NA 1 53 0 11 15 23 0 0 0 0 0 11 15 23 0 0 0 0 0 145 382 17612 4923 24 23 30
262 66 99 70 29 50 26 1205 57 5 78 0 26 16.5 NA 16.5 NA 7 57 0 11 15 24 0 0 0 0 0 11 15 24 0 0 0 0 1 155 383 17679 4922 25 23 30
263 79 98 70 28 50 28 1195 64 4 76 0 25.5 17 NA 17 NA 6 64 0 12 14 24 0 0 0 0 0 12 14 24 0 0 0 0 1 150 384 17755 4924 25 21 30
264 74 102 75 27 49 33 1167 67 5 74 0 24 17 NA 17 NA 11 67 1 9 14 25 0 0 0 0 1 9 14 25 0 0 0 0 4 141 386 17838 4926 22 21 31
265 65 103 75 28 47 34 1195 47 7 74 0 24 16 NA 16 NA 8 47 1 8 13 25 0 0 0 0 1 8 13 25 0 0 0 0 1 163 387 17911 4926 22 20 32
266 69 102 74 28 47 34 1211 54 4 74 0 24.5 16 NA 16 NA 6 54 0 8 13 26 0 0 0 0 0 8 13 26 0 0 0 0 1 145 389 17971 4926 22 19 33
267 76 102 74 28 45 35 1216 60 5 73 0 23.5 16 NA 16 NA 5 60 0 8 12 25 0 0 0 0 0 8 12 25 0 0 0 0 2 140 389 18022 4927 22 19 32
268 78 99 69 30 41 37 1226 60 7 70 0 22 16 NA 16 NA 10 60 0 7 11 23 0 0 0 0 0 7 11 23 0 0 0 0 1 155 390 18091 4930 23 16 31
269 75 98 69 29 42 38 1226 53 8 69 0 23 16 NA 16 NA 8 53 0 6 13 23 0 0 0 0 0 6 13 23 0 0 0 0 2 141 392 18159 4931 22 15 32
270 75 99 69 30 43 41 1210 60 5 71 0 24 16 NA 16 NA 7 60 0 5 15 23 0 0 0 0 0 5 15 23 0 0 0 0 1 133 392 18233 4929 20 19 32
271 56 103 72 31 44 49 1172 68 4 74 0 24 16.5 NA 16.5 NA 13 68 0 4 14 26 0 0 0 0 0 4 14 26 0 0 0 0 4 124 395 18311 4926 21 18 35
272 73 103 73 30 43 45 1152 64 7 72 0 23 16 NA 16 NA 3 64 0 5 14 24 0 0 0 0 0 5 14 24 0 0 0 0 2 135 396 18379 4928 21 18 33
273 94 107 76 31 43 44 1194 39 7 72 0 24 16 NA 16 NA 7 39 0 5 14 24 0 0 0 0 0 5 14 24 0 0 0 0 2 168 397 18448 4928 18 21 33
274 76 106 74 32 43 48 1169 65 4 72 0 24.5 16 NA 16 NA 10 65 0 4 14 25 0 0 0 0 0 4 14 25 0 0 0 0 0 138 397 18526 4928 17 22 33
275 79 105 74 31 46 49 1156 67 8 72 0 25 16.5 NA 16.5 NA 12 67 1 5 15 25 0 0 0 0 1 5 15 25 0 0 0 0 1 142 400 18596 4928 17 23 32
276 83 108 76 32 45 50 1161 53 6 75 0 25.5 17 NA 17 NA 10 53 1 4 13 27 0 0 0 0 1 4 13 27 0 0 0 0 2 138 403 18655 4925 20 21 34
277 76 109 75 34 44 44 1182 57 9 75 0 24 17.5 NA 17.5 NA 5 57 2 4 11 27 0 0 0 0 2 4 11 27 0 0 0 0 3 164 406 18729 4925 20 21 34
278 73 110 77 33 48 41 1174 62 9 75 0 23.5 16.5 NA 16.5 NA 6 62 3 7 10 28 0 0 0 0 3 7 10 28 0 0 0 0 2 135 408 18794 4925 20 20 35
279 84 110 76 34 48 49 1170 58 2 77 0 23 16.5 NA 16.5 NA 13 58 2 7 10 29 0 0 0 0 2 7 10 29 0 0 0 0 0 143 409 18864 4923 22 20 35
280 80 111 77 34 49 48 1159 56 9 77 0 22 16 NA 16 NA 11 56 3 9 9 28 0 0 0 0 3 9 9 28 0 0 0 0 2 138 411 18935 4923 24 19 34
281 73 115 81 34 51 51 1177 54 7 79 0 22 16 NA 16 NA 10 54 2 9 11 29 0 0 0 0 2 9 11 29 0 0 0 0 4 154 412 18996 4921 24 20 35
282 79 117 83 34 51 42 1160 71 11 79 0 23 16 NA 16 NA 7 71 3 6 10 32 0 0 0 0 3 6 10 32 0 0 0 0 1 136 415 19057 4921 22 17 40
283 70 119 85 34 51 39 1179 58 7 81 0 21 16 NA 16 NA 7 58 2 9 8 32 0 0 0 0 2 9 8 32 0 0 0 0 3 154 417 19119 4919 24 17 40
284 64 118 85 33 51 40 1201 72 5 82 0 20.5 16 NA 16 NA 7 72 2 10 8 31 0 0 0 0 2 10 8 31 0 0 0 0 1 176 419 19181 4918 26 17 39
285 80 121 86 35 52 39 1192 51 8 87 0 21 16 NA 16 NA 6 51 1 11 7 33 0 0 0 0 1 11 7 33 0 0 0 0 3 141 419 19267 4913 31 14 42
286 89 122 89 33 53 37 1176 66 7 87 0 21.5 16 NA 16 NA 6 66 1 11 8 33 0 0 0 0 1 11 8 33 0 0 0 0 0 145 421 19338 4913 31 13 43
287 67 124 91 33 56 36 1197 58 10 87 0 22 16 NA 16 NA 8 58 1 13 9 33 0 0 0 0 1 13 9 33 0 0 0 0 3 155 423 19400 4913 31 13 43
288 89 125 91 34 59 32 1198 64 9 90 0 22 16 NA 16 NA 6 64 1 14 11 33 0 0 0 0 1 14 11 33 0 0 0 0 3 150 425 19457 4910 31 17 42
289 78 124 92 32 57 31 1200 44 6 89 0 21.5 16 NA 16 NA 8 44 2 12 13 30 0 0 0 0 2 12 13 30 0 0 0 0 2 134 427 19525 4911 31 18 40
290 68 123 91 32 56 31 1179 63 5 89 0 21 16 NA 16 NA 4 63 2 11 13 30 0 0 0 0 2 11 13 30 0 0 0 0 0 124 427 19588 4911 32 17 40
291 77 115 86 29 52 28 1152 54 8 83 0 21 15.5 NA 15.5 NA 6 54 2 11 13 26 0 0 0 0 2 11 13 26 0 0 0 0 1 120 429 19658 4917 29 19 35
292 81 117 89 28 52 28 1164 49 4 84 0 21 15 NA 15 NA 3 49 2 12 12 26 0 0 0 0 2 12 12 26 0 0 0 0 1 147 430 19724 4916 31 19 34
293 67 115 88 27 52 25 1162 55 6 82 0 21 15 NA 15 NA 5 55 2 14 12 24 0 0 0 0 2 14 12 24 0 0 0 0 2 132 433 19795 4918 30 19 33
294 56 117 90 27 53 24 1167 60 2 84 0 22 15 NA 15 NA 5 60 1 14 13 25 0 0 0 0 1 14 13 25 0 0 0 0 2 143 436 19858 4916 31 19 34
295 76 116 89 27 51 27 1158 58 0 85 0 22 15 NA 15 NA 4 58 0 12 15 24 0 0 0 0 0 12 15 24 0 0 0 0 1 138 437 19934 4915 30 21 34
296 84 119 91 28 52 25 1149 54 4 84 0 23 15 NA 15 NA 4 54 0 15 14 23 0 0 0 0 0 15 14 23 0 0 0 0 4 132 439 20007 4916 30 22 32
297 83 121 93 28 52 29 1120 65 2 86 0 23 15.5 NA 15.5 NA 7 65 0 12 17 23 0 0 0 0 0 12 17 23 0 0 0 0 2 129 441 20075 4914 27 27 32
298 88 121 95 26 50 29 1121 55 4 86 0 23 15.5 NA 15.5 NA 3 55 0 11 17 22 0 0 0 0 0 11 17 22 0 0 0 0 3 139 441 20136 4914 27 28 31
299 68 116 91 25 46 33 1121 65 6 84 0 22 15 NA 15 NA 11 65 0 10 18 18 0 0 0 0 0 10 18 18 0 0 0 0 1 152 442 20209 4916 29 28 27
300 78 119 91 28 47 34 1115 66 8 86 0 22 15 NA 15 NA 11 66 0 11 16 20 0 0 0 0 0 11 16 20 0 0 0 0 3 148 444 20277 4914 30 26 30
301 74 121 93 28 47 34 1125 61 7 88 0 22 15 NA 15 NA 7 61 0 9 18 20 0 0 0 0 0 9 18 20 0 0 0 0 2 145 445 20340 4912 30 28 30
302 53 122 93 29 51 31 1127 55 11 88 0 22 16 NA 16 NA 7 55 0 10 20 21 0 0 0 0 0 10 20 21 0 0 0 0 1 130 446 20401 4912 29 28 31
303 84 121 89 32 50 35 1174 54 4 87 0 22 16 NA 16 NA 9 54 0 10 18 22 0 0 0 0 0 10 18 22 0 0 0 0 1 182 447 20457 4913 29 25 33
304 70 121 89 32 52 40 1169 57 9 88 0 22 16 NA 16 NA 12 57 0 10 19 23 0 0 0 0 0 10 19 23 0 0 0 0 3 145 447 20526 4912 29 25 34
305 61 118 86 32 51 40 1166 53 7 88 0 22.5 16 NA 16 NA 9 53 0 9 19 23 0 0 0 0 0 9 19 23 0 0 0 0 1 143 447 20600 4912 30 25 33
306 78 122 90 32 52 36 1185 51 7 88 0 23 16 NA 16 NA 6 51 0 9 19 24 0 0 0 0 0 9 19 24 0 0 0 0 1 153 450 20669 4912 29 25 34
307 78 123 92 31 51 40 1199 52 6 86 0 22 16 NA 16 NA 13 52 0 7 17 27 0 0 0 0 0 7 17 27 0 0 0 0 1 141 452 20725 4914 27 23 36
308 99 125 94 31 50 46 1180 70 4 90 0 23 16 NA 16 NA 11 70 0 7 17 26 0 0 0 0 0 7 17 26 0 0 0 0 1 145 453 20793 4910 30 23 37
309 77 122 90 32 48 36 1185 62 10 89 0 23.5 16 NA 16 NA 2 62 0 4 16 28 0 0 0 0 0 4 16 28 0 0 0 0 1 154 455 20852 4911 28 22 39
310 82 120 89 31 49 29 1184 59 7 88 0 24 16 NA 16 NA 2 59 1 3 17 28 0 0 0 0 1 3 17 28 0 0 0 0 1 147 457 20911 4912 26 23 39
311 78 125 89 36 49 30 1193 52 3 86 0 24 16 NA 16 NA 4 52 1 2 17 29 0 0 0 0 1 2 17 29 0 0 0 0 2 144 457 20978 4914 22 23 41
312 70 121 87 34 47 37 1211 47 4 87 0 25 16 NA 16 NA 12 47 1 3 16 27 0 0 0 0 1 3 16 27 0 0 0 0 0 155 458 21051 4913 24 23 40
313 68 121 86 35 47 32 1205 61 4 86 0 25 16 NA 16 NA 2 61 1 4 13 29 0 0 0 0 1 4 13 29 0 0 0 0 0 150 461 21129 4914 22 22 42
314 65 121 87 34 50 34 1190 61 8 87 0 26 16 NA 16 NA 7 61 1 7 13 29 0 0 0 0 1 7 13 29 0 0 0 0 1 126 462 21192 4913 24 22 41
315 82 126 91 35 50 38 1159 57 3 89 0 23.5 16 NA 16 NA 8 57 2 7 13 28 0 0 0 0 2 7 13 28 0 0 0 0 3 129 463 21272 4911 26 22 41
316 95 124 89 35 52 36 1166 49 8 94 0 24.5 16 NA 16 NA 4 49 1 10 11 30 0 0 0 0 1 10 11 30 0 0 0 0 0 143 465 21330 4906 29 22 43
317 73 124 89 35 52 38 1168 53 5 92 0 25 16 NA 16 NA 8 53 1 9 11 31 0 0 0 0 1 9 11 31 0 0 0 0 1 131 467 21393 4908 26 24 42
318 75 122 88 34 53 40 1172 66 9 93 0 25 16 NA 16 NA 10 66 1 11 10 31 0 0 0 0 1 11 10 31 0 0 0 0 0 161 469 21464 4907 31 22 40
319 86 121 87 34 54 28 1146 64 15 92 0 23 16 NA 16 NA 4 64 0 13 10 31 0 0 0 0 0 13 10 31 0 0 0 0 2 126 471 21535 4908 32 21 39
320 97 123 88 35 55 22 1153 47 9 94 0 24 16 NA 16 NA 4 47 0 9 16 30 0 0 0 0 0 9 16 30 0 0 0 0 2 146 473 21603 4906 30 25 39
321 98 117 83 34 52 20 1141 53 4 89 0 25 16 NA 16 NA 5 53 0 9 15 28 0 0 0 0 0 9 15 28 0 0 0 0 0 137 475 21679 4911 27 24 38
322 89 112 80 32 51 33 1143 58 3 85 0 25.5 16 NA 16 NA 16 58 0 7 15 29 0 0 0 0 0 7 15 29 0 0 0 0 1 157 475 21749 4915 25 22 38
323 79 113 80 33 51 28 1158 57 10 89 0 26 16 NA 16 NA 5 57 0 8 12 31 0 0 0 0 0 8 12 31 0 0 0 0 1 155 475 21814 4911 30 19 40
324 76 111 79 32 52 26 1145 55 6 85 0 26 16 NA 16 NA 4 55 1 9 12 30 0 0 0 0 1 9 12 30 0 0 0 0 1 129 476 21883 4915 25 22 38
325 70 114 81 33 51 29 1132 51 2 85 0 25 16 NA 16 NA 9 51 1 9 11 30 0 0 0 0 1 9 11 30 0 0 0 0 2 125 480 21954 4915 26 20 39
326 70 109 76 33 52 33 1153 54 7 82 0 26 16 NA 16 NA 10 54 1 11 12 28 0 0 0 0 1 11 12 28 0 0 0 0 0 153 480 22016 4918 25 21 36
327 66 108 75 33 52 31 1224 46 4 85 0 26 16 NA 16 NA 4 46 0 11 13 28 0 0 0 0 0 11 13 28 0 0 0 0 2 187 481 22069 4915 27 22 36
328 90 106 74 32 50 30 1230 70 8 83 0 25 16 NA 16 NA 6 70 0 9 15 26 0 0 0 0 0 9 15 26 0 0 0 0 1 151 482 22130 4917 23 24 36
329 88 106 74 32 49 30 1228 54 6 81 0 25 16 NA 16 NA 5 54 1 10 12 26 0 0 0 0 1 10 12 26 0 0 0 0 1 146 482 22194 4919 23 21 37
330 80 105 73 32 47 29 1228 43 5 79 0 26 16 NA 16 NA 4 43 2 8 13 24 0 0 0 0 2 8 13 24 0 0 0 0 1 141 482 22270 4921 21 23 35
331 82 100 70 30 47 29 1215 60 6 77 0 26.5 16 NA 16 NA 7 60 2 7 13 25 0 0 0 0 2 7 13 25 0 0 0 0 0 135 482 22331 4923 21 23 33
332 93 95 64 31 46 35 1204 57 5 75 0 26 16 NA 16 NA 10 57 2 6 13 25 0 0 0 0 2 6 13 25 0 0 0 0 2 153 482 22408 4925 20 23 32
333 82 91 61 30 45 32 1163 71 6 70 0 26 16 NA 16 NA 4 71 2 7 14 22 0 0 0 0 2 7 14 22 0 0 0 0 0 125 483 22479 4930 20 22 28
334 74 93 63 30 44 37 1168 54 4 70 0 26 15.5 NA 15.5 NA 10 54 1 8 14 21 0 0 0 0 1 8 14 21 0 0 0 0 4 156 485 22556 4930 21 22 27
335 79 91 62 29 43 24 1154 49 10 70 0 27 15 NA 15 NA 1 49 0 8 15 20 0 0 0 0 0 8 15 20 0 0 0 0 1 142 488 22635 4930 18 26 26
336 73 96 64 32 43 30 1169 59 1 70 0 25.5 15 NA 15 NA 7 59 0 8 15 20 0 0 0 0 0 8 15 20 0 0 0 0 4 151 489 22693 4930 18 22 30
337 73 96 63 33 44 31 1207 47 3 71 0 26 15.5 NA 15.5 NA 5 47 0 8 15 21 0 0 0 0 0 8 15 21 0 0 0 0 1 157 490 22743 4929 19 23 29
338 91 96 62 34 43 35 1213 61 4 69 0 27 15 NA 15 NA 7 61 0 7 16 20 0 0 0 0 0 7 16 20 0 0 0 0 1 160 490 22819 4931 18 23 28
339 72 98 64 34 43 37 1204 65 2 68 0 25.5 16 NA 16 NA 5 65 0 4 17 22 0 0 0 0 0 4 17 22 0 0 0 0 1 154 491 22901 4932 14 24 30
340 73 99 65 34 44 43 1207 70 5 69 0 25 15.5 NA 15.5 NA 9 70 0 5 14 25 0 0 0 0 0 5 14 25 0 0 0 0 3 146 492 22961 4931 16 20 33
341 71 97 65 32 43 36 1200 55 9 70 0 26 16 NA 16 NA 5 55 0 5 12 26 0 0 0 0 0 5 12 26 0 0 0 0 0 124 494 23023 4930 19 18 33
342 86 96 66 30 40 35 1210 62 4 66 0 23.5 15 NA 15 NA 5 62 1 4 8 27 0 0 0 0 1 4 8 27 0 0 0 0 2 153 496 23089 4934 18 14 34
343 93 97 66 31 43 37 1195 57 5 65 0 24 15 NA 15 NA 6 57 1 5 6 31 0 0 0 0 1 5 6 31 0 0 0 0 1 136 496 23157 4935 16 14 35
344 72 99 68 31 43 30 1181 64 9 65 0 24 15 NA 15 NA 6 64 0 5 7 31 0 0 0 0 0 5 7 31 0 0 0 0 1 144 497 23228 4935 13 16 36
345 76 103 69 34 45 35 1194 69 3 68 0 25 15 NA 15 NA 9 69 0 6 7 32 0 0 0 0 0 6 7 32 0 0 0 0 1 157 498 23287 4932 16 15 37
346 81 101 67 34 45 37 1186 59 7 68 0 24 15 NA 15 NA 10 59 1 5 8 31 0 0 0 0 1 5 8 31 0 0 0 0 1 151 499 23368 4932 17 15 36
347 87 97 65 32 42 32 1213 45 5 64 0 22 14.5 NA 14.5 NA 3 45 1 4 7 30 0 0 0 0 1 4 7 30 0 0 0 0 2 155 502 23432 4936 17 12 35
348 79 95 64 31 43 34 1201 70 8 67 0 20 15 NA 15 NA 8 70 1 7 7 28 0 0 0 0 1 7 7 28 0 0 0 0 0 139 502 23500 4933 23 11 33
349 82 96 67 29 41 33 1184 47 4 65 0 20 15 NA 15 NA 5 47 1 7 6 27 0 0 0 0 1 7 6 27 0 0 0 0 5 133 505 23579 4935 22 10 33
350 80 93 65 28 40 37 1193 50 6 64 0 20 15.5 NA 15.5 NA 11 50 1 7 6 26 0 0 0 0 1 7 6 26 0 0 0 0 0 154 506 23656 4936 24 9 31
351 81 95 66 29 41 33 1184 50 12 63 0 18 15 NA 15 NA 8 50 2 10 4 25 0 0 0 0 2 10 4 25 0 0 0 0 4 134 507 23734 4937 26 6 31
352 69 94 66 28 40 37 1196 62 3 65 0 18.5 15 NA 15 NA 7 62 2 7 6 25 0 0 0 0 2 7 6 25 0 0 0 0 2 160 508 23797 4935 26 8 31
353 86 94 67 27 45 33 1227 40 12 64 0 19 16 NA 16 NA 7 40 2 9 9 25 0 0 0 0 2 9 9 25 0 0 0 0 2 140 508 23845 4936 24 11 29
354 76 92 66 26 43 36 1241 55 3 64 0 19 16 NA 16 NA 7 55 1 10 9 23 0 0 0 0 1 10 9 23 0 0 0 0 1 162 509 23918 4936 25 12 27
355 77 89 62 27 41 40 1224 59 3 62 0 19 16 NA 16 NA 9 59 1 9 9 22 0 0 0 0 1 9 9 22 0 0 0 0 1 131 511 23986 4938 25 12 25
356 72 89 60 29 41 41 1226 60 8 63 0 20 16 NA 16 NA 9 60 1 9 9 22 0 0 0 0 1 9 9 22 0 0 0 0 0 146 511 24052 4937 26 11 26
357 78 90 59 31 43 42 1210 64 3 66 0 21 16 NA 16 NA 6 64 1 9 11 22 0 0 0 0 1 9 11 22 0 0 0 0 0 147 513 24132 4934 26 14 26
358 74 90 60 30 41 39 1194 61 5 64 0 21.5 16 NA 16 NA 4 61 1 9 11 20 0 0 0 0 1 9 11 20 0 0 0 0 3 144 516 24208 4936 24 15 25
359 70 90 60 30 41 40 1171 60 6 64 0 22.5 16 NA 16 NA 7 60 2 8 11 20 0 0 0 0 2 8 11 20 0 0 0 0 2 136 517 24289 4936 24 15 25
360 76 90 61 29 41 42 1159 70 5 64 0 22.5 16 NA 16 NA 8 70 2 5 13 21 0 0 0 0 2 5 13 21 0 0 0 0 1 140 519 24349 4936 20 19 25
