1 84 95 82 13 46 28 1231 68 11 74 0 26 18 NA 18 NA 6 68 1 5 17 23 0 0 0 0 1 5 17 23 0 0 0 0 1 156 0 0 4926 19 26 29
2 83 94 81 13 46 24 1294 65 12 73 0 26.5 18 NA 18 NA 8 65 2 5 17 22 0 0 0 0 2 5 17 22 0 0 0 0 1 154 0 0 4927 19 26 28
3 71 96 82 14 44 26 1367 59 5 73 0 26.5 18 NA 18 NA 7 59 2 4 16 22 0 0 0 0 2 4 16 22 0 0 0 0 4 158 0 0 4927 19 25 29
4 83 96 81 15 42 31 1421 74 4 72 0 26.5 18 NA 18 NA 10 74 2 4 15 21 0 0 0 0 2 4 15 21 0 0 0 0 2 150 0 0 4928 20 24 28
5 66 96 81 15 41 32 1481 66 8 72 0 26.5 18 NA 18 NA 9 66 2 4 15 20 0 0 0 0 2 4 15 20 0 0 0 0 0 148 0 0 4928 21 24 27
6 88 97 81 16 42 34 1502 76 8 72 0 27 18 NA 18 NA 8 76 2 3 15 22 0 0 0 0 2 3 15 22 0 0 0 0 2 124 0 0 4928 19 23 30
7 63 99 82 17 45 38 1534 80 6 73 0 28 18 NA 18 NA 8 80 2 5 14 24 0 0 0 0 2 5 14 24 0 0 0 0 1 133 0 0 4927 19 21 33
8 63 100 83 17 46 45 1560 72 4 74 0 28.5 18 NA 18 NA 11 72 2 4 15 25 0 0 0 0 2 4 15 25 0 0 0 0 1 120 0 0 4926 18 22 34
9 75 98 83 15 46 44 1579 71 12 76 0 30 18 NA 18 NA 10 71 1 5 13 27 0 0 0 0 1 5 13 27 0 0 0 0 1 109 0 0 4924 19 21 36
10 73 99 84 15 50 46 1608 71 9 80 0 31 18 NA 18 NA 12 71 1 8 12 29 0 0 0 0 1 8 12 29 0 0 0 0 0 125 0 0 4920 21 20 39
11 85 99 85 14 48 50 1624 79 6 79 0 29 18 NA 18 NA 10 79 1 5 13 29 0 0 0 0 1 5 13 29 0 0 0 0 2 123 0 0 4921 19 21 39
12 66 97 84 13 49 57 1637 87 10 76 0 28 18 NA 18 NA 17 87 1 4 12 32 0 0 0 0 1 4 12 32 0 0 0 0 1 119 0 0 4924 18 20 38
13 81 99 87 12 48 49 1067 55 8 74 0 27 18 NA 18 NA 9 55 0 7 9 32 0 0 0 0 0 7 9 32 0 0 0 0 3 127 10 619 4926 19 16 39
14 80 99 87 12 51 39 1070 50 13 72 0 28 18 NA 18 NA 3 50 1 9 9 32 0 0 0 0 1 9 9 32 0 0 0 0 1 133 11 687 4928 17 16 39
15 65 99 86 13 51 41 1068 43 1 74 0 29 18 NA 18 NA 6 43 0 7 11 33 0 0 0 0 0 7 11 33 0 0 0 0 0 132 13 763 4926 17 16 41
16 68 101 89 12 51 46 1061 60 6 75 0 29 19 NA 19 NA 13 60 0 5 13 33 0 0 0 0 0 5 13 33 0 0 0 0 2 140 16 836 4925 18 17 40
17 71 106 91 15 51 47 1047 58 6 75 0 26 19 NA 19 NA 9 58 0 5 14 32 0 0 0 0 0 5 14 32 0 0 0 0 4 135 18 906 4925 18 18 39
18 80 110 95 15 51 41 1036 58 8 77 0 26 19 NA 19 NA 4 58 0 4 13 34 0 0 0 0 0 4 13 34 0 0 0 0 1 134 19 973 4923 18 18 41
19 77 111 96 15 53 38 1066 39 7 78 0 27 19 NA 19 NA 2 39 0 5 14 34 0 0 0 0 0 5 14 34 0 0 0 0 0 154 19 1039 4922 19 17 42
20 77 112 97 15 53 40 1094 42 3 77 0 26 19 NA 19 NA 4 42 0 6 13 34 0 0 0 0 0 6 13 34 0 0 0 0 2 143 19 1096 4923 19 16 42
21 90 117 102 15 55 35 1138 47 5 78 0 24 19 NA 19 NA 1 47 0 7 14 34 0 0 0 0 0 7 14 34 0 0 0 0 2 156 20 1145 4922 19 16 43
22 76 115 99 16 54 35 1146 54 4 76 0 24 19 NA 19 NA 7 54 0 5 15 34 0 0 0 0 0 5 15 34 0 0 0 0 1 141 23 1206 4924 16 17 43
23 76 118 101 17 53 35 1131 60 3 77 0 24 19 NA 19 NA 5 60 0 6 12 35 0 0 0 0 0 6 12 35 0 0 0 0 5 136 25 1276 4923 17 16 44
24 78 116 100 16 53 32 1173 44 5 75 0 24 19 NA 19 NA 6 44 0 6 12 35 0 0 0 0 0 6 12 35 0 0 0 0 2 166 28 1331 4925 17 15 43
25 82 114 98 16 51 28 1168 59 4 77 0 21.5 19 NA 19 NA 6 59 0 5 12 34 0 0 0 0 0 5 12 34 0 0 0 0 1 138 34 1388 4923 22 15 40
26 81 111 96 15 48 30 1162 62 4 74 0 22 19 NA 19 NA 8 62 0 5 11 32 0 0 0 0 0 5 11 32 0 0 0 0 1 131 35 1444 4926 23 14 37
27 73 112 97 15 49 22 1177 51 9 72 0 22.5 19 NA 19 NA 4 51 0 5 10 34 0 0 0 0 0 5 10 34 0 0 0 0 1 153 37 1516 4928 20 14 38
28 75 112 96 16 48 24 1169 65 4 75 0 22.5 19.5 NA 19.5 NA 8 65 0 2 11 35 0 0 0 0 0 2 11 35 0 0 0 0 2 137 39 1578 4925 20 16 39
29 74 113 98 15 47 28 1180 45 6 81 0 23 20 NA 20 NA 8 45 0 2 11 34 0 0 0 0 0 2 11 34 0 0 0 0 2 127 40 1634 4919 26 16 39
30 78 111 94 17 45 33 1192 63 5 80 0 21 19 NA 19 NA 9 63 0 3 10 32 0 0 0 0 0 3 10 32 0 0 0 0 0 168 41 1702 4920 27 16 37
31 67 115 98 17 49 30 1177 53 9 81 0 20 19 NA 19 NA 5 53 0 7 10 32 0 0 0 0 0 7 10 32 0 0 0 0 3 136 42 1782 4919 27 17 37
32 55 115 99 16 49 36 1177 62 4 83 0 21 18 NA 18 NA 8 62 0 8 10 31 0 0 0 0 0 8 10 31 0 0 0 0 1 136 42 1845 4917 30 17 36
33 77 115 100 15 48 41 1148 63 8 86 0 20 18.5 NA 18.5 NA 10 63 0 8 10 30 0 0 0 0 0 8 10 30 0 0 0 0 1 126 42 1921 4914 33 18 35
34 79 113 99 14 51 37 1151 53 9 84 0 21 18 NA 18 NA 3 53 0 11 7 33 0 0 0 0 0 11 7 33 0 0 0 0 0 141 42 1988 4916 32 14 38
35 79 114 101 13 51 39 1165 47 3 87 0 21.5 18 NA 18 NA 5 47 0 11 8 32 0 0 0 0 0 11 8 32 0 0 0 0 1 155 42 2063 4913 34 15 38
36 83 112 99 13 54 37 1175 56 10 86 0 22 17.5 NA 17.5 NA 6 56 1 13 8 32 0 0 0 0 1 13 8 32 0 0 0 0 2 162 43 2140 4914 35 15 36
37 88 111 99 12 51 36 1177 64 7 83 0 21 17 NA 17 NA 7 64 1 12 9 29 0 0 0 0 1 12 9 29 0 0 0 0 1 154 44 2204 4917 31 19 33
38 87 106 95 11 48 38 1184 59 5 78 0 21 17.5 NA 17.5 NA 8 59 1 13 9 25 0 0 0 0 1 13 9 25 0 0 0 0 0 144 45 2260 4922 31 18 29
39 68 105 94 11 48 38 1163 71 7 79 0 22 17.5 NA 17.5 NA 6 71 0 15 7 26 0 0 0 0 0 15 7 26 0 0 0 0 1 131 46 2324 4921 34 14 31
40 88 104 93 11 49 37 1147 64 8 79 0 23 18 NA 18 NA 7 64 0 15 7 27 0 0 0 0 0 15 7 27 0 0 0 0 2 134 46 2391 4921 32 15 32
41 83 104 91 13 50 41 1152 55 4 80 0 24 18 NA 18 NA 11 55 0 12 12 26 0 0 0 0 0 12 12 26 0 0 0 0 0 134 50 2449 4920 27 21 32
42 75 104 91 13 49 41 1120 65 7 80 0 24 18 NA 18 NA 8 65 1 10 13 25 0 0 0 0 1 10 13 25 0 0 0 0 1 131 52 2524 4920 26 23 31
43 76 105 92 13 49 40 1091 76 7 82 0 25 18 NA 18 NA 8 76 1 9 14 25 0 0 0 0 1 9 14 25 0 0 0 0 2 138 54 2594 4918 28 22 32
44 60 107 94 13 51 39 1106 54 8 84 0 25 18 NA 18 NA 9 54 2 8 16 25 0 0 0 0 2 8 16 25 0 0 0 0 2 144 57 2656 4916 26 26 32
45 76 113 97 16 50 38 1127 55 8 83 0 24 18 NA 18 NA 8 55 2 6 19 23 0 0 0 0 2 6 19 23 0 0 0 0 5 143 57 2708 4917 24 28 31
46 82 111 97 14 50 34 1132 55 6 80 0 25 17.5 NA 17.5 NA 5 55 3 7 18 22 0 0 0 0 3 7 18 22 0 0 0 0 1 138 60 2768 4920 23 27 30
47 87 111 95 16 49 38 1130 50 1 79 0 24 18 NA 18 NA 7 50 3 5 19 22 0 0 0 0 3 5 19 22 0 0 0 0 0 154 62 2850 4921 20 29 30
48 83 112 96 16 50 35 1134 54 8 79 0 25 17.5 NA 17.5 NA 6 54 4 4 21 21 0 0 0 0 4 4 21 21 0 0 0 0 1 141 63 2918 4921 19 31 29
49 54 113 96 17 51 39 1136 51 6 81 0 26 18 NA 18 NA 9 51 3 5 20 23 0 0 0 0 3 5 20 23 0 0 0 0 1 138 64 2990 4919 21 29 31
50 77 115 97 18 51 43 1136 67 6 80 0 25 18 NA 18 NA 10 67 2 6 20 23 0 0 0 0 2 6 20 23 0 0 0 0 1 151 65 3054 4920 20 28 32
51 73 119 99 20 54 38 1156 67 10 80 0 24 18 NA 18 NA 8 67 2 7 22 23 0 0 0 0 2 7 22 23 0 0 0 0 3 162 67 3106 4920 19 30 31
52 83 118 98 20 54 40 1138 68 4 79 0 24 17.5 NA 17.5 NA 7 68 2 9 19 24 0 0 0 0 2 9 19 24 0 0 0 0 1 141 67 3175 4921 19 27 33
53 69 119 101 18 56 39 1162 43 9 80 0 24 18.5 NA 18.5 NA 7 43 1 10 16 29 0 0 0 0 1 10 16 29 0 0 0 0 1 145 70 3235 4920 19 22 39
54 86 117 100 17 57 33 1190 53 7 80 0 24 19 NA 19 NA 3 53 1 12 15 29 0 0 0 0 1 12 15 29 0 0 0 0 1 150 73 3288 4920 21 21 38
55 74 115 98 17 53 33 1183 66 3 79 0 24 18 NA 18 NA 3 66 1 11 16 25 0 0 0 0 1 11 16 25 0 0 0 0 2 137 74 3350 4921 21 24 34
56 68 113 96 17 51 34 1163 51 3 77 0 24 18 NA 18 NA 7 51 1 10 12 28 0 0 0 0 1 10 12 28 0 0 0 0 2 127 77 3431 4923 20 21 36
57 77 111 94 17 52 36 1178 51 5 82 0 24 17 NA 17 NA 8 51 1 12 11 28 0 0 0 0 1 12 11 28 0 0 0 0 1 150 79 3499 4918 26 20 36
58 59 111 94 17 54 34 1194 42 6 84 0 25 17 NA 17 NA 5 42 0 15 11 28 0 0 0 0 0 15 11 28 0 0 0 0 1 145 81 3559 4916 28 20 36
59 61 113 94 19 55 33 1176 62 7 85 0 23 17 NA 17 NA 8 62 0 15 9 31 0 0 0 0 0 15 9 31 0 0 0 0 2 139 84 3637 4915 29 18 38
60 72 115 97 18 55 29 1164 58 8 86 0 23 17 NA 17 NA 6 58 1 14 10 30 0 0 0 0 1 14 10 30 0 0 0 0 2 130 85 3707 4914 30 18 38
61 74 120 97 23 58 26 1172 55 5 87 0 22.5 16.5 NA 16.5 NA 4 55 1 14 12 31 0 0 0 0 1 14 12 31 0 0 0 0 0 145 86 3773 4913 28 20 39
62 77 118 95 23 58 33 1163 78 5 88 0 22 17 NA 17 NA 10 78 0 16 10 32 0 0 0 0 0 16 10 32 0 0 0 0 0 159 86 3841 4912 31 18 39
63 69 114 92 22 61 35 1140 65 9 90 0 23 17 NA 17 NA 13 65 0 17 12 32 0 0 0 0 0 17 12 32 0 0 0 0 1 131 88 3916 4910 34 17 39
64 61 116 95 21 61 31 1161 57 9 90 0 23 17 NA 17 NA 6 57 0 16 13 32 0 0 0 0 0 16 13 32 0 0 0 0 3 157 90 3985 4910 33 17 40
65 75 114 90 24 60 26 1169 49 7 89 0 22.5 16.5 NA 16.5 NA 4 49 0 17 14 29 0 0 0 0 0 17 14 29 0 0 0 0 0 137 92 4045 4911 34 19 36
66 91 113 89 24 59 26 1160 50 4 88 0 23 16 NA 16 NA 5 50 0 16 13 30 0 0 0 0 0 16 13 30 0 0 0 0 0 140 93 4123 4912 33 19 36
67 76 115 91 24 60 33 1147 70 1 90 0 24 16 NA 16 NA 8 70 0 15 12 33 0 0 0 0 0 15 12 33 0 0 0 0 3 145 94 4185 4910 31 19 40
68 65 113 89 24 59 30 1134 55 5 88 0 23 16 NA 16 NA 3 55 0 14 13 32 0 0 0 0 0 14 13 32 0 0 0 0 0 121 95 4250 4912 32 18 38
69 75 111 88 23 61 27 1146 61 7 89 0 25 17 NA 17 NA 3 61 0 10 18 33 0 0 0 0 0 10 18 33 0 0 0 0 0 164 97 4327 4911 27 23 39
70 82 110 87 23 61 25 1151 58 1 89 0 25.5 17 NA 17 NA 1 58 0 9 20 32 0 0 0 0 0 9 20 32 0 0 0 0 0 151 98 4393 4911 25 26 38
71 68 109 87 22 58 28 1166 58 2 88 0 26 16 NA 16 NA 4 58 0 7 21 30 0 0 0 0 0 7 21 30 0 0 0 0 0 146 98 4453 4912 25 27 36
72 58 106 84 22 56 29 1167 61 4 86 0 27 16.5 NA 16.5 NA 6 61 0 8 20 28 0 0 0 0 0 8 20 28 0 0 0 0 1 131 99 4509 4914 24 28 34
73 80 106 84 22 56 33 1171 64 3 88 0 28 16 NA 16 NA 6 64 0 9 18 29 0 0 0 0 0 9 18 29 0 0 0 0 1 144 99 4568 4912 27 25 36
74 94 106 84 22 55 34 1145 57 5 87 0 28 16 NA 16 NA 8 57 0 7 20 28 0 0 0 0 0 7 20 28 0 0 0 0 2 121 101 4637 4913 25 28 34
75 74 106 84 22 56 29 1169 49 8 87 0 29 16 NA 16 NA 6 49 0 5 23 28 0 0 0 0 0 5 23 28 0 0 0 0 1 143 105 4690 4913 21 32 34
76 56 106 85 21 56 30 1166 51 4 88 0 29.5 15.5 NA 15.5 NA 6 51 1 6 20 29 0 0 0 0 1 6 20 29 0 0 0 0 1 139 106 4767 4912 22 31 35
77 73 102 82 20 57 26 1170 54 11 88 0 30 15 NA 15 NA 5 54 1 8 21 27 0 0 0 0 1 8 21 27 0 0 0 0 0 144 108 4832 4912 22 32 34
78 74 100 80 20 56 30 1186 46 2 85 0 30.5 14.5 NA 14.5 NA 9 46 1 9 20 26 0 0 0 0 1 9 20 26 0 0 0 0 0 148 110 4905 4915 20 31 34
79 81 100 81 19 57 31 1191 55 8 86 0 31.5 15 NA 15 NA 9 55 1 7 19 30 0 0 0 0 1 7 19 30 0 0 0 0 0 151 111 4975 4914 19 29 38
80 77 98 78 20 56 24 1193 60 10 83 0 31.5 15.5 NA 15.5 NA 2 60 0 7 19 30 0 0 0 0 0 7 19 30 0 0 0 0 1 148 112 5037 4917 16 29 38
81 81 97 75 22 52 27 1178 54 3 79 0 31 15.5 NA 15.5 NA 6 54 0 5 14 33 0 0 0 0 0 5 14 33 0 0 0 0 2 139 112 5118 4921 14 24 41
82 75 97 75 22 52 29 1173 58 5 78 0 31 16 NA 16 NA 6 58 0 6 14 32 0 0 0 0 0 6 14 32 0 0 0 0 2 142 113 5187 4922 15 22 41
83 67 96 75 21 49 32 1172 45 6 76 0 32 17 NA 17 NA 8 45 0 4 13 32 0 0 0 0 0 4 13 32 0 0 0 0 2 134 113 5261 4924 14 21 41
84 87 102 80 22 51 29 1200 52 11 75 0 31.5 17 NA 17 NA 10 52 0 5 13 33 0 0 0 0 0 5 13 33 0 0 0 0 3 170 115 5331 4925 13 21 41
85 74 98 76 22 50 28 1208 57 5 71 0 31.5 17.5 NA 17.5 NA 5 57 1 4 15 30 0 0 0 0 1 4 15 30 0 0 0 0 0 153 117 5398 4929 11 23 37
86 97 96 74 22 48 27 1207 66 7 71 0 31.5 18 NA 18 NA 6 66 1 4 12 31 0 0 0 0 1 4 12 31 0 0 0 0 0 147 118 5460 4929 12 20 39
87 69 95 71 24 49 37 1186 63 5 67 0 31 18 NA 18 NA 14 63 1 4 13 31 0 0 0 0 1 4 13 31 0 0 0 0 1 131 119 5534 4933 12 17 38
88 81 95 72 23 48 36 1185 55 7 66 0 28 18 NA 18 NA 9 55 1 3 13 31 0 0 0 0 1 3 13 31 0 0 0 0 3 140 121 5601 4934 12 17 37
89 65 94 71 23 48 38 1189 59 4 63 0 28.5 18.5 NA 18.5 NA 6 59 1 2 12 33 0 0 0 0 1 2 12 33 0 0 0 0 0 153 121 5671 4937 9 15 39
90 84 95 71 24 48 43 1162 62 3 64 0 29 18.5 NA 18.5 NA 10 62 1 2 11 34 0 0 0 0 1 2 11 34 0 0 0 0 0 126 124 5741 4936 10 14 40
91 81 96 72 24 48 43 1150 63 6 65 0 30 18.5 NA 18.5 NA 9 63 1 1 10 36 0 0 0 0 1 1 10 36 0 0 0 0 1 147 125 5816 4935 9 14 42
92 91 95 71 24 50 41 1132 48 5 65 0 31 18 NA 18 NA 5 48 1 3 9 37 0 0 0 0 1 3 9 37 0 0 0 0 1 117 127 5884 4935 10 12 43
93 90 96 71 25 51 42 1162 47 7 68 0 31.5 19 NA 19 NA 7 47 0 5 9 37 0 0 0 0 0 5 9 37 0 0 0 0 2 154 127 5937 4932 14 11 43
94 79 95 71 24 47 41 1176 58 6 65 0 29 18 NA 18 NA 5 58 0 5 9 33 0 0 0 0 0 5 9 33 0 0 0 0 2 159 127 6005 4935 15 11 39
95 78 97 73 24 48 38 1158 61 3 68 0 28 17.5 NA 17.5 NA 2 61 0 6 9 33 0 0 0 0 0 6 9 33 0 0 0 0 2 120 129 6069 4932 17 11 40
96 86 91 69 22 47 42 1154 60 4 71 0 29 18 NA 18 NA 10 60 0 7 9 31 0 0 0 0 0 7 9 31 0 0 0 0 1 142 131 6135 4929 23 11 37
97 97 87 65 22 43 38 1164 56 11 66 0 23 18 NA 18 NA 7 56 0 7 7 29 0 0 0 0 0 7 7 29 0 0 0 0 1 159 133 6205 4934 23 9 34
98 73 88 66 22 44 34 1170 62 12 66 0 22 17 NA 17 NA 8 62 0 8 7 29 0 0 0 0 0 8 7 29 0 0 0 0 1 154 133 6276 4934 23 9 34
99 70 86 65 21 46 33 1135 73 6 67 0 23 16.5 NA 16.5 NA 5 73 1 10 7 28 0 0 0 0 1 10 7 28 0 0 0 0 0 125 135 6342 4933 25 9 33
100 69 86 66 20 46 33 1134 58 6 67 0 20.5 16.5 NA 16.5 NA 8 58 1 10 7 28 0 0 0 0 1 10 7 28 0 0 0 0 1 149 140 6411 4933 25 9 33
101 72 88 67 21 50 26 1129 50 8 69 0 21 17 NA 17 NA 2 50 1 12 8 29 0 0 0 0 1 12 8 29 0 0 0 0 1 144 141 6488 4931 27 8 34
102 57 86 65 21 49 23 1162 55 6 68 0 22 17 NA 17 NA 6 55 1 12 8 28 0 0 0 0 1 12 8 28 0 0 0 0 1 147 143 6536 4932 27 8 33
103 71 87 66 21 46 35 1137 62 2 66 0 22 17 NA 17 NA 13 62 0 12 6 28 0 0 0 0 0 12 6 28 0 0 0 0 2 119 143 6599 4934 27 6 33
104 67 86 65 21 46 31 1154 45 7 66 0 23 17 NA 17 NA 4 45 0 11 7 28 0 0 0 0 0 11 7 28 0 0 0 0 0 130 144 6653 4934 26 7 33
105 78 86 66 20 45 30 1169 50 5 66 0 23.5 17 NA 17 NA 4 50 0 9 8 28 0 0 0 0 0 9 8 28 0 0 0 0 1 173 144 6741 4934 23 10 33
106 71 86 66 20 44 37 1178 52 4 66 0 23 16.5 NA 16.5 NA 11 52 0 8 8 28 0 0 0 0 0 8 8 28 0 0 0 0 1 144 144 6804 4934 24 9 33
107 88 86 66 20 44 38 1189 53 6 66 0 24 16.5 NA 16.5 NA 5 53 0 7 10 27 0 0 0 0 0 7 10 27 0 0 0 0 0 146 144 6865 4934 22 12 32
108 82 86 68 18 41 37 1214 64 9 64 0 24 18 NA 18 NA 9 64 0 3 12 26 0 0 0 0 0 3 12 26 0 0 0 0 2 164 145 6920 4936 15 18 31
109 84 87 69 18 43 36 1197 71 7 65 0 25 18 NA 18 NA 9 71 0 4 12 27 0 0 0 0 0 4 12 27 0 0 0 0 0 136 149 6985 4935 16 17 32
110 65 83 65 18 40 33 1180 52 6 62 0 26 16.5 NA 16.5 NA 5 52 0 5 12 23 0 0 0 0 0 5 12 23 0 0 0 0 1 122 150 7058 4938 17 18 27
111 95 85 68 17 41 35 1191 68 8 61 0 26 16 NA 16 NA 10 68 1 6 12 22 0 0 0 0 1 6 12 22 0 0 0 0 1 151 150 7110 4939 15 20 26
112 65 85 69 16 41 45 1181 68 6 60 0 25 16 NA 16 NA 13 68 0 7 12 22 0 0 0 0 0 7 12 22 0 0 0 0 2 151 151 7185 4940 16 19 25
113 99 87 72 15 44 42 1142 61 9 61 0 24 16.5 NA 16.5 NA 8 61 0 7 15 22 0 0 0 0 0 7 15 22 0 0 0 0 2 134 154 7263 4939 16 21 24
114 81 88 73 15 43 43 1151 54 6 61 0 24 16 NA 16 NA 8 54 0 7 15 21 0 0 0 0 0 7 15 21 0 0 0 0 0 147 155 7330 4939 17 21 23
115 68 84 70 14 41 37 1189 57 6 61 0 22.5 16 NA 16 NA 2 57 1 6 13 21 0 0 0 0 1 6 13 21 0 0 0 0 1 160 156 7385 4939 20 19 22
116 66 80 67 13 40 33 1187 52 5 57 0 23.5 16 NA 16 NA 5 52 1 7 11 21 0 0 0 0 1 7 11 21 0 0 0 0 0 134 159 7449 4943 17 18 22
117 71 79 66 13 39 35 1176 58 3 56 0 23 16 NA 16 NA 5 58 1 8 10 20 0 0 0 0 1 8 10 20 0 0 0 0 1 146 160 7531 4944 17 17 22
118 90 75 62 13 36 37 1183 58 2 54 0 24 15.5 NA 15.5 NA 6 58 1 6 11 18 0 0 0 0 1 6 11 18 0 0 0 0 0 154 162 7598 4946 16 18 20
119 60 76 64 12 35 33 1196 51 8 54 0 23.5 16 NA 16 NA 5 51 1 6 9 19 0 0 0 0 1 6 9 19 0 0 0 0 2 155 165 7669 4946 16 17 21
120 75 79 66 13 37 33 1186 49 7 58 0 24 16 NA 16 NA 5 49 0 7 9 21 0 0 0 0 0 7 9 21 0 0 0 0 1 121 165 7735 4942 18 15 25
121 79 79 66 13 39 29 1192 55 7 59 0 24 16 NA 16 NA 4 55 0 8 10 21 0 0 0 0 0 8 10 21 0 0 0 0 1 141 166 7794 4941 19 15 25
122 80 79 66 13 40 26 1178 53 7 59 0 24 16.5 NA 16.5 NA 6 53 1 8 11 20 0 0 0 0 1 8 11 20 0 0 0 0 0 120 168 7853 4941 19 16 24
123 75 78 66 12 39 24 1162 49 4 59 0 24 17 NA 17 NA 4 49 0 9 10 20 0 0 0 0 0 9 10 20 0 0 0 0 1 118 169 7917 4941 20 14 25
124 89 79 68 11 38 24 1145 55 6 58 0 23 16 NA 16 NA 7 55 0 8 10 20 0 0 0 0 0 8 10 20 0 0 0 0 2 139 170 7994 4942 19 14 25
125 79 82 69 13 38 24 1184 43 4 62 0 22 16 NA 16 NA 7 43 0 7 9 22 0 0 0 0 0 7 9 22 0 0 0 0 2 157 173 8051 4938 22 13 27
126 83 83 70 13 37 26 1133 67 2 62 0 23 16 NA 16 NA 6 67 0 7 9 21 0 0 0 0 0 7 9 21 0 0 0 0 1 120 175 8134 4938 23 13 26
127 73 83 70 13 36 33 1137 70 4 62 0 24 16 NA 16 NA 11 70 0 5 10 21 0 0 0 0 0 5 10 21 0 0 0 0 1 162 175 8206 4938 20 16 26
128 85 82 69 13 35 32 1143 53 8 60 0 24 16 NA 16 NA 7 53 1 4 10 20 0 0 0 0 1 4 10 20 0 0 0 0 1 148 175 8274 4940 19 15 26
129 76 85 70 15 35 34 1145 62 8 60 0 22 16 NA 16 NA 10 62 1 5 9 20 0 0 0 0 1 5 9 20 0 0 0 0 2 157 175 8349 4940 19 15 26
130 92 89 74 15 37 37 1164 59 7 61 0 22 16 NA 16 NA 11 59 1 4 10 22 0 0 0 0 1 4 10 22 0 0 0 0 2 165 176 8416 4939 19 14 28
131 79 91 75 16 39 32 1159 47 9 61 0 22 16 NA 16 NA 5 47 2 4 10 23 0 0 0 0 2 4 10 23 0 0 0 0 4 147 177 8496 4939 19 13 29
132 79 94 77 17 40 31 1181 56 5 63 0 22 16 NA 16 NA 6 56 1 5 10 24 0 0 0 0 1 5 10 24 0 0 0 0 4 152 177 8551 4937 19 15 29
133 74 92 74 18 37 31 1173 63 3 61 0 21.5 16 NA 16 NA 3 63 1 5 9 22 0 0 0 0 1 5 9 22 0 0 0 0 1 142 177 8613 4939 18 16 27
134 77 92 74 18 39 30 1172 50 6 63 0 22.5 16 NA 16 NA 5 50 1 6 9 23 0 0 0 0 1 6 9 23 0 0 0 0 1 129 178 8675 4937 18 16 29
135 74 94 75 19 39 37 1177 65 3 63 0 22 16 NA 16 NA 10 65 1 5 10 23 0 0 0 0 1 5 10 23 0 0 0 0 2 150 179 8735 4937 18 17 28
136 76 95 77 18 38 32 1180 60 6 64 0 23 16 NA 16 NA 4 60 0 7 8 23 0 0 0 0 0 7 8 23 0 0 0 0 2 147 180 8795 4936 20 16 28
137 70 95 77 18 37 36 1156 63 4 63 0 22 16 NA 16 NA 9 63 0 5 9 23 0 0 0 0 0 5 9 23 0 0 0 0 1 124 181 8862 4937 16 19 28
138 74 90 72 18 35 36 1175 54 6 60 0 19 16 NA 16 NA 8 54 0 5 10 20 0 0 0 0 0 5 10 20 0 0 0 0 1 155 184 8925 4940 18 19 23
139 76 86 68 18 34 38 1172 52 5 58 0 19.5 16 NA 16 NA 8 52 0 5 7 22 0 0 0 0 0 5 7 22 0 0 0 0 1 144 185 8998 4942 19 13 26
140 74 87 70 17 33 39 1172 48 3 58 0 20 16 NA 16 NA 7 48 0 5 7 21 0 0 0 0 0 5 7 21 0 0 0 0 1 134 187 9065 4942 20 13 25
141 82 83 69 14 31 35 1168 42 6 58 0 19 16 NA 16 NA 3 42 0 5 7 19 0 0 0 0 0 5 7 19 0 0 0 0 0 135 187 9140 4942 25 12 21
142 75 83 68 15 33 38 1180 51 5 58 0 20 16 NA 16 NA 8 51 0 5 9 19 0 0 0 0 0 5 9 19 0 0 0 0 1 163 189 9218 4942 25 12 21
143 91 81 66 15 35 36 1176 50 5 61 0 21 16 NA 16 NA 4 50 0 5 11 19 0 0 0 0 0 5 11 19 0 0 0 0 0 133 191 9286 4939 25 14 22
144 88 80 65 15 34 34 1175 63 6 62 0 21.5 16 NA 16 NA 5 63 0 2 11 21 0 0 0 0 0 2 11 21 0 0 0 0 1 155 191 9357 4938 24 15 23
145 64 78 63 15 34 35 1175 62 4 61 0 21.5 16 NA 16 NA 6 62 0 4 10 20 0 0 0 0 0 4 10 20 0 0 0 0 0 145 192 9422 4939 25 13 23
146 81 76 62 14 35 41 1181 60 6 60 0 22 16 NA 16 NA 11 60 0 5 11 19 0 0 0 0 0 5 11 19 0 0 0 0 0 149 193 9485 4940 24 14 22
147 84 75 61 14 35 43 1171 50 7 62 0 23 16 NA 16 NA 11 50 0 5 11 19 0 0 0 0 0 5 11 19 0 0 0 0 0 126 195 9545 4938 26 14 22
148 81 77 63 14 36 35 1153 46 9 63 0 22 16 NA 16 NA 3 46 0 6 11 19 0 0 0 0 0 6 11 19 0 0 0 0 2 122 199 9621 4937 26 15 22
149 87 76 62 14 36 36 1173 60 6 63 0 22.5 16 NA 16 NA 5 60 0 7 7 22 0 0 0 0 0 7 7 22 0 0 0 0 1 154 200 9674 4937 27 11 25
150 76 77 62 15 35 34 1151 69 3 62 0 22 17 NA 17 NA 4 69 0 7 8 20 0 0 0 0 0 7 8 20 0 0 0 0 3 147 203 9755 4938 26 13 23
151 81 78 61 17 35 35 1157 56 4 61 0 22.5 18 NA 18 NA 6 56 0 5 10 20 0 0 0 0 0 5 10 20 0 0 0 0 0 152 205 9830 4939 23 15 23
152 82 80 63 17 35 37 1160 65 4 61 0 23 18 NA 18 NA 10 65 1 5 10 19 0 0 0 0 1 5 10 19 0 0 0 0 2 150 208 9890 4939 23 16 22
153 69 82 65 17 35 34 1171 49 7 62 0 24 18 NA 18 NA 9 49 1 4 12 18 0 0 0 0 1 4 12 18 0 0 0 0 2 142 211 9955 4938 20 21 21
154 91 82 66 16 37 29 1163 59 7 63 0 25 20 NA 20 NA 4 59 1 3 14 19 0 0 0 0 1 3 14 19 0 0 0 0 1 149 212 10031 4937 20 21 22
155 69 84 69 15 40 29 1164 56 8 61 0 24.5 20 NA 20 NA 6 56 1 5 13 21 0 0 0 0 1 5 13 21 0 0 0 0 1 134 212 10091 4939 15 22 24
156 86 84 70 14 38 32 1157 53 4 60 0 25 20 NA 20 NA 6 53 0 4 13 21 0 0 0 0 0 4 13 21 0 0 0 0 1 145 212 10164 4940 13 23 24
157 75 84 70 14 36 32 1142 52 4 56 0 25 19.5 NA 19.5 NA 5 52 0 5 12 19 0 0 0 0 0 5 12 19 0 0 0 0 2 116 214 10224 4944 12 22 22
158 89 87 72 15 39 30 1126 59 9 56 0 25 19 NA 19 NA 7 59 0 8 11 20 0 0 0 0 0 8 11 20 0 0 0 0 3 138 215 10292 4944 12 20 24
159 86 86 69 17 36 31 1138 58 4 51 0 21.5 18 NA 18 NA 9 58 0 6 12 18 0 0 0 0 0 6 12 18 0 0 0 0 1 152 219 10358 4949 10 19 22
160 76 87 70 17 38 27 1134 59 6 54 0 22 18 NA 18 NA 3 59 0 6 14 18 0 0 0 0 0 6 14 18 0 0 0 0 2 129 220 10419 4946 12 18 24
161 68 88 70 18 38 25 1132 52 7 52 0 20 19.5 NA 19.5 NA 6 52 0 6 15 17 0 0 0 0 0 6 15 17 0 0 0 0 2 138 221 10491 4948 11 19 22
162 66 91 72 19 38 23 1143 46 5 53 0 18 19.5 NA 19.5 NA 4 46 0 5 15 18 0 0 0 0 0 5 15 18 0 0 0 0 1 138 223 10557 4947 13 19 21
163 81 93 73 20 39 29 1136 56 1 55 0 17 20 NA 20 NA 10 56 0 5 16 18 0 0 0 0 0 5 16 18 0 0 0 0 1 133 226 10618 4945 15 18 22
164 74 96 77 19 40 27 1122 62 7 55 0 15 19.5 NA 19.5 NA 6 62 1 5 16 18 0 0 0 0 1 5 16 18 0 0 0 0 5 139 226 10687 4945 16 18 21
165 72 98 77 21 41 22 1112 68 10 57 0 15 19 NA 19 NA 4 68 1 5 13 22 0 0 0 0 1 5 13 22 0 0 0 0 2 147 226 10754 4943 16 16 25
166 70 98 77 21 41 22 1144 53 2 58 0 15.5 19 NA 19 NA 4 53 1 4 13 23 0 0 0 0 1 4 13 23 0 0 0 0 1 155 227 10810 4942 16 16 26
167 82 96 76 20 39 31 1154 56 2 58 0 15 19 NA 19 NA 10 56 1 4 9 25 0 0 0 0 1 4 9 25 0 0 0 0 1 151 227 10872 4942 18 12 28
168 71 98 78 20 40 28 1140 68 6 60 0 16 18 NA 18 NA 4 68 1 4 7 28 0 0 0 0 1 4 7 28 0 0 0 0 0 138 228 10936 4940 19 9 32
169 90 99 78 21 38 28 1128 62 2 62 0 16 17 NA 17 NA 3 62 1 4 7 26 0 0 0 0 1 4 7 26 0 0 0 0 2 134 228 10991 4938 24 9 29
170 58 97 76 21 35 34 1137 56 4 64 0 16 17 NA 17 NA 10 56 1 4 7 23 0 0 0 0 1 4 7 23 0 0 0 0 0 142 228 11054 4936 29 9 26
171 76 102 81 21 35 31 1131 56 6 65 0 15.5 17 NA 17 NA 4 56 2 4 6 23 0 0 0 0 2 4 6 23 0 0 0 0 4 152 230 11136 4935 31 8 26
172 58 101 81 20 37 33 1149 58 4 65 0 16 17 NA 17 NA 6 58 1 6 6 24 0 0 0 0 1 6 6 24 0 0 0 0 1 158 231 11201 4935 29 9 27
173 70 103 84 19 38 28 1141 59 10 66 0 16 17 NA 17 NA 4 59 0 9 6 23 0 0 0 0 0 9 6 23 0 0 0 0 2 128 231 11262 4934 31 8 27
174 80 106 84 22 40 29 1142 50 4 71 0 17 17 NA 17 NA 5 50 0 10 6 24 0 0 0 0 0 10 6 24 0 0 0 0 0 139 232 11328 4929 33 10 28
175 73 107 85 22 42 30 1160 46 5 73 0 18 17 NA 17 NA 7 46 0 11 7 24 0 0 0 0 0 11 7 24 0 0 0 0 1 133 234 11382 4927 34 11 28
176 86 108 86 22 42 27 1173 55 5 77 0 18 17 NA 17 NA 3 55 0 11 7 24 0 0 0 0 0 11 7 24 0 0 0 0 0 148 236 11443 4923 37 12 28
177 73 104 82 22 41 26 1201 50 7 75 0 19 19 NA 19 NA 5 50 0 9 8 24 0 0 0 0 0 9 8 24 0 0 0 0 1 154 237 11503 4925 35 12 28
178 82 104 83 21 43 28 1182 71 8 75 0 19.5 19 NA 19 NA 9 71 0 9 10 24 0 0 0 0 0 9 10 24 0 0 0 0 1 150 238 11582 4925 34 13 28
179 79 105 82 23 43 27 1178 50 6 75 0 20 19 NA 19 NA 4 50 0 9 11 23 0 0 0 0 0 9 11 23 0 0 0 0 1 139 239 11654 4925 32 16 27
180 82 109 86 23 45 30 1179 57 5 77 0 20 19 NA 19 NA 12 57 1 10 10 24 0 0 0 0 1 10 10 24 0 0 0 0 2 152 243 11724 4923 34 15 28
181 79 111 87 24 46 26 1209 52 11 81 0 20 19 NA 19 NA 6 52 1 9 12 24 0 0 0 0 1 9 12 24 0 0 0 0 2 148 243 11777 4919 35 18 28
182 65 111 88 23 47 32 1215 58 5 80 0 21 19 NA 19 NA 10 58 1 10 12 24 0 0 0 0 1 10 12 24 0 0 0 0 1 144 243 11840 4920 31 21 28
183 93 114 92 22 49 31 1188 58 8 86 0 21 19 NA 19 NA 6 58 2 10 13 24 0 0 0 0 2 10 13 24 0 0 0 0 2 135 243 11920 4914 36 22 28
184 80 115 93 22 50 32 1176 44 6 87 0 22 19 NA 19 NA 6 44 1 11 14 24 0 0 0 0 1 11 14 24 0 0 0 0 2 126 243 11991 4913 36 23 28
185 72 113 91 22 48 36 1197 56 5 87 0 23 19 NA 19 NA 10 56 0 10 15 23 0 0 0 0 0 10 15 23 0 0 0 0 1 149 244 12048 4913 35 25 27
186 79 112 91 21 48 36 1184 58 11 88 0 23.5 19 NA 19 NA 12 58 0 7 17 24 0 0 0 0 0 7 17 24 0 0 0 0 0 135 244 12119 4912 32 27 29
187 76 113 93 20 50 37 1194 49 9 88 0 24 19 NA 19 NA 11 49 0 7 19 24 0 0 0 0 0 7 19 24 0 0 0 0 1 141 246 12176 4912 31 28 29
188 71 113 94 19 51 37 1205 57 8 87 0 24 19 NA 19 NA 6 57 0 8 21 22 0 0 0 0 0 8 21 22 0 0 0 0 1 146 247 12237 4913 28 31 28
189 77 110 90 20 51 32 1172 59 7 82 0 25 19 NA 19 NA 4 59 0 7 21 23 0 0 0 0 0 7 21 23 0 0 0 0 1 136 249 12326 4918 23 32 27
190 84 110 90 20 50 29 1159 51 2 81 0 25 19 NA 19 NA 1 51 0 7 19 24 0 0 0 0 0 7 19 24 0 0 0 0 0 136 251 12405 4919 24 30 27
191 76 110 89 21 49 35 1199 55 2 80 0 25 19 NA 19 NA 9 55 1 7 15 26 0 0 0 0 1 7 15 26 0 0 0 0 3 174 252 12464 4920 24 27 29
192 64 110 88 22 53 32 1204 47 9 83 0 24.5 19 NA 19 NA 7 47 2 8 17 26 0 0 0 0 2 8 17 26 0 0 0 0 1 137 254 12537 4917 27 28 28
193 69 110 89 21 53 31 1200 58 8 83 0 24 19 NA 19 NA 7 58 2 9 17 25 0 0 0 0 2 9 17 25 0 0 0 0 0 151 255 12608 4917 25 30 28
194 80 111 90 21 53 33 1183 54 6 84 0 25 19 NA 19 NA 9 54 2 8 14 29 0 0 0 0 2 8 14 29 0 0 0 0 1 132 256 12677 4916 25 27 32
195 61 113 92 21 52 29 1190 67 8 87 0 25 19 NA 19 NA 6 67 1 6 16 29 0 0 0 0 1 6 16 29 0 0 0 0 3 157 259 12744 4913 23 32 32
196 84 111 91 20 51 27 1164 65 7 85 0 25 19 NA 19 NA 5 65 2 6 16 27 0 0 0 0 2 6 16 27 0 0 0 0 1 130 259 12813 4915 23 32 30
197 80 112 93 19 50 29 1150 60 2 86 0 26 18 NA 18 NA 4 60 2 4 16 28 0 0 0 0 2 4 16 28 0 0 0 0 0 143 260 12888 4914 23 31 32
198 86 113 95 18 51 29 1145 53 4 85 0 27 18 NA 18 NA 6 53 2 5 14 30 0 0 0 0 2 5 14 30 0 0 0 0 3 142 262 12958 4915 21 29 35
199 82 117 99 18 50 25 1163 58 4 86 0 27 17.5 NA 17.5 NA 4 58 2 5 12 31 0 0 0 0 2 5 12 31 0 0 0 0 2 145 266 13015 4914 22 28 36
200 83 115 96 19 47 24 1189 54 5 85 0 26 17 NA 17 NA 5 54 2 5 9 31 0 0 0 0 2 5 9 31 0 0 0 0 1 157 268 13069 4915 25 22 38
201 90 115 96 19 46 20 1206 39 4 85 0 26 17 NA 17 NA 2 39 1 6 8 31 0 0 0 0 1 6 8 31 0 0 0 0 2 148 270 13141 4915 26 19 40
202 74 118 95 23 49 26 1220 52 4 87 0 24.5 18 NA 18 NA 7 52 0 9 9 31 0 0 0 0 0 9 9 31 0 0 0 0 1 142 270 13193 4913 27 20 40
203 76 120 97 23 50 26 1207 58 4 88 0 24 17.5 NA 17.5 NA 4 58 0 11 9 30 0 0 0 0 0 11 9 30 0 0 0 0 0 149 270 13277 4912 27 21 40
204 76 120 97 23 49 36 1194 62 2 87 0 24.5 18 NA 18 NA 13 62 0 7 12 30 0 0 0 0 0 7 12 30 0 0 0 0 0 134 271 13342 4913 23 24 40
205 87 121 97 24 49 40 1171 67 6 88 0 25 18 NA 18 NA 10 67 0 7 13 29 0 0 0 0 0 7 13 29 0 0 0 0 2 134 272 13408 4912 23 23 42
206 83 122 97 25 52 36 1158 62 12 87 0 25.5 19 NA 19 NA 5 62 0 7 17 28 0 0 0 0 0 7 17 28 0 0 0 0 2 129 272 13473 4913 22 25 40
207 75 122 96 26 52 37 1154 53 6 87 0 24.5 18.5 NA 18.5 NA 9 53 1 6 14 31 0 0 0 0 1 6 14 31 0 0 0 0 4 145 274 13555 4913 22 21 44
208 82 124 96 28 52 43 1139 65 6 87 0 25 19 NA 19 NA 12 65 1 5 15 31 0 0 0 0 1 5 15 31 0 0 0 0 4 143 275 13622 4913 22 22 43
209 79 122 94 28 50 38 1126 65 8 86 0 25 19 NA 19 NA 3 65 1 4 15 30 0 0 0 0 1 4 15 30 0 0 0 0 2 135 277 13689 4914 22 22 42
210 77 121 93 28 53 37 1140 49 8 85 0 25 19 NA 19 NA 7 49 2 6 13 32 0 0 0 0 2 6 13 32 0 0 0 0 1 141 278 13751 4915 23 20 42
211 69 121 94 27 51 37 1147 50 5 87 0 24 19 NA 19 NA 8 50 2 6 13 30 0 0 0 0 2 6 13 30 0 0 0 0 2 142 281 13819 4913 26 20 41
212 61 118 92 26 48 32 1148 59 4 85 0 24 18 NA 18 NA 1 59 2 6 13 27 0 0 0 0 2 6 13 27 0 0 0 0 1 156 282 13898 4915 25 22 38
213 89 118 92 26 47 29 1160 38 3 84 0 23.5 18 NA 18 NA 2 38 2 5 14 26 0 0 0 0 2 5 14 26 0 0 0 0 2 146 284 13970 4916 25 23 36
214 78 117 91 26 47 29 1154 49 3 85 0 24 17 NA 17 NA 3 49 1 5 14 27 0 0 0 0 1 5 14 27 0 0 0 0 1 140 284 14039 4915 26 22 37
215 72 118 91 27 47 34 1142 58 4 85 0 22 17 NA 17 NA 6 58 1 5 14 27 0 0 0 0 1 5 14 27 0 0 0 0 3 135 285 14105 4915 27 21 37
216 75 119 91 28 52 33 1146 67 9 85 0 22 16.5 NA 16.5 NA 9 67 1 9 13 29 0 0 0 0 1 9 13 29 0 0 0 0 2 141 286 14158 4915 27 19 39
217 63 124 95 29 53 33 1191 45 5 86 0 22 17 NA 17 NA 6 45 1 10 12 30 0 0 0 0 1 10 12 30 0 0 0 0 1 171 288 14221 4914 28 18 40
218 71 125 96 29 53 31 1202 61 8 89 0 23 17 NA 17 NA 9 61 1 9 12 31 0 0 0 0 1 9 12 31 0 0 0 0 2 145 292 14279 4911 30 19 40
219 92 121 92 29 51 32 1193 60 6 87 0 22 17 NA 17 NA 6 60 0 12 11 28 0 0 0 0 0 12 11 28 0 0 0 0 1 141 293 14346 4913 29 19 39
220 71 122 92 30 52 29 1179 53 8 90 0 22 16.5 NA 16.5 NA 7 53 1 12 10 29 0 0 0 0 1 12 10 29 0 0 0 0 2 135 296 14420 4910 32 18 40
221 76 124 94 30 52 30 1173 63 5 91 0 22.5 16.5 NA 16.5 NA 9 63 1 11 10 30 0 0 0 0 1 11 10 30 0 0 0 0 1 152 298 14496 4909 31 18 42
222 71 120 92 28 51 34 1206 51 7 87 0 23 17 NA 17 NA 9 51 1 11 12 27 0 0 0 0 1 11 12 27 0 0 0 0 2 162 298 14556 4913 30 20 37
223 76 118 91 27 50 32 1231 59 7 85 0 22 17 NA 17 NA 8 59 1 10 13 26 0 0 0 0 1 10 13 26 0 0 0 0 1 161 301 14616 4915 27 22 36
224 82 118 91 27 52 30 1210 66 7 86 0 23 17 NA 17 NA 8 66 1 12 12 27 0 0 0 0 1 12 12 27 0 0 0 0 1 134 303 14693 4914 29 20 37
225 69 117 93 24 49 29 1176 67 6 84 0 23 16 NA 16 NA 5 67 2 10 12 25 0 0 0 0 2 10 12 25 0 0 0 0 2 122 303 14763 4916 28 21 35
226 73 116 94 22 48 29 1173 55 5 80 0 22.5 16 NA 16 NA 5 55 2 8 11 27 0 0 0 0 2 8 11 27 0 0 0 0 2 144 303 14831 4920 23 21 36
227 82 113 91 22 46 32 1190 46 2 79 0 21 15.5 NA 15.5 NA 5 46 2 7 11 26 0 0 0 0 2 7 11 26 0 0 0 0 1 138 303 14887 4921 26 19 34
228 71 112 89 23 45 33 1191 54 5 80 0 21.5 16 NA 16 NA 6 54 2 6 13 24 0 0 0 0 2 6 13 24 0 0 0 0 1 134 304 14953 4920 27 21 32
229 81 107 85 22 43 40 1177 63 3 80 0 22 16 NA 16 NA 10 63 0 8 12 23 0 0 0 0 0 8 12 23 0 0 0 0 1 140 305 15031 4920 31 19 30
230 83 106 83 23 43 38 1181 53 11 77 0 22 16 NA 16 NA 9 53 0 10 11 22 0 0 0 0 0 10 11 22 0 0 0 0 2 144 306 15100 4923 30 18 29
231 105 109 86 23 44 32 1173 70 8 75 0 20 16 NA 16 NA 3 70 0 12 12 20 0 0 0 0 0 12 12 20 0 0 0 0 4 152 308 15171 4925 29 18 28
232 59 107 84 23 44 35 1182 63 2 77 0 21 16 NA 16 NA 5 63 0 9 15 20 0 0 0 0 0 9 15 20 0 0 0 0 0 150 309 15231 4923 27 22 28
233 76 105 80 25 42 34 1174 58 4 76 0 20 15.5 NA 15.5 NA 5 58 0 9 15 18 0 0 0 0 0 9 15 18 0 0 0 0 1 137 311 15296 4924 28 21 27
234 68 109 84 25 42 31 1169 53 4 78 0 19 15.5 NA 15.5 NA 5 53 0 8 15 19 0 0 0 0 0 8 15 19 0 0 0 0 2 145 315 15373 4922 28 21 29
235 70 114 90 24 43 30 1174 56 4 78 0 19.5 15 NA 15 NA 7 56 0 8 14 21 0 0 0 0 0 8 14 21 0 0 0 0 3 149 320 15443 4922 28 18 32
236 72 110 87 23 40 29 1163 66 2 75 0 20 15 NA 15 NA 2 66 0 7 15 18 0 0 0 0 0 7 15 18 0 0 0 0 0 144 320 15514 4925 28 19 28
237 75 110 87 23 43 38 1161 62 7 77 0 20 16 NA 16 NA 14 62 0 8 15 20 0 0 0 0 0 8 15 20 0 0 0 0 1 145 320 15582 4923 30 19 28
238 83 107 84 23 43 39 1133 67 7 77 0 21 16 NA 16 NA 7 67 0 9 13 21 0 0 0 0 0 9 13 21 0 0 0 0 1 122 320 15647 4923 32 17 28
239 77 108 85 23 48 40 1156 61 10 81 0 22 16 NA 16 NA 10 61 1 12 13 22 0 0 0 0 1 12 13 22 0 0 0 0 0 169 321 15712 4919 32 20 29
240 65 109 84 25 47 43 1179 51 6 79 0 23 17 NA 17 NA 8 51 1 11 12 23 0 0 0 0 1 11 12 23 0 0 0 0 2 156 321 15777 4921 30 20 29
241 85 108 83 25 49 41 1205 49 9 79 0 23.5 17 NA 17 NA 7 49 1 7 19 22 0 0 0 0 1 7 19 22 0 0 0 0 1 160 321 15839 4921 25 26 28
242 68 111 86 25 51 37 1205 68 6 81 0 23 17 NA 17 NA 5 68 1 9 18 23 0 0 0 0 1 9 18 23 0 0 0 0 2 150 324 15897 4919 26 25 30
243 66 109 84 25 52 34 1217 62 7 82 0 23 17 NA 17 NA 7 62 1 10 17 24 0 0 0 0 1 10 17 24 0 0 0 0 2 152 329 15960 4918 28 24 30
244 82 110 84 26 52 42 1211 57 4 80 0 24 17 NA 17 NA 10 57 1 6 17 28 0 0 0 0 1 6 17 28 0 0 0 0 2 159 329 16039 4920 24 24 32
245 73 114 87 27 54 39 1208 66 8 83 0 24 17.5 NA 17.5 NA 7 66 1 7 18 28 0 0 0 0 1 7 18 28 0 0 0 0 3 148 331 16105 4917 25 26 32
246 80 114 87 27 53 40 1192 64 4 82 0 24.5 18 NA 18 NA 6 64 1 6 17 29 0 0 0 0 1 6 17 29 0 0 0 0 2 124 331 16167 4918 24 25 33
247 80 115 87 28 53 46 1191 77 5 87 0 24 18 NA 18 NA 10 77 0 8 18 27 0 0 0 0 0 8 18 27 0 0 0 0 2 162 331 16233 4913 29 27 31
248 76 115 87 28 54 46 1198 64 6 86 0 24 17.5 NA 17.5 NA 8 64 1 9 16 28 0 0 0 0 1 9 16 28 0 0 0 0 2 146 334 16296 4914 28 26 32
249 71 115 87 28 54 45 1171 68 5 87 0 24 17 NA 17 NA 4 68 1 9 15 29 0 0 0 0 1 9 15 29 0 0 0 0 0 129 334 16363 4913 26 28 33
250 89 112 84 28 52 44 1151 81 5 84 0 25 17 NA 17 NA 7 81 2 7 16 27 0 0 0 0 2 7 16 27 0 0 0 0 1 137 337 16417 4916 23 30 31
251 77 109 83 26 51 42 1141 49 7 80 0 26 17 NA 17 NA 7 49 2 6 12 31 0 0 0 0 2 6 12 31 0 0 0 0 0 132 338 16491 4920 20 27 33
252 75 105 80 25 50 46 1130 58 5 79 0 27 16.5 NA 16.5 NA 12 58 1 7 12 30 0 0 0 0 1 7 12 30 0 0 0 0 2 137 342 16562 4921 20 26 33
253 86 103 79 24 49 39 1136 48 8 77 0 26 17 NA 17 NA 4 48 2 7 7 33 0 0 0 0 2 7 7 33 0 0 0 0 1 145 343 16633 4923 20 20 37
254 75 107 83 24 49 33 1135 58 6 78 0 27 17 NA 17 NA 4 58 2 8 7 32 0 0 0 0 2 8 7 32 0 0 0 0 2 129 347 16693 4922 22 19 37
255 75 107 82 25 50 34 1122 64 6 80 0 27 18 NA 18 NA 7 64 2 9 6 33 0 0 0 0 2 9 6 33 0 0 0 0 0 139 348 16764 4920 22 20 38
256 67 105 80 25 49 35 1126 46 4 80 0 25 17 NA 17 NA 6 46 2 11 3 33 0 0 0 0 2 11 3 33 0 0 0 0 1 138 349 16838 4920 25 17 38
257 67 105 79 26 46 29 1127 55 3 81 0 24 17.5 NA 17.5 NA 2 55 0 12 4 30 0 0 0 0 0 12 4 30 0 0 0 0 3 149 352 16913 4919 26 18 37
258 67 103 77 26 46 31 1138 53 3 80 0 25 16.5 NA 16.5 NA 4 53 0 13 4 29 0 0 0 0 0 13 4 29 0 0 0 0 0 146 353 16973 4920 26 19 35
259 91 101 76 25 44 35 1146 53 2 78 0 24 15.5 NA 15.5 NA 8 53 0 8 9 27 0 0 0 0 0 8 9 27 0 0 0 0 1 157 356 17044 4922 22 23 33
260 76 102 75 27 46 42 1136 62 7 77 0 25 16.5 NA 16.5 NA 13 62 0 11 9 26 0 0 0 0 0 11 9 26 0 0 0 0 3 143 356 17112 4923 24 22 31
261 79 97 69 28 42 39 1148 57 6 69 0 24 16.5 NA 16.5 NA 6 57 0 9 9 24 0 0 0 0 0 9 9 24 0 0 0 0 2 142 359 17166 4931 20 19 30
262 80 98 69 29 41 37 1137 58 6 67 0 22 15 NA 15 NA 4 58 1 10 8 22 0 0 0 0 1 10 8 22 0 0 0 0 3 144 359 17237 4933 21 17 29
263 73 103 74 29 41 31 1162 47 9 68 0 20 17 NA 17 NA 5 47 1 11 6 23 0 0 0 0 1 11 6 23 0 0 0 0 4 155 360 17306 4932 23 13 32
264 71 103 76 27 39 30 1160 60 6 66 0 19 17 NA 17 NA 6 60 1 9 7 22 0 0 0 0 1 9 7 22 0 0 0 0 4 133 361 17367 4934 21 16 29
265 74 106 79 27 40 32 1164 75 5 68 0 20 16 NA 16 NA 8 75 1 10 7 22 0 0 0 0 1 10 7 22 0 0 0 0 3 155 364 17429 4932 23 15 30
266 76 105 78 27 39 34 1157 65 6 69 0 20 15 NA 15 NA 7 65 1 10 9 19 0 0 0 0 1 10 9 19 0 0 0 0 2 130 364 17484 4931 25 17 27
267 78 106 79 27 40 29 1159 61 7 69 0 21 16.5 NA 16.5 NA 3 61 1 10 10 19 0 0 0 0 1 10 10 19 0 0 0 0 0 144 366 17544 4931 24 15 30
268 83 103 77 26 39 28 1174 63 5 67 0 21 15 NA 15 NA 7 63 1 9 11 18 0 0 0 0 1 9 11 18 0 0 0 0 0 163 368 17605 4933 22 17 28
269 75 102 78 24 38 36 1173 75 5 66 0 22 18 NA 18 NA 12 75 1 6 13 18 0 0 0 0 1 6 13 18 0 0 0 0 3 165 368 17676 4934 18 18 30
270 76 103 77 26 39 34 1188 63 11 65 0 20 18 NA 18 NA 7 63 2 4 13 20 0 0 0 0 2 4 13 20 0 0 0 0 1 165 368 17740 4935 16 19 30
271 81 103 77 26 38 38 1159 69 3 67 0 20 18 NA 18 NA 9 69 2 3 12 21 0 0 0 0 2 3 12 21 0 0 0 0 1 129 368 17805 4933 18 17 32
272 82 102 76 26 42 30 1163 54 8 69 0 20.5 18 NA 18 NA 4 54 2 5 15 20 0 0 0 0 2 5 15 20 0 0 0 0 0 152 372 17877 4931 20 18 31
273 86 103 77 26 41 31 1128 70 4 68 0 19 18 NA 18 NA 7 70 2 5 13 21 0 0 0 0 2 5 13 21 0 0 0 0 1 138 375 17954 4932 22 16 30
274 55 101 76 25 41 34 1146 50 5 68 0 20 18 NA 18 NA 7 50 2 7 13 19 0 0 0 0 2 7 13 19 0 0 0 0 0 139 376 18012 4932 23 17 28
275 90 102 75 27 40 35 1143 57 6 72 0 20.5 18 NA 18 NA 7 57 1 8 12 19 0 0 0 0 1 8 12 19 0 0 0 0 1 149 376 18087 4928 28 17 27
276 68 103 76 27 40 38 1125 56 3 76 0 21 18 NA 18 NA 6 56 1 8 8 23 0 0 0 0 1 8 8 23 0 0 0 0 1 114 376 18142 4924 31 14 31
277 80 101 76 25 39 41 1156 61 4 75 0 20 15 NA 15 NA 9 61 1 9 7 22 0 0 0 0 1 9 7 22 0 0 0 0 0 163 377 18198 4925 31 14 30
278 74 101 78 23 42 31 1177 55 11 74 0 20 15 NA 15 NA 1 55 1 11 8 22 0 0 0 0 1 11 8 22 0 0 0 0 2 158 379 18258 4926 28 17 29
279 77 103 82 21 41 27 1174 53 8 72 0 19 15 NA 15 NA 4 53 1 13 8 19 0 0 0 0 1 13 8 19 0 0 0 0 4 129 380 18324 4928 29 17 26
280 80 104 84 20 42 33 1174 59 4 72 0 19.5 15 NA 15 NA 8 59 0 15 6 21 0 0 0 0 0 15 6 21 0 0 0 0 2 149 380 18399 4928 29 15 28
281 78 105 85 20 45 29 1173 57 7 74 0 19 16 NA 16 NA 7 57 0 14 7 24 0 0 0 0 0 14 7 24 0 0 0 0 1 149 382 18476 4926 30 13 31
282 68 106 86 20 45 28 1163 69 6 74 0 19 16 NA 16 NA 7 69 0 15 6 24 0 0 0 0 0 15 6 24 0 0 0 0 3 141 385 18542 4926 31 13 30
283 61 107 87 20 46 32 1186 61 8 74 0 20 15.5 NA 15.5 NA 14 61 0 14 8 24 0 0 0 0 0 14 8 24 0 0 0 0 1 152 388 18601 4926 30 14 30
284 88 107 87 20 41 38 1168 62 8 71 0 20 17 NA 17 NA 13 62 0 10 10 21 0 0 0 0 0 10 10 21 0 0 0 0 2 141 388 18680 4929 26 17 28
285 73 104 86 18 42 37 1167 68 9 73 0 21 17.5 NA 17.5 NA 8 68 0 10 13 19 0 0 0 0 0 10 13 19 0 0 0 0 1 152 388 18748 4927 29 18 26
286 56 106 88 18 43 40 1197 69 8 72 0 22 17 NA 17 NA 11 69 1 9 13 20 0 0 0 0 1 9 13 20 0 0 0 0 2 171 388 18804 4928 26 19 27
287 81 99 83 16 39 40 1197 63 6 67 0 21 18 NA 18 NA 10 63 1 6 13 19 0 0 0 0 1 6 13 19 0 0 0 0 1 156 390 18874 4933 22 20 25
288 74 99 82 17 39 40 1209 61 5 67 0 22 18 NA 18 NA 8 61 1 3 15 20 0 0 0 0 1 3 15 20 0 0 0 0 0 138 392 18927 4933 18 23 26
289 69 98 82 16 39 44 1195 61 5 64 0 21.5 18 NA 18 NA 8 61 2 3 15 19 0 0 0 0 2 3 15 19 0 0 0 0 2 141 393 19003 4936 18 21 25
290 75 102 87 15 38 48 1173 55 5 67 0 21 17.5 NA 17.5 NA 9 55 2 2 13 21 0 0 0 0 2 2 13 21 0 0 0 0 3 133 394 19078 4933 20 20 27
291 72 102 86 16 39 44 1179 53 12 72 0 21.5 17 NA 17 NA 8 53 2 3 13 21 0 0 0 0 2 3 13 21 0 0 0 0 2 136 394 19136 4928 25 20 27
292 77 105 89 16 41 41 1171 73 12 75 0 22 17 NA 17 NA 10 73 1 5 13 22 0 0 0 0 1 5 13 22 0 0 0 0 2 161 394 19209 4925 27 20 28
293 66 105 90 15 41 41 1181 64 4 75 0 21 15 NA 15 NA 6 64 1 5 13 22 0 0 0 0 1 5 13 22 0 0 0 0 1 155 395 19270 4925 26 21 28
294 78 106 91 15 41 34 1181 57 8 76 0 21 15 NA 15 NA 3 57 0 7 13 21 0 0 0 0 0 7 13 21 0 0 0 0 1 143 397 19336 4924 26 22 28
295 66 101 87 14 41 40 1179 54 3 72 0 22 15 NA 15 NA 10 54 0 6 13 22 0 0 0 0 0 6 13 22 0 0 0 0 1 151 397 19411 4928 25 21 26
296 87 101 88 13 40 32 1166 64 8 70 0 18 17.5 NA 17.5 NA 3 64 0 6 13 21 0 0 0 0 0 6 13 21 0 0 0 0 4 138 401 19476 4930 25 20 25
297 87 99 87 12 41 29 1171 50 6 68 0 19 17 NA 17 NA 5 50 0 6 14 21 0 0 0 0 0 6 14 21 0 0 0 0 1 148 403 19541 4932 22 21 25
298 79 97 84 13 41 29 1152 59 5 67 0 19 17 NA 17 NA 5 59 0 7 14 20 0 0 0 0 0 7 14 20 0 0 0 0 1 143 404 19618 4933 24 19 24
299 80 96 82 14 42 28 1136 59 5 67 0 20 17.5 NA 17.5 NA 5 59 0 8 12 22 0 0 0 0 0 8 12 22 0 0 0 0 1 142 405 19692 4933 25 16 26
300 76 99 83 16 43 23 1144 65 7 67 0 21 18 NA 18 NA 5 65 0 10 10 23 0 0 0 0 0 10 10 23 0 0 0 0 3 151 407 19748 4933 26 14 27
301 84 99 83 16 45 19 1169 51 5 70 0 22 17 NA 17 NA 4 51 1 10 11 23 0 0 0 0 1 10 11 23 0 0 0 0 0 158 410 19810 4930 28 15 27
302 83 99 82 17 45 22 1206 53 3 72 0 23 17 NA 17 NA 8 53 1 11 9 24 0 0 0 0 1 11 9 24 0 0 0 0 2 161 413 19860 4928 29 16 27
303 83 98 81 17 46 26 1221 61 5 72 0 23.5 17.5 NA 17.5 NA 9 61 0 9 14 23 0 0 0 0 0 9 14 23 0 0 0 0 2 163 414 19930 4928 23 22 27
304 68 98 80 18 47 30 1218 64 7 73 0 24 18 NA 18 NA 10 64 0 8 16 23 0 0 0 0 0 8 16 23 0 0 0 0 2 150 415 19993 4927 23 24 26
305 73 98 79 19 48 31 1228 59 7 73 0 24.5 17.5 NA 17.5 NA 6 59 0 8 15 25 0 0 0 0 0 8 15 25 0 0 0 0 1 144 415 20052 4927 22 23 28
306 80 100 80 20 47 34 1216 67 7 73 0 24.5 18 NA 18 NA 11 67 0 7 14 26 0 0 0 0 0 7 14 26 0 0 0 0 3 147 416 20124 4927 22 22 29
307 80 99 79 20 48 36 1218 54 4 73 0 26 17.5 NA 17.5 NA 5 54 0 7 14 27 0 0 0 0 0 7 14 27 0 0 0 0 0 137 417 20187 4927 21 22 30
308 95 102 82 20 52 28 1188 60 9 76 0 24.5 17 NA 17 NA 1 60 2 8 15 27 0 0 0 0 2 8 15 27 0 0 0 0 1 123 418 20255 4924 23 22 31
309 76 99 80 19 52 33 1191 54 2 76 0 26 17 NA 17 NA 8 54 2 9 14 27 0 0 0 0 2 9 14 27 0 0 0 0 0 143 419 20319 4924 24 20 32
310 91 101 82 19 51 30 1198 58 4 74 0 23 17 NA 17 NA 2 58 1 10 15 25 0 0 0 0 1 10 15 25 0 0 0 0 3 162 421 20393 4926 24 21 29
311 67 105 83 22 50 39 1187 70 0 74 0 22 17 NA 17 NA 9 70 1 9 15 25 0 0 0 0 1 9 15 25 0 0 0 0 3 141 421 20450 4926 24 21 29
312 74 103 83 20 51 35 1163 66 9 76 0 22 17 NA 17 NA 5 66 1 11 15 24 0 0 0 0 1 11 15 24 0 0 0 0 0 125 422 20516 4924 27 21 28
313 71 105 80 25 49 34 1150 55 6 74 0 22 16 NA 16 NA 5 55 0 11 15 23 0 0 0 0 0 11 15 23 0 0 0 0 1 139 422 20595 4926 25 22 27
314 82 107 81 26 50 37 1162 55 5 75 0 22 17 NA 17 NA 8 55 0 11 14 25 0 0 0 0 0 11 14 25 0 0 0 0 2 170 423 20673 4925 25 21 29
315 77 106 80 26 51 37 1147 65 6 76 0 23.5 17 NA 17 NA 6 65 0 11 10 30 0 0 0 0 0 11 10 30 0 0 0 0 0 143 424 20751 4924 23 18 35
316 77 104 78 26 50 41 1133 62 5 76 0 24 16.5 NA 16.5 NA 9 62 0 11 8 31 0 0 0 0 0 11 8 31 0 0 0 0 0 132 425 20823 4924 23 17 36
317 71 104 78 26 51 40 1139 61 11 76 0 24.5 17 NA 17 NA 11 61 0 11 8 32 0 0 0 0 0 11 8 32 0 0 0 0 2 143 425 20881 4924 23 16 37
318 70 105 79 26 51 35 1152 44 8 79 0 24 17 NA 17 NA 4 44 0 9 10 32 0 0 0 0 0 9 10 32 0 0 0 0 1 143 426 20948 4921 24 17 38
319 82 105 79 26 49 32 1169 43 2 77 0 25 17 NA 17 NA 4 43 0 9 10 30 0 0 0 0 0 9 10 30 0 0 0 0 0 150 431 21020 4923 23 18 36
320 74 104 79 25 48 35 1187 69 3 79 0 24.5 17 NA 17 NA 7 69 0 7 13 28 0 0 0 0 0 7 13 28 0 0 0 0 2 159 433 21072 4921 24 19 36
321 75 99 77 22 46 37 1195 40 3 74 0 25 17 NA 17 NA 5 40 1 6 15 24 0 0 0 0 1 6 15 24 0 0 0 0 1 129 434 21135 4926 21 21 32
322 86 100 78 22 47 33 1194 52 4 78 0 26 17 NA 17 NA 4 52 1 5 15 26 0 0 0 0 1 5 15 26 0 0 0 0 1 137 437 21204 4922 24 21 33
323 64 102 80 22 45 33 1211 57 4 81 0 25.5 17 NA 17 NA 4 57 1 5 14 25 0 0 0 0 1 5 14 25 0 0 0 0 1 156 438 21272 4919 28 21 32
324 94 105 83 22 47 36 1214 61 3 80 0 25 17 NA 17 NA 9 61 2 4 16 25 0 0 0 0 2 4 16 25 0 0 0 0 2 144 441 21330 4920 23 25 32
325 75 107 84 23 49 39 1205 64 5 82 0 25 17 NA 17 NA 9 64 1 5 15 28 0 0 0 0 1 5 15 28 0 0 0 0 2 144 442 21399 4918 24 24 34
326 79 105 82 23 45 40 1195 48 3 79 0 25 17 NA 17 NA 6 48 1 4 15 25 0 0 0 0 1 4 15 25 0 0 0 0 2 145 443 21487 4921 24 24 31
327 60 105 82 23 45 37 1175 56 7 78 0 25 17 NA 17 NA 5 56 1 3 16 25 0 0 0 0 1 3 16 25 0 0 0 0 1 130 444 21562 4922 22 23 33
328 81 110 83 27 46 41 1151 62 6 78 0 24.5 17 NA 17 NA 11 62 1 5 14 26 0 0 0 0 1 5 14 26 0 0 0 0 3 126 446 21631 4922 22 22 34
329 67 111 82 29 45 45 1151 63 4 78 0 24 17 NA 17 NA 9 63 1 3 15 26 0 0 0 0 1 3 15 26 0 0 0 0 4 149 448 21702 4922 22 22 34
330 90 117 87 30 46 38 1148 57 13 79 0 24 18 NA 18 NA 10 57 0 4 15 27 0 0 0 0 0 4 15 27 0 0 0 0 4 145 453 21768 4921 20 23 36
331 70 117 87 30 49 34 1142 49 9 77 0 23 18 NA 18 NA 6 49 1 7 14 27 0 0 0 0 1 7 14 27 0 0 0 0 0 127 454 21836 4923 20 21 36
332 74 117 87 30 48 39 1123 66 3 79 0 24 17.5 NA 17.5 NA 9 66 1 5 13 29 0 0 0 0 1 5 13 29 0 0 0 0 0 151 455 21918 4921 20 21 38
333 87 117 88 29 49 37 1126 43 7 76 0 23 17 NA 17 NA 4 43 1 6 12 30 0 0 0 0 1 6 12 30 0 0 0 0 1 118 456 21971 4924 20 18 38
334 80 116 87 29 47 33 1133 45 6 73 0 23 17 NA 17 NA 4 45 1 7 11 28 0 0 0 0 1 7 11 28 0 0 0 0 2 139 457 22037 4927 17 20 36
335 63 114 88 26 48 33 1141 70 4 75 0 24 17.5 NA 17.5 NA 5 70 1 7 13 27 0 0 0 0 1 7 13 27 0 0 0 0 1 159 459 22105 4925 16 23 36
336 76 115 90 25 49 38 1145 46 6 77 0 22 18 NA 18 NA 9 46 1 7 10 31 0 0 0 0 1 7 10 31 0 0 0 0 2 144 459 22181 4923 20 19 38
337 77 114 88 26 48 37 1154 55 7 77 0 20.5 19.5 NA 19.5 NA 10 55 2 6 10 30 0 0 0 0 2 6 10 30 0 0 0 0 1 145 464 22240 4923 22 18 37
338 66 114 86 28 47 36 1159 52 4 78 0 20 18 NA 18 NA 5 52 2 6 10 29 0 0 0 0 2 6 10 29 0 0 0 0 1 138 466 22304 4922 25 18 35
339 87 116 87 29 46 35 1195 52 6 77 0 19 18 NA 18 NA 8 52 2 6 8 30 0 0 0 0 2 6 8 30 0 0 0 0 2 171 468 22361 4923 25 16 36
340 75 114 86 28 44 33 1205 60 7 78 0 19.5 18.5 NA 18.5 NA 8 60 2 5 9 28 0 0 0 0 2 5 9 28 0 0 0 0 1 145 470 22425 4922 27 16 35
341 87 114 86 28 46 31 1197 41 5 82 0 20.5 18.5 NA 18.5 NA 4 41 2 6 9 29 0 0 0 0 2 6 9 29 0 0 0 0 2 137 470 22497 4918 30 16 36
342 80 114 88 26 46 30 1164 56 6 84 0 19.5 19.5 NA 19.5 NA 9 56 1 6 9 30 0 0 0 0 1 6 9 30 0 0 0 0 2 120 474 22570 4916 32 14 38
343 80 112 87 25 45 31 1183 50 4 84 0 20.5 19 NA 19 NA 6 50 1 6 9 29 0 0 0 0 1 6 9 29 0 0 0 0 2 142 476 22629 4916 33 14 37
344 71 115 90 25 49 30 1202 54 11 84 0 21 18 NA 18 NA 10 54 1 9 9 30 0 0 0 0 1 9 9 30 0 0 0 0 2 159 477 22698 4916 31 15 38
345 109 115 89 26 48 28 1203 63 7 85 0 21 19 NA 19 NA 6 63 1 11 8 28 0 0 0 0 1 11 8 28 0 0 0 0 3 148 479 22749 4915 34 15 36
346 85 115 89 26 48 32 1194 72 5 86 0 22 19 NA 19 NA 9 72 1 10 9 28 0 0 0 0 1 10 9 28 0 0 0 0 1 157 479 22825 4914 35 13 38
347 78 116 90 26 49 32 1202 59 8 85 0 22 19 NA 19 NA 7 59 1 11 5 32 0 0 0 0 1 11 5 32 0 0 0 0 1 155 479 22899 4915 31 13 41
348 78 118 91 27 48 38 1190 73 5 83 0 22 19.5 NA 19.5 NA 12 73 1 10 8 29 0 0 0 0 1 10 8 29 0 0 0 0 3 148 480 22969 4917 29 16 38
349 63 117 90 27 46 34 1214 49 6 81 0 21 18.5 NA 18.5 NA 5 49 1 10 7 28 0 0 0 0 1 10 7 28 0 0 0 0 1 156 482 23039 4919 27 17 37
350 72 116 89 27 47 34 1195 53 7 81 0 22 19 NA 19 NA 9 53 1 10 8 28 0 0 0 0 1 10 8 28 0 0 0 0 1 132 483 23112 4919 25 19 37
351 83 117 88 29 47 32 1165 56 6 84 0 22 19 NA 19 NA 4 56 1 10 8 28 0 0 0 0 1 10 8 28 0 0 0 0 1 134 483 23191 4916 29 18 37
352 77 116 88 28 50 38 1167 69 10 84 0 22.5 20.5 NA 20.5 NA 11 69 1 10 12 27 0 0 0 0 1 10 12 27 0 0 0 0 2 150 483 23251 4916 29 20 35
353 83 112 85 27 49 38 1175 55 9 82 0 23 20 NA 20 NA 8 55 0 11 12 26 0 0 0 0 0 11 12 26 0 0 0 0 0 141 484 23317 4918 27 20 35
354 83 115 86 29 50 40 1190 50 5 85 0 24 20 NA 20 NA 8 50 0 9 15 26 0 0 0 0 0 9 15 26 0 0 0 0 3 151 485 23376 4915 26 24 35
355 73 113 86 27 50 41 1187 52 7 84 0 24 20.5 NA 20.5 NA 8 52 0 10 15 25 0 0 0 0 0 10 15 25 0 0 0 0 1 145 487 23446 4916 26 24 34
356 75 115 88 27 50 44 1204 50 5 86 0 23 21.5 NA 21.5 NA 6 50 0 9 15 26 0 0 0 0 0 9 15 26 0 0 0 0 3 153 487 23515 4914 29 23 34
357 78 115 89 26 50 44 1219 59 5 87 0 24 22 NA 22 NA 9 59 0 7 18 25 0 0 0 0 0 7 18 25 0 0 0 0 2 146 489 23575 4913 28 25 34
358 73 115 89 26 51 38 1187 66 9 85 0 24 22 NA 22 NA 4 66 0 8 19 24 0 0 0 0 0 8 19 24 0 0 0 0 2 128 492 23646 4915 26 26 33
359 68 115 89 26 51 35 1194 60 5 85 0 24 23 NA 23 NA 5 60 0 7 18 26 0 0 0 0 0 7 18 26 0 0 0 0 3 153 494 23714 4915 27 23 35
360 74 116 89 27 50 36 1182 55 5 88 0 23.5 22.5 NA 22.5 NA 5 55 0 6 18 26 0 0 0 0 0 6 18 26 0 0 0 0 2 131 494 23783 4912 30 22 36
