1 78 97 81 16 45 31 1240 54 13 74 0 25 18 NA 18 NA 9 54 1 5 17 22 0 0 0 0 1 5 17 22 0 0 0 0 3 150 0 0 4926 19 27 28
2 85 94 79 15 47 29 1296 61 10 72 0 26 18 NA 18 NA 8 61 3 4 18 22 0 0 0 0 3 4 18 22 0 0 0 0 0 139 0 0 4928 19 27 26
3 86 95 81 14 49 33 1351 64 6 71 0 26 18 NA 18 NA 9 64 3 6 18 22 0 0 0 0 3 6 18 22 0 0 0 0 2 150 0 0 4929 19 27 25
4 78 96 82 14 51 38 1409 68 4 73 0 27 18 NA 18 NA 8 68 3 8 17 23 0 0 0 0 3 8 17 23 0 0 0 0 1 147 0 0 4927 20 27 26
5 93 92 79 13 52 40 1414 96 7 72 0 28 17.5 NA 17.5 NA 8 96 4 9 18 21 0 0 0 0 4 9 18 21 0 0 0 0 0 125 0 0 4928 21 27 24
6 93 91 75 16 51 36 1439 67 7 69 0 28 18 NA 18 NA 5 67 3 7 18 23 0 0 0 0 3 7 18 23 0 0 0 0 2 125 0 0 4931 18 25 26
7 73 92 76 16 52 35 1487 63 7 70 0 28.5 17.5 NA 17.5 NA 8 63 3 8 17 24 0 0 0 0 3 8 17 24 0 0 0 0 0 134 0 0 4930 18 24 28
8 68 92 76 16 51 37 1524 80 9 69 0 28.5 17 NA 17 NA 11 80 3 9 16 23 0 0 0 0 3 9 16 23 0 0 0 0 2 136 0 0 4931 17 25 27
9 78 93 77 16 52 37 1531 84 9 70 0 27 17 NA 17 NA 8 84 3 11 13 25 0 0 0 0 3 11 13 25 0 0 0 0 0 122 0 0 4930 18 23 29
10 91 99 83 16 52 49 1557 77 4 73 0 26 17 NA 17 NA 17 77 2 11 12 27 0 0 0 0 2 11 12 27 0 0 0 0 3 136 0 0 4927 20 21 32
11 86 99 84 15 54 46 1569 69 12 74 0 27 17 NA 17 NA 9 69 2 11 12 29 0 0 0 0 2 11 12 29 0 0 0 0 2 110 0 0 4926 19 20 35
12 69 99 86 13 50 49 1596 73 10 69 0 25 17 NA 17 NA 14 73 2 10 11 27 0 0 0 0 2 10 11 27 0 0 0 0 3 120 0 0 4931 18 17 34
13 88 100 87 13 50 42 1028 45 5 72 0 25.5 17 NA 17 NA 4 45 1 11 8 30 0 0 0 0 1 11 8 30 0 0 0 0 1 123 5 624 4928 21 14 37
14 69 100 86 14 50 35 1038 53 6 71 0 25 17 NA 17 NA 2 53 1 11 8 30 0 0 0 0 1 11 8 30 0 0 0 0 1 139 8 683 4929 20 14 37
15 80 96 82 14 50 32 1033 51 5 71 0 24 17 NA 17 NA 3 51 1 12 8 29 0 0 0 0 1 12 8 29 0 0 0 0 0 129 8 748 4929 22 14 35
16 77 93 80 13 49 35 1053 56 2 69 0 25 17 NA 17 NA 6 56 1 10 10 28 0 0 0 0 1 10 10 28 0 0 0 0 0 155 10 814 4931 19 15 35
17 81 97 83 14 49 35 1073 60 5 68 0 25 17 NA 17 NA 5 60 1 9 12 27 0 0 0 0 1 9 12 27 0 0 0 0 3 153 11 869 4932 18 16 34
18 80 99 84 15 48 40 1093 65 6 70 0 24 17 NA 17 NA 13 65 1 7 12 28 0 0 0 0 1 7 12 28 0 0 0 0 2 152 13 921 4930 19 16 35
19 61 99 84 15 49 35 1105 52 10 68 0 23 17 NA 17 NA 5 52 1 7 15 26 0 0 0 0 1 7 15 26 0 0 0 0 2 148 14 991 4932 19 16 33
20 83 99 84 15 49 34 1151 46 5 67 0 22 17 NA 17 NA 4 46 1 8 14 26 0 0 0 0 1 8 14 26 0 0 0 0 0 169 15 1051 4933 20 15 32
21 71 95 81 14 44 33 1172 56 5 63 0 22 17 NA 17 NA 5 56 1 6 14 23 0 0 0 0 1 6 14 23 0 0 0 0 2 152 16 1106 4937 19 16 28
22 65 93 79 14 44 26 1164 60 8 67 0 21 17.5 NA 17.5 NA 3 60 1 6 14 23 0 0 0 0 1 6 14 23 0 0 0 0 0 140 19 1179 4933 23 17 27
23 82 90 75 15 40 26 1200 51 4 64 0 20 17 NA 17 NA 3 51 1 5 13 21 0 0 0 0 1 5 13 21 0 0 0 0 1 163 20 1234 4936 23 16 25
24 77 89 74 15 40 30 1202 60 2 67 0 21 17 NA 17 NA 7 60 0 6 12 22 0 0 0 0 0 6 12 22 0 0 0 0 1 140 22 1292 4933 26 15 26
25 74 88 73 15 40 27 1237 47 6 64 0 20 17 NA 17 NA 5 47 0 6 14 20 0 0 0 0 0 6 14 20 0 0 0 0 2 158 25 1349 4936 24 17 23
26 95 90 76 14 40 30 1261 50 3 64 0 20 17 NA 17 NA 7 50 0 7 13 20 0 0 0 0 0 7 13 20 0 0 0 0 2 154 26 1407 4936 25 16 23
27 67 94 80 14 40 31 1257 65 4 66 0 19.5 17 NA 17 NA 7 65 0 6 12 22 0 0 0 0 0 6 12 22 0 0 0 0 2 146 27 1469 4934 24 17 25
28 84 93 79 14 39 32 1237 53 2 64 0 20 17 NA 17 NA 4 53 0 6 10 23 0 0 0 0 0 6 10 23 0 0 0 0 1 128 28 1540 4936 22 16 26
29 67 92 79 13 40 31 1244 54 7 67 0 21 17.5 NA 17.5 NA 8 54 0 7 9 24 0 0 0 0 0 7 9 24 0 0 0 0 1 146 29 1613 4933 26 15 26
30 71 93 81 12 39 32 1256 50 4 68 0 21 18 NA 18 NA 8 50 0 5 9 25 0 0 0 0 0 5 9 25 0 0 0 0 2 154 31 1686 4932 26 15 27
31 62 97 85 12 40 33 1233 79 8 68 0 21 17.5 NA 17.5 NA 11 79 1 6 8 25 0 0 0 0 1 6 8 25 0 0 0 0 2 135 34 1751 4932 26 15 27
32 67 98 86 12 40 33 1205 54 7 70 0 22 18 NA 18 NA 8 54 0 7 8 25 0 0 0 0 0 7 8 25 0 0 0 0 1 126 35 1838 4930 27 16 27
33 62 96 84 12 42 31 1197 71 10 69 0 22.5 17.5 NA 17.5 NA 8 71 0 9 10 23 0 0 0 0 0 9 10 23 0 0 0 0 1 160 36 1918 4931 26 17 26
34 85 95 81 14 42 33 1209 61 4 66 0 23 17 NA 17 NA 7 61 0 8 11 23 0 0 0 0 0 8 11 23 0 0 0 0 1 154 37 1984 4934 19 20 27
35 92 92 77 15 38 31 1171 54 5 61 0 22.5 16.5 NA 16.5 NA 6 54 0 7 9 22 0 0 0 0 0 7 9 22 0 0 0 0 3 123 38 2069 4939 17 18 26
36 68 91 75 16 38 32 1171 52 5 60 0 22 16.5 NA 16.5 NA 5 52 0 7 11 20 0 0 0 0 0 7 11 20 0 0 0 0 1 139 38 2136 4940 16 20 24
37 81 91 76 15 39 29 1166 44 4 61 0 22 17 NA 17 NA 3 44 0 6 12 21 0 0 0 0 0 6 12 21 0 0 0 0 0 136 39 2212 4939 17 19 25
38 95 88 74 14 37 31 1167 46 3 62 0 22 17 NA 17 NA 7 46 0 6 12 19 0 0 0 0 0 6 12 19 0 0 0 0 0 160 41 2298 4938 19 20 23
39 79 87 72 15 38 38 1153 61 5 62 0 22 17.5 NA 17.5 NA 11 61 0 6 11 21 0 0 0 0 0 6 11 21 0 0 0 0 2 130 42 2367 4938 19 17 26
40 82 86 71 15 38 35 1133 62 7 61 0 23 18 NA 18 NA 5 62 0 7 11 20 0 0 0 0 0 7 11 20 0 0 0 0 1 136 44 2434 4939 20 16 25
41 74 86 72 14 37 32 1160 55 7 60 0 23.5 18 NA 18 NA 6 55 1 5 13 18 0 0 0 0 1 5 13 18 0 0 0 0 2 172 45 2499 4940 17 20 23
42 63 84 71 13 36 31 1156 61 4 61 0 23.5 17.5 NA 17.5 NA 5 61 1 5 14 16 0 0 0 0 1 5 14 16 0 0 0 0 0 145 48 2569 4939 19 20 22
43 80 86 71 15 35 36 1180 56 4 65 0 23 17 NA 17 NA 10 56 1 5 14 15 0 0 0 0 1 5 14 15 0 0 0 0 1 158 48 2626 4935 23 20 22
44 72 82 68 14 35 30 1188 52 7 63 0 23 16 NA 16 NA 3 52 2 6 14 13 0 0 0 0 2 6 14 13 0 0 0 0 1 146 51 2689 4937 23 20 20
45 72 83 69 14 35 32 1178 61 2 64 0 24 16 NA 16 NA 7 61 2 5 13 15 0 0 0 0 2 5 13 15 0 0 0 0 1 138 53 2757 4936 22 20 22
46 96 82 66 16 33 34 1142 68 1 63 0 21 15 NA 15 NA 6 68 2 4 10 17 0 0 0 0 2 4 10 17 0 0 0 0 0 137 55 2841 4937 23 15 25
47 73 89 72 17 34 36 1154 50 7 66 0 21 15 NA 15 NA 10 50 0 7 9 18 0 0 0 0 0 7 9 18 0 0 0 0 5 135 56 2902 4934 26 14 26
48 75 86 69 17 33 33 1150 66 10 64 0 21.5 16 NA 16 NA 6 66 0 9 7 17 0 0 0 0 0 9 7 17 0 0 0 0 0 156 56 2975 4936 27 11 26
49 80 87 70 17 33 40 1157 66 5 63 0 21 16 NA 16 NA 11 66 0 9 6 18 0 0 0 0 0 9 6 18 0 0 0 0 2 150 56 3037 4937 26 11 26
50 77 88 69 19 35 41 1146 64 8 62 0 20.5 16 NA 16 NA 8 64 0 8 8 19 0 0 0 0 0 8 8 19 0 0 0 0 1 145 57 3105 4938 22 14 26
51 76 90 70 20 36 31 1161 48 9 63 0 21 16 NA 16 NA 2 48 0 9 7 20 0 0 0 0 0 9 7 20 0 0 0 0 1 144 60 3166 4937 21 15 27
52 77 88 68 20 35 29 1158 58 9 63 0 22 16 NA 16 NA 9 58 0 9 7 19 0 0 0 0 0 9 7 19 0 0 0 0 0 135 62 3222 4937 21 16 26
53 88 86 64 22 34 29 1140 60 7 62 0 23 16 NA 16 NA 6 60 0 9 7 18 0 0 0 0 0 9 7 18 0 0 0 0 0 134 62 3293 4938 21 14 27
54 68 89 67 22 36 26 1155 59 7 60 0 23 16.5 NA 16.5 NA 5 59 0 8 8 20 0 0 0 0 0 8 8 20 0 0 0 0 1 153 62 3353 4940 17 17 26
55 75 89 66 23 37 29 1160 47 5 62 0 24 16 NA 16 NA 8 47 1 7 10 19 0 0 0 0 1 7 10 19 0 0 0 0 0 157 62 3438 4938 15 21 26
56 79 91 68 23 38 27 1152 53 4 63 0 25 16.5 NA 16.5 NA 4 53 1 5 12 20 0 0 0 0 1 5 12 20 0 0 0 0 0 140 64 3514 4937 14 22 27
57 87 90 68 22 37 28 1151 59 5 62 0 25.5 18 NA 18 NA 7 59 1 4 11 21 0 0 0 0 1 4 11 21 0 0 0 0 0 134 65 3570 4938 14 21 27
58 88 90 69 21 37 29 1155 64 6 62 0 26 18 NA 18 NA 7 64 0 5 12 20 0 0 0 0 0 5 12 20 0 0 0 0 2 153 66 3637 4938 14 22 26
59 70 92 72 20 37 29 1187 56 6 67 0 26.5 18 NA 18 NA 6 56 0 3 14 20 0 0 0 0 0 3 14 20 0 0 0 0 1 168 66 3700 4933 17 24 26
60 66 89 70 19 36 30 1183 65 7 64 0 25 17 NA 17 NA 6 65 0 3 15 18 0 0 0 0 0 3 15 18 0 0 0 0 1 143 66 3764 4936 17 23 24
61 89 88 69 19 34 37 1166 50 3 63 0 24.5 16.5 NA 16.5 NA 11 50 0 3 14 17 0 0 0 0 0 3 14 17 0 0 0 0 1 130 66 3832 4937 18 21 24
62 84 89 70 19 35 33 1162 62 8 66 0 25 16 NA 16 NA 5 62 0 4 11 20 0 0 0 0 0 4 11 20 0 0 0 0 0 149 68 3904 4934 21 17 28
63 71 87 70 17 33 35 1156 66 6 63 0 23 16 NA 16 NA 12 66 0 4 11 18 0 0 0 0 0 4 11 18 0 0 0 0 1 142 71 3972 4937 20 15 28
64 66 87 70 17 33 37 1157 55 7 61 0 21 16 NA 16 NA 9 55 0 4 10 19 0 0 0 0 0 4 10 19 0 0 0 0 0 142 71 4038 4939 19 15 27
65 68 88 71 17 30 39 1172 53 3 60 0 20.5 16.5 NA 16.5 NA 7 53 0 3 9 18 0 0 0 0 0 3 9 18 0 0 0 0 4 147 73 4102 4940 20 14 26
66 75 89 72 17 30 34 1179 58 7 62 0 20 16.5 NA 16.5 NA 7 58 0 3 8 19 0 0 0 0 0 3 8 19 0 0 0 0 2 157 76 4177 4938 23 12 27
67 78 89 73 16 29 32 1161 54 7 60 0 20 15 NA 15 NA 5 54 0 3 7 19 0 0 0 0 0 3 7 19 0 0 0 0 3 124 77 4244 4940 20 11 29
68 58 86 71 15 31 34 1154 60 6 60 0 21 15 NA 15 NA 8 60 0 5 5 21 0 0 0 0 0 5 5 21 0 0 0 0 0 134 79 4306 4940 20 10 30
69 81 90 76 14 30 31 1158 62 7 59 0 20.5 18.5 NA 18.5 NA 6 62 0 6 3 21 0 0 0 0 0 6 3 21 0 0 0 0 4 150 80 4365 4941 21 8 30
70 73 93 79 14 31 34 1177 52 6 61 0 20 18 NA 18 NA 4 52 0 7 3 21 0 0 0 0 0 7 3 21 0 0 0 0 3 144 80 4425 4939 23 8 30
71 79 92 78 14 32 36 1163 56 5 63 0 20.5 18.5 NA 18.5 NA 7 56 0 7 3 22 0 0 0 0 0 7 3 22 0 0 0 0 0 138 81 4501 4937 21 11 31
72 62 89 77 12 31 36 1212 58 6 61 0 21 18 NA 18 NA 7 58 1 6 4 20 0 0 0 0 1 6 4 20 0 0 0 0 0 184 83 4563 4939 21 12 28
73 90 83 71 12 30 37 1224 56 4 56 0 19 18.5 NA 18.5 NA 8 56 2 5 5 18 0 0 0 0 2 5 5 18 0 0 0 0 1 144 85 4627 4944 20 12 24
74 75 89 77 12 31 38 1186 74 8 56 0 19 19 NA 19 NA 10 74 3 4 7 17 0 0 0 0 3 4 7 17 0 0 0 0 4 137 86 4705 4944 19 14 23
75 76 91 78 13 32 32 1189 55 8 56 0 19 19 NA 19 NA 4 55 3 5 8 16 0 0 0 0 3 5 8 16 0 0 0 0 1 150 87 4775 4944 18 16 22
76 70 92 78 14 30 33 1176 65 2 54 0 18 19 NA 19 NA 7 65 3 5 8 14 0 0 0 0 3 5 8 14 0 0 0 0 2 149 92 4855 4946 18 15 21
77 65 95 80 15 31 27 1170 50 7 57 0 18 19 NA 19 NA 5 50 2 7 8 14 0 0 0 0 2 7 8 14 0 0 0 0 2 141 95 4928 4943 20 16 21
78 77 95 80 15 32 24 1169 58 5 59 0 19 18 NA 18 NA 4 58 2 6 10 14 0 0 0 0 2 6 10 14 0 0 0 0 0 143 96 5000 4941 19 20 20
79 71 96 81 15 35 25 1166 62 5 62 0 19 19 NA 19 NA 5 62 2 7 11 15 0 0 0 0 2 7 11 15 0 0 0 0 1 138 96 5059 4938 21 19 22
80 70 97 82 15 35 30 1185 54 3 61 0 19 19 NA 19 NA 9 54 2 5 13 15 0 0 0 0 2 5 13 15 0 0 0 0 2 150 97 5120 4939 18 20 23
81 77 97 82 15 37 26 1189 52 5 66 0 20 19 NA 19 NA 4 52 1 7 14 15 0 0 0 0 1 7 14 15 0 0 0 0 2 144 99 5189 4934 24 19 23
82 79 99 82 17 38 30 1194 62 7 68 0 19 20 NA 20 NA 10 62 0 7 15 16 0 0 0 0 0 7 15 16 0 0 0 0 1 160 99 5263 4932 24 21 23
83 67 97 79 18 38 33 1196 59 3 69 0 20 20 NA 20 NA 9 59 0 7 14 17 0 0 0 0 0 7 14 17 0 0 0 0 1 143 101 5326 4931 24 18 27
84 75 101 83 18 39 28 1152 61 11 70 0 19 19 NA 19 NA 8 61 1 7 13 18 0 0 0 0 1 7 13 18 0 0 0 0 3 122 102 5413 4930 25 17 28
85 75 101 83 18 38 24 1147 64 6 68 0 19 20 NA 20 NA 2 64 1 7 12 18 0 0 0 0 1 7 12 18 0 0 0 0 4 150 103 5481 4932 23 17 28
86 66 102 82 20 39 28 1171 61 4 71 0 19.5 21 NA 21 NA 8 61 1 6 11 21 0 0 0 0 1 6 11 21 0 0 0 0 1 156 103 5538 4929 25 16 30
87 76 101 82 19 36 35 1183 53 3 71 0 20 20 NA 20 NA 15 53 1 5 9 21 0 0 0 0 1 5 9 21 0 0 0 0 1 143 107 5601 4929 26 14 31
88 86 98 82 16 35 33 1191 62 5 71 0 19 21 NA 21 NA 3 62 0 6 9 20 0 0 0 0 0 6 9 20 0 0 0 0 0 155 108 5666 4929 29 14 28
89 72 103 84 19 35 31 1194 57 8 73 0 20 21 NA 21 NA 6 57 0 7 9 19 0 0 0 0 0 7 9 19 0 0 0 0 3 152 108 5739 4927 31 15 27
90 84 101 82 19 34 35 1202 47 3 71 0 20 21.5 NA 21.5 NA 6 47 0 6 7 21 0 0 0 0 0 6 7 21 0 0 0 0 2 139 108 5803 4929 29 13 29
91 75 98 79 19 32 41 1204 67 4 68 0 21 21.5 NA 21.5 NA 12 67 0 5 8 19 0 0 0 0 0 5 8 19 0 0 0 0 1 153 109 5870 4932 26 15 27
92 75 97 78 19 34 36 1206 40 8 67 0 22 21.5 NA 21.5 NA 3 40 0 8 6 20 0 0 0 0 0 8 6 20 0 0 0 0 1 134 110 5945 4933 27 13 27
93 70 95 76 19 36 30 1195 66 9 65 0 22 21.5 NA 21.5 NA 3 66 1 8 8 19 0 0 0 0 1 8 8 19 0 0 0 0 0 138 112 6014 4935 23 17 25
94 85 97 79 18 36 36 1194 66 3 67 0 20 21.5 NA 21.5 NA 9 66 1 6 7 22 0 0 0 0 1 6 7 22 0 0 0 0 1 159 113 6091 4933 22 18 27
95 62 96 79 17 35 32 1208 52 6 67 0 21 22 NA 22 NA 2 52 1 5 8 21 0 0 0 0 1 5 8 21 0 0 0 0 1 142 115 6152 4933 22 18 27
96 82 94 78 16 33 34 1230 55 2 67 0 21 22 NA 22 NA 5 55 1 5 8 19 0 0 0 0 1 5 8 19 0 0 0 0 2 158 117 6210 4933 25 17 25
97 56 94 78 16 33 36 1232 58 5 68 0 21.5 22 NA 22 NA 8 58 1 5 8 19 0 0 0 0 1 5 8 19 0 0 0 0 1 146 118 6286 4932 27 17 24
98 78 92 75 17 34 38 1205 53 4 68 0 22.5 22.5 NA 22.5 NA 8 53 1 5 9 19 0 0 0 0 1 5 9 19 0 0 0 0 1 125 119 6365 4932 25 19 24
99 64 95 78 17 33 38 1221 45 5 67 0 22 23 NA 23 NA 5 45 1 4 8 20 0 0 0 0 1 4 8 20 0 0 0 0 3 145 119 6431 4933 23 19 25
100 82 93 76 17 35 32 1237 43 7 66 0 23 21 NA 21 NA 5 43 1 6 8 20 0 0 0 0 1 6 8 20 0 0 0 0 1 158 125 6507 4934 20 21 25
101 90 94 76 18 38 26 1222 44 9 70 0 23.5 20 NA 20 NA 1 44 0 10 9 19 0 0 0 0 0 10 9 19 0 0 0 0 2 129 127 6583 4930 23 23 24
102 81 93 76 17 39 27 1187 67 5 70 0 24 21 NA 21 NA 7 67 0 9 11 19 0 0 0 0 0 9 11 19 0 0 0 0 1 122 128 6647 4930 23 22 25
103 79 95 77 18 41 24 1182 57 6 73 0 23 21 NA 21 NA 3 57 0 10 12 19 0 0 0 0 0 10 12 19 0 0 0 0 2 148 130 6724 4927 26 20 27
104 76 97 79 18 41 28 1173 60 3 75 0 23 21 NA 21 NA 10 60 0 9 13 19 0 0 0 0 0 9 13 19 0 0 0 0 0 140 134 6795 4925 27 21 27
105 62 97 77 20 40 36 1174 55 4 74 0 23 20 NA 20 NA 12 55 0 9 11 20 0 0 0 0 0 9 11 20 0 0 0 0 1 150 135 6869 4926 27 18 29
106 68 95 76 19 42 31 1171 61 9 75 0 24 20 NA 20 NA 4 61 0 9 11 22 0 0 0 0 0 9 11 22 0 0 0 0 1 153 137 6948 4925 27 17 31
107 84 95 76 19 41 30 1175 54 4 73 0 24 19 NA 19 NA 6 54 0 7 11 23 0 0 0 0 0 7 11 23 0 0 0 0 3 150 139 7018 4927 25 17 31
108 61 96 77 19 44 36 1171 47 6 74 0 24.5 20 NA 20 NA 11 47 0 7 13 24 0 0 0 0 0 7 13 24 0 0 0 0 0 134 139 7095 4926 23 20 31
109 83 95 77 18 45 40 1152 67 4 74 0 25 19 NA 19 NA 9 67 0 7 15 23 0 0 0 0 0 7 15 23 0 0 0 0 1 130 139 7160 4926 22 22 30
110 92 97 79 18 45 44 1185 49 4 75 0 26 19 NA 19 NA 9 49 0 7 13 25 0 0 0 0 0 7 13 25 0 0 0 0 1 161 140 7219 4925 22 20 33
111 81 96 79 17 44 41 1176 64 8 75 0 26 19.5 NA 19.5 NA 7 64 0 6 12 26 0 0 0 0 0 6 12 26 0 0 0 0 3 154 143 7296 4925 23 19 33
112 75 96 79 17 44 35 1148 54 9 73 0 27 19 NA 19 NA 4 54 0 7 11 26 0 0 0 0 0 7 11 26 0 0 0 0 1 120 144 7374 4927 21 18 34
113 88 97 80 17 43 38 1161 49 5 74 0 27 19 NA 19 NA 7 49 0 3 14 26 0 0 0 0 0 3 14 26 0 0 0 0 2 147 144 7437 4926 18 21 35
114 95 98 81 17 45 38 1155 68 7 73 0 26.5 20 NA 20 NA 7 68 0 4 15 26 0 0 0 0 0 4 15 26 0 0 0 0 2 147 144 7502 4927 16 22 35
115 74 98 81 17 46 31 1143 58 7 74 0 27.5 20 NA 20 NA 5 58 0 4 16 26 0 0 0 0 0 4 16 26 0 0 0 0 1 131 147 7569 4926 14 25 35
116 84 99 82 17 47 30 1148 55 6 75 0 27 20 NA 20 NA 4 55 0 4 17 26 0 0 0 0 0 4 17 26 0 0 0 0 2 145 147 7632 4925 15 26 34
117 54 99 80 19 46 35 1129 58 5 74 0 28 21.5 NA 21.5 NA 11 58 0 3 18 25 0 0 0 0 0 3 18 25 0 0 0 0 1 138 150 7716 4926 16 26 32
118 77 100 81 19 46 34 1135 64 5 73 0 28.5 20.5 NA 20.5 NA 5 64 0 3 16 27 0 0 0 0 0 3 16 27 0 0 0 0 0 163 152 7792 4927 15 24 34
119 95 102 80 22 46 37 1150 49 3 75 0 28.5 20.5 NA 20.5 NA 6 49 0 4 13 29 0 0 0 0 0 4 13 29 0 0 0 0 2 142 152 7850 4925 18 21 36
120 100 102 81 21 44 31 1166 46 7 73 0 28.5 20.5 NA 20.5 NA 5 46 0 4 13 27 0 0 0 0 0 4 13 27 0 0 0 0 2 150 154 7913 4927 17 20 36
121 77 105 83 22 45 30 1177 57 5 75 0 28 21 NA 21 NA 4 57 0 3 13 29 0 0 0 0 0 3 13 29 0 0 0 0 1 145 155 7977 4925 17 19 39
122 74 105 84 21 46 30 1190 55 3 77 0 28 20 NA 20 NA 6 55 0 4 13 29 0 0 0 0 0 4 13 29 0 0 0 0 0 165 159 8056 4923 19 19 39
123 72 100 80 20 44 32 1198 59 5 75 0 29 20 NA 20 NA 7 59 0 5 12 27 0 0 0 0 0 5 12 27 0 0 0 0 0 153 160 8124 4925 19 19 37
124 84 99 81 18 43 29 1223 61 6 73 0 26 20 NA 20 NA 4 61 0 5 10 28 0 0 0 0 0 5 10 28 0 0 0 0 0 162 161 8172 4927 21 16 36
125 70 98 80 18 45 30 1219 68 7 73 0 26.5 21 NA 21 NA 7 68 0 6 8 31 0 0 0 0 0 6 8 31 0 0 0 0 2 153 162 8246 4927 20 15 38
126 76 98 81 17 45 29 1212 70 7 72 0 25 21 NA 21 NA 8 70 0 7 8 30 0 0 0 0 0 7 8 30 0 0 0 0 1 135 164 8306 4928 22 13 37
127 84 97 80 17 46 34 1206 61 5 71 0 26 21 NA 21 NA 10 61 0 8 6 32 0 0 0 0 0 8 6 32 0 0 0 0 0 139 165 8370 4929 20 13 38
128 83 97 80 17 45 38 1208 60 7 71 0 25 21 NA 21 NA 12 60 0 7 7 31 0 0 0 0 0 7 7 31 0 0 0 0 1 146 166 8435 4929 20 13 38
129 68 100 83 17 43 33 1233 59 9 72 0 24.5 21 NA 21 NA 3 59 0 5 7 31 0 0 0 0 0 5 7 31 0 0 0 0 2 170 166 8501 4928 21 13 38
130 67 99 81 18 44 39 1225 73 5 73 0 24 20 NA 20 NA 11 73 0 6 6 32 0 0 0 0 0 6 6 32 0 0 0 0 2 153 166 8573 4927 23 12 38
131 79 101 82 19 44 39 1230 62 2 74 0 24 20 NA 20 NA 6 62 0 6 6 32 0 0 0 0 0 6 6 32 0 0 0 0 2 149 168 8637 4926 22 14 38
132 78 103 84 19 45 37 1253 49 10 77 0 25 20 NA 20 NA 7 49 0 6 6 33 0 0 0 0 0 6 6 33 0 0 0 0 1 165 169 8712 4923 24 14 39
133 81 101 82 19 43 37 1259 63 4 76 0 24 20 NA 20 NA 7 63 0 6 6 31 0 0 0 0 0 6 6 31 0 0 0 0 1 161 172 8786 4924 24 15 37
134 74 97 79 18 41 39 1238 60 5 73 0 25 20 NA 20 NA 8 60 0 4 7 30 0 0 0 0 0 4 7 30 0 0 0 0 0 137 174 8867 4927 22 16 35
135 66 97 79 18 41 40 1222 74 4 73 0 26 20 NA 20 NA 7 74 0 4 7 30 0 0 0 0 0 4 7 30 0 0 0 0 0 133 174 8930 4927 21 15 37
136 73 97 79 18 40 39 1205 57 6 75 0 27 20.5 NA 20.5 NA 6 57 0 3 7 30 0 0 0 0 0 3 7 30 0 0 0 0 0 135 174 9006 4925 22 16 37
137 77 96 78 18 43 40 1187 61 8 75 0 26.5 21 NA 21 NA 8 61 0 3 9 31 0 0 0 0 0 3 9 31 0 0 0 0 1 142 174 9084 4925 22 16 37
138 71 95 77 18 46 40 1196 60 7 74 0 26 21 NA 21 NA 7 60 0 4 12 30 0 0 0 0 0 4 12 30 0 0 0 0 2 151 176 9145 4926 21 18 35
139 84 97 79 18 46 38 1201 59 2 75 0 27 21 NA 21 NA 6 59 0 4 11 31 0 0 0 0 0 4 11 31 0 0 0 0 0 143 179 9206 4925 22 16 37
140 68 99 82 17 47 35 1184 57 6 75 0 27 21 NA 21 NA 3 57 0 5 10 32 0 0 0 0 0 5 10 32 0 0 0 0 2 129 181 9274 4925 21 16 38
141 79 101 85 16 49 28 1170 47 9 78 0 27 21 NA 21 NA 4 47 0 8 8 33 0 0 0 0 0 8 8 33 0 0 0 0 1 141 183 9355 4922 22 17 39
142 73 97 83 14 49 29 1155 57 4 78 0 29 21 NA 21 NA 3 57 0 7 9 33 0 0 0 0 0 7 9 33 0 0 0 0 0 137 183 9431 4922 21 18 39
143 78 96 83 13 49 26 1177 53 4 76 0 29 21 NA 21 NA 6 53 0 7 10 32 0 0 0 0 0 7 10 32 0 0 0 0 0 161 188 9502 4924 21 16 39
144 90 99 85 14 49 21 1151 56 4 78 0 27 21 NA 21 NA 3 56 0 6 10 33 0 0 0 0 0 6 10 33 0 0 0 0 4 139 191 9585 4922 21 18 39
145 61 102 86 16 51 22 1137 64 6 80 0 28 21 NA 21 NA 6 64 0 5 11 35 0 0 0 0 0 5 11 35 0 0 0 0 2 142 192 9660 4920 20 19 41
146 96 100 86 14 47 29 1135 56 3 75 0 26 21 NA 21 NA 11 56 0 5 11 31 0 0 0 0 0 5 11 31 0 0 0 0 2 138 192 9726 4925 19 19 37
147 62 94 80 14 42 26 1175 66 6 69 0 26.5 20.5 NA 20.5 NA 6 66 0 5 10 27 0 0 0 0 0 5 10 27 0 0 0 0 2 174 195 9788 4931 18 17 34
148 84 96 82 14 42 31 1184 68 3 69 0 27 20.5 NA 20.5 NA 8 68 0 3 12 27 0 0 0 0 0 3 12 27 0 0 0 0 2 156 195 9847 4931 17 18 34
149 75 97 83 14 43 30 1178 66 10 70 0 28 21 NA 21 NA 10 66 0 3 11 29 0 0 0 0 0 3 11 29 0 0 0 0 1 137 196 9908 4930 17 17 36
150 66 99 84 15 45 28 1145 74 8 69 0 25 21 NA 21 NA 6 74 0 4 11 30 0 0 0 0 0 4 11 30 0 0 0 0 3 139 196 9987 4931 16 17 36
151 79 100 85 15 46 28 1158 51 3 70 0 25.5 20.5 NA 20.5 NA 5 51 0 4 12 30 0 0 0 0 0 4 12 30 0 0 0 0 1 150 198 10054 4930 17 18 35
152 60 98 83 15 45 29 1159 52 3 69 0 26 20 NA 20 NA 2 52 0 5 12 28 0 0 0 0 0 5 12 28 0 0 0 0 0 124 198 10108 4931 18 18 33
153 65 96 81 15 45 31 1161 51 2 72 0 27.5 20 NA 20 NA 4 51 0 3 12 30 0 0 0 0 0 3 12 30 0 0 0 0 1 147 198 10182 4928 17 19 36
154 67 96 81 15 44 36 1178 49 2 71 0 27.5 20 NA 20 NA 7 49 0 4 11 29 0 0 0 0 0 4 11 29 0 0 0 0 1 134 198 10232 4929 16 19 36
155 82 97 82 15 46 33 1182 50 5 71 0 28 20 NA 20 NA 3 50 0 5 12 29 0 0 0 0 0 5 12 29 0 0 0 0 1 159 199 10312 4929 16 19 36
156 55 98 83 15 47 35 1183 56 7 75 0 28 20 NA 20 NA 9 56 0 5 11 31 0 0 0 0 0 5 11 31 0 0 0 0 1 137 199 10376 4925 17 19 39
157 71 98 83 15 46 30 1219 49 6 75 0 28 20 NA 20 NA 4 49 0 4 8 34 0 0 0 0 0 4 8 34 0 0 0 0 0 173 200 10444 4925 18 16 41
158 72 100 85 15 46 34 1210 60 2 77 0 28.5 20 NA 20 NA 7 60 0 4 8 34 0 0 0 0 0 4 8 34 0 0 0 0 2 131 202 10502 4923 21 15 41
159 53 101 84 17 45 38 1189 55 6 75 0 27 19 NA 19 NA 10 55 0 5 8 32 0 0 0 0 0 5 8 32 0 0 0 0 1 131 204 10589 4925 21 15 39
160 78 100 83 17 44 35 1172 51 6 76 0 28 19.5 NA 19.5 NA 7 51 0 5 7 32 0 0 0 0 0 5 7 32 0 0 0 0 2 138 206 10680 4924 22 15 39
161 76 102 85 17 45 38 1180 64 4 78 0 28.5 20 NA 20 NA 6 64 0 5 7 33 0 0 0 0 0 5 7 33 0 0 0 0 2 150 206 10738 4922 23 14 41
162 72 101 84 17 47 30 1187 47 9 79 0 29 20 NA 20 NA 4 47 1 5 6 35 0 0 0 0 1 5 6 35 0 0 0 0 0 138 209 10807 4921 25 13 41
163 71 98 81 17 44 39 1195 51 1 76 0 26.5 18.5 NA 18.5 NA 10 51 2 3 7 32 0 0 0 0 2 3 7 32 0 0 0 0 1 150 210 10880 4924 24 14 38
164 71 99 82 17 45 35 1219 51 6 75 0 25 18 NA 18 NA 5 51 3 4 7 31 0 0 0 0 3 4 7 31 0 0 0 0 3 149 213 10937 4925 23 15 37
165 80 101 84 17 47 38 1230 50 9 74 0 24 18 NA 18 NA 11 50 2 6 7 32 0 0 0 0 2 6 7 32 0 0 0 0 1 158 213 11017 4926 20 15 39
166 93 103 86 17 46 39 1197 65 3 74 0 25 17.5 NA 17.5 NA 4 65 2 6 7 31 0 0 0 0 2 6 7 31 0 0 0 0 2 118 215 11082 4926 20 14 40
167 82 106 88 18 49 40 1176 68 8 76 0 25.5 18 NA 18 NA 8 68 2 9 7 31 0 0 0 0 2 9 7 31 0 0 0 0 2 146 215 11163 4924 22 14 40
168 78 109 90 19 53 35 1173 56 9 76 0 24 19 NA 19 NA 4 56 2 8 10 33 0 0 0 0 2 8 10 33 0 0 0 0 2 148 216 11242 4924 19 15 42
169 78 111 93 18 52 34 1167 53 3 77 0 24 19 NA 19 NA 6 53 1 7 11 33 0 0 0 0 1 7 11 33 0 0 0 0 4 157 220 11333 4923 19 16 42
170 72 107 90 17 50 36 1179 50 3 74 0 25 20 NA 20 NA 7 50 1 5 11 33 0 0 0 0 1 5 11 33 0 0 0 0 0 143 221 11391 4926 17 18 39
171 67 106 90 16 48 35 1187 53 2 75 0 25.5 20 NA 20 NA 5 53 1 4 12 31 0 0 0 0 1 4 12 31 0 0 0 0 0 148 225 11457 4925 19 19 37
172 72 106 89 17 48 31 1191 56 7 73 0 24.5 20 NA 20 NA 6 56 1 4 13 30 0 0 0 0 1 4 13 30 0 0 0 0 2 142 230 11527 4927 17 21 35
173 91 109 92 17 49 36 1182 60 5 76 0 25 20 NA 20 NA 10 60 0 5 13 31 0 0 0 0 0 5 13 31 0 0 0 0 3 149 231 11603 4924 18 22 36
174 84 108 90 18 48 37 1190 62 5 75 0 25.5 18.5 NA 18.5 NA 7 62 0 6 13 29 0 0 0 0 0 6 13 29 0 0 0 0 0 150 232 11668 4925 17 24 34
175 84 109 91 18 45 37 1189 61 5 74 0 25 20 NA 20 NA 7 61 0 6 11 28 0 0 0 0 0 6 11 28 0 0 0 0 2 144 233 11731 4926 18 23 33
176 87 111 93 18 46 31 1200 53 9 76 0 25 20 NA 20 NA 5 53 0 6 12 28 0 0 0 0 0 6 12 28 0 0 0 0 1 142 234 11790 4924 20 22 34
177 77 111 94 17 43 36 1206 60 3 77 0 22 20 NA 20 NA 9 60 0 5 10 28 0 0 0 0 0 5 10 28 0 0 0 0 1 172 235 11869 4923 23 19 35
178 60 111 94 17 45 31 1239 65 8 77 0 23 20 NA 20 NA 6 65 0 5 12 28 0 0 0 0 0 5 12 28 0 0 0 0 2 164 240 11919 4923 23 19 35
179 93 109 92 17 45 33 1228 64 6 79 0 22 20 NA 20 NA 6 64 0 6 11 28 0 0 0 0 0 6 11 28 0 0 0 0 1 140 240 11985 4921 25 20 34
180 77 109 89 20 45 28 1222 57 10 79 0 22 19 NA 19 NA 5 57 0 8 8 29 0 0 0 0 0 8 8 29 0 0 0 0 1 148 241 12062 4921 28 17 34
181 81 106 86 20 46 30 1230 61 6 82 0 23 19.5 NA 19.5 NA 10 61 0 6 8 32 0 0 0 0 0 6 8 32 0 0 0 0 0 154 243 12133 4918 30 15 37
182 74 107 88 19 44 28 1212 62 5 81 0 23 18.5 NA 18.5 NA 9 62 0 6 8 30 0 0 0 0 0 6 8 30 0 0 0 0 2 134 247 12204 4919 29 16 36
183 76 107 88 19 49 27 1216 50 9 83 0 24 18 NA 18 NA 7 50 0 9 9 31 0 0 0 0 0 9 9 31 0 0 0 0 1 143 247 12274 4917 28 18 37
184 80 108 89 19 50 23 1216 65 6 83 0 24.5 19 NA 19 NA 2 65 0 10 8 32 0 0 0 0 0 10 8 32 0 0 0 0 1 168 248 12357 4917 28 17 38
185 77 108 90 18 48 24 1249 57 2 82 0 23 18.5 NA 18.5 NA 4 57 0 9 8 31 0 0 0 0 0 9 8 31 0 0 0 0 3 173 249 12423 4918 28 17 37
186 86 111 92 19 49 26 1240 64 6 81 0 22 19 NA 19 NA 9 64 0 9 8 32 0 0 0 0 0 9 8 32 0 0 0 0 1 153 251 12489 4919 28 15 38
187 90 109 90 19 50 26 1207 68 9 82 0 23 18.5 NA 18.5 NA 9 68 0 10 8 32 0 0 0 0 0 10 8 32 0 0 0 0 0 126 251 12554 4918 29 16 37
188 82 108 89 19 49 21 1191 57 8 81 0 23 19 NA 19 NA 6 57 0 8 11 30 0 0 0 0 0 8 11 30 0 0 0 0 1 129 253 12617 4919 28 18 35
189 81 109 89 20 49 19 1192 54 4 83 0 24 19 NA 19 NA 2 54 0 6 12 31 0 0 0 0 0 6 12 31 0 0 0 0 2 162 253 12699 4917 26 21 36
190 76 110 90 20 47 24 1167 62 2 82 0 24 19 NA 19 NA 8 62 0 4 13 30 0 0 0 0 0 4 13 30 0 0 0 0 3 139 254 12781 4918 26 21 35
191 60 111 90 21 48 27 1192 67 7 82 0 24 19 NA 19 NA 9 67 0 3 16 29 0 0 0 0 0 3 16 29 0 0 0 0 2 167 254 12842 4918 23 23 36
192 75 115 93 22 48 34 1182 61 5 83 0 24 19 NA 19 NA 12 61 0 3 16 29 0 0 0 0 0 3 16 29 0 0 0 0 5 134 254 12906 4917 24 24 35
193 89 113 92 21 49 30 1158 60 9 81 0 25 19 NA 19 NA 4 60 0 4 14 31 0 0 0 0 0 4 14 31 0 0 0 0 0 131 254 12984 4919 20 24 37
194 71 117 97 20 49 24 1165 59 6 81 0 25 19 NA 19 NA 4 59 0 4 14 31 0 0 0 0 0 4 14 31 0 0 0 0 3 139 258 13041 4919 20 24 37
195 83 117 97 20 50 25 1173 54 4 81 0 26 19 NA 19 NA 7 54 0 3 15 32 0 0 0 0 0 3 15 32 0 0 0 0 1 154 261 13112 4919 19 23 39
196 56 117 97 20 47 30 1154 64 4 81 0 25 19 NA 19 NA 11 64 0 3 14 30 0 0 0 0 0 3 14 30 0 0 0 0 1 141 263 13194 4919 21 23 37
197 73 118 98 20 48 29 1159 47 11 81 0 23.5 19 NA 19 NA 7 47 0 5 14 29 0 0 0 0 0 5 14 29 0 0 0 0 2 137 263 13266 4919 22 23 36
198 69 121 100 21 49 33 1156 67 8 84 0 23 19 NA 19 NA 12 67 0 5 16 28 0 0 0 0 0 5 16 28 0 0 0 0 1 149 263 13339 4916 25 24 35
199 73 122 101 21 50 30 1175 52 4 84 0 24 19 NA 19 NA 3 52 0 5 15 30 0 0 0 0 0 5 15 30 0 0 0 0 1 144 264 13394 4916 22 25 37
200 84 119 98 21 48 34 1184 53 3 82 0 23 19 NA 19 NA 8 53 0 5 14 29 0 0 0 0 0 5 14 29 0 0 0 0 0 154 264 13462 4918 23 23 36
201 81 124 103 21 49 38 1188 51 3 83 0 22.5 19 NA 19 NA 10 51 0 6 12 31 0 0 0 0 0 6 12 31 0 0 0 0 0 146 267 13536 4917 23 21 39
202 86 123 103 20 49 37 1188 61 10 82 0 22 19 NA 19 NA 7 61 0 8 10 31 0 0 0 0 0 8 10 31 0 0 0 0 2 148 268 13598 4918 23 21 38
203 74 124 105 19 48 32 1188 61 10 80 0 20.5 17 NA 17 NA 5 61 1 9 6 32 0 0 0 0 1 9 6 32 0 0 0 0 3 150 269 13669 4920 23 18 39
204 70 122 103 19 46 39 1175 60 4 85 0 20 18 NA 18 NA 11 60 1 7 8 30 0 0 0 0 1 7 8 30 0 0 0 0 1 139 270 13737 4915 29 18 38
205 78 118 100 18 44 41 1172 68 6 83 0 21 18 NA 18 NA 8 68 0 7 7 30 0 0 0 0 0 7 7 30 0 0 0 0 0 144 271 13796 4917 28 15 40
206 79 116 96 20 44 45 1190 57 5 85 0 21 19 NA 19 NA 8 57 0 9 6 29 0 0 0 0 0 9 6 29 0 0 0 0 2 151 271 13858 4915 32 16 37
207 99 117 98 19 45 46 1196 36 7 85 0 22 17 NA 17 NA 7 36 1 10 5 29 0 0 0 0 1 10 5 29 0 0 0 0 1 140 272 13929 4915 32 16 37
208 79 115 97 18 45 38 1184 47 10 84 0 22 17 NA 17 NA 5 47 1 11 6 27 0 0 0 0 1 11 6 27 0 0 0 0 3 134 274 14005 4916 32 16 36
209 87 117 98 19 47 45 1184 68 5 87 0 21 17 NA 17 NA 10 68 1 9 9 28 0 0 0 0 1 9 9 28 0 0 0 0 1 149 276 14058 4913 33 17 37
210 86 116 99 17 48 46 1199 53 6 87 0 19.5 18 NA 18 NA 6 53 1 10 10 27 0 0 0 0 1 10 10 27 0 0 0 0 1 150 276 14117 4913 34 18 35
211 83 115 97 18 48 44 1178 59 5 86 0 19 16.5 NA 16.5 NA 6 59 1 11 9 27 0 0 0 0 1 11 9 27 0 0 0 0 2 130 280 14185 4914 35 16 35
212 79 114 97 17 48 41 1193 62 9 83 0 20 16.5 NA 16.5 NA 8 62 1 12 9 26 0 0 0 0 1 12 9 26 0 0 0 0 1 166 282 14259 4917 35 16 32
213 94 115 98 17 48 39 1206 53 4 86 0 21 16.5 NA 16.5 NA 5 53 1 11 9 27 0 0 0 0 1 11 9 27 0 0 0 0 0 166 285 14327 4914 37 16 33
214 72 116 98 18 47 33 1215 59 7 85 0 22 16 NA 16 NA 3 59 0 10 11 26 0 0 0 0 0 10 11 26 0 0 0 0 2 146 287 14389 4915 35 17 33
215 82 114 96 18 47 28 1254 47 6 86 0 22.5 16 NA 16 NA 2 47 0 10 13 24 0 0 0 0 0 10 13 24 0 0 0 0 0 176 289 14460 4914 36 18 32
216 79 111 93 18 46 36 1240 58 4 85 0 23 18.5 NA 18.5 NA 12 58 0 7 13 26 0 0 0 0 0 7 13 26 0 0 0 0 0 140 291 14530 4915 30 22 33
217 68 110 92 18 50 32 1238 56 14 82 0 23 19.5 NA 19.5 NA 8 56 0 10 14 26 0 0 0 0 0 10 14 26 0 0 0 0 2 151 292 14610 4918 29 22 31
218 68 109 91 18 52 34 1205 71 5 84 0 24 20 NA 20 NA 9 71 0 8 19 25 0 0 0 0 0 8 19 25 0 0 0 0 1 123 293 14685 4916 27 26 31
219 89 106 90 16 54 36 1210 67 9 83 0 25 21 NA 21 NA 10 67 0 9 20 25 0 0 0 0 0 9 20 25 0 0 0 0 0 161 295 14749 4917 26 27 30
220 105 104 88 16 54 30 1211 56 11 83 0 25.5 20.5 NA 20.5 NA 7 56 0 10 19 25 0 0 0 0 0 10 19 25 0 0 0 0 0 150 296 14820 4917 26 27 30
221 69 107 91 16 56 37 1218 58 6 86 0 26 21 NA 21 NA 11 58 0 8 20 28 0 0 0 0 0 8 20 28 0 0 0 0 0 155 296 14894 4914 25 28 33
222 70 109 93 16 60 29 1237 63 9 89 0 26 20 NA 20 NA 4 63 1 9 20 30 0 0 0 0 1 9 20 30 0 0 0 0 2 163 300 14960 4911 25 29 35
223 80 109 93 16 60 29 1229 52 9 89 0 26 18 NA 18 NA 8 52 1 11 19 29 0 0 0 0 1 11 19 29 0 0 0 0 1 125 302 15017 4911 27 28 34
224 77 106 91 15 59 33 1193 69 4 91 0 27.5 17 NA 17 NA 9 69 0 12 18 29 0 0 0 0 0 12 18 29 0 0 0 0 0 127 303 15089 4909 29 28 34
225 79 107 92 15 59 30 1186 51 4 91 0 28 17 NA 17 NA 4 51 0 13 17 29 0 0 0 0 0 13 17 29 0 0 0 0 3 146 305 15175 4909 27 30 34
226 84 106 91 15 55 38 1192 63 7 85 0 27 17 NA 17 NA 12 63 0 13 17 25 0 0 0 0 0 13 17 25 0 0 0 0 4 164 305 15248 4915 27 29 29
227 82 106 91 15 54 37 1155 69 6 82 0 26 19.5 NA 19.5 NA 5 69 0 9 21 24 0 0 0 0 0 9 21 24 0 0 0 0 2 139 305 15335 4918 23 31 28
228 85 108 93 15 56 35 1175 41 8 80 0 26.5 18.5 NA 18.5 NA 6 41 1 10 20 25 0 0 0 0 1 10 20 25 0 0 0 0 3 148 305 15397 4920 21 29 30
229 74 108 93 15 56 34 1166 52 4 80 0 27.5 18.5 NA 18.5 NA 4 52 1 10 19 26 0 0 0 0 1 10 19 26 0 0 0 0 1 142 306 15475 4920 21 28 31
230 79 107 94 13 56 36 1189 62 8 77 0 27 19.5 NA 19.5 NA 9 62 0 9 19 28 0 0 0 0 0 9 19 28 0 0 0 0 0 163 307 15532 4923 19 24 34
231 82 106 94 12 53 33 1198 56 6 73 0 25 18 NA 18 NA 6 56 0 8 17 28 0 0 0 0 0 8 17 28 0 0 0 0 1 151 309 15601 4927 17 23 33
232 62 106 95 11 52 35 1193 71 3 74 0 25.5 18.5 NA 18.5 NA 7 71 0 6 17 29 0 0 0 0 0 6 17 29 0 0 0 0 1 155 311 15676 4926 15 24 35
233 67 109 98 11 53 34 1182 53 4 76 0 25 18 NA 18 NA 5 53 0 7 13 33 0 0 0 0 0 7 13 33 0 0 0 0 1 126 314 15742 4924 16 21 39
234 66 106 96 10 53 32 1152 64 6 74 0 26 17 NA 17 NA 5 64 1 6 13 33 0 0 0 0 1 6 13 33 0 0 0 0 1 127 316 15820 4926 15 20 39
235 79 107 97 10 51 34 1159 51 2 74 0 25 18 NA 18 NA 6 51 1 4 15 31 0 0 0 0 1 4 15 31 0 0 0 0 3 135 317 15874 4926 16 22 36
236 66 108 97 11 52 34 1176 57 5 74 0 26 17.5 NA 17.5 NA 6 57 2 3 16 31 0 0 0 0 2 3 16 31 0 0 0 0 1 139 317 15923 4926 14 23 37
237 83 108 97 11 51 34 1174 53 2 75 0 26.5 17 NA 17 NA 4 53 2 4 15 30 0 0 0 0 2 4 15 30 0 0 0 0 0 131 319 15985 4925 16 21 38
238 63 109 96 13 53 34 1157 68 5 79 0 27 18 NA 18 NA 5 68 1 5 16 31 0 0 0 0 1 5 16 31 0 0 0 0 0 148 321 16062 4921 19 21 39
239 76 108 93 15 51 37 1159 65 6 79 0 27.5 18 NA 18 NA 10 65 1 5 13 32 0 0 0 0 1 5 13 32 0 0 0 0 1 158 324 16127 4921 22 17 40
240 75 111 96 15 53 39 1166 51 3 83 0 28 18 NA 18 NA 5 51 1 7 13 32 0 0 0 0 1 7 13 32 0 0 0 0 1 140 325 16184 4917 26 17 40
241 90 111 96 15 51 43 1154 62 7 80 0 23 18 NA 18 NA 10 62 1 7 12 31 0 0 0 0 1 7 12 31 0 0 0 0 0 141 326 16254 4920 25 17 38
242 84 106 90 16 46 35 1137 51 13 76 0 21 18 NA 18 NA 6 51 1 7 12 26 0 0 0 0 1 7 12 26 0 0 0 0 1 146 327 16347 4924 26 17 33
243 72 103 90 13 46 37 1146 52 7 73 0 20 17.5 NA 17.5 NA 11 52 1 10 10 25 0 0 0 0 1 10 10 25 0 0 0 0 1 151 331 16420 4927 29 15 29
244 71 102 89 13 46 33 1143 51 6 72 0 21 18 NA 18 NA 3 51 1 10 7 28 0 0 0 0 1 10 7 28 0 0 0 0 0 145 333 16498 4928 27 12 33
245 70 101 88 13 48 39 1151 69 8 73 0 20 18.5 NA 18.5 NA 14 69 1 12 8 27 0 0 0 0 1 12 8 27 0 0 0 0 0 149 335 16551 4927 28 13 32
246 73 99 86 13 50 37 1179 48 6 71 0 20 18 NA 18 NA 4 48 1 15 7 27 0 0 0 0 1 15 7 27 0 0 0 0 1 152 336 16604 4929 27 11 33
247 64 101 88 13 51 36 1195 58 6 74 0 21 18 NA 18 NA 6 58 2 14 7 28 0 0 0 0 2 14 7 28 0 0 0 0 3 143 336 16667 4926 29 12 33
248 80 99 86 13 49 35 1228 41 3 73 0 22 17 NA 17 NA 3 41 1 14 5 29 0 0 0 0 1 14 5 29 0 0 0 0 1 153 337 16727 4927 30 9 34
249 93 101 87 14 49 33 1253 60 3 74 0 22 16 NA 16 NA 5 60 1 13 6 29 0 0 0 0 1 13 6 29 0 0 0 0 1 170 342 16781 4926 30 11 33
250 77 102 88 14 50 35 1220 60 2 76 0 22.5 16 NA 16 NA 5 60 1 11 9 29 0 0 0 0 1 11 9 29 0 0 0 0 1 125 343 16858 4924 27 16 33
251 70 100 86 14 51 39 1225 57 5 77 0 23 16 NA 16 NA 10 57 1 9 12 29 0 0 0 0 1 9 12 29 0 0 0 0 1 151 343 16931 4923 28 16 33
252 86 101 88 13 52 32 1230 42 6 78 0 24 16.5 NA 16.5 NA 3 42 1 8 14 29 0 0 0 0 1 8 14 29 0 0 0 0 2 138 345 17003 4922 27 19 32
253 93 101 88 13 55 31 1244 52 9 79 0 23 17 NA 17 NA 6 52 2 10 13 30 0 0 0 0 2 10 13 30 0 0 0 0 1 150 345 17064 4921 29 18 32
254 73 102 88 14 55 30 1243 57 5 81 0 24 17 NA 17 NA 7 57 2 8 14 31 0 0 0 0 2 8 14 31 0 0 0 0 1 146 346 17133 4919 28 20 33
255 74 100 87 13 54 34 1234 70 5 82 0 25 16.5 NA 16.5 NA 9 70 1 9 15 29 0 0 0 0 1 9 15 29 0 0 0 0 0 156 348 17211 4918 28 23 31
256 75 102 89 13 56 33 1222 51 6 78 0 25 16 NA 16 NA 6 51 1 12 15 28 0 0 0 0 1 12 15 28 0 0 0 0 4 142 351 17294 4922 26 22 30
257 86 102 93 9 53 33 1213 65 6 76 0 24 16 NA 16 NA 6 65 1 11 14 27 0 0 0 0 1 11 14 27 0 0 0 0 1 138 351 17356 4924 23 24 29
258 74 103 94 9 54 31 1193 54 5 75 0 24 16 NA 16 NA 4 54 1 11 15 27 0 0 0 0 1 11 15 27 0 0 0 0 1 130 354 17429 4925 23 23 29
259 81 104 95 9 54 33 1194 50 3 77 0 24 16 NA 16 NA 5 50 1 9 18 26 0 0 0 0 1 9 18 26 0 0 0 0 0 143 354 17496 4923 22 26 29
260 79 105 96 9 52 34 1211 49 3 76 0 25 16.5 NA 16.5 NA 7 49 1 9 18 24 0 0 0 0 1 9 18 24 0 0 0 0 1 154 356 17570 4924 23 26 27
261 78 109 100 9 53 37 1219 52 6 80 0 24 17 NA 17 NA 9 52 1 7 19 26 0 0 0 0 1 7 19 26 0 0 0 0 1 152 357 17650 4920 24 26 30
262 75 111 98 13 52 36 1206 49 5 78 0 24 16 NA 16 NA 5 49 1 8 16 27 0 0 0 0 1 8 16 27 0 0 0 0 1 124 359 17714 4922 22 23 33
263 68 111 98 13 51 34 1186 58 8 78 0 24 16 NA 16 NA 8 58 1 8 14 28 0 0 0 0 1 8 14 28 0 0 0 0 1 123 361 17783 4922 21 23 34
264 78 111 98 13 54 32 1179 47 5 79 0 25 16.5 NA 16.5 NA 3 47 0 9 15 30 0 0 0 0 0 9 15 30 0 0 0 0 0 143 363 17863 4921 20 23 36
265 75 112 98 14 56 37 1165 57 7 80 0 26 16.5 NA 16.5 NA 10 57 0 8 18 30 0 0 0 0 0 8 18 30 0 0 0 0 1 132 363 17936 4920 19 25 36
266 84 110 96 14 54 36 1165 61 7 77 0 26 16.5 NA 16.5 NA 8 61 0 6 19 29 0 0 0 0 0 6 19 29 0 0 0 0 0 154 365 18008 4923 17 24 36
267 73 111 97 14 52 34 1176 50 6 75 0 26 16 NA 16 NA 5 50 0 3 19 30 0 0 0 0 0 3 19 30 0 0 0 0 2 153 367 18079 4925 14 24 37
268 77 111 96 15 51 37 1174 48 5 79 0 27 16 NA 16 NA 9 48 0 2 19 30 0 0 0 0 0 2 19 30 0 0 0 0 1 140 369 18146 4921 18 24 37
269 81 110 95 15 50 38 1183 57 6 82 0 26.5 16 NA 16 NA 8 57 0 3 15 32 0 0 0 0 0 3 15 32 0 0 0 0 3 151 370 18211 4918 22 21 39
270 62 109 95 14 52 28 1180 50 9 85 0 27 16.5 NA 16.5 NA 1 50 0 4 15 33 0 0 0 0 0 4 15 33 0 0 0 0 0 131 374 18274 4915 25 21 39
271 85 109 95 14 54 29 1192 44 6 84 0 28 16 NA 16 NA 4 44 0 5 14 35 0 0 0 0 0 5 14 35 0 0 0 0 2 145 374 18343 4916 22 21 41
272 71 110 95 15 55 34 1168 64 5 85 0 27 16 NA 16 NA 10 64 0 8 14 33 0 0 0 0 0 8 14 33 0 0 0 0 2 141 376 18427 4915 24 22 39
273 60 111 96 15 53 35 1169 60 5 83 0 26 16 NA 16 NA 9 60 0 9 12 32 0 0 0 0 0 9 12 32 0 0 0 0 4 142 378 18492 4917 22 23 38
274 82 109 94 15 54 34 1169 58 5 82 0 25 16 NA 16 NA 4 58 0 10 12 32 0 0 0 0 0 10 12 32 0 0 0 0 2 147 380 18563 4918 25 19 38
275 72 107 92 15 54 34 1178 59 8 80 0 26 16 NA 16 NA 8 59 1 11 11 31 0 0 0 0 1 11 11 31 0 0 0 0 1 146 381 18619 4920 25 18 37
276 60 105 91 14 56 30 1186 52 6 80 0 27 16 NA 16 NA 4 52 1 11 11 33 0 0 0 0 1 11 11 33 0 0 0 0 0 138 384 18684 4920 25 17 38
277 75 104 89 15 57 25 1183 49 9 81 0 28 16 NA 16 NA 3 49 1 11 12 33 0 0 0 0 1 11 12 33 0 0 0 0 0 132 384 18752 4919 26 17 38
278 79 108 90 18 57 23 1182 43 2 81 0 23.5 16 NA 16 NA 5 43 1 11 10 35 0 0 0 0 1 11 10 35 0 0 0 0 2 136 388 18822 4919 27 15 39
279 83 107 89 18 55 25 1154 56 2 80 0 23 16 NA 16 NA 4 56 1 11 9 34 0 0 0 0 1 11 9 34 0 0 0 0 2 137 389 18908 4920 29 13 38
280 77 103 85 18 53 28 1146 61 5 78 0 24 17 NA 17 NA 9 61 1 9 12 31 0 0 0 0 1 9 12 31 0 0 0 0 0 140 389 18970 4922 26 17 35
281 69 103 85 18 51 23 1148 61 7 78 0 24 17 NA 17 NA 4 61 0 8 13 30 0 0 0 0 0 8 13 30 0 0 0 0 1 152 390 19040 4922 24 20 34
282 84 103 85 18 49 26 1184 40 5 77 0 25 17 NA 17 NA 9 40 0 7 13 29 0 0 0 0 0 7 13 29 0 0 0 0 1 150 391 19102 4923 22 22 33
283 69 103 85 18 50 33 1171 65 6 77 0 25 16.5 NA 16.5 NA 11 65 1 6 14 29 0 0 0 0 1 6 14 29 0 0 0 0 1 142 391 19174 4923 23 20 34
284 80 103 87 16 53 33 1181 62 10 75 0 24 17 NA 17 NA 7 62 1 9 16 27 0 0 0 0 1 9 16 27 0 0 0 0 1 147 391 19232 4925 22 22 31
285 91 105 88 17 53 26 1181 51 9 76 0 24 17 NA 17 NA 4 51 1 9 13 30 0 0 0 0 1 9 13 30 0 0 0 0 2 159 393 19311 4924 22 20 34
286 72 107 90 17 54 27 1201 44 4 78 0 25 17.5 NA 17.5 NA 6 44 1 7 16 30 0 0 0 0 1 7 16 30 0 0 0 0 0 151 394 19378 4922 21 23 34
287 81 106 90 16 54 30 1198 56 3 78 0 26 17.5 NA 17.5 NA 6 56 1 8 15 30 0 0 0 0 1 8 15 30 0 0 0 0 1 138 395 19443 4922 22 22 34
288 90 109 93 16 55 33 1179 77 7 77 0 26 17 NA 17 NA 11 77 2 8 15 30 0 0 0 0 2 8 15 30 0 0 0 0 2 141 396 19514 4923 21 22 34
289 73 110 94 16 56 29 1170 56 8 76 0 24 17.5 NA 17.5 NA 5 56 1 7 18 30 0 0 0 0 1 7 18 30 0 0 0 0 1 151 399 19597 4924 20 23 33
290 62 109 94 15 55 31 1209 41 7 78 0 24 17 NA 17 NA 8 41 0 9 18 28 0 0 0 0 0 9 18 28 0 0 0 0 0 142 399 19647 4922 23 24 31
291 74 107 89 18 51 30 1226 55 4 77 0 23 17 NA 17 NA 5 55 0 8 16 27 0 0 0 0 0 8 16 27 0 0 0 0 0 156 401 19715 4923 24 23 30
292 74 105 87 18 50 32 1217 75 6 74 0 23 17 NA 17 NA 8 75 0 7 14 29 0 0 0 0 0 7 14 29 0 0 0 0 1 150 401 19772 4926 22 20 32
293 78 107 90 17 48 32 1204 63 6 76 0 23 17.5 NA 17.5 NA 9 63 0 4 12 32 0 0 0 0 0 4 12 32 0 0 0 0 2 145 402 19850 4924 23 17 36
294 74 108 90 18 47 29 1189 54 8 75 0 22.5 18 NA 18 NA 5 54 1 4 10 32 0 0 0 0 1 4 10 32 0 0 0 0 3 135 402 19922 4925 23 16 36
295 68 117 99 18 51 25 1215 54 9 78 0 21 19 NA 19 NA 6 54 0 7 10 34 0 0 0 0 0 7 10 34 0 0 0 0 8 162 404 19987 4922 24 17 37
296 88 113 95 18 49 34 1211 64 3 79 0 22 19 NA 19 NA 12 64 0 5 10 34 0 0 0 0 0 5 10 34 0 0 0 0 1 148 404 20054 4921 25 17 37
297 78 113 95 18 50 33 1194 64 8 80 0 22 18.5 NA 18.5 NA 8 64 1 6 9 34 0 0 0 0 1 6 9 34 0 0 0 0 0 145 404 20134 4920 26 16 38
298 86 116 98 18 50 34 1175 58 6 79 0 20.5 17.5 NA 17.5 NA 8 58 1 7 7 35 0 0 0 0 1 7 7 35 0 0 0 0 2 130 405 20204 4921 24 16 39
299 66 121 103 18 52 44 1171 69 4 81 0 21 18.5 NA 18.5 NA 12 69 1 8 8 35 0 0 0 0 1 8 8 35 0 0 0 0 3 149 405 20269 4919 24 18 39
300 85 117 99 18 54 40 1175 59 11 79 0 22 17.5 NA 17.5 NA 5 59 1 10 8 35 0 0 0 0 1 10 8 35 0 0 0 0 0 155 407 20338 4921 25 16 38
301 106 112 96 16 49 38 1157 60 4 76 0 20 17 NA 17 NA 8 60 2 8 7 32 0 0 0 0 2 8 7 32 0 0 0 0 2 138 410 20408 4924 26 15 35
302 80 112 96 16 48 41 1149 60 6 76 0 21 17 NA 17 NA 9 60 2 7 8 31 0 0 0 0 2 7 8 31 0 0 0 0 0 137 410 20470 4924 24 17 35
303 80 112 96 16 52 36 1144 60 6 79 0 22 17 NA 17 NA 4 60 1 11 7 33 0 0 0 0 1 11 7 33 0 0 0 0 2 135 413 20534 4921 26 16 37
304 74 109 93 16 49 32 1138 38 6 76 0 21 18 NA 18 NA 3 38 1 11 5 32 0 0 0 0 1 11 5 32 0 0 0 0 1 119 415 20601 4924 27 13 36
305 79 103 87 16 46 36 1126 62 4 73 0 21 17.5 NA 17.5 NA 8 62 1 9 6 30 0 0 0 0 1 9 6 30 0 0 0 0 0 134 416 20667 4927 25 15 33
306 99 103 86 17 49 31 1116 61 8 71 0 22 17 NA 17 NA 3 61 1 12 7 29 0 0 0 0 1 12 7 29 0 0 0 0 4 143 417 20730 4929 23 15 33
307 72 103 86 17 49 31 1090 53 4 78 0 23 17 NA 17 NA 4 53 0 13 8 28 0 0 0 0 0 13 8 28 0 0 0 0 1 123 417 20810 4922 30 15 33
308 60 100 83 17 49 34 1106 56 4 76 0 23.5 16 NA 16 NA 5 56 0 14 9 26 0 0 0 0 0 14 9 26 0 0 0 0 0 152 419 20878 4924 26 18 32
309 74 99 82 17 49 33 1086 61 7 75 0 24 17 NA 17 NA 9 61 0 13 9 27 0 0 0 0 0 13 9 27 0 0 0 0 1 121 422 20943 4925 24 18 33
310 73 100 83 17 49 34 1118 41 5 76 0 24.5 17 NA 17 NA 6 41 0 12 9 28 0 0 0 0 0 12 9 28 0 0 0 0 1 149 424 21002 4924 25 17 34
311 97 101 83 18 50 31 1117 60 9 78 0 24 16.5 NA 16.5 NA 4 60 1 10 11 28 0 0 0 0 1 10 11 28 0 0 0 0 1 161 425 21081 4922 26 18 34
312 74 102 83 19 52 34 1119 50 7 79 0 25 16.5 NA 16.5 NA 10 50 1 11 12 28 0 0 0 0 1 11 12 28 0 0 0 0 0 145 428 21158 4921 25 20 34
313 69 104 86 18 51 38 1136 64 5 80 0 25 16 NA 16 NA 9 64 1 10 13 27 0 0 0 0 1 10 13 27 0 0 0 0 3 158 429 21219 4920 26 21 33
314 82 104 86 18 53 38 1142 58 10 79 0 25.5 17 NA 17 NA 10 58 1 12 13 27 0 0 0 0 1 12 13 27 0 0 0 0 1 139 431 21277 4921 25 19 35
315 95 106 87 19 54 39 1153 47 8 81 0 24.5 17 NA 17 NA 6 47 1 11 15 27 0 0 0 0 1 11 15 27 0 0 0 0 2 144 431 21343 4919 25 21 35
316 81 106 87 19 54 37 1188 49 5 79 0 25 16 NA 16 NA 4 49 2 11 16 25 0 0 0 0 2 11 16 25 0 0 0 0 4 161 433 21395 4921 24 22 33
317 76 109 89 20 57 43 1212 57 5 78 0 24 16 NA 16 NA 9 57 2 12 16 27 0 0 0 0 2 12 16 27 0 0 0 0 3 148 433 21444 4922 22 20 36
318 70 109 89 20 56 46 1221 64 7 79 0 23 16 NA 16 NA 12 64 2 12 15 27 0 0 0 0 2 12 15 27 0 0 0 0 2 160 434 21511 4921 25 19 35
319 71 107 87 20 55 41 1233 51 6 78 0 24 16 NA 16 NA 6 51 2 8 19 26 0 0 0 0 2 8 19 26 0 0 0 0 0 153 436 21580 4922 21 24 33
320 88 108 88 20 57 37 1239 58 8 77 0 25 16 NA 16 NA 4 58 2 10 18 27 0 0 0 0 2 10 18 27 0 0 0 0 0 160 436 21649 4923 21 21 35
321 78 107 88 19 54 39 1224 68 3 75 0 24 16 NA 16 NA 8 68 1 10 17 26 0 0 0 0 1 10 17 26 0 0 0 0 1 136 437 21711 4925 21 20 34
322 91 114 95 19 53 40 1219 55 5 77 0 23 16 NA 16 NA 9 55 1 9 17 26 0 0 0 0 1 9 17 26 0 0 0 0 3 144 439 21785 4923 21 22 34
323 64 115 93 22 54 42 1222 54 5 77 0 22 16 NA 16 NA 11 54 1 8 17 28 0 0 0 0 1 8 17 28 0 0 0 0 2 139 442 21854 4923 22 22 33
324 94 112 89 23 51 41 1226 54 10 72 0 21 16 NA 16 NA 10 54 1 9 15 26 0 0 0 0 1 9 15 26 0 0 0 0 3 156 443 21927 4928 22 19 31
325 86 116 92 24 53 39 1212 54 4 75 0 20 15 NA 15 NA 5 54 2 9 16 26 0 0 0 0 2 9 16 26 0 0 0 0 4 140 444 22006 4925 22 22 31
326 68 117 91 26 53 39 1206 65 5 75 0 20 15 NA 15 NA 9 65 2 9 16 26 0 0 0 0 2 9 16 26 0 0 0 0 1 149 447 22073 4925 22 21 32
327 76 116 90 26 52 30 1203 53 9 76 0 20.5 15 NA 15 NA 3 53 1 8 17 26 0 0 0 0 1 8 17 26 0 0 0 0 1 140 450 22141 4924 22 22 32
328 73 118 92 26 54 37 1186 78 5 78 0 21 15 NA 15 NA 12 78 1 9 17 27 0 0 0 0 1 9 17 27 0 0 0 0 1 149 451 22210 4922 23 22 33
329 76 117 92 25 51 37 1178 63 6 79 0 19 15 NA 15 NA 8 63 0 10 15 26 0 0 0 0 0 10 15 26 0 0 0 0 2 141 451 22276 4921 28 20 31
330 64 118 93 25 55 27 1181 61 12 81 0 20 15 NA 15 NA 3 61 1 12 16 26 0 0 0 0 1 12 16 26 0 0 0 0 1 152 452 22345 4919 28 22 31
331 82 116 92 24 56 31 1178 61 3 81 0 21 15 NA 15 NA 8 61 1 13 14 28 0 0 0 0 1 13 14 28 0 0 0 0 1 149 454 22410 4919 27 21 33
332 79 115 91 24 55 31 1172 60 7 79 0 21 15 NA 15 NA 6 60 1 13 16 25 0 0 0 0 1 13 16 25 0 0 0 0 2 149 454 22489 4921 28 21 30
333 73 113 88 25 54 31 1189 58 5 78 0 21 15 NA 15 NA 8 58 1 13 14 26 0 0 0 0 1 13 14 26 0 0 0 0 2 158 456 22560 4922 27 20 31
334 76 110 86 24 52 32 1157 70 3 80 0 21 15 NA 15 NA 6 70 0 13 13 26 0 0 0 0 0 13 13 26 0 0 0 0 1 133 457 22630 4920 31 18 31
335 84 106 81 25 48 36 1174 64 5 80 0 20.5 15 NA 15 NA 10 64 0 10 14 24 0 0 0 0 0 10 14 24 0 0 0 0 1 152 457 22685 4920 32 19 29
336 66 106 81 25 49 39 1181 57 5 82 0 21 15 NA 15 NA 7 57 0 11 14 24 0 0 0 0 0 11 14 24 0 0 0 0 1 149 457 22751 4918 35 19 28
337 76 107 81 26 51 37 1201 47 9 84 0 21 15 NA 15 NA 4 47 0 12 13 26 0 0 0 0 0 12 13 26 0 0 0 0 2 146 457 22811 4916 35 18 31
338 69 106 80 26 54 33 1204 49 8 84 0 21 15 NA 15 NA 4 49 0 15 13 26 0 0 0 0 0 15 13 26 0 0 0 0 3 129 460 22870 4916 36 17 31
339 81 105 77 28 53 34 1200 70 5 79 0 22 15 NA 15 NA 7 70 0 15 13 25 0 0 0 0 0 15 13 25 0 0 0 0 2 144 462 22936 4921 32 17 30
340 64 105 78 27 52 37 1202 59 2 79 0 22 15 NA 15 NA 6 59 0 14 13 25 0 0 0 0 0 14 13 25 0 0 0 0 1 135 462 22997 4921 32 17 30
341 71 104 78 26 51 40 1189 60 4 79 0 23 15 NA 15 NA 10 60 0 11 15 25 0 0 0 0 0 11 15 25 0 0 0 0 1 145 466 23067 4921 29 20 30
342 72 103 76 27 50 44 1145 76 7 78 0 23 15 NA 15 NA 13 76 0 10 15 25 0 0 0 0 0 10 15 25 0 0 0 0 2 122 467 23142 4922 27 21 30
343 75 103 74 29 49 42 1160 55 9 76 0 22 15 NA 15 NA 8 55 0 11 15 23 0 0 0 0 0 11 15 23 0 0 0 0 2 155 468 23209 4924 27 20 29
344 64 101 74 27 47 39 1165 60 8 76 0 23 15 NA 15 NA 8 60 0 10 16 21 0 0 0 0 0 10 16 21 0 0 0 0 1 145 470 23277 4924 28 21 27
345 66 104 74 30 47 36 1167 43 4 77 0 23 15 NA 15 NA 3 43 0 9 16 22 0 0 0 0 0 9 16 22 0 0 0 0 0 129 472 23349 4923 26 23 28
346 84 104 74 30 46 33 1171 62 5 76 0 24 15 NA 15 NA 5 62 0 6 18 22 0 0 0 0 0 6 18 22 0 0 0 0 2 146 474 23416 4924 22 28 26
347 91 103 73 30 47 34 1154 56 5 76 0 25 15 NA 15 NA 6 56 0 7 17 23 0 0 0 0 0 7 17 23 0 0 0 0 1 142 476 23494 4924 21 29 26
348 80 104 74 30 50 39 1145 59 6 76 0 25 15 NA 15 NA 10 59 1 5 21 23 0 0 0 0 1 5 21 23 0 0 0 0 1 143 476 23566 4924 18 32 26
349 78 108 76 32 51 37 1146 65 9 78 0 25 15 NA 15 NA 7 65 1 6 21 23 0 0 0 0 1 6 21 23 0 0 0 0 3 161 477 23642 4922 19 32 27
350 90 107 76 31 50 38 1157 50 3 79 0 26 15 NA 15 NA 4 50 0 6 22 22 0 0 0 0 0 6 22 22 0 0 0 0 2 139 477 23702 4921 20 32 27
351 61 107 76 31 51 45 1149 63 3 81 0 27 15 NA 15 NA 9 63 0 6 20 25 0 0 0 0 0 6 20 25 0 0 0 0 2 133 477 23768 4919 22 30 29
352 82 108 77 31 53 42 1148 48 9 81 0 28 16 NA 16 NA 9 48 0 6 21 26 0 0 0 0 0 6 21 26 0 0 0 0 2 126 481 23833 4919 21 30 30
353 105 107 77 30 53 44 1125 66 8 77 0 28 16 NA 16 NA 11 66 0 6 19 28 0 0 0 0 0 6 19 28 0 0 0 0 2 152 482 23912 4923 18 27 32
354 76 108 78 30 53 37 1172 45 8 79 0 29 16 NA 16 NA 5 45 0 6 17 30 0 0 0 0 0 6 17 30 0 0 0 0 0 152 486 23958 4921 19 25 35
355 74 106 77 29 53 40 1167 62 3 79 0 29.5 16 NA 16 NA 10 62 0 6 17 30 0 0 0 0 0 6 17 30 0 0 0 0 0 153 489 24032 4921 20 24 35
356 77 107 79 28 55 34 1134 70 9 78 0 28 16 NA 16 NA 4 70 0 6 19 30 0 0 0 0 0 6 19 30 0 0 0 0 1 130 491 24106 4922 19 25 34
357 80 108 80 28 56 33 1160 52 6 81 0 28.5 16 NA 16 NA 9 52 0 5 18 33 0 0 0 0 0 5 18 33 0 0 0 0 1 155 494 24166 4919 21 23 37
358 65 106 78 28 54 31 1162 56 5 81 0 27.5 16 NA 16 NA 4 56 0 5 13 36 0 0 0 0 0 5 13 36 0 0 0 0 1 155 495 24244 4919 22 19 40
359 83 103 76 27 49 31 1178 60 3 76 0 26 16 NA 16 NA 5 60 0 4 13 32 0 0 0 0 0 4 13 32 0 0 0 0 2 158 498 24307 4924 20 19 37
360 77 102 75 27 49 30 1195 44 4 76 0 26.5 16 NA 16 NA 5 44 0 3 11 35 0 0 0 0 0 3 11 35 0 0 0 0 0 137 499 24363 4924 20 16 40
