1 102 92 78 14 42 25 1224 52 10 72 0 25.5 17.5 NA 17.5 NA 2 52 1 5 15 21 0 0 0 0 1 5 15 21 0 0 0 0 0 131 0 0 4928 19 26 27
2 89 93 79 14 42 27 1270 67 6 72 0 26 17.5 NA 17.5 NA 9 67 1 4 16 21 0 0 0 0 1 4 16 21 0 0 0 0 2 133 0 0 4928 19 26 27
3 87 92 78 14 43 29 1305 82 9 70 0 26.5 17 NA 17 NA 9 82 1 6 17 19 0 0 0 0 1 6 17 19 0 0 0 0 0 146 0 0 4930 18 26 26
4 77 93 79 14 42 29 1384 61 6 70 0 27 17 NA 17 NA 6 61 1 6 17 18 0 0 0 0 1 6 17 18 0 0 0 0 1 160 0 0 4930 19 27 24
5 90 95 81 14 43 41 1432 70 2 71 0 26 17 NA 17 NA 13 70 1 6 18 18 0 0 0 0 1 6 18 18 0 0 0 0 1 135 0 0 4929 21 26 24
6 91 92 78 14 44 42 1469 69 10 70 0 28.5 17 NA 17 NA 9 69 0 6 18 20 0 0 0 0 0 6 18 20 0 0 0 0 0 131 0 0 4930 18 25 27
7 68 90 76 14 43 42 1551 58 9 69 0 29.5 17 NA 17 NA 7 58 0 6 16 21 0 0 0 0 0 6 16 21 0 0 0 0 0 159 0 0 4931 17 24 28
8 70 95 81 14 42 42 1569 80 7 68 0 28 17 NA 17 NA 6 80 0 6 16 20 0 0 0 0 0 6 16 20 0 0 0 0 2 123 0 0 4932 16 24 28
9 77 94 81 13 44 46 1602 82 5 69 0 29.5 17 NA 17 NA 10 82 0 6 16 22 0 0 0 0 0 6 16 22 0 0 0 0 0 138 0 0 4931 17 22 30
10 73 94 81 13 44 52 1613 92 6 73 0 29 17 NA 17 NA 10 92 0 7 12 25 0 0 0 0 0 7 12 25 0 0 0 0 1 124 0 0 4927 21 20 32
11 79 96 83 13 46 49 1626 73 12 73 0 27.5 17 NA 17 NA 9 73 0 6 14 26 0 0 0 0 0 6 14 26 0 0 0 0 2 112 0 0 4927 18 20 35
12 63 96 82 14 43 48 1648 84 9 70 0 25.5 17 NA 17 NA 8 84 0 6 10 27 0 0 0 0 0 6 10 27 0 0 0 0 1 122 0 0 4930 17 16 37
13 79 93 79 14 44 36 1055 61 7 67 0 26 17 NA 17 NA 5 61 0 6 8 30 0 0 0 0 0 6 8 30 0 0 0 0 0 112 10 622 4933 17 13 37
14 71 96 81 15 44 42 1056 60 6 68 0 26.5 17 NA 17 NA 10 60 0 6 8 30 0 0 0 0 0 6 8 30 0 0 0 0 3 132 10 677 4932 18 13 37
15 92 92 77 15 44 40 1051 55 6 66 0 26 17 NA 17 NA 6 55 0 8 9 27 0 0 0 0 0 8 9 27 0 0 0 0 1 136 12 747 4934 18 12 36
16 69 89 74 15 44 39 1049 36 5 66 0 26 17 NA 17 NA 5 36 0 7 10 27 0 0 0 0 0 7 10 27 0 0 0 0 1 121 13 822 4934 18 13 35
17 83 89 74 15 44 41 1054 63 7 65 0 25 17 NA 17 NA 9 63 0 7 11 26 0 0 0 0 0 7 11 26 0 0 0 0 1 149 16 887 4935 18 14 33
18 75 89 74 15 43 41 1052 74 6 63 0 26 17 NA 17 NA 10 74 0 5 12 26 0 0 0 0 0 5 12 26 0 0 0 0 1 155 18 952 4937 16 14 33
19 84 91 75 16 44 47 1058 54 4 61 0 25 17 NA 17 NA 11 54 0 7 11 26 0 0 0 0 0 7 11 26 0 0 0 0 6 144 20 1023 4939 15 13 33
20 70 91 74 17 44 44 1078 55 5 66 0 24 17 NA 17 NA 4 55 0 7 12 25 0 0 0 0 0 7 12 25 0 0 0 0 0 145 22 1083 4934 20 14 32
21 90 92 76 16 44 47 1064 51 5 64 0 23.5 17 NA 17 NA 7 51 0 7 13 24 0 0 0 0 0 7 13 24 0 0 0 0 2 119 23 1140 4936 18 15 31
22 82 90 74 16 41 47 1094 53 4 63 0 24 18 NA 18 NA 6 53 0 4 14 23 0 0 0 0 0 4 14 23 0 0 0 0 1 159 25 1202 4937 15 18 30
23 73 93 77 16 42 46 1123 45 7 66 0 25 17.5 NA 17.5 NA 5 45 0 4 11 27 0 0 0 0 0 4 11 27 0 0 0 0 2 152 26 1259 4934 17 15 34
24 75 94 78 16 44 41 1147 57 6 69 0 26 17 NA 17 NA 4 57 1 5 10 28 0 0 0 0 1 5 10 28 0 0 0 0 1 155 29 1315 4931 20 14 35
25 73 93 76 17 44 41 1140 62 3 67 0 27 17 NA 17 NA 7 62 1 5 10 28 0 0 0 0 1 5 10 28 0 0 0 0 1 134 32 1369 4933 18 14 35
26 81 91 74 17 42 38 1169 61 10 66 0 24 17.5 NA 17.5 NA 7 61 2 5 11 24 0 0 0 0 2 5 11 24 0 0 0 0 1 165 33 1422 4934 20 14 32
27 87 92 73 19 40 39 1187 53 4 66 0 23 17.5 NA 17.5 NA 6 53 1 6 9 24 0 0 0 0 1 6 9 24 0 0 0 0 1 148 34 1481 4934 21 13 32
28 78 89 72 17 40 41 1200 57 4 65 0 24 17.5 NA 17.5 NA 8 57 1 6 7 26 0 0 0 0 1 6 7 26 0 0 0 0 0 138 36 1533 4935 20 11 34
29 57 91 74 17 41 41 1193 57 4 68 0 24 17 NA 17 NA 8 57 1 7 7 26 0 0 0 0 1 7 7 26 0 0 0 0 0 131 40 1604 4932 21 13 34
30 74 91 75 16 42 34 1223 38 8 67 0 25 17.5 NA 17.5 NA 5 38 1 7 7 27 0 0 0 0 1 7 7 27 0 0 0 0 3 153 43 1669 4933 21 12 34
31 77 93 77 16 43 34 1215 57 5 70 0 23 18 NA 18 NA 8 57 1 8 7 27 0 0 0 0 1 8 7 27 0 0 0 0 2 145 48 1742 4930 26 12 32
32 65 95 80 15 42 36 1229 56 4 68 0 22 18 NA 18 NA 9 56 1 7 8 26 0 0 0 0 1 7 8 26 0 0 0 0 2 151 51 1806 4932 22 16 30
33 67 94 79 15 42 42 1229 53 3 69 0 22.5 17.5 NA 17.5 NA 9 53 1 8 8 25 0 0 0 0 1 8 8 25 0 0 0 0 1 132 52 1864 4931 24 15 30
34 75 93 78 15 41 35 1221 46 8 67 0 23 18 NA 18 NA 3 46 1 7 6 27 0 0 0 0 1 7 6 27 0 0 0 0 2 132 54 1940 4933 22 13 32
35 86 93 79 14 40 33 1223 46 4 64 0 21 17.5 NA 17.5 NA 4 46 0 8 6 26 0 0 0 0 0 8 6 26 0 0 0 0 4 140 57 2005 4936 20 14 30
36 66 93 78 15 40 32 1222 68 5 65 0 22 17.5 NA 17.5 NA 5 68 0 6 8 26 0 0 0 0 0 6 8 26 0 0 0 0 2 156 58 2074 4935 19 16 30
37 87 92 78 14 36 30 1235 43 4 61 0 21.5 17 NA 17 NA 4 43 0 5 8 23 0 0 0 0 0 5 8 23 0 0 0 0 1 159 59 2150 4939 18 16 27
38 76 92 77 15 37 32 1199 49 4 62 0 21.5 17 NA 17 NA 5 49 0 6 8 23 0 0 0 0 0 6 8 23 0 0 0 0 0 123 59 2239 4938 18 17 27
39 81 95 78 17 37 32 1200 57 5 64 0 22 17 NA 17 NA 6 57 0 6 8 23 0 0 0 0 0 6 8 23 0 0 0 0 3 165 60 2324 4936 19 17 28
40 80 94 78 16 39 35 1204 58 3 62 0 22.5 17 NA 17 NA 7 58 0 6 9 24 0 0 0 0 0 6 9 24 0 0 0 0 1 142 61 2384 4938 17 15 30
41 72 93 77 16 37 31 1204 56 6 61 0 22 17 NA 17 NA 5 56 0 6 8 23 0 0 0 0 0 6 8 23 0 0 0 0 2 137 63 2449 4939 16 15 30
42 86 95 79 16 37 33 1192 52 3 63 0 23 17 NA 17 NA 4 52 0 6 8 23 0 0 0 0 0 6 8 23 0 0 0 0 2 149 63 2536 4937 17 16 30
43 73 92 77 15 37 30 1185 56 3 62 0 22.5 17 NA 17 NA 3 56 1 6 8 22 0 0 0 0 1 6 8 22 0 0 0 0 2 137 65 2604 4938 17 18 27
44 83 91 75 16 35 41 1176 68 1 64 0 23 16 NA 16 NA 12 68 1 6 6 22 0 0 0 0 1 6 6 22 0 0 0 0 1 156 65 2682 4936 20 16 28
45 88 91 73 18 37 38 1176 62 4 64 0 23 17 NA 17 NA 6 62 1 4 9 23 0 0 0 0 1 4 9 23 0 0 0 0 0 143 71 2742 4936 19 18 27
46 60 94 74 20 39 31 1189 50 11 64 0 21 17 NA 17 NA 4 50 0 7 10 22 0 0 0 0 0 7 10 22 0 0 0 0 4 134 71 2803 4936 20 18 26
47 80 88 69 19 36 32 1174 60 3 65 0 22 16.5 NA 16.5 NA 7 60 0 5 7 24 0 0 0 0 0 5 7 24 0 0 0 0 1 129 72 2863 4935 22 15 28
48 74 90 71 19 36 31 1157 55 3 67 0 21.5 16.5 NA 16.5 NA 5 55 0 5 6 25 0 0 0 0 0 5 6 25 0 0 0 0 0 133 74 2939 4933 23 15 29
49 85 86 66 20 39 30 1170 51 11 67 0 21 15 NA 15 NA 6 51 0 9 6 24 0 0 0 0 0 9 6 24 0 0 0 0 0 161 76 3016 4933 26 15 26
50 76 85 65 20 39 27 1191 58 7 66 0 21 15 NA 15 NA 7 58 0 8 7 24 0 0 0 0 0 8 7 24 0 0 0 0 1 161 78 3071 4934 25 14 27
51 65 86 66 20 38 24 1161 56 4 68 0 21 15.5 NA 15.5 NA 2 56 0 7 8 23 0 0 0 0 0 7 8 23 0 0 0 0 2 126 80 3156 4932 27 14 27
52 86 90 69 21 39 27 1170 59 4 68 0 21 15 NA 15 NA 8 59 0 8 8 23 0 0 0 0 0 8 8 23 0 0 0 0 3 170 82 3230 4932 28 13 27
53 59 89 69 20 39 26 1198 55 5 67 0 22 15 NA 15 NA 5 55 1 7 8 23 0 0 0 0 1 7 8 23 0 0 0 0 0 167 83 3288 4933 27 12 28
54 71 92 71 21 40 31 1169 61 4 67 0 22 15.5 NA 15.5 NA 9 61 1 8 9 22 0 0 0 0 1 8 9 22 0 0 0 0 3 121 84 3361 4933 26 13 28
55 84 94 72 22 40 29 1189 53 6 67 0 22.5 16.5 NA 16.5 NA 2 53 1 8 8 23 0 0 0 0 1 8 8 23 0 0 0 0 1 153 84 3426 4933 25 12 30
56 81 95 71 24 41 26 1195 52 7 68 0 22 17 NA 17 NA 5 52 1 6 11 23 0 0 0 0 1 6 11 23 0 0 0 0 3 149 86 3492 4932 22 16 30
57 91 90 66 24 38 29 1197 63 4 65 0 22 16.5 NA 16.5 NA 8 63 1 6 10 21 0 0 0 0 1 6 10 21 0 0 0 0 0 159 87 3564 4935 23 16 26
58 63 89 66 23 37 28 1207 63 4 67 0 23 17 NA 17 NA 4 63 0 5 11 21 0 0 0 0 0 5 11 21 0 0 0 0 0 141 88 3619 4933 23 18 26
59 70 89 67 22 36 29 1190 56 5 66 0 24 17 NA 17 NA 7 56 0 2 12 22 0 0 0 0 0 2 12 22 0 0 0 0 1 130 89 3684 4934 17 22 27
60 82 91 68 23 34 31 1207 53 2 65 0 25 16.5 NA 16.5 NA 7 53 0 2 11 21 0 0 0 0 0 2 11 21 0 0 0 0 2 142 91 3738 4935 18 21 26
61 69 93 69 24 33 31 1221 47 4 65 0 24 17 NA 17 NA 5 47 0 1 12 20 0 0 0 0 0 1 12 20 0 0 0 0 1 153 91 3815 4935 17 23 25
62 86 93 69 24 37 29 1214 69 7 65 0 25 17 NA 17 NA 4 69 0 3 13 21 0 0 0 0 0 3 13 21 0 0 0 0 0 150 92 3882 4935 16 23 26
63 75 93 70 23 38 31 1226 56 6 66 0 26 17 NA 17 NA 7 56 0 4 12 22 0 0 0 0 0 4 12 22 0 0 0 0 1 141 93 3939 4934 15 24 27
64 71 92 70 22 39 37 1218 65 6 68 0 26.5 17 NA 17 NA 13 65 0 5 13 21 0 0 0 0 0 5 13 21 0 0 0 0 1 148 94 4015 4932 18 25 25
65 92 92 67 25 39 33 1192 52 8 66 0 26 16 NA 16 NA 5 52 1 5 13 20 0 0 0 0 1 5 13 20 0 0 0 0 1 129 95 4092 4934 18 24 24
66 68 92 67 25 39 38 1185 72 5 69 0 25 18 NA 18 NA 10 72 1 6 13 19 0 0 0 0 1 6 13 19 0 0 0 0 1 147 97 4156 4931 22 23 24
67 63 90 65 25 40 28 1176 54 13 70 0 26.5 17 NA 17 NA 5 54 2 7 9 22 0 0 0 0 2 7 9 22 0 0 0 0 0 142 101 4233 4930 23 20 27
68 60 90 65 25 41 24 1183 50 7 70 0 25.5 18 NA 18 NA 5 50 2 7 7 25 0 0 0 0 2 7 7 25 0 0 0 0 2 146 103 4305 4930 22 17 31
69 78 91 66 25 42 21 1183 44 5 70 0 25 17.5 NA 17.5 NA 3 44 2 7 9 24 0 0 0 0 2 7 9 24 0 0 0 0 1 136 105 4382 4930 21 18 31
70 72 91 65 26 40 24 1194 54 3 67 0 25 17.5 NA 17.5 NA 6 54 2 6 8 24 0 0 0 0 2 6 8 24 0 0 0 0 1 154 106 4453 4933 18 18 31
71 80 89 63 26 37 26 1199 57 4 65 0 25 18 NA 18 NA 6 57 1 6 6 24 0 0 0 0 1 6 6 24 0 0 0 0 2 140 107 4515 4935 19 13 33
72 80 88 61 27 37 23 1190 61 9 68 0 25.5 18 NA 18 NA 8 61 0 6 8 23 0 0 0 0 0 6 8 23 0 0 0 0 1 146 109 4588 4932 22 14 32
73 53 91 61 30 38 24 1196 56 6 68 0 22 17.5 NA 17.5 NA 5 56 0 7 8 23 0 0 0 0 0 7 8 23 0 0 0 0 4 154 109 4668 4932 23 14 31
74 87 95 66 29 37 30 1208 51 2 66 0 22 18 NA 18 NA 8 51 0 7 7 23 0 0 0 0 0 7 7 23 0 0 0 0 5 154 109 4733 4934 23 13 30
75 80 94 67 27 38 28 1202 59 9 65 0 23 18 NA 18 NA 7 59 0 7 7 24 0 0 0 0 0 7 7 24 0 0 0 0 1 142 109 4800 4935 21 13 31
76 68 93 66 27 38 35 1183 62 4 66 0 24 17.5 NA 17.5 NA 12 62 1 4 9 24 0 0 0 0 1 4 9 24 0 0 0 0 0 131 110 4871 4934 18 17 31
77 77 92 65 27 38 32 1177 60 10 66 0 23 18 NA 18 NA 6 60 1 5 10 22 0 0 0 0 1 5 10 22 0 0 0 0 2 140 111 4937 4934 21 16 29
78 64 90 63 27 37 31 1190 55 5 65 0 24 18 NA 18 NA 4 55 1 4 10 22 0 0 0 0 1 4 10 22 0 0 0 0 0 160 111 5015 4935 18 19 28
79 77 89 62 27 37 35 1177 59 4 64 0 25 18 NA 18 NA 7 59 1 3 12 21 0 0 0 0 1 3 12 21 0 0 0 0 0 138 111 5083 4936 17 19 28
80 84 92 62 30 38 36 1185 53 7 65 0 24.5 17.5 NA 17.5 NA 8 53 1 5 11 21 0 0 0 0 1 5 11 21 0 0 0 0 1 149 112 5152 4935 18 19 28
81 74 90 60 30 37 36 1195 65 10 63 0 23 17 NA 17 NA 9 65 2 6 8 21 0 0 0 0 2 6 8 21 0 0 0 0 2 158 112 5220 4937 18 17 28
82 90 88 59 29 35 31 1167 65 5 62 0 22.5 18 NA 18 NA 2 65 1 7 8 19 0 0 0 0 1 7 8 19 0 0 0 0 0 131 115 5292 4938 20 14 28
83 68 88 59 29 36 32 1194 52 5 63 0 23.5 18 NA 18 NA 7 52 1 6 9 20 0 0 0 0 1 6 9 20 0 0 0 0 1 160 116 5351 4937 19 15 29
84 75 86 60 26 35 30 1204 49 2 63 0 24.5 18 NA 18 NA 3 49 1 4 11 19 0 0 0 0 1 4 11 19 0 0 0 0 0 143 118 5418 4937 17 18 28
85 89 84 57 27 34 23 1203 56 7 65 0 25.5 18 NA 18 NA 5 56 0 4 10 20 0 0 0 0 0 4 10 20 0 0 0 0 0 141 121 5482 4935 19 18 28
86 78 85 59 26 36 25 1195 59 7 68 0 25 18 NA 18 NA 7 59 0 7 10 19 0 0 0 0 0 7 10 19 0 0 0 0 1 141 122 5549 4932 24 18 26
87 71 83 57 26 37 25 1171 51 5 69 0 26 18 NA 18 NA 7 51 0 7 11 19 0 0 0 0 0 7 11 19 0 0 0 0 0 120 123 5627 4931 24 18 27
88 60 85 59 26 38 30 1206 59 6 68 0 25 17.5 NA 17.5 NA 10 59 0 9 8 21 0 0 0 0 0 9 8 21 0 0 0 0 2 169 123 5687 4932 23 16 29
89 76 84 58 26 40 25 1214 65 11 69 0 26 17.5 NA 17.5 NA 8 65 0 8 11 21 0 0 0 0 0 8 11 21 0 0 0 0 0 164 126 5761 4931 23 17 29
90 67 85 59 26 40 26 1202 59 6 67 0 27 18 NA 18 NA 7 59 0 7 10 23 0 0 0 0 0 7 10 23 0 0 0 0 2 143 127 5841 4933 20 15 32
91 93 86 59 27 39 28 1195 52 3 65 0 26.5 18 NA 18 NA 4 52 0 7 9 23 0 0 0 0 0 7 9 23 0 0 0 0 2 132 127 5905 4935 20 13 32
92 67 90 62 28 38 27 1192 52 4 67 0 23.5 18 NA 18 NA 5 52 0 7 9 22 0 0 0 0 0 7 9 22 0 0 0 0 3 144 129 5977 4933 22 13 32
93 74 86 60 26 36 24 1185 60 4 66 0 24.5 18 NA 18 NA 4 60 0 6 10 20 0 0 0 0 0 6 10 20 0 0 0 0 1 140 130 6053 4934 22 13 31
94 76 85 63 22 36 18 1182 50 3 64 0 24 18 NA 18 NA 1 50 1 6 10 19 0 0 0 0 1 6 10 19 0 0 0 0 2 128 132 6117 4936 21 14 29
95 60 87 65 22 36 22 1195 65 3 64 0 24 18 NA 18 NA 7 65 1 6 9 20 0 0 0 0 1 6 9 20 0 0 0 0 2 165 132 6192 4936 20 14 30
96 69 87 64 23 36 26 1198 58 6 63 0 24 18 NA 18 NA 9 58 2 6 8 20 0 0 0 0 2 6 8 20 0 0 0 0 2 155 133 6271 4937 19 14 30
97 71 86 63 23 36 25 1194 61 4 61 0 24 18 NA 18 NA 3 61 2 5 9 20 0 0 0 0 2 5 9 20 0 0 0 0 1 148 133 6346 4939 16 15 30
98 77 88 64 24 36 30 1193 63 0 63 0 25 18 NA 18 NA 5 63 2 3 11 20 0 0 0 0 2 3 11 20 0 0 0 0 2 155 133 6419 4937 15 18 30
99 83 90 67 23 37 29 1226 43 7 63 0 25 18 NA 18 NA 6 43 2 3 10 22 0 0 0 0 2 3 10 22 0 0 0 0 3 143 134 6468 4937 14 18 31
100 84 91 67 24 37 34 1187 63 3 65 0 26 18 NA 18 NA 8 63 1 4 9 23 0 0 0 0 1 4 9 23 0 0 0 0 2 143 134 6558 4935 16 17 32
101 84 94 70 24 37 35 1173 49 5 64 0 26 18 NA 18 NA 9 49 1 2 9 25 0 0 0 0 1 2 9 25 0 0 0 0 2 135 137 6636 4936 14 17 33
102 76 95 70 25 37 36 1172 49 4 64 0 25 18 NA 18 NA 5 49 2 2 8 25 0 0 0 0 2 2 8 25 0 0 0 0 3 134 139 6703 4936 15 16 33
103 75 99 73 26 41 29 1203 64 13 65 0 23 19 NA 19 NA 7 64 2 5 10 24 0 0 0 0 2 5 10 24 0 0 0 0 3 169 141 6760 4935 18 16 31
104 67 98 70 28 41 30 1186 59 8 66 0 23.5 20 NA 20 NA 7 59 0 6 11 24 0 0 0 0 0 6 11 24 0 0 0 0 0 123 141 6820 4934 17 18 31
105 77 94 68 26 42 29 1215 49 6 63 0 24 19 NA 19 NA 4 49 0 6 13 23 0 0 0 0 0 6 13 23 0 0 0 0 1 162 142 6889 4937 15 19 29
106 91 95 66 29 40 29 1209 54 4 63 0 22 18.5 NA 18.5 NA 5 54 0 5 13 22 0 0 0 0 0 5 13 22 0 0 0 0 3 139 143 6959 4937 17 19 27
107 86 92 63 29 38 32 1173 54 2 61 0 21.5 18.5 NA 18.5 NA 5 54 0 5 13 20 0 0 0 0 0 5 13 20 0 0 0 0 1 118 143 7030 4939 17 18 26
108 78 92 63 29 38 35 1179 61 6 62 0 22 18 NA 18 NA 10 61 0 5 12 21 0 0 0 0 0 5 12 21 0 0 0 0 1 153 144 7094 4938 18 17 27
109 80 97 68 29 41 32 1173 52 6 64 0 21 18 NA 18 NA 7 52 0 8 10 23 0 0 0 0 0 8 10 23 0 0 0 0 1 139 148 7164 4936 19 15 30
110 87 103 73 30 43 31 1189 52 6 66 0 19 18 NA 18 NA 7 52 1 8 9 25 0 0 0 0 1 8 9 25 0 0 0 0 4 162 148 7239 4934 19 15 32
111 73 103 76 27 43 40 1186 56 3 66 0 20 18 NA 18 NA 11 56 1 8 8 26 0 0 0 0 1 8 8 26 0 0 0 0 2 139 148 7307 4934 19 13 34
112 78 103 73 30 43 35 1188 59 9 66 0 21 18 NA 18 NA 7 59 1 6 11 25 0 0 0 0 1 6 11 25 0 0 0 0 0 148 150 7377 4934 17 16 33
113 82 103 73 30 42 37 1211 54 3 67 0 21 17.5 NA 17.5 NA 8 54 1 7 9 25 0 0 0 0 1 7 9 25 0 0 0 0 1 155 152 7438 4933 20 14 33
114 80 104 74 30 44 40 1202 73 7 70 0 21 17.5 NA 17.5 NA 10 73 0 9 10 25 0 0 0 0 0 9 10 25 0 0 0 0 0 147 154 7497 4930 22 15 33
115 79 107 77 30 46 39 1209 55 9 75 0 21 17.5 NA 17.5 NA 7 55 0 11 11 24 0 0 0 0 0 11 11 24 0 0 0 0 1 160 154 7578 4925 25 18 32
116 77 111 79 32 49 35 1222 54 8 77 0 20 17 NA 17 NA 4 54 0 13 11 25 0 0 0 0 0 13 11 25 0 0 0 0 2 158 155 7648 4923 26 16 35
117 67 112 79 33 49 38 1215 60 4 76 0 20 17 NA 17 NA 7 60 0 14 9 26 0 0 0 0 0 14 9 26 0 0 0 0 1 151 156 7728 4924 26 14 36
118 80 111 80 31 47 37 1209 55 5 78 0 20 17 NA 17 NA 6 55 0 12 9 26 0 0 0 0 0 12 9 26 0 0 0 0 1 133 158 7790 4922 27 15 36
119 69 110 80 30 48 39 1209 62 5 77 0 20 17 NA 17 NA 9 62 0 12 8 28 0 0 0 0 0 12 8 28 0 0 0 0 1 131 161 7845 4923 27 15 35
120 82 109 79 30 47 42 1208 51 5 75 0 20 17 NA 17 NA 8 51 0 11 8 28 0 0 0 0 0 11 8 28 0 0 0 0 2 140 162 7918 4925 25 15 35
121 65 109 80 29 47 38 1207 54 8 77 0 20 17 NA 17 NA 7 54 0 9 11 27 0 0 0 0 0 9 11 27 0 0 0 0 0 134 165 7977 4923 27 16 34
122 68 110 80 30 49 35 1199 72 7 81 0 21 17 NA 17 NA 5 72 0 10 11 28 0 0 0 0 0 10 11 28 0 0 0 0 2 164 168 8059 4919 31 15 35
123 65 113 83 30 51 40 1198 71 6 84 0 21 17 NA 17 NA 11 71 0 11 12 28 0 0 0 0 0 11 12 28 0 0 0 0 1 155 169 8125 4916 33 16 35
124 68 115 84 31 54 33 1180 74 10 86 0 22 16 NA 16 NA 3 74 0 13 10 31 0 0 0 0 0 13 10 31 0 0 0 0 2 151 170 8201 4914 33 15 38
125 84 113 82 31 52 34 1191 51 4 86 0 23 16.5 NA 16.5 NA 7 51 0 11 11 30 0 0 0 0 0 11 11 30 0 0 0 0 0 152 172 8273 4914 31 18 37
126 63 112 81 31 54 32 1174 74 9 85 0 23 16.5 NA 16.5 NA 5 74 0 12 12 30 0 0 0 0 0 12 12 30 0 0 0 0 0 143 174 8350 4915 30 18 37
127 88 113 80 33 53 31 1173 62 5 86 0 24 17 NA 17 NA 4 62 0 9 15 29 0 0 0 0 0 9 15 29 0 0 0 0 1 155 176 8428 4914 27 21 38
128 70 114 81 33 55 31 1171 62 7 87 0 24.5 17 NA 17 NA 7 62 0 10 17 28 0 0 0 0 0 10 17 28 0 0 0 0 2 151 176 8499 4913 28 23 36
129 72 114 81 33 57 34 1155 67 9 87 0 24 17 NA 17 NA 11 67 0 13 17 27 0 0 0 0 0 13 17 27 0 0 0 0 0 138 177 8566 4913 30 22 35
130 103 112 80 32 55 36 1173 54 8 85 0 22.5 16 NA 16 NA 10 54 0 14 15 26 0 0 0 0 0 14 15 26 0 0 0 0 2 151 178 8624 4915 30 21 34
131 79 108 76 32 53 29 1183 52 9 83 0 22 16 NA 16 NA 3 52 0 16 14 23 0 0 0 0 0 16 14 23 0 0 0 0 0 132 180 8677 4917 31 21 31
132 72 106 74 32 53 31 1170 65 4 83 0 23 16 NA 16 NA 8 65 0 16 14 23 0 0 0 0 0 16 14 23 0 0 0 0 0 126 183 8735 4917 32 20 31
133 74 105 74 31 53 40 1180 63 4 84 0 24 16 NA 16 NA 14 63 0 12 16 25 0 0 0 0 0 12 16 25 0 0 0 0 1 147 184 8797 4916 30 22 32
134 83 103 75 28 54 42 1181 67 8 83 0 25 16 NA 16 NA 9 67 0 13 16 25 0 0 0 0 0 13 16 25 0 0 0 0 1 157 185 8870 4917 26 25 32
135 90 102 74 28 55 40 1179 58 6 84 0 25 16 NA 16 NA 4 58 0 11 18 26 0 0 0 0 0 11 18 26 0 0 0 0 1 148 185 8941 4916 26 27 31
136 84 99 72 27 51 44 1158 76 4 83 0 26 16 NA 16 NA 12 76 0 9 18 24 0 0 0 0 0 9 18 24 0 0 0 0 1 145 188 9006 4917 27 27 29
137 67 98 70 28 50 41 1154 57 8 81 0 26.5 16.5 NA 16.5 NA 6 57 0 8 18 24 0 0 0 0 0 8 18 24 0 0 0 0 1 142 189 9073 4919 25 27 29
138 74 94 66 28 46 40 1182 55 6 78 0 27 17 NA 17 NA 6 55 0 7 17 22 0 0 0 0 0 7 17 22 0 0 0 0 0 152 190 9131 4922 24 26 28
139 81 91 63 28 45 47 1155 61 5 77 0 28 17 NA 17 NA 12 61 0 6 16 23 0 0 0 0 0 6 16 23 0 0 0 0 0 133 191 9210 4923 23 23 31
140 78 92 65 27 46 46 1156 52 8 77 0 27.5 16.5 NA 16.5 NA 6 52 0 7 15 24 0 0 0 0 0 7 15 24 0 0 0 0 0 139 191 9279 4923 23 23 31
141 68 94 67 27 45 43 1159 51 8 77 0 26.5 16 NA 16 NA 5 51 0 6 17 22 0 0 0 0 0 6 17 22 0 0 0 0 2 130 192 9337 4923 23 25 29
142 81 97 68 29 46 44 1173 60 3 79 0 27 16.5 NA 16.5 NA 6 60 0 6 18 22 0 0 0 0 0 6 18 22 0 0 0 0 1 155 195 9402 4921 23 26 30
143 82 98 70 28 46 46 1175 54 2 77 0 27 16 NA 16 NA 9 54 0 6 19 21 0 0 0 0 0 6 19 21 0 0 0 0 2 138 197 9460 4923 20 27 30
144 84 100 70 30 45 51 1206 65 2 75 0 26.5 16 NA 16 NA 8 65 0 6 18 21 0 0 0 0 0 6 18 21 0 0 0 0 1 177 198 9517 4925 19 27 29
145 59 100 71 29 43 46 1219 50 5 74 0 27 16 NA 16 NA 3 50 0 5 15 23 0 0 0 0 0 5 15 23 0 0 0 0 1 151 201 9590 4926 18 25 31
146 77 96 67 29 43 48 1205 53 5 71 0 28 16 NA 16 NA 9 53 0 5 15 23 0 0 0 0 0 5 15 23 0 0 0 0 1 144 204 9667 4929 17 22 32
147 85 96 67 29 40 44 1171 47 5 70 0 27.5 16.5 NA 16.5 NA 5 47 0 3 14 23 0 0 0 0 0 3 14 23 0 0 0 0 2 120 209 9753 4930 15 23 32
148 56 97 68 29 42 39 1179 43 7 71 0 28 17 NA 17 NA 3 43 0 3 14 25 0 0 0 0 0 3 14 25 0 0 0 0 1 129 210 9817 4929 14 23 34
149 77 96 70 26 41 41 1163 74 3 68 0 26 17 NA 17 NA 7 74 0 4 12 25 0 0 0 0 0 4 12 25 0 0 0 0 2 147 211 9887 4932 15 20 33
150 73 96 70 26 44 47 1168 65 6 66 0 27 16.5 NA 16.5 NA 13 65 0 7 12 25 0 0 0 0 0 7 12 25 0 0 0 0 2 151 215 9954 4934 14 19 33
151 91 98 72 26 44 40 1161 69 8 65 0 28 17 NA 17 NA 4 69 0 5 11 28 0 0 0 0 0 5 11 28 0 0 0 0 2 152 217 10021 4935 11 19 35
152 70 106 78 28 46 39 1163 67 7 67 0 25 17 NA 17 NA 9 67 1 4 11 30 0 0 0 0 1 4 11 30 0 0 0 0 5 146 221 10077 4933 11 19 37
153 89 109 82 27 47 43 1179 44 3 70 0 25 17 NA 17 NA 7 44 1 4 11 31 0 0 0 0 1 4 11 31 0 0 0 0 4 148 221 10135 4930 13 20 37
154 91 108 82 26 44 46 1158 64 8 69 0 22 17 NA 17 NA 12 64 0 5 11 28 0 0 0 0 0 5 11 28 0 0 0 0 3 135 222 10205 4931 15 18 36
155 77 106 80 26 43 44 1180 51 3 71 0 23 17 NA 17 NA 6 51 0 5 9 29 0 0 0 0 0 5 9 29 0 0 0 0 0 155 225 10268 4929 18 16 37
156 77 108 83 25 47 37 1169 58 11 73 0 21.5 17 NA 17 NA 7 58 1 7 9 30 0 0 0 0 1 7 9 30 0 0 0 0 2 151 229 10354 4927 20 16 37
157 78 109 84 25 47 44 1160 58 4 75 0 22 17 NA 17 NA 12 58 1 7 8 31 0 0 0 0 1 7 8 31 0 0 0 0 0 141 230 10427 4925 22 15 38
158 77 110 85 25 48 50 1180 53 7 75 0 22.5 17 NA 17 NA 13 53 1 7 10 30 0 0 0 0 1 7 10 30 0 0 0 0 2 159 230 10493 4925 22 15 38
159 73 111 85 26 47 49 1187 71 5 76 0 22 17 NA 17 NA 5 71 1 6 8 32 0 0 0 0 1 6 8 32 0 0 0 0 1 149 231 10547 4924 22 12 42
160 81 110 84 26 47 43 1192 54 10 75 0 20 17 NA 17 NA 5 54 1 6 9 31 0 0 0 0 1 6 9 31 0 0 0 0 0 145 232 10613 4925 22 11 42
161 71 108 82 26 48 45 1197 64 4 75 0 20.5 17 NA 17 NA 8 64 1 6 10 31 0 0 0 0 1 6 10 31 0 0 0 0 0 155 234 10680 4925 23 12 40
162 71 107 81 26 47 42 1185 55 9 75 0 21 17 NA 17 NA 7 55 1 6 10 30 0 0 0 0 1 6 10 30 0 0 0 0 1 132 236 10751 4925 24 12 39
163 65 108 82 26 48 42 1171 56 4 76 0 21.5 16.5 NA 16.5 NA 6 56 2 7 8 31 0 0 0 0 2 7 8 31 0 0 0 0 1 144 238 10831 4924 27 10 39
164 76 106 80 26 51 39 1178 59 10 82 0 23 17 NA 17 NA 4 59 1 9 8 33 0 0 0 0 1 9 8 33 0 0 0 0 1 148 238 10894 4918 31 11 40
165 60 105 79 26 49 43 1201 55 5 82 0 23 17 NA 17 NA 12 55 0 10 8 31 0 0 0 0 0 10 8 31 0 0 0 0 2 163 241 10964 4918 30 12 40
166 76 108 82 26 50 43 1202 72 8 86 0 24 17 NA 17 NA 10 72 0 9 8 33 0 0 0 0 0 9 8 33 0 0 0 0 2 149 243 11023 4914 31 13 42
167 76 105 80 25 52 37 1218 39 8 83 0 24 17 NA 17 NA 7 39 0 10 10 32 0 0 0 0 0 10 10 32 0 0 0 0 0 145 247 11094 4917 29 14 40
168 87 103 78 25 52 34 1206 70 7 82 0 24 17 NA 17 NA 6 70 0 9 13 30 0 0 0 0 0 9 13 30 0 0 0 0 1 143 249 11158 4918 29 16 37
169 84 102 77 25 54 33 1220 46 3 83 0 25 17 NA 17 NA 4 46 1 9 14 30 0 0 0 0 1 9 14 30 0 0 0 0 0 153 252 11230 4917 28 18 37
170 81 104 79 25 54 31 1185 58 8 83 0 25.5 16.5 NA 16.5 NA 9 58 1 10 12 31 0 0 0 0 1 10 12 31 0 0 0 0 2 121 256 11307 4917 29 17 37
171 72 109 83 26 53 35 1186 72 6 85 0 24 17 NA 17 NA 13 72 1 10 10 32 0 0 0 0 1 10 10 32 0 0 0 0 1 149 259 11369 4915 30 17 38
172 67 109 83 26 53 39 1200 53 4 85 0 24 17 NA 17 NA 9 53 1 9 11 32 0 0 0 0 1 9 11 32 0 0 0 0 0 154 261 11440 4915 30 17 38
173 86 110 85 25 56 35 1202 55 12 82 0 23.5 17 NA 17 NA 7 55 1 10 13 32 0 0 0 0 1 10 13 32 0 0 0 0 2 143 261 11509 4918 27 18 37
174 72 111 87 24 56 41 1219 61 4 81 0 24 17 NA 17 NA 10 61 1 9 15 31 0 0 0 0 1 9 15 31 0 0 0 0 1 153 261 11564 4919 25 20 36
175 84 111 86 25 56 37 1205 65 10 82 0 24 17 NA 17 NA 7 65 1 8 17 30 0 0 0 0 1 8 17 30 0 0 0 0 0 132 262 11619 4918 24 23 35
176 90 109 86 23 59 40 1168 64 8 78 0 24 17 NA 17 NA 8 64 3 8 19 29 0 0 0 0 3 8 19 29 0 0 0 0 2 130 262 11696 4922 20 25 33
177 49 108 85 23 58 41 1161 51 5 79 0 25 17 NA 17 NA 5 51 2 6 17 33 0 0 0 0 2 6 17 33 0 0 0 0 1 132 262 11777 4921 20 23 36
178 77 109 85 24 58 41 1149 63 4 81 0 26 17 NA 17 NA 5 63 2 5 17 34 0 0 0 0 2 5 17 34 0 0 0 0 2 150 264 11855 4919 20 24 37
179 63 105 82 23 56 36 1175 57 5 78 0 27 17 NA 17 NA 3 57 2 4 16 34 0 0 0 0 2 4 16 34 0 0 0 0 0 157 266 11912 4922 18 24 36
180 75 105 82 23 55 38 1164 53 3 77 0 28 17 NA 17 NA 6 53 1 4 14 36 0 0 0 0 1 4 14 36 0 0 0 0 3 126 269 11977 4923 17 22 38
181 77 104 81 23 55 42 1176 62 4 75 0 28 17 NA 17 NA 8 62 1 4 15 35 0 0 0 0 1 4 15 35 0 0 0 0 0 173 269 12054 4925 15 23 37
182 88 100 79 21 52 41 1172 64 9 74 0 29 17.5 NA 17.5 NA 8 64 0 4 13 35 0 0 0 0 0 4 13 35 0 0 0 0 0 143 269 12114 4926 15 22 37
183 85 101 79 22 51 35 1164 60 5 77 0 29 17 NA 17 NA 4 60 1 3 12 35 0 0 0 0 1 3 12 35 0 0 0 0 1 144 273 12181 4923 18 21 38
184 94 100 79 21 51 30 1154 71 10 75 0 28.5 17 NA 17 NA 7 71 1 5 11 34 0 0 0 0 1 5 11 34 0 0 0 0 2 146 277 12250 4925 18 20 37
185 74 98 77 21 51 27 1123 61 4 76 0 27.5 17 NA 17 NA 4 61 1 6 11 33 0 0 0 0 1 6 11 33 0 0 0 0 2 107 280 12309 4924 22 19 35
186 79 97 76 21 52 27 1106 62 6 75 0 28 17 NA 17 NA 8 62 1 7 9 35 0 0 0 0 1 7 9 35 0 0 0 0 0 136 282 12383 4925 23 16 36
187 81 91 71 20 47 25 1123 51 6 68 0 28 17 NA 17 NA 7 51 1 7 9 30 0 0 0 0 1 7 9 30 0 0 0 0 2 144 285 12442 4932 21 15 32
188 62 90 71 19 45 24 1142 45 7 68 0 22.5 17 NA 17 NA 6 45 1 8 5 31 0 0 0 0 1 8 5 31 0 0 0 0 1 147 286 12498 4932 24 11 33
189 92 92 74 18 43 29 1136 51 4 66 0 20 16 NA 16 NA 11 51 1 8 3 31 0 0 0 0 1 8 3 31 0 0 0 0 3 138 288 12568 4934 23 10 33
190 73 94 76 18 43 25 1132 61 10 69 0 20 16 NA 16 NA 6 61 0 8 4 31 0 0 0 0 0 8 4 31 0 0 0 0 1 144 289 12642 4931 24 10 35
191 79 100 81 19 46 32 1114 65 5 69 0 20 16.5 NA 16.5 NA 11 65 0 9 5 32 0 0 0 0 0 9 5 32 0 0 0 0 2 144 290 12725 4931 24 10 35
192 74 101 82 19 47 42 1120 61 5 72 0 21 17 NA 17 NA 14 61 0 8 6 33 0 0 0 0 0 8 6 33 0 0 0 0 0 136 290 12780 4928 26 10 36
193 85 106 86 20 45 33 1135 49 11 71 0 20.5 17 NA 17 NA 4 49 0 8 6 31 0 0 0 0 0 8 6 31 0 0 0 0 5 156 293 12851 4929 27 9 35
194 75 104 83 21 49 32 1162 49 9 71 0 21.5 17 NA 17 NA 10 49 0 9 8 32 0 0 0 0 0 9 8 32 0 0 0 0 1 164 295 12915 4929 26 9 36
195 81 105 84 21 50 29 1167 53 8 73 0 22 17.5 NA 17.5 NA 6 53 0 8 7 35 0 0 0 0 0 8 7 35 0 0 0 0 1 144 296 12973 4927 23 12 38
196 65 106 83 23 52 31 1159 61 8 74 0 23 17.5 NA 17.5 NA 8 61 0 7 10 35 0 0 0 0 0 7 10 35 0 0 0 0 1 133 297 13037 4926 23 14 37
197 69 105 82 23 52 28 1170 64 11 71 0 23 19.5 NA 19.5 NA 7 64 0 6 12 34 0 0 0 0 0 6 12 34 0 0 0 0 3 145 297 13088 4929 19 18 34
198 89 110 82 28 51 30 1181 55 4 70 0 22 18 NA 18 NA 6 55 0 6 13 32 0 0 0 0 0 6 13 32 0 0 0 0 3 147 297 13146 4930 18 20 32
199 93 110 83 27 50 34 1171 61 3 70 0 21 19.5 NA 19.5 NA 9 61 0 5 13 32 0 0 0 0 0 5 13 32 0 0 0 0 2 136 298 13206 4930 19 19 32
200 70 112 83 29 50 35 1161 67 6 72 0 22 19.5 NA 19.5 NA 9 67 0 3 15 32 0 0 0 0 0 3 15 32 0 0 0 0 2 142 300 13279 4928 18 22 32
201 90 115 86 29 50 38 1153 57 4 76 0 21 19.5 NA 19.5 NA 9 57 1 3 15 31 0 0 0 0 1 3 15 31 0 0 0 0 2 139 300 13348 4924 23 21 32
202 81 114 84 30 52 43 1155 65 8 76 0 21.5 21 NA 21 NA 13 65 1 3 16 32 0 0 0 0 1 3 16 32 0 0 0 0 1 141 303 13404 4924 22 22 32
203 88 115 85 30 54 33 1157 47 9 80 0 21 19.5 NA 19.5 NA 2 47 2 4 17 31 0 0 0 0 2 4 17 31 0 0 0 0 1 137 305 13468 4920 27 22 31
204 76 114 85 29 52 32 1162 55 5 78 0 20.5 19.5 NA 19.5 NA 5 55 1 4 17 30 0 0 0 0 1 4 17 30 0 0 0 0 2 139 305 13532 4922 24 24 30
205 73 113 84 29 54 34 1161 50 4 85 0 21 19.5 NA 19.5 NA 7 50 1 7 17 29 0 0 0 0 1 7 17 29 0 0 0 0 0 145 308 13609 4915 31 25 29
206 71 113 83 30 55 34 1144 64 5 84 0 22 19 NA 19 NA 6 64 2 7 16 30 0 0 0 0 2 7 16 30 0 0 0 0 0 141 309 13692 4916 30 24 30
207 95 113 83 30 54 37 1131 64 7 83 0 21 18.5 NA 18.5 NA 11 64 2 7 12 33 0 0 0 0 2 7 12 33 0 0 0 0 2 152 311 13764 4917 30 19 34
208 78 115 86 29 55 34 1142 61 7 83 0 21 19 NA 19 NA 5 61 2 8 12 33 0 0 0 0 2 8 12 33 0 0 0 0 0 144 313 13815 4917 29 20 34
209 79 113 84 29 54 33 1148 65 4 81 0 21 20 NA 20 NA 2 65 2 7 10 35 0 0 0 0 2 7 10 35 0 0 0 0 1 157 314 13878 4919 29 16 36
210 61 113 83 30 53 29 1150 55 5 83 0 21 18 NA 18 NA 3 55 2 8 10 33 0 0 0 0 2 8 10 33 0 0 0 0 2 141 317 13943 4917 34 15 34
211 68 112 82 30 53 28 1169 48 2 83 0 21.5 18 NA 18 NA 4 48 2 7 11 33 0 0 0 0 2 7 11 33 0 0 0 0 0 150 320 14007 4917 33 16 34
212 69 110 81 29 55 30 1178 55 6 85 0 22.5 19 NA 19 NA 9 55 2 8 10 35 0 0 0 0 2 8 10 35 0 0 0 0 0 147 323 14070 4915 34 15 36
213 65 106 80 26 54 27 1188 57 9 84 0 22 19 NA 19 NA 6 57 0 8 15 31 0 0 0 0 0 8 15 31 0 0 0 0 0 141 323 14133 4916 33 19 32
214 77 112 85 27 55 31 1188 56 4 85 0 23 19 NA 19 NA 7 56 0 9 14 32 0 0 0 0 0 9 14 32 0 0 0 0 4 143 324 14197 4915 33 18 34
215 72 114 86 28 59 30 1180 68 8 86 0 22.5 19 NA 19 NA 7 68 0 11 16 32 0 0 0 0 0 11 16 32 0 0 0 0 3 144 327 14261 4914 30 22 34
216 90 112 85 27 61 31 1148 75 8 88 0 23.5 19 NA 19 NA 7 75 0 12 15 34 0 0 0 0 0 12 15 34 0 0 0 0 1 135 328 14329 4912 32 19 37
217 97 110 83 27 61 28 1130 54 5 84 0 24 19 NA 19 NA 4 54 1 9 17 34 0 0 0 0 1 9 17 34 0 0 0 0 1 142 330 14401 4916 24 24 36
218 73 111 84 27 59 34 1137 44 2 83 0 25 19 NA 19 NA 9 44 1 8 16 34 0 0 0 0 1 8 16 34 0 0 0 0 1 145 331 14479 4917 24 23 36
219 72 108 81 27 56 34 1127 53 4 81 0 26 18.5 NA 18.5 NA 3 53 1 8 15 32 0 0 0 0 1 8 15 32 0 0 0 0 0 134 331 14551 4919 25 23 33
220 76 107 79 28 56 33 1160 49 6 84 0 27 18.5 NA 18.5 NA 5 49 1 7 15 33 0 0 0 0 1 7 15 33 0 0 0 0 0 166 332 14612 4916 26 24 34
221 64 106 79 27 57 35 1152 54 6 85 0 28 19 NA 19 NA 8 54 0 9 15 33 0 0 0 0 0 9 15 33 0 0 0 0 0 126 334 14679 4915 26 25 34
222 78 109 84 25 55 37 1126 60 5 83 0 25 20 NA 20 NA 9 60 0 6 17 32 0 0 0 0 0 6 17 32 0 0 0 0 3 133 334 14759 4917 23 26 34
223 69 108 84 24 55 33 1145 53 6 82 0 25 19 NA 19 NA 3 53 0 8 15 32 0 0 0 0 0 8 15 32 0 0 0 0 1 156 336 14827 4918 23 25 34
224 84 105 81 24 51 29 1162 52 5 77 0 26 19 NA 19 NA 4 52 0 6 15 30 0 0 0 0 0 6 15 30 0 0 0 0 2 150 338 14892 4923 20 25 32
225 79 107 83 24 51 31 1187 51 4 76 0 26 19 NA 19 NA 6 51 0 4 15 32 0 0 0 0 0 4 15 32 0 0 0 0 1 143 339 14940 4924 16 26 34
226 62 108 84 24 51 32 1210 52 3 78 0 26 20 NA 20 NA 5 52 0 4 15 32 0 0 0 0 0 4 15 32 0 0 0 0 2 158 341 15007 4922 18 26 34
227 71 110 86 24 52 29 1214 56 7 82 0 26.5 19.5 NA 19.5 NA 5 56 0 5 12 35 0 0 0 0 0 5 12 35 0 0 0 0 2 141 343 15069 4918 21 24 37
228 88 109 86 23 51 31 1196 68 3 81 0 27 20 NA 20 NA 8 68 1 4 12 34 0 0 0 0 1 4 12 34 0 0 0 0 0 141 346 15136 4919 19 26 36
229 79 104 81 23 47 34 1172 56 6 74 0 25.5 19 NA 19 NA 8 56 1 6 8 32 0 0 0 0 1 6 8 32 0 0 0 0 4 123 347 15208 4926 19 20 35
230 69 103 82 21 47 28 1189 45 7 73 0 26 20 NA 20 NA 4 45 0 8 8 31 0 0 0 0 0 8 8 31 0 0 0 0 2 153 350 15284 4927 20 19 34
231 83 102 82 20 49 27 1181 49 4 75 0 26 19 NA 19 NA 7 49 0 10 9 30 0 0 0 0 0 10 9 30 0 0 0 0 0 140 353 15361 4925 21 20 34
232 74 103 82 21 53 30 1208 69 6 76 0 26 17 NA 17 NA 8 69 2 11 9 31 0 0 0 0 2 11 9 31 0 0 0 0 1 177 354 15429 4924 19 22 35
233 86 102 81 21 54 29 1204 59 4 75 0 26.5 17.5 NA 17.5 NA 5 59 2 11 10 31 0 0 0 0 2 11 10 31 0 0 0 0 2 140 356 15491 4925 19 20 36
234 68 102 82 20 55 30 1225 59 5 80 0 26.5 16 NA 16 NA 6 59 2 12 9 32 0 0 0 0 2 12 9 32 0 0 0 0 2 156 357 15550 4920 23 19 38
235 67 102 81 21 54 31 1245 60 5 77 0 26.5 16.5 NA 16.5 NA 5 60 2 10 11 31 0 0 0 0 2 10 11 31 0 0 0 0 3 175 359 15626 4923 21 19 37
236 63 100 79 21 51 32 1231 62 7 74 0 26 16 NA 16 NA 6 62 2 11 10 28 0 0 0 0 2 11 10 28 0 0 0 0 1 137 359 15696 4926 22 18 34
237 81 100 79 21 53 35 1213 64 6 76 0 26.5 15 NA 15 NA 8 64 2 13 8 30 0 0 0 0 2 13 8 30 0 0 0 0 0 131 360 15761 4924 25 14 37
238 73 98 78 20 51 45 1201 64 4 76 0 27.5 15 NA 15 NA 15 64 2 11 9 29 0 0 0 0 2 11 9 29 0 0 0 0 0 150 361 15840 4924 24 16 36
239 69 98 78 20 52 43 1183 76 12 75 0 25 15.5 NA 15.5 NA 10 76 2 11 10 29 0 0 0 0 2 11 10 29 0 0 0 0 0 145 362 15908 4925 23 16 36
240 82 100 80 20 53 38 1172 65 8 76 0 25.5 16 NA 16 NA 5 65 2 11 10 30 0 0 0 0 2 11 10 30 0 0 0 0 1 143 362 15980 4924 23 14 39
241 72 104 84 20 57 36 1176 55 7 78 0 25.5 16 NA 16 NA 4 55 0 15 11 31 0 0 0 0 0 15 11 31 0 0 0 0 3 129 363 16029 4922 24 15 39
242 70 101 83 18 52 38 1153 64 3 75 0 24 15.5 NA 15.5 NA 7 64 0 13 9 30 0 0 0 0 0 13 9 30 0 0 0 0 3 126 364 16094 4925 24 14 37
243 83 99 79 20 49 36 1152 73 4 70 0 22 15 NA 15 NA 5 73 0 12 8 29 0 0 0 0 0 12 8 29 0 0 0 0 0 156 365 16159 4930 21 14 35
244 87 96 77 19 47 35 1161 47 9 65 0 22 15 NA 15 NA 8 47 0 13 8 26 0 0 0 0 0 13 8 26 0 0 0 0 2 164 365 16243 4935 23 10 32
245 76 95 76 19 46 31 1157 61 8 64 0 21 15 NA 15 NA 4 61 0 13 9 24 0 0 0 0 0 13 9 24 0 0 0 0 2 136 367 16301 4936 23 11 30
246 88 95 75 20 48 25 1161 69 10 66 0 22 15 NA 15 NA 7 69 0 11 13 24 0 0 0 0 0 11 13 24 0 0 0 0 0 163 370 16373 4934 19 16 31
247 84 96 76 20 47 23 1150 68 4 66 0 22 15 NA 15 NA 4 68 0 11 12 24 0 0 0 0 0 11 12 24 0 0 0 0 0 162 371 16452 4934 21 15 30
248 77 93 74 19 46 21 1162 52 3 66 0 23 15 NA 15 NA 5 52 1 10 13 22 0 0 0 0 1 10 13 22 0 0 0 0 0 142 375 16510 4934 22 16 28
249 72 95 77 18 45 25 1169 68 3 66 0 23 15 NA 15 NA 9 68 1 7 16 21 0 0 0 0 1 7 16 21 0 0 0 0 0 150 377 16567 4934 20 19 27
250 78 94 76 18 42 26 1162 54 5 62 0 21 15 NA 15 NA 7 54 1 6 14 21 0 0 0 0 1 6 14 21 0 0 0 0 2 134 378 16636 4938 18 18 26
251 74 95 78 17 40 18 1159 58 8 60 0 19 15 NA 15 NA 1 58 1 6 14 19 0 0 0 0 1 6 14 19 0 0 0 0 3 155 381 16708 4940 18 18 24
252 60 97 80 17 40 16 1180 60 4 61 0 19 14.5 NA 14.5 NA 4 60 2 7 12 19 0 0 0 0 2 7 12 19 0 0 0 0 1 157 384 16767 4939 21 16 24
253 71 94 78 16 40 21 1196 62 5 62 0 18.5 15 NA 15 NA 6 62 2 5 14 19 0 0 0 0 2 5 14 19 0 0 0 0 1 144 384 16816 4938 22 17 23
254 86 92 78 14 39 23 1191 56 4 62 0 19 15 NA 15 NA 8 56 1 5 14 19 0 0 0 0 1 5 14 19 0 0 0 0 1 128 385 16867 4938 21 18 23
255 87 90 76 14 39 20 1171 62 7 62 0 20 15 NA 15 NA 3 62 1 6 12 20 0 0 0 0 1 6 12 20 0 0 0 0 1 143 385 16944 4938 22 16 24
256 85 94 80 14 40 25 1180 61 6 66 0 20.5 15 NA 15 NA 10 61 0 7 12 21 0 0 0 0 0 7 12 21 0 0 0 0 3 153 385 17013 4934 25 17 24
257 85 92 78 14 41 22 1173 53 9 66 0 21 15 NA 15 NA 4 53 0 9 11 21 0 0 0 0 0 9 11 21 0 0 0 0 0 133 385 17077 4934 26 16 24
258 78 94 80 14 43 25 1193 53 6 66 0 21.5 16 NA 16 NA 7 53 0 8 10 25 0 0 0 0 0 8 10 25 0 0 0 0 0 168 385 17152 4934 24 13 29
259 70 97 83 14 41 24 1166 58 5 68 0 19 16 NA 16 NA 7 58 0 8 10 23 0 0 0 0 0 8 10 23 0 0 0 0 3 126 388 17231 4932 25 16 27
260 85 93 79 14 39 21 1158 68 11 64 0 19 17 NA 17 NA 7 68 0 8 9 22 0 0 0 0 0 8 9 22 0 0 0 0 3 150 388 17301 4936 23 16 25
261 60 89 75 14 37 28 1177 49 4 64 0 20 17 NA 17 NA 10 49 0 9 7 21 0 0 0 0 0 9 7 21 0 0 0 0 0 146 388 17362 4936 25 15 24
262 75 91 77 14 39 26 1190 56 6 64 0 20 17 NA 17 NA 5 56 0 10 8 21 0 0 0 0 0 10 8 21 0 0 0 0 0 145 390 17418 4936 26 14 24
263 70 94 80 14 38 25 1182 62 5 66 0 20 16.5 NA 16.5 NA 5 62 0 9 8 21 0 0 0 0 0 9 8 21 0 0 0 0 4 141 393 17489 4934 28 14 24
264 81 96 83 13 38 26 1195 51 6 68 0 20 17 NA 17 NA 6 51 0 9 9 20 0 0 0 0 0 9 9 20 0 0 0 0 1 157 393 17561 4932 29 16 23
265 88 97 84 13 38 32 1210 53 1 69 0 21 17 NA 17 NA 7 53 0 7 9 22 0 0 0 0 0 7 9 22 0 0 0 0 1 148 394 17623 4931 28 16 25
266 76 98 84 14 37 36 1193 57 5 68 0 20 17 NA 17 NA 8 57 0 7 9 21 0 0 0 0 0 7 9 21 0 0 0 0 3 126 395 17687 4932 27 17 24
267 67 104 89 15 40 42 1187 62 7 69 0 20 16 NA 16 NA 11 62 0 10 9 21 0 0 0 0 0 10 9 21 0 0 0 0 5 138 395 17756 4931 26 19 24
268 71 106 91 15 42 41 1212 53 8 71 0 20 16 NA 16 NA 7 53 1 8 12 21 0 0 0 0 1 8 12 21 0 0 0 0 3 161 395 17820 4929 24 22 25
269 91 106 91 15 44 40 1199 72 8 70 0 21 16 NA 16 NA 9 72 1 8 12 23 0 0 0 0 1 8 12 23 0 0 0 0 0 144 398 17880 4930 21 23 26
270 76 104 91 13 45 35 1210 62 7 71 0 22 16 NA 16 NA 3 62 1 8 12 24 0 0 0 0 1 8 12 24 0 0 0 0 1 176 398 17967 4929 23 21 27
271 77 100 87 13 45 34 1217 50 6 71 0 23 16 NA 16 NA 5 50 1 6 14 24 0 0 0 0 1 6 14 24 0 0 0 0 0 136 398 18026 4929 21 22 28
272 81 99 87 12 46 30 1217 59 7 71 0 23 16 NA 16 NA 3 59 3 6 13 24 0 0 0 0 3 6 13 24 0 0 0 0 2 161 399 18108 4929 24 20 27
273 68 99 85 14 44 30 1201 68 2 69 0 22 16 NA 16 NA 4 68 3 6 12 23 0 0 0 0 3 6 12 23 0 0 0 0 0 135 401 18174 4931 21 22 26
274 61 100 85 15 44 26 1234 54 7 69 0 22.5 16 NA 16 NA 7 54 3 5 14 22 0 0 0 0 3 5 14 22 0 0 0 0 3 154 405 18226 4931 21 23 25
275 74 97 82 15 44 33 1196 74 5 70 0 24 15.5 NA 15.5 NA 10 74 3 6 14 21 0 0 0 0 3 6 14 21 0 0 0 0 1 131 406 18296 4930 21 25 24
276 73 96 81 15 45 31 1184 55 9 71 0 24.5 16 NA 16 NA 10 55 2 7 14 22 0 0 0 0 2 7 14 22 0 0 0 0 1 140 409 18370 4929 19 26 26
277 70 97 82 15 47 37 1166 54 6 71 0 25 15 NA 15 NA 13 54 3 9 13 22 0 0 0 0 3 9 13 22 0 0 0 0 3 141 411 18450 4929 20 24 27
278 74 96 81 15 48 39 1158 61 8 72 0 26 15.5 NA 15.5 NA 9 61 4 8 14 22 0 0 0 0 4 8 14 22 0 0 0 0 1 123 411 18504 4928 21 23 28
279 85 94 79 15 48 32 1146 57 12 73 0 25.5 15.5 NA 15.5 NA 7 57 4 9 15 20 0 0 0 0 4 9 15 20 0 0 0 0 0 124 414 18562 4927 24 22 27
280 71 93 78 15 47 32 1147 51 4 74 0 25 15 NA 15 NA 5 51 2 10 12 23 0 0 0 0 2 10 12 23 0 0 0 0 0 142 416 18641 4926 25 20 29
281 79 96 80 16 48 29 1165 55 6 74 0 24 15 NA 15 NA 6 55 2 12 12 22 0 0 0 0 2 12 12 22 0 0 0 0 3 158 419 18708 4926 26 19 29
282 66 95 80 15 48 33 1155 46 6 74 0 24 15 NA 15 NA 9 46 2 12 13 21 0 0 0 0 2 12 13 21 0 0 0 0 0 139 419 18794 4926 25 21 28
283 77 98 83 15 50 35 1138 59 6 74 0 24.5 15 NA 15 NA 8 59 2 13 11 24 0 0 0 0 2 13 11 24 0 0 0 0 1 134 419 18866 4926 23 19 32
284 83 98 84 14 52 33 1146 54 10 73 0 24.5 15.5 NA 15.5 NA 9 54 2 12 14 24 0 0 0 0 2 12 14 24 0 0 0 0 2 153 419 18937 4927 21 21 31
285 78 99 85 14 52 32 1159 50 6 73 0 25 15.5 NA 15.5 NA 4 50 2 13 11 26 0 0 0 0 2 13 11 26 0 0 0 0 3 139 419 18996 4927 22 18 33
286 66 97 83 14 50 32 1144 54 6 74 0 24 15.5 NA 15.5 NA 5 54 1 15 10 24 0 0 0 0 1 15 10 24 0 0 0 0 1 140 419 19079 4926 25 18 31
287 90 99 84 15 50 40 1143 60 0 73 0 24 15.5 NA 15.5 NA 10 60 1 11 13 25 0 0 0 0 1 11 13 25 0 0 0 0 1 137 421 19137 4927 21 20 32
288 73 101 86 15 51 44 1153 62 6 75 0 25 15 NA 15 NA 10 62 1 10 13 27 0 0 0 0 1 10 13 27 0 0 0 0 1 144 422 19199 4925 21 18 36
289 75 96 83 13 51 36 1154 54 8 73 0 25.5 15 NA 15 NA 3 54 1 12 13 25 0 0 0 0 1 12 13 25 0 0 0 0 0 135 426 19262 4927 23 16 34
290 82 98 84 14 51 31 1177 50 4 73 0 26 15 NA 15 NA 3 50 1 10 14 26 0 0 0 0 1 10 14 26 0 0 0 0 2 144 429 19314 4927 21 17 35
291 76 101 84 17 51 31 1181 57 2 72 0 25 16 NA 16 NA 5 57 1 8 15 27 0 0 0 0 1 8 15 27 0 0 0 0 2 135 433 19376 4928 17 19 36
292 75 97 80 17 47 34 1188 58 3 69 0 25 16 NA 16 NA 7 58 1 5 16 25 0 0 0 0 1 5 16 25 0 0 0 0 0 150 435 19440 4931 15 20 34
293 75 95 78 17 48 30 1167 57 9 67 0 26 15.5 NA 15.5 NA 6 57 2 6 16 24 0 0 0 0 2 6 16 24 0 0 0 0 3 138 435 19520 4933 15 20 32
294 78 98 81 17 49 32 1124 63 3 67 0 26.5 15 NA 15 NA 6 63 2 7 15 25 0 0 0 0 2 7 15 25 0 0 0 0 1 118 436 19599 4933 14 19 34
295 68 98 81 17 48 32 1106 61 4 66 0 25.5 15 NA 15 NA 5 61 2 8 14 24 0 0 0 0 2 8 14 24 0 0 0 0 2 131 438 19668 4934 16 17 33
296 75 93 76 17 48 34 1080 56 5 65 0 24 15 NA 15 NA 6 56 1 8 13 26 0 0 0 0 1 8 13 26 0 0 0 0 0 124 438 19746 4935 17 15 33
297 78 93 74 19 45 34 1099 54 3 65 0 23 15 NA 15 NA 5 54 1 9 13 22 0 0 0 0 1 9 13 22 0 0 0 0 3 162 440 19809 4935 19 17 29
298 73 91 72 19 44 37 1126 58 6 64 0 24 15 NA 15 NA 10 58 1 9 12 22 0 0 0 0 1 9 12 22 0 0 0 0 1 157 441 19867 4936 17 18 29
299 64 89 70 19 42 33 1125 51 7 64 0 23 15 NA 15 NA 5 51 1 9 10 22 0 0 0 0 1 9 10 22 0 0 0 0 0 129 443 19930 4936 20 15 29
300 90 91 72 19 43 32 1127 54 4 66 0 23 15 NA 15 NA 4 54 0 9 9 25 0 0 0 0 0 9 9 25 0 0 0 0 1 135 445 19993 4934 21 14 31
301 79 88 70 18 42 29 1125 61 7 64 0 23.5 15 NA 15 NA 6 61 0 9 9 24 0 0 0 0 0 9 9 24 0 0 0 0 0 149 447 20063 4936 20 14 30
302 73 86 69 17 43 32 1152 54 4 62 0 22 15 NA 15 NA 6 54 0 9 10 24 0 0 0 0 0 9 10 24 0 0 0 0 1 153 447 20122 4938 20 14 28
303 73 89 72 17 44 30 1145 61 6 65 0 22 15.5 NA 15.5 NA 5 61 1 10 9 24 0 0 0 0 1 10 9 24 0 0 0 0 4 138 449 20188 4935 24 12 29
304 84 89 70 19 42 30 1142 50 4 64 0 21 15.5 NA 15.5 NA 5 50 0 9 9 24 0 0 0 0 0 9 9 24 0 0 0 0 1 131 450 20258 4936 23 12 29
305 80 93 74 19 44 33 1162 51 6 67 0 21 15.5 NA 15.5 NA 11 51 1 8 10 25 0 0 0 0 1 8 10 25 0 0 0 0 0 154 452 20324 4933 24 13 30
306 65 86 70 16 42 34 1184 57 8 65 0 22 15.5 NA 15.5 NA 8 57 1 8 10 23 0 0 0 0 1 8 10 23 0 0 0 0 0 152 452 20379 4935 25 13 27
307 61 88 72 16 43 31 1184 63 9 65 0 22.5 16 NA 16 NA 7 63 1 9 10 23 0 0 0 0 1 9 10 23 0 0 0 0 2 136 454 20440 4935 24 14 27
308 78 89 74 15 42 26 1191 53 6 62 0 23 16 NA 16 NA 5 53 1 8 9 24 0 0 0 0 1 8 9 24 0 0 0 0 2 137 456 20499 4938 20 14 28
309 80 93 76 17 42 30 1174 66 1 64 0 23 16 NA 16 NA 6 66 1 6 11 24 0 0 0 0 1 6 11 24 0 0 0 0 4 142 457 20575 4936 19 15 30
310 66 94 77 17 42 32 1183 54 5 64 0 23 16 NA 16 NA 6 54 1 5 11 25 0 0 0 0 1 5 11 25 0 0 0 0 2 141 458 20638 4936 18 15 31
311 79 95 76 19 41 32 1204 56 5 64 0 23 16 NA 16 NA 6 56 1 3 13 24 0 0 0 0 1 3 13 24 0 0 0 0 3 156 459 20702 4936 17 18 29
312 70 95 76 19 41 32 1206 45 4 65 0 23 16 NA 16 NA 5 45 1 3 12 25 0 0 0 0 1 3 12 25 0 0 0 0 0 120 459 20757 4935 18 17 30
313 71 96 77 19 42 30 1204 56 6 66 0 23 16.5 NA 16.5 NA 4 56 1 4 11 26 0 0 0 0 1 4 11 26 0 0 0 0 0 155 460 20835 4934 18 17 31
314 75 97 78 19 42 35 1182 67 5 65 0 22 16 NA 16 NA 10 67 2 5 10 25 0 0 0 0 2 5 10 25 0 0 0 0 1 128 461 20904 4935 19 16 30
315 75 99 80 19 40 38 1188 56 5 68 0 22 16 NA 16 NA 11 56 1 6 10 23 0 0 0 0 1 6 10 23 0 0 0 0 3 154 464 20977 4932 22 18 28
316 72 95 76 19 35 36 1189 55 9 65 0 22 16 NA 16 NA 7 55 1 4 10 20 0 0 0 0 1 4 10 20 0 0 0 0 1 133 464 21040 4935 22 18 25
317 76 96 76 20 37 39 1163 62 6 66 0 20 16 NA 16 NA 10 62 1 4 11 21 0 0 0 0 1 4 11 21 0 0 0 0 2 133 466 21114 4934 22 19 25
318 69 99 76 23 38 36 1160 44 8 67 0 20 16.5 NA 16.5 NA 6 44 1 5 11 21 0 0 0 0 1 5 11 21 0 0 0 0 0 135 467 21192 4933 21 21 25
319 76 101 79 22 39 38 1144 56 8 69 0 20 16 NA 16 NA 10 56 1 6 10 22 0 0 0 0 1 6 10 22 0 0 0 0 1 136 468 21269 4931 22 20 27
320 71 105 80 25 40 38 1121 70 6 73 0 20 16.5 NA 16.5 NA 6 70 0 7 10 23 0 0 0 0 0 7 10 23 0 0 0 0 1 127 469 21335 4927 26 17 30
321 83 101 76 25 41 38 1114 70 4 73 0 20 18 NA 18 NA 5 70 0 9 8 24 0 0 0 0 0 9 8 24 0 0 0 0 0 154 470 21404 4927 28 15 30
322 85 96 72 24 42 36 1100 53 9 71 0 20.5 18.5 NA 18.5 NA 7 53 0 12 7 23 0 0 0 0 0 12 7 23 0 0 0 0 1 133 472 21476 4929 28 14 29
323 88 99 75 24 42 31 1110 56 4 74 0 20 18.5 NA 18.5 NA 3 56 0 11 6 25 0 0 0 0 0 11 6 25 0 0 0 0 2 162 473 21550 4926 30 14 30
324 87 95 72 23 39 28 1130 61 4 71 0 21 19 NA 19 NA 6 61 0 9 6 24 0 0 0 0 0 9 6 24 0 0 0 0 1 154 476 21605 4929 28 14 29
325 78 94 71 23 39 30 1096 60 7 70 0 22 19 NA 19 NA 8 60 0 10 7 22 0 0 0 0 0 10 7 22 0 0 0 0 1 123 476 21680 4930 28 14 28
326 85 93 70 23 37 30 1132 42 3 69 0 22 19 NA 19 NA 3 42 0 10 8 19 0 0 0 0 0 10 8 19 0 0 0 0 0 157 476 21742 4931 29 15 25
327 78 92 67 25 35 29 1130 46 6 67 0 21 18 NA 18 NA 5 46 0 7 11 17 0 0 0 0 0 7 11 17 0 0 0 0 0 131 477 21807 4933 26 18 23
328 93 90 66 24 34 31 1126 60 5 65 0 21 17 NA 17 NA 6 60 1 6 11 16 0 0 0 0 1 6 11 16 0 0 0 0 0 146 478 21872 4935 24 19 22
329 76 88 66 22 36 36 1129 61 5 63 0 21 17.5 NA 17.5 NA 10 61 1 7 12 16 0 0 0 0 1 7 12 16 0 0 0 0 1 146 478 21938 4937 22 19 22
330 69 88 65 23 36 42 1112 64 7 64 0 22 17 NA 17 NA 11 64 2 8 11 15 0 0 0 0 2 8 11 15 0 0 0 0 3 128 479 22003 4936 25 17 22
331 56 88 65 23 40 39 1114 55 9 66 0 23 17.5 NA 17.5 NA 8 55 2 9 12 17 0 0 0 0 2 9 12 17 0 0 0 0 0 144 480 22078 4934 25 18 23
332 63 86 63 23 40 33 1119 64 7 67 0 23.5 18.5 NA 18.5 NA 4 64 1 9 14 16 0 0 0 0 1 9 14 16 0 0 0 0 0 141 484 22134 4933 24 21 22
333 70 89 66 23 42 34 1139 59 7 67 0 24 18.5 NA 18.5 NA 6 59 1 8 17 16 0 0 0 0 1 8 17 16 0 0 0 0 2 157 484 22191 4933 21 23 23
334 94 93 70 23 41 30 1162 53 6 66 0 24 18 NA 18 NA 2 53 1 7 17 16 0 0 0 0 1 7 17 16 0 0 0 0 1 148 486 22241 4934 19 23 24
335 82 91 69 22 42 26 1141 58 5 68 0 24 17.5 NA 17.5 NA 6 58 0 10 17 15 0 0 0 0 0 10 17 15 0 0 0 0 0 140 489 22320 4932 20 26 22
336 60 92 69 23 43 27 1126 45 3 69 0 25 17 NA 17 NA 5 45 1 9 16 17 0 0 0 0 1 9 16 17 0 0 0 0 1 123 490 22389 4931 20 25 24
337 69 91 69 22 44 30 1149 61 5 68 0 26 18 NA 18 NA 10 61 1 10 16 17 0 0 0 0 1 10 16 17 0 0 0 0 0 154 492 22440 4932 20 25 23
338 69 90 68 22 43 32 1156 71 4 69 0 26.5 17 NA 17 NA 9 71 1 8 18 16 0 0 0 0 1 8 18 16 0 0 0 0 2 157 495 22506 4931 20 27 22
339 82 92 70 22 42 34 1177 54 6 70 0 25 18 NA 18 NA 7 54 0 10 13 19 0 0 0 0 0 10 13 19 0 0 0 0 2 154 495 22562 4930 23 22 25
340 64 93 71 22 44 35 1169 61 7 71 0 26 18 NA 18 NA 6 61 0 11 13 20 0 0 0 0 0 11 13 20 0 0 0 0 1 130 496 22626 4929 23 21 27
341 89 97 75 22 45 38 1161 55 6 73 0 24 19 NA 19 NA 7 55 0 11 13 21 0 0 0 0 0 11 13 21 0 0 0 0 3 138 496 22684 4927 23 21 29
342 72 98 74 24 45 37 1155 69 5 75 0 24.5 19 NA 19 NA 8 69 0 9 15 21 0 0 0 0 0 9 15 21 0 0 0 0 1 142 500 22748 4925 23 24 28
343 78 99 74 25 45 38 1160 53 2 73 0 25 19 NA 19 NA 6 53 0 8 16 21 0 0 0 0 0 8 16 21 0 0 0 0 2 149 502 22819 4927 21 23 29
344 84 98 73 25 46 31 1147 54 11 71 0 25 17.5 NA 17.5 NA 7 54 0 8 14 24 0 0 0 0 0 8 14 24 0 0 0 0 1 135 505 22894 4929 19 20 32
345 85 96 73 23 44 36 1151 55 4 71 0 25 17 NA 17 NA 8 55 0 8 12 24 0 0 0 0 0 8 12 24 0 0 0 0 0 150 505 22969 4929 21 18 32
346 78 96 73 23 44 36 1131 63 7 72 0 25.5 17 NA 17 NA 7 63 0 7 11 26 0 0 0 0 0 7 11 26 0 0 0 0 2 136 505 23041 4928 22 17 33
347 69 98 75 23 44 37 1141 48 5 71 0 24.5 17 NA 17 NA 4 48 0 6 12 26 0 0 0 0 0 6 12 26 0 0 0 0 3 128 505 23096 4929 18 18 35
348 87 101 78 23 45 32 1138 49 11 71 0 25 17 NA 17 NA 5 49 1 6 12 26 0 0 0 0 1 6 12 26 0 0 0 0 2 134 506 23148 4929 19 17 35
349 72 103 80 23 44 34 1148 50 3 71 0 24 17 NA 17 NA 6 50 1 5 13 25 0 0 0 0 1 5 13 25 0 0 0 0 1 145 507 23219 4929 19 18 34
350 74 102 79 23 44 29 1139 50 6 71 0 25.5 17 NA 17 NA 6 50 1 4 13 26 0 0 0 0 1 4 13 26 0 0 0 0 0 132 512 23297 4929 17 19 35
351 71 103 79 24 45 25 1134 53 6 72 0 25 17 NA 17 NA 5 53 1 3 15 26 0 0 0 0 1 3 15 26 0 0 0 0 3 137 517 23366 4928 17 22 33
352 83 102 77 25 42 28 1143 57 1 69 0 25 16.5 NA 16.5 NA 8 57 0 3 14 25 0 0 0 0 0 3 14 25 0 0 0 0 3 147 520 23423 4931 16 22 31
353 73 100 75 25 42 31 1121 67 6 71 0 26 16.5 NA 16.5 NA 10 67 0 3 13 26 0 0 0 0 0 3 13 26 0 0 0 0 0 130 523 23487 4929 18 20 33
354 81 101 77 24 42 35 1089 68 7 70 0 25 16 NA 16 NA 9 68 0 4 12 26 0 0 0 0 0 4 12 26 0 0 0 0 3 121 523 23553 4930 16 20 34
355 67 101 77 24 43 36 1101 50 2 71 0 26 16 NA 16 NA 5 50 0 5 11 27 0 0 0 0 0 5 11 27 0 0 0 0 4 147 523 23617 4929 18 17 36
356 86 104 80 24 44 38 1099 55 5 69 0 24.5 16 NA 16 NA 9 55 0 7 9 28 0 0 0 0 0 7 9 28 0 0 0 0 2 136 524 23675 4931 17 15 37
357 85 102 80 22 44 37 1115 53 7 67 0 24 16.5 NA 16.5 NA 5 53 0 6 10 28 0 0 0 0 0 6 10 28 0 0 0 0 2 164 525 23752 4933 15 16 36
358 70 103 80 23 44 40 1119 57 4 68 0 24 16.5 NA 16.5 NA 8 57 0 4 12 28 0 0 0 0 0 4 12 28 0 0 0 0 2 143 526 23816 4932 15 17 36
359 75 100 78 22 44 37 1161 58 4 66 0 24 16 NA 16 NA 2 58 0 6 11 27 0 0 0 0 0 6 11 27 0 0 0 0 0 171 528 23872 4934 16 15 35
360 82 98 77 21 41 41 1176 64 4 66 0 21 16 NA 16 NA 9 64 0 7 10 24 0 0 0 0 0 7 10 24 0 0 0 0 1 157 529 23930 4934 19 15 32
