1 82 98 83 15 46 35 1225 53 10 76 0 26 18 NA 18 NA 11 53 1 5 17 23 0 0 0 0 1 5 17 23 0 0 0 0 2 133 0 0 4924 19 27 30
2 102 99 83 16 46 33 1281 62 12 76 0 26 18 NA 18 NA 11 62 1 5 17 23 0 0 0 0 1 5 17 23 0 0 0 0 1 144 0 0 4924 19 27 30
3 73 99 81 18 46 36 1318 65 9 76 0 27 18 NA 18 NA 11 65 1 6 17 22 0 0 0 0 1 6 17 22 0 0 0 0 0 125 0 0 4924 19 27 30
4 84 99 81 18 46 33 1361 65 12 74 0 27 17.5 NA 17.5 NA 9 65 1 7 16 22 0 0 0 0 1 7 16 22 0 0 0 0 2 129 0 0 4926 20 25 29
5 79 95 81 14 46 30 1424 68 7 73 0 28 17.5 NA 17.5 NA 5 68 1 8 16 21 0 0 0 0 1 8 16 21 0 0 0 0 1 154 0 0 4927 20 25 28
6 81 95 81 14 45 31 1480 74 3 71 0 29 18 NA 18 NA 4 74 1 6 16 22 0 0 0 0 1 6 16 22 0 0 0 0 2 152 0 0 4929 17 24 30
7 64 96 81 15 45 34 1525 63 6 71 0 29.5 18 NA 18 NA 8 63 1 7 14 23 0 0 0 0 1 7 14 23 0 0 0 0 1 125 0 0 4929 18 21 32
8 72 97 79 18 44 40 1546 73 6 70 0 29 17.5 NA 17.5 NA 12 73 1 7 14 22 0 0 0 0 1 7 14 22 0 0 0 0 0 121 0 0 4930 17 21 32
9 68 95 77 18 45 45 1593 60 9 68 0 27 18 NA 18 NA 11 60 1 7 14 23 0 0 0 0 1 7 14 23 0 0 0 0 2 126 0 0 4932 18 20 30
10 87 94 77 17 45 45 1605 71 6 70 0 25.5 18 NA 18 NA 7 71 2 7 11 25 0 0 0 0 2 7 11 25 0 0 0 0 1 108 0 0 4930 20 18 32
11 77 96 78 18 46 45 1625 68 13 70 0 25 18 NA 18 NA 13 68 1 6 11 28 0 0 0 0 1 6 11 28 0 0 0 0 3 120 0 0 4930 18 16 36
12 61 94 77 17 48 49 1643 75 9 70 0 26.5 18 NA 18 NA 13 75 1 6 11 30 0 0 0 0 1 6 11 30 0 0 0 0 0 114 0 0 4930 18 15 37
13 76 92 75 17 49 35 1066 52 11 68 0 26.5 18 NA 18 NA 5 52 2 7 9 31 0 0 0 0 2 7 9 31 0 0 0 0 1 111 8 615 4932 19 12 37
14 76 90 72 18 46 39 1058 52 5 65 0 27 18 NA 18 NA 10 52 2 6 9 29 0 0 0 0 2 6 9 29 0 0 0 0 0 138 9 688 4935 18 12 35
15 87 89 69 20 43 32 1054 54 7 64 0 24 18 NA 18 NA 2 54 2 5 9 27 0 0 0 0 2 5 9 27 0 0 0 0 3 144 11 762 4936 18 13 33
16 93 94 74 20 47 34 1038 63 8 67 0 24 18 NA 18 NA 8 63 2 6 11 28 0 0 0 0 2 6 11 28 0 0 0 0 3 143 12 833 4933 19 14 34
17 69 96 76 20 49 37 1026 54 8 67 0 23.5 18 NA 18 NA 8 54 2 8 12 27 0 0 0 0 2 8 12 27 0 0 0 0 3 130 12 905 4933 19 15 33
18 85 96 76 20 48 34 1012 39 5 70 0 24 18.5 NA 18.5 NA 4 39 2 6 12 28 0 0 0 0 2 6 12 28 0 0 0 0 1 123 14 987 4930 21 15 34
19 88 97 77 20 48 35 1045 35 3 68 0 22 18.5 NA 18.5 NA 3 35 2 6 13 27 0 0 0 0 2 6 13 27 0 0 0 0 1 147 14 1050 4932 21 15 32
20 70 101 80 21 48 35 1075 50 4 70 0 22 19 NA 19 NA 5 50 2 6 12 28 0 0 0 0 2 6 12 28 0 0 0 0 4 141 16 1094 4930 23 14 33
21 76 103 83 20 48 35 1106 52 1 71 0 23 19 NA 19 NA 6 52 1 7 11 29 0 0 0 0 1 7 11 29 0 0 0 0 2 169 21 1164 4929 22 15 34
22 89 104 84 20 48 32 1133 50 4 68 0 20 19 NA 19 NA 4 50 2 5 12 29 0 0 0 0 2 5 12 29 0 0 0 0 4 146 23 1211 4932 19 16 33
23 75 107 87 20 53 27 1131 46 8 72 0 20 18 NA 18 NA 4 46 2 8 11 32 0 0 0 0 2 8 11 32 0 0 0 0 2 126 25 1268 4928 21 15 36
24 71 107 88 19 55 31 1143 55 4 71 0 20 18 NA 18 NA 6 55 2 9 12 32 0 0 0 0 2 9 12 32 0 0 0 0 0 134 25 1320 4929 20 15 36
25 65 106 88 18 52 35 1185 42 2 70 0 20.5 18 NA 18 NA 7 42 1 10 12 29 0 0 0 0 1 10 12 29 0 0 0 0 1 157 26 1374 4930 21 16 33
26 79 105 86 19 50 31 1208 49 5 69 0 20 18.5 NA 18.5 NA 4 49 1 10 11 28 0 0 0 0 1 10 11 28 0 0 0 0 0 152 29 1433 4931 22 15 32
27 78 108 88 20 50 35 1244 45 1 68 0 21 18.5 NA 18.5 NA 4 45 1 9 12 28 0 0 0 0 1 9 12 28 0 0 0 0 2 172 29 1500 4932 21 15 32
28 79 110 90 20 50 37 1221 62 6 73 0 20.5 18 NA 18 NA 7 62 1 9 11 29 0 0 0 0 1 9 11 29 0 0 0 0 2 131 29 1571 4927 24 16 33
29 74 112 91 21 49 40 1197 56 3 75 0 20.5 17 NA 17 NA 10 56 1 10 9 29 0 0 0 0 1 10 9 29 0 0 0 0 3 129 32 1644 4925 27 15 33
30 92 109 89 20 49 33 1187 63 9 75 0 22 17 NA 17 NA 6 63 1 8 11 29 0 0 0 0 1 8 11 29 0 0 0 0 0 138 37 1708 4925 24 18 33
31 80 108 89 19 49 30 1189 51 5 77 0 21.5 17 NA 17 NA 6 51 0 10 10 29 0 0 0 0 0 10 10 29 0 0 0 0 0 137 40 1780 4923 26 18 33
32 86 108 89 19 51 25 1205 49 7 80 0 21.5 17 NA 17 NA 3 49 0 10 11 30 0 0 0 0 0 10 11 30 0 0 0 0 1 155 42 1844 4920 28 18 34
33 79 108 89 19 50 27 1192 63 4 79 0 22 17 NA 17 NA 7 63 0 11 11 28 0 0 0 0 0 11 11 28 0 0 0 0 2 146 44 1919 4921 29 17 33
34 83 113 94 19 49 30 1179 54 4 83 0 20 17 NA 17 NA 6 54 0 11 8 30 0 0 0 0 0 11 8 30 0 0 0 0 3 144 44 2001 4917 33 15 35
35 82 115 97 18 49 28 1195 61 6 85 0 19 17 NA 17 NA 5 61 0 8 10 31 0 0 0 0 0 8 10 31 0 0 0 0 2 151 44 2055 4915 32 17 36
36 71 111 93 18 44 32 1191 58 4 79 0 20 17 NA 17 NA 11 58 0 7 9 28 0 0 0 0 0 7 9 28 0 0 0 0 2 143 47 2123 4921 30 16 33
37 78 112 93 19 46 30 1168 64 7 79 0 21 17 NA 17 NA 8 64 0 7 11 28 0 0 0 0 0 7 11 28 0 0 0 0 3 142 49 2204 4921 29 18 32
38 96 111 92 19 44 28 1153 56 6 76 0 21 17 NA 17 NA 7 56 0 6 11 27 0 0 0 0 0 6 11 27 0 0 0 0 1 132 51 2278 4924 27 19 30
39 74 114 91 23 46 32 1130 58 6 79 0 20 17 NA 17 NA 7 58 0 9 10 27 0 0 0 0 0 9 10 27 0 0 0 0 1 130 51 2358 4921 31 18 30
40 75 111 88 23 47 27 1142 46 7 77 0 20 17 NA 17 NA 3 46 1 10 9 27 0 0 0 0 1 10 9 27 0 0 0 0 1 143 51 2418 4923 28 19 30
41 89 111 87 24 48 26 1147 50 3 77 0 21 17 NA 17 NA 3 50 2 10 11 25 0 0 0 0 2 10 11 25 0 0 0 0 2 148 52 2488 4923 29 19 29
42 102 112 89 23 47 34 1160 43 2 75 0 21 17 NA 17 NA 11 43 2 10 9 26 0 0 0 0 2 10 9 26 0 0 0 0 2 145 53 2552 4925 28 15 32
43 65 112 89 23 46 44 1184 55 4 75 0 21.5 17 NA 17 NA 13 55 2 6 13 25 0 0 0 0 2 6 13 25 0 0 0 0 0 154 53 2613 4925 25 18 32
44 85 109 86 23 45 42 1191 56 6 74 0 22 17 NA 17 NA 7 56 2 5 11 27 0 0 0 0 2 5 11 27 0 0 0 0 0 159 55 2687 4926 22 19 33
45 66 107 84 23 45 42 1203 59 9 74 0 23 17 NA 17 NA 10 59 1 5 13 26 0 0 0 0 1 5 13 26 0 0 0 0 1 167 56 2764 4926 22 21 31
46 59 106 83 23 46 49 1224 47 3 79 0 24 17 NA 17 NA 12 47 0 6 14 26 0 0 0 0 0 6 14 26 0 0 0 0 0 144 58 2825 4921 24 24 31
47 74 109 86 23 49 44 1214 62 9 83 0 25 17 NA 17 NA 6 62 1 6 14 28 0 0 0 0 1 6 14 28 0 0 0 0 2 143 59 2892 4917 27 22 34
48 64 109 86 23 51 42 1212 51 3 85 0 26 17 NA 17 NA 4 51 1 8 14 28 0 0 0 0 1 8 14 28 0 0 0 0 0 140 61 2970 4915 29 22 34
49 79 111 88 23 51 44 1212 61 7 84 0 22 17 NA 17 NA 8 61 1 10 12 28 0 0 0 0 1 10 12 28 0 0 0 0 3 134 63 3031 4916 29 21 34
50 76 113 90 23 50 39 1196 67 8 84 0 23 17 NA 17 NA 5 67 1 11 11 27 0 0 0 0 1 11 11 27 0 0 0 0 3 126 66 3093 4916 31 20 33
51 58 119 95 24 53 44 1181 65 6 87 0 22 17 NA 17 NA 8 65 1 12 13 27 0 0 0 0 1 12 13 27 0 0 0 0 4 128 67 3158 4913 31 23 33
52 91 114 92 22 55 40 1147 63 11 83 0 20 17 NA 17 NA 4 63 3 14 13 25 0 0 0 0 3 14 13 25 0 0 0 0 0 114 67 3222 4917 30 21 32
53 77 113 88 25 55 43 1150 60 7 82 0 20 17 NA 17 NA 11 60 2 15 13 25 0 0 0 0 2 15 13 25 0 0 0 0 2 155 69 3294 4918 30 21 31
54 76 114 90 24 55 38 1143 46 7 83 0 20.5 17 NA 17 NA 2 46 2 15 13 25 0 0 0 0 2 15 13 25 0 0 0 0 1 133 69 3370 4917 31 21 31
55 73 113 89 24 55 37 1138 50 5 83 0 22 17 NA 17 NA 5 50 2 15 11 27 0 0 0 0 2 15 11 27 0 0 0 0 0 141 72 3449 4917 30 20 33
56 78 112 90 22 54 38 1142 58 5 81 0 22 17 NA 17 NA 9 58 2 17 7 28 0 0 0 0 2 17 7 28 0 0 0 0 3 149 75 3518 4919 32 15 34
57 66 109 86 23 52 43 1144 56 3 80 0 23 17 NA 17 NA 10 56 2 14 8 28 0 0 0 0 2 14 8 28 0 0 0 0 2 146 77 3589 4920 29 17 34
58 67 111 88 23 50 36 1142 52 6 78 0 23 17 NA 17 NA 4 52 2 10 10 28 0 0 0 0 2 10 10 28 0 0 0 0 2 143 80 3668 4922 23 19 36
59 79 111 89 22 49 27 1157 53 7 79 0 24 17 NA 17 NA 2 53 2 8 11 28 0 0 0 0 2 8 11 28 0 0 0 0 1 156 83 3737 4921 23 21 35
60 74 111 89 22 48 29 1148 56 0 77 0 23 17 NA 17 NA 3 56 2 8 11 27 0 0 0 0 2 8 11 27 0 0 0 0 1 138 84 3811 4923 23 21 33
61 70 111 89 22 47 33 1130 62 5 76 0 22 17 NA 17 NA 7 62 2 9 11 25 0 0 0 0 2 9 11 25 0 0 0 0 3 125 84 3876 4924 25 21 30
62 75 114 92 22 47 32 1129 67 4 77 0 21 17 NA 17 NA 5 67 1 10 12 24 0 0 0 0 1 10 12 24 0 0 0 0 5 142 87 3932 4923 26 22 29
63 67 113 92 21 47 31 1129 55 6 80 0 22 17 NA 17 NA 8 55 0 8 16 23 0 0 0 0 0 8 16 23 0 0 0 0 0 134 91 3995 4920 26 24 30
64 78 105 85 20 45 35 1141 65 4 75 0 23 17 NA 17 NA 11 65 0 7 15 23 0 0 0 0 0 7 15 23 0 0 0 0 0 143 93 4038 4925 24 21 30
65 81 104 82 22 47 37 1128 50 8 77 0 24 17 NA 17 NA 8 50 1 5 16 25 0 0 0 0 1 5 16 25 0 0 0 0 0 148 93 4126 4923 23 22 32
66 85 107 86 21 47 34 1128 62 8 77 0 24 17 NA 17 NA 6 62 1 5 16 25 0 0 0 0 1 5 16 25 0 0 0 0 2 145 94 4182 4923 23 23 31
67 76 108 87 21 45 31 1148 60 9 74 0 22 17 NA 17 NA 6 60 1 5 15 24 0 0 0 0 1 5 15 24 0 0 0 0 3 167 95 4252 4926 22 22 30
68 66 107 86 21 45 40 1152 57 3 74 0 21 17 NA 17 NA 9 57 0 8 15 22 0 0 0 0 0 8 15 22 0 0 0 0 3 132 95 4309 4926 24 23 27
69 74 106 85 21 49 43 1148 68 7 76 0 22 17 NA 17 NA 9 68 0 10 14 25 0 0 0 0 0 10 14 25 0 0 0 0 0 145 97 4376 4924 24 22 30
70 61 104 84 20 49 39 1147 50 7 76 0 22 17 NA 17 NA 6 50 1 11 12 25 0 0 0 0 1 11 12 25 0 0 0 0 1 124 101 4436 4924 27 19 30
71 74 103 82 21 49 35 1163 50 7 77 0 22 17 NA 17 NA 3 50 1 10 12 26 0 0 0 0 1 10 12 26 0 0 0 0 0 158 102 4507 4923 27 18 32
72 78 103 79 24 47 36 1194 42 5 75 0 22 17 NA 17 NA 7 42 1 10 11 25 0 0 0 0 1 10 11 25 0 0 0 0 2 163 102 4571 4925 28 16 31
73 69 102 79 23 49 38 1214 52 7 76 0 22.5 17 NA 17 NA 8 52 2 12 9 26 0 0 0 0 2 12 9 26 0 0 0 0 0 145 102 4628 4924 28 15 33
74 76 99 76 23 50 34 1207 65 6 76 0 24 17 NA 17 NA 3 65 1 12 10 27 0 0 0 0 1 12 10 27 0 0 0 0 1 148 104 4698 4924 26 17 33
75 79 96 73 23 49 36 1210 54 6 71 0 24 17 NA 17 NA 8 54 1 11 10 27 0 0 0 0 1 11 10 27 0 0 0 0 2 144 105 4768 4929 22 17 32
76 87 97 75 22 47 34 1188 73 5 69 0 24 17 NA 17 NA 6 73 1 9 11 26 0 0 0 0 1 9 11 26 0 0 0 0 3 138 108 4831 4931 20 18 31
77 92 101 79 22 49 36 1181 49 6 71 0 24 17 NA 17 NA 9 49 1 9 10 29 0 0 0 0 1 9 10 29 0 0 0 0 0 141 109 4902 4929 20 16 35
78 71 100 79 21 47 42 1177 61 6 73 0 24 17 NA 17 NA 11 61 1 8 10 28 0 0 0 0 1 8 10 28 0 0 0 0 1 140 111 4968 4927 22 17 34
79 70 100 79 21 49 38 1160 57 12 75 0 24 17 NA 17 NA 7 57 1 11 9 28 0 0 0 0 1 11 9 28 0 0 0 0 2 134 112 5046 4925 25 16 34
80 75 101 80 21 49 38 1159 64 5 77 0 24 17 NA 17 NA 7 64 0 11 11 27 0 0 0 0 0 11 11 27 0 0 0 0 1 146 114 5108 4923 26 17 34
81 85 108 82 26 46 33 1144 67 5 74 0 23 17 NA 17 NA 4 67 0 9 12 25 0 0 0 0 0 9 12 25 0 0 0 0 6 146 117 5183 4926 23 18 33
82 90 111 85 26 46 36 1156 56 6 75 0 23 17 NA 17 NA 10 56 0 9 13 24 0 0 0 0 0 9 13 24 0 0 0 0 2 143 118 5235 4925 21 22 32
83 87 115 83 32 45 28 1123 58 9 73 0 21 17 NA 17 NA 3 58 1 6 16 22 0 0 0 0 1 6 16 22 0 0 0 0 2 123 119 5310 4927 19 23 31
84 84 113 81 32 46 32 1130 64 3 75 0 22 17 NA 17 NA 6 64 1 6 17 22 0 0 0 0 1 6 17 22 0 0 0 0 1 159 119 5380 4925 22 23 30
85 76 115 83 32 45 36 1131 47 1 75 0 20 17 NA 17 NA 7 47 1 4 18 22 0 0 0 0 1 4 18 22 0 0 0 0 2 139 121 5448 4925 21 23 31
86 69 112 78 34 45 36 1132 61 6 73 0 20.5 17 NA 17 NA 7 61 3 3 14 25 0 0 0 0 3 3 14 25 0 0 0 0 1 141 122 5515 4927 19 20 34
87 79 108 75 33 48 31 1165 48 12 74 0 22 17 NA 17 NA 3 48 3 5 10 30 0 0 0 0 3 5 10 30 0 0 0 0 0 166 122 5585 4926 21 15 38
88 81 110 77 33 48 36 1171 57 2 75 0 22.5 17 NA 17 NA 9 57 3 5 9 31 0 0 0 0 3 5 9 31 0 0 0 0 4 151 124 5651 4925 22 14 39
89 84 109 76 33 49 37 1160 61 5 76 0 23 17 NA 17 NA 7 61 4 3 10 32 0 0 0 0 4 3 10 32 0 0 0 0 0 140 125 5720 4924 22 15 39
90 88 104 73 31 46 34 1174 62 6 72 0 24 17 NA 17 NA 7 62 4 4 8 30 0 0 0 0 4 4 8 30 0 0 0 0 0 165 130 5783 4928 19 17 36
91 76 105 74 31 49 38 1176 61 8 74 0 25 17 NA 17 NA 10 61 4 6 9 30 0 0 0 0 4 6 9 30 0 0 0 0 0 143 131 5843 4926 20 18 36
92 87 104 74 30 49 31 1184 52 10 72 0 24 17 NA 17 NA 4 52 4 4 11 30 0 0 0 0 4 4 11 30 0 0 0 0 2 149 133 5909 4928 18 19 35
93 86 107 77 30 50 35 1189 64 6 78 0 23 17 NA 17 NA 12 64 2 8 9 31 0 0 0 0 2 8 9 31 0 0 0 0 3 142 134 5967 4922 26 17 35
94 67 108 78 30 52 33 1189 53 6 82 0 23.5 17 NA 17 NA 5 53 0 10 8 34 0 0 0 0 0 10 8 34 0 0 0 0 0 130 134 6032 4918 28 15 39
95 74 107 78 29 53 27 1194 66 9 86 0 24 17 NA 17 NA 4 66 0 12 7 34 0 0 0 0 0 12 7 34 0 0 0 0 0 139 137 6093 4914 32 15 39
96 82 104 77 27 53 31 1172 58 3 83 0 24.5 17 NA 17 NA 8 58 2 8 9 34 0 0 0 0 2 8 9 34 0 0 0 0 0 127 137 6164 4917 27 18 38
97 68 104 76 28 52 37 1140 56 4 84 0 25 17 NA 17 NA 11 56 2 7 8 35 0 0 0 0 2 7 8 35 0 0 0 0 2 117 138 6243 4916 29 16 39
98 80 101 74 27 53 32 1139 49 14 83 0 26 17 NA 17 NA 8 49 2 9 9 33 0 0 0 0 2 9 9 33 0 0 0 0 2 132 139 6314 4917 30 17 36
99 97 101 75 26 54 33 1140 49 3 81 0 26 17 NA 17 NA 5 49 3 8 11 32 0 0 0 0 3 8 11 32 0 0 0 0 2 158 141 6399 4919 27 19 35
100 82 103 76 27 53 34 1142 46 4 83 0 25 17 NA 17 NA 4 46 1 10 11 31 0 0 0 0 1 10 11 31 0 0 0 0 4 145 142 6479 4917 30 19 34
101 79 104 75 29 54 38 1124 66 6 82 0 25 17 NA 17 NA 11 66 1 11 11 31 0 0 0 0 1 11 11 31 0 0 0 0 1 127 143 6538 4918 28 20 34
102 66 103 74 29 51 35 1126 65 6 78 0 23 17 NA 17 NA 6 65 1 11 10 29 0 0 0 0 1 11 10 29 0 0 0 0 3 155 146 6612 4922 27 17 34
103 79 102 73 29 51 34 1157 50 6 76 0 23.5 17 NA 17 NA 5 50 2 11 11 27 0 0 0 0 2 11 11 27 0 0 0 0 0 163 147 6678 4924 25 18 33
104 86 105 75 30 53 31 1161 61 5 76 0 23 17 NA 17 NA 4 61 2 13 8 30 0 0 0 0 2 13 8 30 0 0 0 0 3 157 148 6752 4924 24 16 36
105 78 104 73 31 52 32 1161 64 7 79 0 24 16.5 NA 16.5 NA 9 64 1 10 12 29 0 0 0 0 1 10 12 29 0 0 0 0 0 149 149 6820 4921 24 20 35
106 90 106 75 31 50 31 1168 49 4 78 0 24.5 17 NA 17 NA 7 49 1 8 12 29 0 0 0 0 1 8 12 29 0 0 0 0 2 138 151 6883 4922 21 21 36
107 90 105 76 29 50 31 1174 47 4 76 0 25 17 NA 17 NA 4 47 1 8 13 28 0 0 0 0 1 8 13 28 0 0 0 0 2 139 153 6946 4924 18 22 36
108 83 102 75 27 48 33 1199 54 5 72 0 25 16 NA 16 NA 6 54 1 9 11 27 0 0 0 0 1 9 11 27 0 0 0 0 1 161 153 7010 4928 19 20 33
109 78 105 78 27 50 34 1203 66 6 74 0 26 16 NA 16 NA 6 66 0 10 12 28 0 0 0 0 0 10 12 28 0 0 0 0 1 150 155 7071 4926 17 23 34
110 78 101 75 26 50 41 1203 65 4 73 0 27 16 NA 16 NA 14 65 0 8 13 29 0 0 0 0 0 8 13 29 0 0 0 0 1 146 156 7131 4927 16 22 35
111 80 101 75 26 51 38 1186 48 5 73 0 28 16 NA 16 NA 4 48 1 8 13 29 0 0 0 0 1 8 13 29 0 0 0 0 1 129 157 7207 4927 17 21 35
112 74 99 73 26 49 37 1147 70 7 73 0 27 16 NA 16 NA 10 70 1 6 15 27 0 0 0 0 1 6 15 27 0 0 0 0 1 127 160 7288 4927 18 23 32
113 77 96 71 25 48 34 1140 61 8 71 0 27 16 NA 16 NA 7 61 1 8 15 24 0 0 0 0 1 8 15 24 0 0 0 0 1 126 161 7342 4929 20 21 30
114 83 97 75 22 46 31 1142 59 3 70 0 26 16 NA 16 NA 4 59 1 6 15 24 0 0 0 0 1 6 15 24 0 0 0 0 3 149 165 7413 4930 21 20 29
115 87 98 76 22 47 26 1157 52 9 71 0 23.5 16 NA 16 NA 5 52 1 7 14 25 0 0 0 0 1 7 14 25 0 0 0 0 1 162 166 7485 4929 22 20 29
116 77 100 77 23 46 30 1149 52 4 71 0 23 16 NA 16 NA 9 52 0 7 14 25 0 0 0 0 0 7 14 25 0 0 0 0 4 143 166 7563 4929 23 19 29
117 80 100 77 23 46 27 1152 45 5 71 0 23.5 16 NA 16 NA 6 45 1 5 14 26 0 0 0 0 1 5 14 26 0 0 0 0 0 135 168 7634 4929 21 20 30
118 58 99 77 22 45 23 1164 53 8 72 0 23 16 NA 16 NA 5 53 1 5 12 27 0 0 0 0 1 5 12 27 0 0 0 0 1 154 170 7709 4928 23 17 32
119 72 98 76 22 45 21 1191 57 4 72 0 24.5 16 NA 16 NA 2 57 1 4 11 29 0 0 0 0 1 4 11 29 0 0 0 0 0 156 170 7769 4928 22 14 36
120 75 97 76 21 44 23 1222 40 1 73 0 24 15.5 NA 15.5 NA 3 40 1 5 11 27 0 0 0 0 1 5 11 27 0 0 0 0 2 157 171 7838 4927 24 15 34
121 73 98 79 19 43 27 1238 55 3 74 0 23.5 16 NA 16 NA 7 55 0 5 9 29 0 0 0 0 0 5 9 29 0 0 0 0 3 151 171 7901 4926 25 13 36
122 84 97 78 19 43 25 1219 60 6 72 0 23 16 NA 16 NA 4 60 0 7 8 28 0 0 0 0 0 7 8 28 0 0 0 0 2 145 172 7977 4928 24 13 35
123 90 94 76 18 43 28 1226 54 4 71 0 24.5 16 NA 16 NA 9 54 0 6 9 28 0 0 0 0 0 6 9 28 0 0 0 0 0 146 174 8037 4929 23 14 34
124 81 95 76 19 43 26 1238 47 6 70 0 24 16 NA 16 NA 4 47 0 6 8 29 0 0 0 0 0 6 8 29 0 0 0 0 1 143 175 8100 4930 20 15 35
125 82 92 74 18 41 25 1250 47 3 67 0 24.5 16 NA 16 NA 3 47 0 6 9 26 0 0 0 0 0 6 9 26 0 0 0 0 0 142 177 8162 4933 19 16 32
126 80 90 73 17 40 24 1257 45 6 67 0 23.5 16 NA 16 NA 4 45 0 7 9 24 0 0 0 0 0 7 9 24 0 0 0 0 1 152 178 8244 4933 22 16 29
127 72 90 74 16 40 31 1243 58 6 66 0 23 15.5 NA 15.5 NA 13 58 0 9 7 24 0 0 0 0 0 9 7 24 0 0 0 0 1 142 179 8319 4934 22 15 29
128 83 89 73 16 39 33 1231 60 7 69 0 23 16 NA 16 NA 12 60 0 7 9 23 0 0 0 0 0 7 9 23 0 0 0 0 1 146 180 8395 4931 25 16 28
129 69 89 71 18 39 29 1243 56 9 68 0 23 16 NA 16 NA 6 56 1 7 8 23 0 0 0 0 1 7 8 23 0 0 0 0 0 146 183 8454 4932 25 14 29
130 85 90 72 18 39 33 1205 66 5 68 0 22.5 16 NA 16 NA 8 66 1 7 8 23 0 0 0 0 1 7 8 23 0 0 0 0 2 128 183 8533 4932 24 15 29
131 80 87 70 17 35 37 1235 46 5 63 0 23 16 NA 16 NA 8 46 1 7 7 20 0 0 0 0 1 7 7 20 0 0 0 0 1 177 183 8617 4937 22 15 26
132 78 89 72 17 36 42 1187 76 5 65 0 24 16 NA 16 NA 12 76 1 5 10 20 0 0 0 0 1 5 10 20 0 0 0 0 2 134 184 8696 4935 20 18 27
133 81 88 71 17 36 41 1210 47 6 68 0 24.5 16 NA 16 NA 6 47 1 4 11 20 0 0 0 0 1 4 11 20 0 0 0 0 0 171 184 8773 4932 21 20 27
134 75 88 71 17 38 42 1213 66 13 68 0 25 15.5 NA 15.5 NA 14 66 1 6 11 20 0 0 0 0 1 6 11 20 0 0 0 0 1 145 186 8834 4932 22 19 27
135 93 90 73 17 38 45 1220 54 4 67 0 25 15.5 NA 15.5 NA 10 54 1 7 10 20 0 0 0 0 1 7 10 20 0 0 0 0 2 162 187 8913 4933 21 19 27
136 73 91 72 19 37 48 1190 67 5 69 0 25 16 NA 16 NA 9 67 1 6 10 20 0 0 0 0 1 6 10 20 0 0 0 0 0 137 189 8987 4931 22 19 28
137 74 94 75 19 37 48 1189 52 5 70 0 24.5 16 NA 16 NA 7 52 1 6 9 21 0 0 0 0 1 6 9 21 0 0 0 0 2 136 190 9056 4930 22 18 30
138 85 99 77 22 39 49 1174 53 8 73 0 24 16 NA 16 NA 9 53 1 6 10 22 0 0 0 0 1 6 10 22 0 0 0 0 4 144 191 9144 4927 21 21 31
139 75 99 77 22 40 46 1175 52 8 74 0 25 16 NA 16 NA 6 52 0 8 11 21 0 0 0 0 0 8 11 21 0 0 0 0 0 133 192 9209 4926 23 20 31
140 76 100 80 20 38 39 1176 56 8 71 0 24 16 NA 16 NA 3 56 0 6 13 19 0 0 0 0 0 6 13 19 0 0 0 0 2 152 196 9281 4929 19 23 29
141 83 99 79 20 40 43 1164 69 8 68 0 24 16 NA 16 NA 12 69 0 9 11 20 0 0 0 0 0 9 11 20 0 0 0 0 2 147 197 9352 4932 18 21 29
142 82 94 75 19 40 36 1185 48 7 65 0 22 16 NA 16 NA 1 48 0 10 11 19 0 0 0 0 0 10 11 19 0 0 0 0 1 149 199 9408 4935 19 20 26
143 84 96 76 20 40 38 1196 57 1 66 0 22.5 16 NA 16 NA 5 57 0 10 11 19 0 0 0 0 0 10 11 19 0 0 0 0 3 153 201 9476 4934 20 19 27
144 79 96 78 18 40 42 1219 59 2 65 0 23 16 NA 16 NA 9 59 0 9 8 23 0 0 0 0 0 9 8 23 0 0 0 0 1 154 204 9524 4935 18 17 30
145 91 95 77 18 42 36 1209 53 9 63 0 24 16 NA 16 NA 7 53 0 7 9 26 0 0 0 0 0 7 9 26 0 0 0 0 0 141 207 9596 4937 14 16 33
146 78 99 81 18 43 33 1194 48 6 65 0 24 16 NA 16 NA 2 48 0 6 11 26 0 0 0 0 0 6 11 26 0 0 0 0 4 122 207 9661 4935 14 18 33
147 88 100 81 19 42 28 1189 57 5 65 0 24 16 NA 16 NA 4 57 0 5 11 26 0 0 0 0 0 5 11 26 0 0 0 0 2 151 211 9739 4935 15 17 33
148 78 97 78 19 43 31 1208 49 4 65 0 24 16 NA 16 NA 6 49 0 6 11 26 0 0 0 0 0 6 11 26 0 0 0 0 0 158 211 9813 4935 16 17 32
149 79 98 75 23 41 35 1178 74 2 65 0 23 16 NA 16 NA 11 74 0 5 12 24 0 0 0 0 0 5 12 24 0 0 0 0 1 142 215 9887 4935 17 17 31
150 70 97 75 22 40 37 1192 52 3 70 0 24 17 NA 17 NA 7 52 0 5 11 24 0 0 0 0 0 5 11 24 0 0 0 0 1 152 217 9954 4930 21 16 33
151 65 95 73 22 39 40 1189 68 5 69 0 24 18 NA 18 NA 10 68 0 5 11 23 0 0 0 0 0 5 11 23 0 0 0 0 0 138 219 10010 4931 21 16 32
152 85 93 73 20 35 37 1198 44 5 66 0 20 16 NA 16 NA 6 44 0 4 8 23 0 0 0 0 0 4 8 23 0 0 0 0 3 144 221 10081 4934 24 11 31
153 85 92 72 20 38 37 1202 62 8 67 0 20 17 NA 17 NA 7 62 0 4 10 24 0 0 0 0 0 4 10 24 0 0 0 0 2 159 221 10141 4933 25 11 31
154 76 93 73 20 38 30 1234 46 7 66 0 19 17 NA 17 NA 5 46 0 2 12 24 0 0 0 0 0 2 12 24 0 0 0 0 2 168 226 10206 4934 24 12 30
155 69 87 69 18 37 36 1244 49 3 63 0 20 16 NA 16 NA 9 49 0 2 12 23 0 0 0 0 0 2 12 23 0 0 0 0 0 136 226 10268 4937 22 13 28
156 69 90 71 19 37 39 1200 70 6 64 0 19.5 16 NA 16 NA 9 70 0 3 11 23 0 0 0 0 0 3 11 23 0 0 0 0 1 120 226 10342 4936 23 13 28
157 82 93 74 19 40 34 1180 59 10 64 0 20 16 NA 16 NA 6 59 0 6 8 26 0 0 0 0 0 6 8 26 0 0 0 0 2 138 228 10412 4936 23 10 31
158 82 94 75 19 41 26 1185 53 10 68 0 20.5 16 NA 16 NA 6 53 1 5 7 28 0 0 0 0 1 5 7 28 0 0 0 0 0 138 231 10475 4932 26 9 33
159 80 94 76 18 39 27 1188 53 7 67 0 21 16 NA 16 NA 7 53 1 5 8 25 0 0 0 0 1 5 8 25 0 0 0 0 2 142 231 10548 4933 27 10 30
160 76 98 78 20 41 25 1176 59 5 66 0 21.5 16 NA 16 NA 4 59 2 4 10 25 0 0 0 0 2 4 10 25 0 0 0 0 3 135 232 10617 4934 24 12 30
161 80 98 78 20 40 25 1205 44 2 69 0 21.5 16 NA 16 NA 3 44 1 5 9 25 0 0 0 0 1 5 9 25 0 0 0 0 0 159 234 10683 4931 26 13 30
162 91 98 78 20 43 25 1182 56 6 69 0 22 16 NA 16 NA 8 56 1 6 10 26 0 0 0 0 1 6 10 26 0 0 0 0 1 133 237 10758 4931 22 16 31
163 72 99 79 20 46 22 1174 62 9 67 0 23 17 NA 17 NA 7 62 1 7 12 26 0 0 0 0 1 7 12 26 0 0 0 0 2 131 238 10820 4933 19 17 31
164 81 98 78 20 45 29 1160 65 1 72 0 24 18 NA 18 NA 8 65 0 8 11 26 0 0 0 0 0 8 11 26 0 0 0 0 0 143 238 10891 4928 22 19 31
165 78 98 79 19 45 26 1143 55 10 71 0 24 18 NA 18 NA 10 55 0 5 14 26 0 0 0 0 0 5 14 26 0 0 0 0 0 136 239 10969 4929 20 21 30
166 83 96 76 20 44 24 1146 51 7 71 0 25 16 NA 16 NA 6 51 0 6 13 25 0 0 0 0 0 6 13 25 0 0 0 0 0 148 240 11047 4929 21 21 29
167 85 97 77 20 44 25 1147 60 3 69 0 25 16 NA 16 NA 4 60 0 7 13 24 0 0 0 0 0 7 13 24 0 0 0 0 1 132 241 11102 4931 20 20 29
168 77 98 78 20 44 23 1175 58 7 71 0 22 16 NA 16 NA 4 58 0 7 14 23 0 0 0 0 0 7 14 23 0 0 0 0 1 158 242 11154 4929 23 20 28
169 68 102 81 21 44 25 1156 54 2 74 0 22.5 16 NA 16 NA 5 54 0 7 14 23 0 0 0 0 0 7 14 23 0 0 0 0 3 127 243 11227 4926 26 20 28
170 76 106 81 25 43 29 1157 47 5 73 0 21 16 NA 16 NA 9 47 0 7 14 22 0 0 0 0 0 7 14 22 0 0 0 0 5 133 244 11291 4927 24 22 27
171 83 107 81 26 46 31 1169 51 4 76 0 22 16 NA 16 NA 4 51 1 8 14 23 0 0 0 0 1 8 14 23 0 0 0 0 1 154 244 11356 4924 25 23 28
172 84 110 84 26 50 22 1147 59 11 81 0 22.5 16 NA 16 NA 6 59 1 12 12 25 0 0 0 0 1 12 12 25 0 0 0 0 2 126 247 11426 4919 30 21 30
173 72 112 85 27 51 27 1144 54 7 81 0 21 16 NA 16 NA 11 54 1 12 11 27 0 0 0 0 1 12 11 27 0 0 0 0 1 142 247 11497 4919 27 22 32
174 85 110 83 27 50 24 1127 58 6 77 0 21 16 NA 16 NA 3 58 1 13 9 27 0 0 0 0 1 13 9 27 0 0 0 0 2 132 247 11561 4923 27 17 33
175 82 109 83 26 48 29 1148 57 3 77 0 21 16 NA 16 NA 8 57 1 13 8 26 0 0 0 0 1 13 8 26 0 0 0 0 1 153 247 11616 4923 29 16 32
176 72 109 82 27 46 34 1143 68 3 73 0 20 16 NA 16 NA 10 68 1 9 10 26 0 0 0 0 1 9 10 26 0 0 0 0 4 144 249 11679 4927 23 16 34
177 78 107 80 27 45 41 1154 62 5 75 0 21 16 NA 16 NA 11 62 1 9 7 28 0 0 0 0 1 9 7 28 0 0 0 0 1 154 249 11738 4925 25 14 36
178 62 111 84 27 46 33 1159 49 11 76 0 22 16 NA 16 NA 6 49 1 8 9 28 0 0 0 0 1 8 9 28 0 0 0 0 4 147 251 11813 4924 23 16 37
179 75 113 86 27 47 32 1154 53 5 76 0 22 16 NA 16 NA 5 53 1 9 10 27 0 0 0 0 1 9 10 27 0 0 0 0 3 132 253 11879 4924 25 16 35
180 82 111 85 26 47 38 1125 61 4 75 0 23 16 NA 16 NA 8 61 1 6 13 27 0 0 0 0 1 6 13 27 0 0 0 0 1 130 253 11957 4925 22 19 34
181 75 109 85 24 46 32 1150 48 8 74 0 22 16 NA 16 NA 3 48 1 5 16 24 0 0 0 0 1 5 16 24 0 0 0 0 1 157 254 12016 4926 22 22 30
182 61 109 83 26 43 32 1165 57 5 76 0 22 16 NA 16 NA 7 57 0 5 14 24 0 0 0 0 0 5 14 24 0 0 0 0 2 145 256 12074 4924 26 20 30
183 70 111 85 26 42 34 1177 63 2 76 0 22 19 NA 19 NA 6 63 0 6 13 23 0 0 0 0 0 6 13 23 0 0 0 0 3 170 258 12151 4924 25 21 30
184 85 113 88 25 42 33 1205 48 5 75 0 21 20 NA 20 NA 5 48 1 3 16 22 0 0 0 0 1 3 16 22 0 0 0 0 2 153 258 12205 4925 22 24 29
185 78 116 92 24 42 34 1190 61 4 76 0 19.5 18 NA 18 NA 7 61 1 4 15 22 0 0 0 0 1 4 15 22 0 0 0 0 1 126 259 12266 4924 24 22 30
186 68 114 91 23 40 39 1220 54 5 75 0 18 17 NA 17 NA 11 54 1 5 14 20 0 0 0 0 1 5 14 20 0 0 0 0 2 149 261 12321 4925 27 21 27
187 74 115 92 23 41 35 1207 58 8 77 0 18 16 NA 16 NA 7 58 2 5 15 19 0 0 0 0 2 5 15 19 0 0 0 0 1 137 263 12393 4923 27 24 26
188 81 115 93 22 43 37 1212 40 5 77 0 18 16 NA 16 NA 5 40 3 8 11 21 0 0 0 0 3 8 11 21 0 0 0 0 3 131 263 12466 4923 30 18 29
189 79 113 92 21 45 42 1215 59 7 77 0 19 17 NA 17 NA 14 59 2 9 12 22 0 0 0 0 2 9 12 22 0 0 0 0 0 153 264 12543 4923 28 20 29
190 94 105 85 20 41 40 1206 51 4 75 0 20 16 NA 16 NA 4 51 2 8 11 20 0 0 0 0 2 8 11 20 0 0 0 0 1 146 265 12625 4925 30 17 28
191 80 104 84 20 45 31 1214 46 11 79 0 21 16 NA 16 NA 2 46 1 12 12 20 0 0 0 0 1 12 12 20 0 0 0 0 0 144 267 12687 4921 33 18 28
192 76 104 85 19 45 35 1203 75 3 80 0 22 16 NA 16 NA 8 75 1 11 11 22 0 0 0 0 1 11 11 22 0 0 0 0 1 144 269 12743 4920 33 17 30
193 85 104 84 20 45 39 1203 45 1 79 0 23 16 NA 16 NA 5 45 1 11 10 23 0 0 0 0 1 11 10 23 0 0 0 0 1 136 270 12814 4921 31 17 31
194 73 102 82 20 48 39 1191 59 9 79 0 23.5 16.5 NA 16.5 NA 7 59 3 9 13 23 0 0 0 0 3 9 13 23 0 0 0 0 0 142 270 12890 4921 28 20 31
195 72 103 81 22 47 41 1175 60 3 80 0 23 16 NA 16 NA 9 60 3 8 13 23 0 0 0 0 3 8 13 23 0 0 0 0 3 147 274 12976 4920 29 20 31
196 73 103 80 23 47 35 1194 37 9 82 0 23 16 NA 16 NA 3 37 2 9 11 25 0 0 0 0 2 9 11 25 0 0 0 0 2 155 276 13056 4918 31 18 33
197 79 99 77 22 43 40 1176 62 6 78 0 23 16 NA 16 NA 11 62 2 9 11 21 0 0 0 0 2 9 11 21 0 0 0 0 2 140 277 13128 4922 31 18 29
198 76 99 78 21 42 45 1157 70 5 79 0 23 16 NA 16 NA 11 70 1 9 12 20 0 0 0 0 1 9 12 20 0 0 0 0 1 134 278 13196 4921 30 21 28
199 71 99 79 20 43 42 1161 57 6 78 0 24 16 NA 16 NA 5 57 1 10 13 19 0 0 0 0 1 10 13 19 0 0 0 0 1 150 280 13268 4922 28 22 28
200 61 99 80 19 46 41 1160 62 8 79 0 25 16 NA 16 NA 6 62 1 10 15 20 0 0 0 0 1 10 15 20 0 0 0 0 1 142 280 13330 4921 26 25 28
201 66 101 81 20 47 42 1153 70 5 80 0 25 16 NA 16 NA 10 70 2 9 14 22 0 0 0 0 2 9 14 22 0 0 0 0 1 148 283 13400 4920 26 24 30
202 63 99 80 19 47 40 1146 75 9 76 0 25 17 NA 17 NA 12 75 2 8 15 22 0 0 0 0 2 8 15 22 0 0 0 0 3 142 288 13460 4924 23 26 27
203 76 97 78 19 47 37 1151 53 6 74 0 26 18 NA 18 NA 8 53 2 5 19 21 0 0 0 0 2 5 19 21 0 0 0 0 0 141 291 13522 4926 19 29 26
204 72 96 77 19 46 35 1128 51 6 71 0 26 19.5 NA 19.5 NA 5 51 2 4 19 21 0 0 0 0 2 4 19 21 0 0 0 0 1 121 291 13589 4929 17 29 25
205 70 96 78 18 46 36 1143 52 3 73 0 27 19.5 NA 19.5 NA 5 52 1 5 17 23 0 0 0 0 1 5 17 23 0 0 0 0 0 143 292 13642 4927 17 29 27
206 78 99 81 18 46 34 1148 49 6 73 0 27 19.5 NA 19.5 NA 6 49 1 5 14 26 0 0 0 0 1 5 14 26 0 0 0 0 1 148 293 13716 4927 17 24 32
207 89 102 85 17 46 34 1133 68 4 75 0 28 18.5 NA 18.5 NA 7 68 1 6 13 26 0 0 0 0 1 6 13 26 0 0 0 0 0 148 294 13786 4925 19 23 33
208 79 103 86 17 47 33 1123 56 7 76 0 27 18 NA 18 NA 7 56 3 6 13 25 0 0 0 0 3 6 13 25 0 0 0 0 3 138 295 13858 4924 20 24 32
209 77 101 83 18 47 33 1134 43 5 76 0 26 18 NA 18 NA 4 43 2 6 12 27 0 0 0 0 2 6 12 27 0 0 0 0 1 146 295 13926 4924 19 24 33
210 80 101 83 18 47 30 1155 45 6 75 0 25 19 NA 19 NA 3 45 2 5 13 27 0 0 0 0 2 5 13 27 0 0 0 0 3 147 296 13984 4925 19 24 32
211 84 103 83 20 47 25 1168 47 5 76 0 26 19 NA 19 NA 3 47 2 6 11 28 0 0 0 0 2 6 11 28 0 0 0 0 3 145 299 14048 4924 20 22 34
212 77 103 81 22 47 26 1185 59 0 76 0 27 19 NA 19 NA 4 59 1 6 11 29 0 0 0 0 1 6 11 29 0 0 0 0 2 161 302 14113 4924 18 21 37
213 69 103 81 22 47 25 1163 64 5 75 0 27 20 NA 20 NA 5 64 1 7 10 29 0 0 0 0 1 7 10 29 0 0 0 0 2 132 303 14183 4925 19 21 35
214 85 104 82 22 47 23 1162 41 4 76 0 26 20 NA 20 NA 5 41 1 6 9 31 0 0 0 0 1 6 9 31 0 0 0 0 2 133 306 14256 4924 21 19 36
215 85 101 80 21 47 23 1176 58 6 73 0 25 20 NA 20 NA 6 58 1 7 7 32 0 0 0 0 1 7 7 32 0 0 0 0 0 147 308 14312 4927 22 14 37
216 79 101 80 21 47 17 1202 55 5 73 0 23 20 NA 20 NA 3 55 1 7 7 32 0 0 0 0 1 7 7 32 0 0 0 0 0 155 312 14368 4927 23 14 36
217 90 100 80 20 46 20 1183 73 2 73 0 24 20 NA 20 NA 8 73 0 6 9 31 0 0 0 0 0 6 9 31 0 0 0 0 1 139 313 14434 4927 21 16 36
218 51 99 79 20 48 21 1214 51 6 74 0 25 20 NA 20 NA 7 51 1 8 9 30 0 0 0 0 1 8 9 30 0 0 0 0 1 156 315 14494 4926 24 16 34
219 82 97 76 21 48 24 1185 50 7 75 0 24 20 NA 20 NA 8 50 0 9 10 29 0 0 0 0 0 9 10 29 0 0 0 0 2 117 315 14571 4925 24 18 33
220 74 97 76 21 47 27 1171 59 4 74 0 25 20 NA 20 NA 8 59 0 9 9 29 0 0 0 0 0 9 9 29 0 0 0 0 1 139 317 14640 4926 22 18 34
221 82 96 75 21 46 24 1167 57 8 72 0 25 19.5 NA 19.5 NA 5 57 0 9 9 28 0 0 0 0 0 9 9 28 0 0 0 0 2 135 317 14702 4928 20 17 35
222 60 95 73 22 43 22 1158 47 6 73 0 25 20 NA 20 NA 4 47 0 9 7 27 0 0 0 0 0 9 7 27 0 0 0 0 1 130 317 14778 4927 22 17 34
223 91 94 73 21 40 28 1160 64 4 71 0 24.5 19 NA 19 NA 9 64 0 8 8 24 0 0 0 0 0 8 8 24 0 0 0 0 1 155 317 14850 4929 23 17 31
224 82 92 72 20 40 34 1153 62 10 70 0 24.5 18.5 NA 18.5 NA 13 62 0 8 8 24 0 0 0 0 0 8 8 24 0 0 0 0 0 147 317 14923 4930 23 16 31
225 72 94 75 19 42 26 1169 58 13 70 0 23 18 NA 18 NA 6 58 0 9 10 23 0 0 0 0 0 9 10 23 0 0 0 0 3 155 319 14985 4930 24 17 29
226 99 95 77 18 41 32 1150 62 1 71 0 24 18 NA 18 NA 8 62 0 7 11 23 0 0 0 0 0 7 11 23 0 0 0 0 0 144 319 15057 4929 23 19 29
227 69 97 80 17 43 32 1140 58 6 72 0 24 19 NA 19 NA 5 58 0 7 13 23 0 0 0 0 0 7 13 23 0 0 0 0 2 139 319 15136 4928 23 20 29
228 69 97 81 16 42 37 1132 56 2 69 0 22 18.5 NA 18.5 NA 6 56 0 8 11 23 0 0 0 0 0 8 11 23 0 0 0 0 2 137 320 15207 4931 21 19 29
229 82 99 84 15 44 38 1140 50 6 71 0 23 18 NA 18 NA 7 50 1 9 9 25 0 0 0 0 1 9 9 25 0 0 0 0 2 137 321 15274 4929 23 16 32
230 86 97 83 14 41 38 1148 55 7 68 0 23 17 NA 17 NA 8 55 1 9 10 21 0 0 0 0 1 9 10 21 0 0 0 0 1 143 322 15336 4932 21 19 28
231 57 96 82 14 40 45 1163 53 5 68 0 23.5 17.5 NA 17.5 NA 14 53 1 6 13 20 0 0 0 0 1 6 13 20 0 0 0 0 1 136 324 15392 4932 20 20 28
232 76 96 81 15 39 42 1156 63 12 66 0 22 18 NA 18 NA 11 63 2 5 13 19 0 0 0 0 2 5 13 19 0 0 0 0 2 144 326 15461 4934 20 18 28
233 70 98 83 15 40 37 1148 67 11 67 0 22.5 17.5 NA 17.5 NA 6 67 3 5 13 19 0 0 0 0 3 5 13 19 0 0 0 0 2 132 326 15521 4933 21 17 29
234 78 100 85 15 40 37 1148 53 6 66 0 22.5 18 NA 18 NA 8 53 3 4 13 20 0 0 0 0 3 4 13 20 0 0 0 0 3 138 327 15584 4934 18 18 30
235 70 102 86 16 39 39 1144 67 4 68 0 22.5 18 NA 18 NA 6 67 3 3 13 20 0 0 0 0 3 3 13 20 0 0 0 0 2 152 327 15655 4932 19 19 30
236 85 103 86 17 40 33 1157 49 7 67 0 23 18.5 NA 18.5 NA 3 49 2 4 14 20 0 0 0 0 2 4 14 20 0 0 0 0 2 142 329 15720 4933 17 20 30
237 82 105 87 18 41 36 1164 56 6 70 0 24 18 NA 18 NA 10 56 2 3 14 22 0 0 0 0 2 3 14 22 0 0 0 0 2 153 331 15788 4930 17 21 32
238 61 104 86 18 43 36 1198 56 9 69 0 22 19 NA 19 NA 10 56 2 3 14 24 0 0 0 0 2 3 14 24 0 0 0 0 1 175 333 15858 4931 18 19 32
239 73 103 85 18 41 34 1217 53 5 69 0 21 18 NA 18 NA 4 53 3 3 13 22 0 0 0 0 3 3 13 22 0 0 0 0 1 158 335 15930 4931 20 19 30
240 106 101 83 18 40 32 1194 60 6 69 0 21 18 NA 18 NA 6 60 2 4 11 23 0 0 0 0 2 4 11 23 0 0 0 0 0 145 337 16002 4931 22 16 31
241 71 98 81 17 38 22 1188 54 8 68 0 21.5 18.5 NA 18.5 NA 2 54 2 3 12 21 0 0 0 0 2 3 12 21 0 0 0 0 0 136 339 16071 4932 22 17 29
242 71 98 80 18 38 26 1200 52 3 67 0 22 18.5 NA 18.5 NA 8 52 1 5 10 22 0 0 0 0 1 5 10 22 0 0 0 0 2 146 341 16139 4933 21 16 30
243 82 94 79 15 34 28 1207 48 5 63 0 20 18.5 NA 18.5 NA 7 48 1 5 8 20 0 0 0 0 1 5 8 20 0 0 0 0 0 140 342 16203 4937 20 16 27
244 80 97 83 14 33 33 1206 62 4 65 0 18 19 NA 19 NA 10 62 1 5 10 17 0 0 0 0 1 5 10 17 0 0 0 0 5 145 344 16268 4935 23 18 24
245 93 97 82 15 34 28 1178 65 8 66 0 19 19.5 NA 19.5 NA 5 65 0 6 11 17 0 0 0 0 0 6 11 17 0 0 0 0 2 130 345 16333 4934 24 19 23
246 74 98 83 15 37 30 1179 55 5 69 0 19.5 20 NA 20 NA 5 55 0 8 9 20 0 0 0 0 0 8 9 20 0 0 0 0 1 146 345 16399 4931 27 16 26
247 66 101 86 15 38 35 1150 73 3 71 0 19 20 NA 20 NA 8 73 0 8 8 22 0 0 0 0 0 8 8 22 0 0 0 0 1 135 346 16470 4929 28 15 28
248 61 101 87 14 42 31 1144 65 8 73 0 20 19.5 NA 19.5 NA 3 65 0 11 7 24 0 0 0 0 0 11 7 24 0 0 0 0 1 132 347 16532 4927 29 14 30
249 89 101 88 13 40 36 1143 53 2 74 0 21 19.5 NA 19.5 NA 6 53 0 8 7 25 0 0 0 0 0 8 7 25 0 0 0 0 2 144 348 16599 4926 29 13 32
250 64 102 89 13 41 32 1134 52 4 74 0 21.5 20 NA 20 NA 4 52 0 7 9 25 0 0 0 0 0 7 9 25 0 0 0 0 1 139 351 16687 4926 27 14 33
251 67 103 89 14 38 27 1143 55 5 72 0 21 20 NA 20 NA 5 55 0 6 10 22 0 0 0 0 0 6 10 22 0 0 0 0 1 150 355 16758 4928 27 15 30
252 62 103 90 13 41 26 1143 58 6 72 0 22 19 NA 19 NA 5 58 0 7 12 22 0 0 0 0 0 7 12 22 0 0 0 0 1 137 355 16825 4928 24 18 30
253 80 103 90 13 40 31 1137 55 2 71 0 22 18.5 NA 18.5 NA 7 55 0 7 11 22 0 0 0 0 0 7 11 22 0 0 0 0 2 135 355 16890 4929 21 19 31
254 76 103 90 13 39 34 1131 64 5 71 0 22 19 NA 19 NA 9 64 0 7 10 22 0 0 0 0 0 7 10 22 0 0 0 0 0 140 356 16953 4929 21 18 32
255 69 102 89 13 38 38 1143 52 3 71 0 22.5 19.5 NA 19.5 NA 6 52 0 8 9 21 0 0 0 0 0 8 9 21 0 0 0 0 1 154 358 17030 4929 22 17 32
256 68 104 90 14 40 31 1143 66 11 77 0 23 20 NA 20 NA 5 66 0 7 11 22 0 0 0 0 0 7 11 22 0 0 0 0 1 147 359 17092 4923 26 17 34
257 82 108 94 14 41 30 1174 51 5 80 0 23.5 20 NA 20 NA 6 51 0 5 14 22 0 0 0 0 0 5 14 22 0 0 0 0 4 166 361 17157 4920 26 20 34
258 80 107 93 14 40 31 1160 52 5 79 0 24 20 NA 20 NA 7 52 0 4 15 21 0 0 0 0 0 4 15 21 0 0 0 0 1 130 363 17232 4921 24 23 32
259 74 104 90 14 40 31 1165 55 6 80 0 25 19.5 NA 19.5 NA 7 55 0 4 14 22 0 0 0 0 0 4 14 22 0 0 0 0 0 145 363 17296 4920 25 23 32
260 78 107 93 14 41 32 1161 59 6 81 0 25 19 NA 19 NA 8 59 0 4 15 22 0 0 0 0 0 4 15 22 0 0 0 0 2 135 365 17361 4919 25 24 32
261 70 107 93 14 44 38 1166 73 6 82 0 26 18.5 NA 18.5 NA 12 73 1 3 15 25 0 0 0 0 1 3 15 25 0 0 0 0 0 164 365 17429 4918 24 24 34
262 80 110 95 15 44 38 1163 46 5 83 0 25 18.5 NA 18.5 NA 7 46 0 4 14 26 0 0 0 0 0 4 14 26 0 0 0 0 1 121 367 17492 4917 26 22 35
263 68 110 96 14 43 37 1156 61 8 84 0 23 18 NA 18 NA 7 61 0 5 13 25 0 0 0 0 0 5 13 25 0 0 0 0 3 149 369 17572 4916 29 21 34
264 77 114 99 15 45 35 1156 57 4 83 0 21.5 19 NA 19 NA 3 57 0 5 12 28 0 0 0 0 0 5 12 28 0 0 0 0 3 135 370 17630 4917 30 17 36
265 68 110 97 13 43 34 1170 60 5 79 0 21 18 NA 18 NA 2 60 0 7 11 25 0 0 0 0 0 7 11 25 0 0 0 0 1 155 370 17693 4921 30 14 35
266 68 110 97 13 42 29 1168 51 1 80 0 22 18.5 NA 18.5 NA 3 51 0 7 9 26 0 0 0 0 0 7 9 26 0 0 0 0 2 135 375 17758 4920 31 14 35
267 73 112 100 12 43 32 1154 63 2 81 0 22.5 19 NA 19 NA 6 63 0 9 8 26 0 0 0 0 0 9 8 26 0 0 0 0 3 145 377 17832 4919 31 15 35
268 67 113 99 14 41 32 1148 63 4 80 0 22 19 NA 19 NA 4 63 0 8 8 25 0 0 0 0 0 8 8 25 0 0 0 0 1 140 377 17894 4920 27 18 35
269 76 118 101 17 44 37 1114 59 9 81 0 21.5 19 NA 19 NA 10 59 0 8 9 27 0 0 0 0 0 8 9 27 0 0 0 0 4 134 378 17984 4919 27 18 36
270 65 121 104 17 45 38 1117 58 7 81 0 21 19 NA 19 NA 9 58 1 8 8 28 0 0 0 0 1 8 8 28 0 0 0 0 3 129 380 18040 4919 27 18 36
271 77 121 104 17 45 31 1127 59 13 79 0 21 19 NA 19 NA 7 59 1 8 9 27 0 0 0 0 1 8 9 27 0 0 0 0 2 155 380 18108 4921 23 21 35
272 75 120 103 17 44 31 1132 64 5 79 0 21 18.5 NA 18.5 NA 7 64 1 8 9 26 0 0 0 0 1 8 9 26 0 0 0 0 2 142 383 18165 4921 25 20 34
273 78 116 99 17 43 29 1128 48 10 74 0 19.5 18 NA 18 NA 8 48 1 8 9 25 0 0 0 0 1 8 9 25 0 0 0 0 1 137 385 18236 4926 24 19 31
274 78 118 103 15 42 35 1122 76 5 76 0 19.5 18 NA 18 NA 13 76 1 7 10 24 0 0 0 0 1 7 10 24 0 0 0 0 3 142 387 18290 4924 26 20 30
275 71 117 101 16 46 32 1127 58 7 77 0 20 18 NA 18 NA 6 58 1 8 13 24 0 0 0 0 1 8 13 24 0 0 0 0 0 152 390 18364 4923 23 24 30
276 74 114 98 16 46 31 1157 55 5 80 0 20.5 18 NA 18 NA 7 55 1 9 13 23 0 0 0 0 1 9 13 23 0 0 0 0 0 159 392 18417 4920 29 23 28
277 81 112 97 15 49 30 1159 53 9 79 0 20.5 18 NA 18 NA 5 53 3 10 12 24 0 0 0 0 3 10 12 24 0 0 0 0 0 138 392 18480 4921 29 23 27
278 72 109 94 15 49 36 1171 49 3 79 0 21 18 NA 18 NA 9 49 3 10 14 22 0 0 0 0 3 10 14 22 0 0 0 0 1 137 392 18534 4921 29 24 26
279 72 108 93 15 47 33 1177 57 8 80 0 22 17 NA 17 NA 5 57 3 9 14 21 0 0 0 0 3 9 14 21 0 0 0 0 1 148 392 18595 4920 30 24 26
280 80 106 89 17 50 33 1180 54 8 83 0 23 17.5 NA 17.5 NA 7 54 3 11 11 25 0 0 0 0 3 11 11 25 0 0 0 0 0 144 393 18663 4917 31 21 31
281 73 105 88 17 51 35 1172 53 9 89 0 24 17 NA 17 NA 10 53 2 11 11 27 0 0 0 0 2 11 11 27 0 0 0 0 0 134 394 18726 4911 34 22 33
282 73 105 89 16 53 32 1169 59 11 87 0 24 17 NA 17 NA 4 59 2 14 12 25 0 0 0 0 2 14 12 25 0 0 0 0 3 129 395 18780 4913 34 22 31
283 80 105 89 16 52 33 1173 60 3 85 0 23 17.5 NA 17.5 NA 8 60 2 14 11 25 0 0 0 0 2 14 11 25 0 0 0 0 1 168 398 18863 4915 33 19 33
284 81 110 89 21 53 35 1145 62 5 87 0 23.5 18 NA 18 NA 8 62 2 12 13 26 0 0 0 0 2 12 13 26 0 0 0 0 2 132 399 18940 4913 32 21 34
285 89 109 88 21 55 34 1154 53 8 87 0 24 17 NA 17 NA 8 53 1 14 14 26 0 0 0 0 1 14 14 26 0 0 0 0 1 136 401 18994 4913 32 21 34
286 83 116 88 28 54 32 1181 49 6 88 0 23 17 NA 17 NA 9 49 0 13 14 27 0 0 0 0 0 13 14 27 0 0 0 0 3 160 404 19060 4912 31 22 35
287 87 117 91 26 54 32 1166 48 4 87 0 23 17 NA 17 NA 5 48 0 14 13 27 0 0 0 0 0 14 13 27 0 0 0 0 0 125 407 19127 4913 29 22 36
288 79 117 89 28 54 24 1182 41 8 84 0 24 17.5 NA 17.5 NA 2 41 0 11 16 27 0 0 0 0 0 11 16 27 0 0 0 0 1 154 409 19197 4916 22 26 36
289 74 114 87 27 53 28 1189 56 3 80 0 25 18 NA 18 NA 7 56 0 9 17 27 0 0 0 0 0 9 17 27 0 0 0 0 1 148 411 19262 4920 19 24 37
290 69 111 84 27 49 31 1230 61 5 77 0 25 18 NA 18 NA 8 61 0 9 17 23 0 0 0 0 0 9 17 23 0 0 0 0 0 173 411 19318 4923 19 24 34
291 74 106 79 27 45 37 1261 53 2 73 0 25.5 18 NA 18 NA 9 53 0 7 17 21 0 0 0 0 0 7 17 21 0 0 0 0 0 158 411 19375 4927 17 24 32
292 74 106 79 27 45 38 1237 70 9 72 0 25.5 18 NA 18 NA 8 70 0 6 18 21 0 0 0 0 0 6 18 21 0 0 0 0 1 123 411 19438 4928 13 26 33
293 69 107 79 28 46 41 1217 64 7 72 0 26 17.5 NA 17.5 NA 12 64 1 5 18 22 0 0 0 0 1 5 18 22 0 0 0 0 1 138 413 19511 4928 12 25 35
294 79 112 84 28 46 38 1227 60 9 74 0 25.5 18 NA 18 NA 7 60 2 6 17 21 0 0 0 0 2 6 17 21 0 0 0 0 7 139 414 19563 4926 15 25 34
295 73 110 83 27 48 45 1200 57 8 75 0 26.5 18 NA 18 NA 13 57 2 6 17 23 0 0 0 0 2 6 17 23 0 0 0 0 1 139 414 19653 4925 16 25 34
296 84 109 82 27 47 39 1201 56 10 75 0 26 18 NA 18 NA 6 56 2 4 16 25 0 0 0 0 2 4 16 25 0 0 0 0 3 139 418 19711 4925 17 24 34
297 74 109 82 27 50 42 1184 63 10 75 0 25 18 NA 18 NA 11 63 3 4 18 25 0 0 0 0 3 4 18 25 0 0 0 0 0 137 418 19777 4925 18 24 33
298 88 113 85 28 53 42 1196 55 8 82 0 25 18 NA 18 NA 10 55 1 7 18 27 0 0 0 0 1 7 18 27 0 0 0 0 3 159 421 19851 4918 23 24 35
299 88 108 81 27 51 41 1179 61 3 81 0 25.5 18 NA 18 NA 6 61 1 7 16 27 0 0 0 0 1 7 16 27 0 0 0 0 0 138 424 19923 4919 25 22 34
300 71 108 80 28 50 42 1178 53 8 80 0 21.5 17.5 NA 17.5 NA 8 53 2 9 13 26 0 0 0 0 2 9 13 26 0 0 0 0 2 140 425 19997 4920 28 18 34
301 92 105 76 29 49 38 1178 57 7 79 0 20 17 NA 17 NA 3 57 2 10 12 25 0 0 0 0 2 10 12 25 0 0 0 0 0 161 425 20074 4921 29 16 34
302 55 102 75 27 46 42 1154 68 4 75 0 20 16.5 NA 16.5 NA 9 68 2 10 12 22 0 0 0 0 2 10 12 22 0 0 0 0 0 136 426 20155 4925 28 15 32
303 74 105 78 27 48 41 1150 47 3 75 0 21 17.5 NA 17.5 NA 2 47 2 11 12 23 0 0 0 0 2 11 12 23 0 0 0 0 1 130 427 20221 4925 27 14 34
304 71 107 81 26 47 42 1156 61 7 75 0 21 18 NA 18 NA 10 61 2 10 9 26 0 0 0 0 2 10 9 26 0 0 0 0 2 140 429 20278 4925 27 11 37
305 56 107 81 26 48 41 1167 50 6 76 0 22 18 NA 18 NA 5 50 2 10 7 29 0 0 0 0 2 10 7 29 0 0 0 0 0 142 430 20339 4924 28 10 38
306 71 109 83 26 50 35 1174 61 7 83 0 22 18 NA 18 NA 5 61 0 11 9 30 0 0 0 0 0 11 9 30 0 0 0 0 1 157 434 20405 4917 31 13 39
307 77 108 82 26 50 34 1187 56 5 82 0 23 18 NA 18 NA 5 56 0 11 9 30 0 0 0 0 0 11 9 30 0 0 0 0 2 152 435 20473 4918 30 13 39
308 79 108 82 26 49 34 1177 55 1 84 0 24 18 NA 18 NA 3 55 0 8 11 30 0 0 0 0 0 8 11 30 0 0 0 0 0 131 438 20538 4916 29 16 39
309 76 107 81 26 53 32 1178 60 11 84 0 24 18 NA 18 NA 7 60 0 12 11 30 0 0 0 0 0 12 11 30 0 0 0 0 1 144 439 20597 4916 29 16 39
310 66 112 85 27 55 26 1191 58 5 87 0 24 19 NA 19 NA 3 58 0 10 14 31 0 0 0 0 0 10 14 31 0 0 0 0 2 161 442 20671 4913 28 19 40
311 74 110 84 26 53 32 1195 56 4 85 0 25 18 NA 18 NA 11 56 0 10 15 28 0 0 0 0 0 10 15 28 0 0 0 0 1 139 445 20731 4915 26 22 37
312 78 109 84 25 53 31 1200 61 5 87 0 25 18 NA 18 NA 6 61 0 11 16 26 0 0 0 0 0 11 16 26 0 0 0 0 1 150 446 20795 4913 28 24 35
313 78 106 82 24 54 33 1208 61 6 84 0 26 18 NA 18 NA 9 61 1 9 19 25 0 0 0 0 1 9 19 25 0 0 0 0 2 161 448 20873 4916 26 25 33
314 70 107 83 24 55 30 1225 45 9 84 0 25 18 NA 18 NA 8 45 2 11 19 23 0 0 0 0 2 11 19 23 0 0 0 0 0 141 449 20934 4916 27 26 31
315 71 107 83 24 55 29 1235 50 4 85 0 26 18 NA 18 NA 5 50 1 12 18 24 0 0 0 0 1 12 18 24 0 0 0 0 2 146 451 21005 4915 28 25 32
316 67 106 84 22 53 33 1239 56 5 83 0 26.5 18 NA 18 NA 8 56 1 11 18 23 0 0 0 0 1 11 18 23 0 0 0 0 1 136 451 21065 4917 28 25 30
317 71 105 83 22 54 33 1227 51 6 82 0 25 18 NA 18 NA 8 51 1 11 19 23 0 0 0 0 1 11 19 23 0 0 0 0 1 132 453 21137 4918 27 25 30
318 82 99 79 20 51 41 1206 63 7 78 0 25 18 NA 18 NA 14 63 0 8 20 23 0 0 0 0 0 8 20 23 0 0 0 0 0 145 453 21220 4922 21 28 29
319 76 101 79 22 51 41 1168 58 4 79 0 25 18 NA 18 NA 5 58 0 8 19 24 0 0 0 0 0 8 19 24 0 0 0 0 4 117 454 21296 4921 22 27 30
320 84 103 81 22 52 41 1142 54 3 80 0 26 18 NA 18 NA 5 54 0 7 18 27 0 0 0 0 0 7 18 27 0 0 0 0 1 121 455 21368 4920 20 26 34
321 82 103 81 22 52 46 1142 59 3 77 0 27 18 NA 18 NA 10 59 0 8 17 27 0 0 0 0 0 8 17 27 0 0 0 0 1 150 456 21440 4923 19 26 32
322 75 104 81 23 54 39 1129 58 11 79 0 26.5 18.5 NA 18.5 NA 7 58 0 9 16 29 0 0 0 0 0 9 16 29 0 0 0 0 1 143 458 21520 4921 20 24 35
323 68 98 77 21 52 35 1137 50 8 74 0 27 19 NA 19 NA 2 50 0 10 15 27 0 0 0 0 0 10 15 27 0 0 0 0 0 127 458 21575 4926 19 23 32
324 94 104 83 21 56 34 1162 51 5 76 0 26.5 19 NA 19 NA 5 51 0 10 18 28 0 0 0 0 0 10 18 28 0 0 0 0 4 161 461 21642 4924 17 26 33
325 78 104 82 22 55 36 1159 50 3 74 0 25.5 19 NA 19 NA 7 50 0 9 17 29 0 0 0 0 0 9 17 29 0 0 0 0 2 136 462 21716 4926 17 23 34
326 96 104 81 23 52 38 1182 53 3 72 0 26 19 NA 19 NA 8 53 0 7 18 27 0 0 0 0 0 7 18 27 0 0 0 0 3 168 464 21787 4928 17 23 32
327 89 104 82 22 51 37 1194 62 7 73 0 26.5 19 NA 19 NA 8 62 0 7 18 26 0 0 0 0 0 7 18 26 0 0 0 0 1 157 466 21854 4927 18 24 31
328 62 103 81 22 51 42 1183 55 3 73 0 26 19 NA 19 NA 8 55 0 7 18 26 0 0 0 0 0 7 18 26 0 0 0 0 2 130 467 21925 4927 18 24 31
329 66 104 83 21 51 39 1153 71 5 73 0 25.5 19 NA 19 NA 2 71 0 8 16 27 0 0 0 0 0 8 16 27 0 0 0 0 1 124 468 21991 4927 18 23 32
330 85 102 82 20 49 43 1164 51 3 71 0 26 19 NA 19 NA 10 51 0 7 13 29 0 0 0 0 0 7 13 29 0 0 0 0 0 142 471 22049 4929 16 19 36
331 85 98 78 20 48 42 1176 53 4 72 0 27 19 NA 19 NA 10 53 0 6 14 28 0 0 0 0 0 6 14 28 0 0 0 0 1 132 478 22098 4928 18 19 35
332 82 97 78 19 46 36 1156 58 14 70 0 26 19 NA 19 NA 7 58 0 8 11 27 0 0 0 0 0 8 11 27 0 0 0 0 1 118 478 22158 4930 20 16 34
333 80 98 78 20 47 41 1124 74 5 71 0 25 19 NA 19 NA 9 74 0 9 11 27 0 0 0 0 0 9 11 27 0 0 0 0 2 152 479 22243 4929 21 15 35
334 78 99 79 20 49 41 1113 54 8 71 0 24 18 NA 18 NA 8 54 0 10 10 29 0 0 0 0 0 10 10 29 0 0 0 0 1 140 480 22317 4929 19 16 36
335 61 101 77 24 48 40 1126 47 7 69 0 23 18 NA 18 NA 8 47 1 10 9 28 0 0 0 0 1 10 9 28 0 0 0 0 1 128 482 22375 4931 20 15 34
336 75 104 80 24 50 43 1132 57 9 75 0 22.5 18 NA 18 NA 10 57 1 10 10 29 0 0 0 0 1 10 10 29 0 0 0 0 3 159 482 22449 4925 24 15 36
337 68 106 82 24 50 44 1130 65 4 77 0 23 18 NA 18 NA 8 65 1 9 10 30 0 0 0 0 1 9 10 30 0 0 0 0 2 150 485 22522 4923 25 15 37
338 74 106 82 24 52 42 1137 56 8 79 0 23.5 18 NA 18 NA 5 56 1 11 9 31 0 0 0 0 1 11 9 31 0 0 0 0 2 160 486 22600 4921 26 16 37
339 73 106 83 23 51 42 1132 59 8 75 0 21 18 NA 18 NA 8 59 1 13 11 26 0 0 0 0 1 13 11 26 0 0 0 0 2 147 488 22674 4925 25 17 33
340 75 107 86 21 50 43 1113 65 6 73 0 21 18 NA 18 NA 11 65 1 11 12 26 0 0 0 0 1 11 12 26 0 0 0 0 2 127 492 22733 4927 24 17 32
341 67 107 87 20 55 40 1120 54 13 75 0 21 18 NA 18 NA 9 54 2 12 13 28 0 0 0 0 2 12 13 28 0 0 0 0 2 136 495 22789 4925 26 16 33
342 80 112 90 22 54 45 1126 48 4 73 0 19.5 17.5 NA 17.5 NA 10 48 2 12 11 29 0 0 0 0 2 12 11 29 0 0 0 0 5 131 495 22853 4927 26 14 33
343 74 109 86 23 51 39 1144 63 8 69 0 19 18 NA 18 NA 4 63 1 10 12 28 0 0 0 0 1 10 12 28 0 0 0 0 0 141 498 22897 4931 22 15 32
344 65 111 87 24 50 43 1163 64 8 70 0 20 18 NA 18 NA 11 64 0 10 14 26 0 0 0 0 0 10 14 26 0 0 0 0 1 161 498 22954 4930 23 17 30
345 80 110 87 23 50 42 1137 60 4 71 0 21 18 NA 18 NA 6 60 1 8 15 26 0 0 0 0 1 8 15 26 0 0 0 0 0 120 500 23019 4929 23 18 30
346 76 110 87 23 49 34 1127 52 9 70 0 20 18 NA 18 NA 5 52 1 9 12 27 0 0 0 0 1 9 12 27 0 0 0 0 0 137 503 23097 4930 23 15 32
347 76 109 87 22 46 34 1142 51 5 70 0 19 18 NA 18 NA 8 51 0 9 11 26 0 0 0 0 0 9 11 26 0 0 0 0 1 149 506 23159 4930 26 14 30
348 53 110 89 21 45 41 1153 60 6 71 0 19 18 NA 18 NA 12 60 0 7 11 27 0 0 0 0 0 7 11 27 0 0 0 0 3 156 507 23229 4929 24 16 31
349 86 109 88 21 47 40 1147 58 6 73 0 20 18 NA 18 NA 9 58 1 8 12 26 0 0 0 0 1 8 12 26 0 0 0 0 1 146 510 23297 4927 26 17 30
350 70 112 91 21 49 43 1132 65 7 74 0 18 18 NA 18 NA 11 65 2 7 14 26 0 0 0 0 2 7 14 26 0 0 0 0 2 130 511 23362 4926 25 19 30
351 65 112 91 21 52 39 1135 55 9 76 0 19 18 NA 18 NA 6 55 3 7 15 27 0 0 0 0 3 7 15 27 0 0 0 0 0 140 513 23433 4924 26 19 31
352 76 112 91 21 52 39 1140 62 7 78 0 19.5 18 NA 18 NA 7 62 3 8 14 27 0 0 0 0 3 8 14 27 0 0 0 0 2 135 515 23482 4922 28 19 31
353 76 110 90 20 52 40 1152 50 6 77 0 20.5 18 NA 18 NA 8 50 2 7 16 27 0 0 0 0 2 7 16 27 0 0 0 0 0 149 517 23548 4923 25 21 31
354 77 110 90 20 53 35 1176 51 7 83 0 21 18 NA 18 NA 3 51 2 9 16 26 0 0 0 0 2 9 16 26 0 0 0 0 1 148 518 23605 4917 32 21 30
355 65 112 92 20 56 33 1171 69 5 84 0 21.5 18 NA 18 NA 5 69 3 11 16 26 0 0 0 0 3 11 16 26 0 0 0 0 3 145 520 23667 4916 33 20 31
356 78 114 93 21 56 34 1177 48 6 85 0 21 17.5 NA 17.5 NA 8 48 2 11 16 27 0 0 0 0 2 11 16 27 0 0 0 0 3 147 521 23741 4915 33 21 31
357 90 115 94 21 58 34 1198 50 8 84 0 22 17.5 NA 17.5 NA 7 50 3 11 16 28 0 0 0 0 3 11 16 28 0 0 0 0 1 145 521 23791 4916 32 21 31
358 71 116 95 21 58 36 1193 48 4 88 0 22.5 17.5 NA 17.5 NA 7 48 1 13 15 29 0 0 0 0 1 13 15 29 0 0 0 0 1 128 522 23859 4912 34 22 32
359 96 113 93 20 57 36 1183 62 7 87 0 23 18 NA 18 NA 9 62 1 10 18 28 0 0 0 0 1 10 18 28 0 0 0 0 0 138 523 23931 4913 32 25 30
360 79 113 94 19 57 35 1160 61 5 87 0 23 18 NA 18 NA 7 61 1 10 15 31 0 0 0 0 1 10 15 31 0 0 0 0 3 134 525 24010 4913 32 20 35
