1 86 101 84 17 45 32 1215 72 10 75 0 25 18 NA 18 NA 9 72 1 5 17 22 0 0 0 0 1 5 17 22 0 0 0 0 2 143 0 0 4925 19 27 29
2 80 106 86 20 47 24 1275 59 15 76 0 25.5 18 NA 18 NA 6 59 2 5 17 23 0 0 0 0 2 5 17 23 0 0 0 0 3 142 0 0 4924 19 27 30
3 77 103 84 19 48 27 1310 67 7 75 0 26 18 NA 18 NA 7 67 2 5 18 23 0 0 0 0 2 5 18 23 0 0 0 0 1 129 0 0 4925 19 27 29
4 76 102 83 19 48 29 1342 68 4 75 0 26.5 18 NA 18 NA 6 68 2 6 16 24 0 0 0 0 2 6 16 24 0 0 0 0 0 123 0 0 4925 20 26 29
5 78 102 83 19 48 34 1374 80 6 76 0 27.5 18 NA 18 NA 12 80 2 6 16 24 0 0 0 0 2 6 16 24 0 0 0 0 0 140 0 0 4924 21 26 29
6 90 98 79 19 47 36 1415 65 4 74 0 28.5 18 NA 18 NA 5 65 1 5 16 25 0 0 0 0 1 5 16 25 0 0 0 0 0 143 0 0 4926 19 25 30
7 70 100 81 19 49 31 1445 66 11 75 0 28.5 18 NA 18 NA 5 66 1 6 15 27 0 0 0 0 1 6 15 27 0 0 0 0 0 120 0 0 4925 19 23 33
8 72 103 84 19 48 36 1459 82 3 74 0 26 18 NA 18 NA 8 82 2 5 16 25 0 0 0 0 2 5 16 25 0 0 0 0 4 122 0 0 4926 18 24 32
9 78 103 83 20 50 35 1493 72 7 75 0 27 18 NA 18 NA 7 72 3 6 14 27 0 0 0 0 3 6 14 27 0 0 0 0 1 127 0 0 4925 18 23 34
10 91 104 84 20 50 37 1493 89 5 79 0 28 18 NA 18 NA 8 89 3 6 11 30 0 0 0 0 3 6 11 30 0 0 0 0 1 115 0 0 4921 20 22 37
11 75 105 84 21 51 37 1492 87 9 79 0 28 18 NA 18 NA 8 87 3 4 11 33 0 0 0 0 3 4 11 33 0 0 0 0 2 107 0 0 4921 17 22 40
12 82 106 81 25 49 35 1515 67 6 76 0 26.5 18 NA 18 NA 4 67 2 3 11 33 0 0 0 0 2 3 11 33 0 0 0 0 1 107 0 0 4924 16 19 41
13 82 102 77 25 46 31 986 61 4 75 0 26 19 NA 19 NA 6 61 0 4 9 33 0 0 0 0 0 4 9 33 0 0 0 0 2 133 4 585 4925 20 16 39
14 69 104 80 24 45 32 1037 48 5 78 0 27 19 NA 19 NA 7 48 0 3 9 33 0 0 0 0 0 3 9 33 0 0 0 0 2 175 5 645 4922 23 16 39
15 82 100 77 23 45 34 1042 63 7 75 0 27.5 19 NA 19 NA 9 63 0 5 8 32 0 0 0 0 0 5 8 32 0 0 0 0 0 146 6 706 4925 22 15 38
16 71 98 75 23 45 34 1079 44 5 74 0 28.5 19 NA 19 NA 7 44 0 6 7 32 0 0 0 0 0 6 7 32 0 0 0 0 0 151 9 760 4926 20 15 39
17 93 96 73 23 44 34 1106 55 3 73 0 28 18.5 NA 18.5 NA 5 55 0 5 8 31 0 0 0 0 0 5 8 31 0 0 0 0 0 165 10 821 4927 20 16 37
18 63 99 75 24 46 34 1102 63 6 73 0 27 19 NA 19 NA 4 63 0 3 10 33 0 0 0 0 0 3 10 33 0 0 0 0 3 139 11 886 4927 18 16 39
19 89 101 77 24 50 27 1143 42 11 75 0 27 19 NA 19 NA 4 42 0 5 12 33 0 0 0 0 0 5 12 33 0 0 0 0 1 153 12 932 4925 20 16 39
20 97 100 76 24 49 29 1141 60 4 78 0 28.5 19 NA 19 NA 6 60 0 4 11 34 0 0 0 0 0 4 11 34 0 0 0 0 1 146 12 992 4922 22 15 41
21 88 100 76 24 50 30 1159 70 5 77 0 29.5 19.5 NA 19.5 NA 12 70 0 4 10 36 0 0 0 0 0 4 10 36 0 0 0 0 1 168 15 1048 4923 19 16 42
22 88 95 70 25 46 36 1170 75 3 73 0 30 20 NA 20 NA 13 75 0 4 8 34 0 0 0 0 0 4 8 34 0 0 0 0 1 151 17 1093 4927 17 16 40
23 78 96 71 25 47 37 1187 65 6 75 0 29.5 21 NA 21 NA 6 65 0 3 9 35 0 0 0 0 0 3 9 35 0 0 0 0 3 159 17 1139 4925 18 15 42
24 78 98 73 25 50 42 1202 73 9 79 0 29 20.5 NA 20.5 NA 11 73 1 6 8 35 0 0 0 0 1 6 8 35 0 0 0 0 1 154 17 1189 4921 23 14 42
25 85 99 72 27 50 36 1191 62 10 78 0 27 20.5 NA 20.5 NA 4 62 1 7 9 33 0 0 0 0 1 7 9 33 0 0 0 0 4 134 17 1253 4922 22 17 39
26 84 96 69 27 49 38 1158 72 6 77 0 27.5 21 NA 21 NA 9 72 1 5 11 32 0 0 0 0 1 5 11 32 0 0 0 0 0 151 18 1343 4923 22 18 37
27 83 95 68 27 49 39 1162 63 3 77 0 28 20 NA 20 NA 4 63 1 5 12 31 0 0 0 0 1 5 12 31 0 0 0 0 0 146 18 1402 4923 22 18 37
28 73 99 72 27 49 40 1169 64 6 75 0 27 21 NA 21 NA 10 64 1 5 12 31 0 0 0 0 1 5 12 31 0 0 0 0 2 144 23 1464 4925 21 17 37
29 84 97 71 26 47 40 1163 51 5 72 0 27 21 NA 21 NA 6 51 1 5 12 29 0 0 0 0 1 5 12 29 0 0 0 0 1 145 24 1540 4928 20 17 35
30 72 99 72 27 47 44 1149 68 8 72 0 25 21 NA 21 NA 11 68 0 8 10 29 0 0 0 0 0 8 10 29 0 0 0 0 3 137 24 1602 4928 22 15 35
31 62 96 70 26 48 40 1160 64 12 71 0 25 20.5 NA 20.5 NA 8 64 1 9 11 27 0 0 0 0 1 9 11 27 0 0 0 0 0 146 25 1665 4929 21 17 33
32 62 95 71 24 48 37 1187 56 4 68 0 25 21 NA 21 NA 3 56 1 6 13 28 0 0 0 0 1 6 13 28 0 0 0 0 0 156 26 1726 4932 17 19 32
33 73 95 71 24 47 38 1195 56 7 68 0 26 21 NA 21 NA 8 56 1 6 12 28 0 0 0 0 1 6 12 28 0 0 0 0 1 159 26 1804 4932 18 17 33
34 86 94 70 24 47 43 1173 69 4 68 0 26.5 21 NA 21 NA 12 69 1 6 11 29 0 0 0 0 1 6 11 29 0 0 0 0 0 133 30 1872 4932 19 14 35
35 85 94 70 24 44 38 1169 63 9 68 0 25.5 21 NA 21 NA 5 63 1 2 13 28 0 0 0 0 1 2 13 28 0 0 0 0 2 148 31 1940 4932 17 16 35
36 89 96 72 24 43 40 1145 66 3 69 0 25 21 NA 21 NA 8 66 1 2 13 27 0 0 0 0 1 2 13 27 0 0 0 0 0 130 34 2003 4931 17 19 33
37 82 98 73 25 43 41 1164 51 8 71 0 25.5 21 NA 21 NA 11 51 0 3 10 30 0 0 0 0 0 3 10 30 0 0 0 0 1 151 35 2061 4929 17 18 36
38 68 100 76 24 43 40 1177 53 5 70 0 26 21 NA 21 NA 4 53 0 3 9 31 0 0 0 0 0 3 9 31 0 0 0 0 3 144 35 2126 4930 15 18 37
39 85 102 76 26 44 44 1153 64 5 70 0 26 21 NA 21 NA 11 64 0 4 9 31 0 0 0 0 0 4 9 31 0 0 0 0 1 132 38 2197 4930 15 18 37
40 68 101 76 25 42 44 1175 47 6 71 0 25 22 NA 22 NA 8 47 0 4 8 30 0 0 0 0 0 4 8 30 0 0 0 0 5 147 38 2260 4929 20 16 35
41 87 95 72 23 44 41 1190 37 12 68 0 26 22 NA 22 NA 7 37 0 7 10 27 0 0 0 0 0 7 10 27 0 0 0 0 0 142 40 2321 4932 20 15 33
42 94 101 77 24 46 39 1183 61 6 71 0 23 23 NA 23 NA 6 61 0 6 12 28 0 0 0 0 0 6 12 28 0 0 0 0 3 139 41 2381 4929 22 16 33
43 71 99 75 24 43 36 1176 59 10 67 0 20 22 NA 22 NA 10 59 0 5 12 26 0 0 0 0 0 5 12 26 0 0 0 0 2 148 45 2457 4933 20 16 31
44 72 97 73 24 42 36 1160 54 3 67 0 21 21.5 NA 21.5 NA 6 54 0 5 10 27 0 0 0 0 0 5 10 27 0 0 0 0 1 139 49 2536 4933 22 13 32
45 91 99 74 25 39 31 1176 52 8 66 0 20 21 NA 21 NA 5 52 0 5 10 24 0 0 0 0 0 5 10 24 0 0 0 0 3 179 50 2618 4934 23 14 29
46 68 97 72 25 38 31 1196 49 4 64 0 21 21 NA 21 NA 4 49 0 5 11 22 0 0 0 0 0 5 11 22 0 0 0 0 1 141 51 2678 4936 22 15 27
47 82 96 71 25 36 30 1165 64 4 62 0 19 20.5 NA 20.5 NA 8 64 0 5 7 24 0 0 0 0 0 5 7 24 0 0 0 0 0 126 56 2747 4938 20 14 28
48 73 96 71 25 35 30 1187 50 3 65 0 20 20 NA 20 NA 5 50 0 4 5 26 0 0 0 0 0 4 5 26 0 0 0 0 1 139 58 2800 4935 22 13 30
49 58 94 70 24 37 33 1184 68 5 67 0 21 19 NA 19 NA 7 68 0 4 7 26 0 0 0 0 0 4 7 26 0 0 0 0 0 142 60 2856 4933 22 14 31
50 76 90 69 21 38 31 1193 63 6 67 0 22 19.5 NA 19.5 NA 5 63 1 4 7 26 0 0 0 0 1 4 7 26 0 0 0 0 0 160 61 2924 4933 24 13 30
51 74 93 72 21 39 34 1219 55 7 69 0 23 19 NA 19 NA 9 55 2 3 8 26 0 0 0 0 2 3 8 26 0 0 0 0 3 166 61 2991 4931 26 13 30
52 79 93 72 21 40 32 1205 66 6 71 0 23 19 NA 19 NA 6 66 1 5 9 25 0 0 0 0 1 5 9 25 0 0 0 0 1 149 64 3069 4929 25 17 29
53 62 95 75 20 38 30 1198 58 4 69 0 23 18.5 NA 18.5 NA 4 58 1 5 9 23 0 0 0 0 1 5 9 23 0 0 0 0 1 147 65 3142 4931 23 19 27
54 72 96 76 20 42 33 1209 58 10 72 0 24 19 NA 19 NA 9 58 1 5 11 25 0 0 0 0 1 5 11 25 0 0 0 0 0 144 65 3207 4928 23 21 28
55 78 97 77 20 45 29 1228 56 8 76 0 25 19 NA 19 NA 4 56 1 7 10 27 0 0 0 0 1 7 10 27 0 0 0 0 0 165 67 3278 4924 27 19 30
56 63 96 76 20 45 28 1195 48 4 75 0 25 19 NA 19 NA 4 48 1 7 11 26 0 0 0 0 1 7 11 26 0 0 0 0 0 107 69 3354 4925 25 21 29
57 76 96 76 20 45 28 1160 48 6 77 0 25 19 NA 19 NA 5 48 1 8 10 26 0 0 0 0 1 8 10 26 0 0 0 0 1 116 69 3442 4923 26 22 29
58 74 96 77 19 45 24 1148 59 8 74 0 22.5 19 NA 19 NA 5 59 1 10 11 23 0 0 0 0 1 10 11 23 0 0 0 0 0 134 71 3510 4926 27 21 26
59 69 96 78 18 48 29 1150 58 6 75 0 23 19 NA 19 NA 10 58 1 11 12 24 0 0 0 0 1 11 12 24 0 0 0 0 1 143 72 3574 4925 28 18 29
60 91 95 80 15 46 27 1107 55 7 73 0 24 20.5 NA 20.5 NA 6 55 1 9 12 24 0 0 0 0 1 9 12 24 0 0 0 0 1 120 73 3652 4927 25 19 29
61 75 93 80 13 45 36 1120 60 4 71 0 24 19 NA 19 NA 14 60 1 9 12 23 0 0 0 0 1 9 12 23 0 0 0 0 0 156 75 3715 4929 24 19 28
62 85 93 80 13 46 39 1116 54 10 69 0 24 19.5 NA 19.5 NA 11 54 1 9 14 22 0 0 0 0 1 9 14 22 0 0 0 0 1 141 76 3778 4931 20 22 27
63 75 92 79 13 47 36 1101 63 9 71 0 25 19 NA 19 NA 7 63 0 9 15 23 0 0 0 0 0 9 15 23 0 0 0 0 1 157 77 3869 4929 21 23 27
64 83 94 81 13 47 30 1142 48 7 73 0 26 19 NA 19 NA 5 48 0 6 16 25 0 0 0 0 0 6 16 25 0 0 0 0 1 172 80 3931 4927 18 25 30
65 82 98 84 14 47 31 1138 57 5 74 0 25 19 NA 19 NA 5 57 0 7 14 26 0 0 0 0 0 7 14 26 0 0 0 0 3 135 81 3995 4926 21 21 32
66 80 98 85 13 48 29 1125 43 5 73 0 26 19 NA 19 NA 5 43 0 7 13 28 0 0 0 0 0 7 13 28 0 0 0 0 2 119 81 4064 4927 20 20 33
67 74 101 88 13 48 28 1129 44 6 74 0 27 19 NA 19 NA 6 44 0 6 14 28 0 0 0 0 0 6 14 28 0 0 0 0 2 139 82 4135 4926 18 23 33
68 70 100 87 13 50 29 1146 57 8 73 0 27 19 NA 19 NA 9 57 0 8 14 28 0 0 0 0 0 8 14 28 0 0 0 0 1 141 83 4184 4927 17 22 34
69 81 101 87 14 49 26 1164 45 6 69 0 26 19 NA 19 NA 5 45 0 6 15 28 0 0 0 0 0 6 15 28 0 0 0 0 3 120 84 4226 4931 14 23 32
70 77 103 88 15 51 29 1162 47 6 73 0 26 19 NA 19 NA 7 47 0 7 16 28 0 0 0 0 0 7 16 28 0 0 0 0 2 120 84 4288 4927 17 24 32
71 78 101 83 18 49 31 1172 61 2 71 0 26 19 NA 19 NA 4 61 0 5 16 28 0 0 0 0 0 5 16 28 0 0 0 0 0 165 85 4359 4929 16 23 32
72 72 100 82 18 49 26 1175 56 5 71 0 26.5 19 NA 19 NA 2 56 0 6 14 29 0 0 0 0 0 6 14 29 0 0 0 0 1 132 87 4418 4929 17 20 34
73 66 102 83 19 49 29 1187 62 2 70 0 26 19 NA 19 NA 7 62 0 6 14 29 0 0 0 0 0 6 14 29 0 0 0 0 3 162 89 4491 4930 17 20 33
74 75 101 82 19 48 35 1185 64 3 69 0 23 19 NA 19 NA 11 64 0 6 13 29 0 0 0 0 0 6 13 29 0 0 0 0 1 142 90 4557 4931 19 18 32
75 65 101 83 18 50 30 1166 63 11 71 0 24 19 NA 19 NA 9 63 0 6 13 31 0 0 0 0 0 6 13 31 0 0 0 0 0 137 93 4630 4929 18 20 33
76 81 103 84 19 52 33 1146 59 3 73 0 25 19 NA 19 NA 6 59 0 6 10 36 0 0 0 0 0 6 10 36 0 0 0 0 2 141 95 4714 4927 18 17 38
77 76 100 81 19 53 29 1148 63 8 76 0 26 19 NA 19 NA 5 63 0 6 13 34 0 0 0 0 0 6 13 34 0 0 0 0 0 142 96 4779 4924 20 20 36
78 84 99 81 18 52 29 1143 48 6 77 0 27 18.5 NA 18.5 NA 6 48 0 5 13 34 0 0 0 0 0 5 13 34 0 0 0 0 2 133 96 4841 4923 21 19 37
79 71 99 81 18 53 30 1122 56 4 78 0 27 18 NA 18 NA 6 56 2 5 11 35 0 0 0 0 2 5 11 35 0 0 0 0 2 123 96 4912 4922 23 16 39
80 78 99 80 19 52 27 1129 61 6 75 0 27 18.5 NA 18.5 NA 3 61 2 7 11 32 0 0 0 0 2 7 11 32 0 0 0 0 4 156 97 4979 4925 22 17 36
81 77 102 83 19 51 31 1137 53 3 76 0 24 19 NA 19 NA 9 53 1 8 9 33 0 0 0 0 1 8 9 33 0 0 0 0 1 136 99 5036 4924 25 14 37
82 78 99 82 17 50 32 1151 59 2 75 0 24 19 NA 19 NA 4 59 0 7 11 32 0 0 0 0 0 7 11 32 0 0 0 0 0 144 100 5092 4925 22 17 36
83 66 101 84 17 53 30 1161 44 6 77 0 25 18 NA 18 NA 5 44 0 10 9 34 0 0 0 0 0 10 9 34 0 0 0 0 0 145 102 5165 4923 23 16 38
84 78 99 82 17 55 28 1180 50 6 78 0 26 18 NA 18 NA 4 50 0 10 11 34 0 0 0 0 0 10 11 34 0 0 0 0 0 152 103 5228 4922 22 17 39
85 71 97 80 17 53 30 1195 45 4 75 0 26 18 NA 18 NA 6 45 0 10 11 32 0 0 0 0 0 10 11 32 0 0 0 0 1 160 104 5311 4925 24 16 35
86 68 97 79 18 51 30 1217 57 4 73 0 26 19 NA 19 NA 5 57 0 8 13 30 0 0 0 0 0 8 13 30 0 0 0 0 2 162 105 5377 4927 22 18 33
87 63 99 80 19 50 33 1213 52 2 73 0 25 19 NA 19 NA 7 52 0 8 11 31 0 0 0 0 0 8 11 31 0 0 0 0 2 137 107 5450 4927 22 16 35
88 75 96 77 19 47 25 1191 62 8 73 0 24.5 19 NA 19 NA 7 62 0 7 10 30 0 0 0 0 0 7 10 30 0 0 0 0 1 129 112 5518 4927 24 15 34
89 93 95 75 20 45 32 1173 61 5 69 0 24 19 NA 19 NA 10 61 0 6 9 30 0 0 0 0 0 6 9 30 0 0 0 0 2 141 112 5596 4931 19 17 33
90 71 98 76 22 47 30 1195 52 7 71 0 25 19 NA 19 NA 3 52 1 7 8 31 0 0 0 0 1 7 8 31 0 0 0 0 3 149 112 5657 4929 19 18 34
91 89 95 74 21 48 31 1201 68 8 69 0 25 19 NA 19 NA 7 68 1 8 11 28 0 0 0 0 1 8 11 28 0 0 0 0 1 161 113 5720 4931 18 20 31
92 92 99 77 22 49 35 1163 68 6 70 0 25 19 NA 19 NA 8 68 1 9 12 27 0 0 0 0 1 9 12 27 0 0 0 0 1 131 113 5797 4930 19 20 31
93 69 101 79 22 50 40 1189 55 6 72 0 24 19 NA 19 NA 11 55 2 8 13 27 0 0 0 0 2 8 13 27 0 0 0 0 4 154 114 5854 4928 21 21 30
94 75 98 76 22 50 39 1188 50 5 69 0 24 19 NA 19 NA 8 50 2 8 11 29 0 0 0 0 2 8 11 29 0 0 0 0 0 134 118 5918 4931 19 18 32
95 68 95 73 22 48 38 1196 59 6 68 0 25 18.5 NA 18.5 NA 6 59 1 7 13 27 0 0 0 0 1 7 13 27 0 0 0 0 0 154 119 5988 4932 18 19 31
96 80 93 70 23 49 37 1214 58 3 68 0 26 19 NA 19 NA 5 58 1 7 13 28 0 0 0 0 1 7 13 28 0 0 0 0 1 160 121 6051 4932 16 20 32
97 68 95 72 23 49 42 1203 54 1 70 0 27 19 NA 19 NA 7 54 1 6 14 28 0 0 0 0 1 6 14 28 0 0 0 0 1 143 122 6128 4930 17 21 32
98 65 92 69 23 47 42 1224 45 5 68 0 27.5 19 NA 19 NA 6 45 2 5 12 28 0 0 0 0 2 5 12 28 0 0 0 0 2 157 123 6200 4932 16 20 32
99 72 93 70 23 48 44 1193 72 6 71 0 28 19 NA 19 NA 7 72 2 6 12 28 0 0 0 0 2 6 12 28 0 0 0 0 1 130 124 6273 4929 19 19 33
100 80 91 68 23 50 41 1181 61 9 70 0 29 19 NA 19 NA 5 61 2 5 15 28 0 0 0 0 2 5 15 28 0 0 0 0 1 133 124 6333 4930 17 21 32
101 80 86 64 22 44 44 1186 65 4 66 0 27.5 18.5 NA 18.5 NA 7 65 0 6 12 26 0 0 0 0 0 6 12 26 0 0 0 0 2 154 124 6400 4934 19 17 30
102 78 88 65 23 44 44 1210 46 1 68 0 27 18.5 NA 18.5 NA 4 46 0 5 12 27 0 0 0 0 0 5 12 27 0 0 0 0 2 152 126 6467 4932 19 17 32
103 83 90 65 25 43 46 1210 54 4 69 0 27 18 NA 18 NA 6 54 0 5 11 27 0 0 0 0 0 5 11 27 0 0 0 0 1 169 126 6548 4931 21 15 33
104 74 91 66 25 45 46 1233 61 5 70 0 26 19 NA 19 NA 7 61 0 7 10 28 0 0 0 0 0 7 10 28 0 0 0 0 1 154 130 6602 4930 22 14 34
105 80 93 66 27 45 45 1233 52 6 69 0 24 20 NA 20 NA 6 52 0 7 11 27 0 0 0 0 0 7 11 27 0 0 0 0 3 142 133 6673 4931 20 16 33
106 96 91 66 25 43 34 1227 59 8 66 0 23 19 NA 19 NA 4 59 0 8 9 26 0 0 0 0 0 8 9 26 0 0 0 0 2 133 139 6733 4934 21 13 32
107 73 92 68 24 41 32 1227 53 5 64 0 22 20 NA 20 NA 4 53 0 6 9 26 0 0 0 0 0 6 9 26 0 0 0 0 1 154 139 6817 4936 19 13 32
108 55 92 68 24 41 32 1236 57 4 64 0 22.5 20 NA 20 NA 6 57 0 7 8 26 0 0 0 0 0 7 8 26 0 0 0 0 1 162 142 6897 4936 20 10 34
109 70 92 68 24 41 31 1237 53 6 63 0 23 20 NA 20 NA 7 53 0 6 8 27 0 0 0 0 0 6 8 27 0 0 0 0 1 145 145 6966 4937 18 11 34
110 89 91 66 25 41 32 1254 51 6 62 0 23 20 NA 20 NA 10 51 1 6 6 28 0 0 0 0 1 6 6 28 0 0 0 0 1 163 148 7044 4938 17 10 35
111 62 91 67 24 41 31 1248 64 9 61 0 23 20 NA 20 NA 10 64 1 6 7 27 0 0 0 0 1 6 7 27 0 0 0 0 1 126 150 7098 4939 16 11 34
112 54 91 68 23 42 30 1248 53 8 60 0 23 20 NA 20 NA 8 53 1 8 5 28 0 0 0 0 1 8 5 28 0 0 0 0 1 129 152 7169 4940 15 10 35
113 74 93 71 22 43 25 1242 47 5 61 0 24 20 NA 20 NA 3 47 1 7 8 27 0 0 0 0 1 7 8 27 0 0 0 0 3 135 156 7243 4939 14 13 34
114 66 92 70 22 42 27 1235 67 7 61 0 23.5 20 NA 20 NA 11 67 1 8 8 25 0 0 0 0 1 8 8 25 0 0 0 0 1 159 159 7322 4939 15 15 31
115 68 91 69 22 42 25 1218 57 8 63 0 24 19 NA 19 NA 5 57 1 7 10 24 0 0 0 0 1 7 10 24 0 0 0 0 0 138 159 7407 4937 16 17 30
116 86 93 70 23 44 25 1232 52 6 67 0 25 19 NA 19 NA 6 52 1 6 13 24 0 0 0 0 1 6 13 24 0 0 0 0 2 175 160 7491 4933 17 20 30
117 84 94 71 23 42 26 1259 46 7 67 0 23.5 19 NA 19 NA 7 46 1 6 13 22 0 0 0 0 1 6 13 22 0 0 0 0 2 155 161 7556 4933 20 19 28
118 71 90 69 21 40 30 1239 70 3 66 0 24.5 20 NA 20 NA 8 70 1 6 13 20 0 0 0 0 1 6 13 20 0 0 0 0 0 137 163 7621 4934 20 20 26
119 72 87 66 21 42 37 1222 62 7 65 0 23 17.5 NA 17.5 NA 12 62 1 9 12 20 0 0 0 0 1 9 12 20 0 0 0 0 0 144 163 7701 4935 22 18 25
120 73 86 67 19 39 47 1193 67 1 62 0 20.5 17 NA 17 NA 12 67 1 7 12 19 0 0 0 0 1 7 12 19 0 0 0 0 2 133 163 7777 4938 20 18 24
121 84 88 69 19 39 43 1186 55 9 64 0 20 17 NA 17 NA 5 55 1 8 11 19 0 0 0 0 1 8 11 19 0 0 0 0 3 153 164 7862 4936 23 16 25
122 84 89 68 21 40 42 1184 56 13 64 0 20 15.5 NA 15.5 NA 10 56 1 11 10 18 0 0 0 0 1 11 10 18 0 0 0 0 1 159 165 7940 4936 25 13 26
123 75 92 70 22 42 39 1183 69 8 66 0 20.5 16.5 NA 16.5 NA 4 69 0 13 10 19 0 0 0 0 0 13 10 19 0 0 0 0 2 142 165 7996 4934 26 13 27
124 90 92 69 23 41 41 1164 62 5 67 0 21 16 NA 16 NA 8 62 0 12 11 18 0 0 0 0 0 12 11 18 0 0 0 0 0 138 166 8064 4933 27 14 26
125 68 93 70 23 44 41 1173 55 6 70 0 22 17.5 NA 17.5 NA 5 55 0 12 10 22 0 0 0 0 0 12 10 22 0 0 0 0 0 150 167 8131 4930 28 13 29
126 73 97 74 23 45 38 1155 66 10 72 0 22 18 NA 18 NA 6 66 0 11 13 21 0 0 0 0 0 11 13 21 0 0 0 0 2 141 168 8203 4928 28 15 29
127 68 102 79 23 47 41 1169 58 4 72 0 22 17 NA 17 NA 12 58 1 11 12 23 0 0 0 0 1 11 12 23 0 0 0 0 1 144 172 8259 4928 26 15 31
128 66 105 80 25 46 40 1142 78 9 71 0 21 17.5 NA 17.5 NA 9 78 1 9 13 23 0 0 0 0 1 9 13 23 0 0 0 0 3 162 174 8350 4929 24 15 32
129 66 106 81 25 46 35 1138 62 9 70 0 20 16 NA 16 NA 6 62 2 9 13 22 0 0 0 0 2 9 13 22 0 0 0 0 4 141 176 8418 4930 22 18 30
130 67 110 85 25 49 38 1153 55 4 69 0 19.5 18 NA 18 NA 7 55 2 10 16 21 0 0 0 0 2 10 16 21 0 0 0 0 2 143 178 8478 4931 21 18 30
131 88 110 86 24 49 38 1131 62 6 67 0 19.5 18 NA 18 NA 8 62 3 9 17 20 0 0 0 0 3 9 17 20 0 0 0 0 1 124 179 8538 4933 20 19 28
132 95 108 83 25 50 33 1153 51 7 68 0 20 18 NA 18 NA 3 51 3 11 15 21 0 0 0 0 3 11 15 21 0 0 0 0 0 138 182 8586 4932 22 18 28
133 79 108 82 26 48 29 1141 68 7 68 0 20 18 NA 18 NA 6 68 2 11 16 19 0 0 0 0 2 11 16 19 0 0 0 0 2 141 186 8652 4932 22 20 26
134 90 109 84 25 47 31 1122 53 5 69 0 20 18 NA 18 NA 8 53 1 10 18 18 0 0 0 0 1 10 18 18 0 0 0 0 4 131 186 8726 4931 23 21 25
135 76 107 83 24 45 29 1118 63 6 70 0 21 18 NA 18 NA 7 63 0 9 19 17 0 0 0 0 0 9 19 17 0 0 0 0 0 146 189 8794 4930 24 22 24
136 78 107 83 24 48 34 1103 69 8 70 0 22 18 NA 18 NA 9 69 0 9 21 18 0 0 0 0 0 9 21 18 0 0 0 0 1 141 189 8859 4930 22 24 24
137 73 109 85 24 47 31 1140 55 4 70 0 20 18 NA 18 NA 6 55 0 8 20 19 0 0 0 0 0 8 20 19 0 0 0 0 3 161 193 8916 4930 20 25 25
138 68 108 85 23 48 31 1135 54 6 73 0 21 17.5 NA 17.5 NA 6 54 0 7 21 20 0 0 0 0 0 7 21 20 0 0 0 0 2 131 194 8983 4927 22 26 25
139 63 107 84 23 48 39 1139 65 5 78 0 22 17.5 NA 17.5 NA 14 65 0 7 19 22 0 0 0 0 0 7 19 22 0 0 0 0 0 150 195 9043 4922 27 24 27
140 93 110 86 24 50 40 1116 61 7 79 0 20 16.5 NA 16.5 NA 10 61 2 8 16 24 0 0 0 0 2 8 16 24 0 0 0 0 3 154 197 9128 4921 29 21 29
141 60 109 85 24 50 39 1103 70 9 81 0 21 17.5 NA 17.5 NA 6 70 2 7 15 26 0 0 0 0 2 7 15 26 0 0 0 0 1 126 198 9185 4919 28 21 32
142 69 111 86 25 54 33 1127 44 10 85 0 21 18 NA 18 NA 3 44 3 9 16 26 0 0 0 0 3 9 16 26 0 0 0 0 2 144 200 9247 4915 33 20 32
143 72 109 85 24 54 33 1164 55 6 84 0 22 18 NA 18 NA 4 55 3 10 15 26 0 0 0 0 3 10 15 26 0 0 0 0 1 163 200 9299 4916 33 19 32
144 81 107 84 23 52 34 1175 52 4 83 0 23 18 NA 18 NA 4 52 2 8 17 25 0 0 0 0 2 8 17 25 0 0 0 0 0 142 200 9361 4917 30 21 32
145 70 107 83 24 49 32 1173 65 7 83 0 23 18 NA 18 NA 6 65 2 5 16 26 0 0 0 0 2 5 16 26 0 0 0 0 3 139 201 9422 4917 30 20 33
146 76 106 81 25 48 39 1177 68 2 83 0 24 17.5 NA 17.5 NA 9 68 1 6 14 27 0 0 0 0 1 6 14 27 0 0 0 0 0 150 202 9487 4917 29 20 34
147 72 108 83 25 48 39 1180 56 5 82 0 22.5 18 NA 18 NA 7 56 1 5 15 27 0 0 0 0 1 5 15 27 0 0 0 0 2 148 204 9556 4918 28 20 34
148 65 109 85 24 48 39 1182 64 7 81 0 22 18 NA 18 NA 7 64 1 6 14 27 0 0 0 0 1 6 14 27 0 0 0 0 1 135 205 9615 4919 29 19 33
149 76 109 86 23 47 39 1170 55 7 83 0 23 18 NA 18 NA 9 55 0 8 13 26 0 0 0 0 0 8 13 26 0 0 0 0 2 145 208 9696 4917 33 16 34
150 75 110 87 23 45 42 1188 48 3 83 0 23 18 NA 18 NA 8 48 0 6 11 28 0 0 0 0 0 6 11 28 0 0 0 0 1 150 210 9759 4917 30 17 36
151 83 111 88 23 47 46 1175 63 10 82 0 24 18 NA 18 NA 14 63 0 8 12 27 0 0 0 0 0 8 12 27 0 0 0 0 1 142 211 9833 4918 25 22 35
152 88 108 86 22 45 49 1157 64 6 80 0 23 18 NA 18 NA 9 64 0 10 11 24 0 0 0 0 0 10 11 24 0 0 0 0 0 138 212 9904 4920 27 21 32
153 75 109 88 21 44 41 1160 54 13 77 0 23 18 NA 18 NA 5 54 0 10 10 24 0 0 0 0 0 10 10 24 0 0 0 0 3 139 215 9969 4923 25 21 31
154 81 108 87 21 46 44 1132 64 5 80 0 24 17.5 NA 17.5 NA 9 64 0 10 12 24 0 0 0 0 0 10 12 24 0 0 0 0 0 126 217 10031 4920 25 24 31
155 75 111 88 23 47 40 1148 48 7 78 0 23 17 NA 17 NA 4 48 0 10 13 24 0 0 0 0 0 10 13 24 0 0 0 0 4 160 218 10105 4922 23 24 31
156 71 111 89 22 44 42 1137 69 5 76 0 23 16.5 NA 16.5 NA 6 69 0 9 11 24 0 0 0 0 0 9 11 24 0 0 0 0 1 146 218 10176 4924 23 22 31
157 63 111 90 21 45 43 1159 56 8 75 0 23 18 NA 18 NA 9 56 0 10 12 23 0 0 0 0 0 10 12 23 0 0 0 0 2 147 219 10229 4925 21 24 30
158 90 109 88 21 42 38 1149 54 7 72 0 22 18 NA 18 NA 5 54 0 7 13 22 0 0 0 0 0 7 13 22 0 0 0 0 3 133 222 10300 4928 19 23 30
159 103 110 88 22 39 37 1147 53 4 72 0 20 18 NA 18 NA 4 53 0 7 10 22 0 0 0 0 0 7 10 22 0 0 0 0 5 141 223 10371 4928 22 20 30
160 69 109 87 22 39 40 1188 52 5 70 0 20 18 NA 18 NA 8 52 0 8 10 21 0 0 0 0 0 8 10 21 0 0 0 0 0 175 223 10433 4930 21 20 29
161 73 109 87 22 40 42 1188 54 6 73 0 21 18 NA 18 NA 10 54 0 6 13 21 0 0 0 0 0 6 13 21 0 0 0 0 1 132 227 10499 4927 21 23 29
162 79 109 86 23 41 37 1143 67 9 75 0 22 18 NA 18 NA 7 67 0 7 12 22 0 0 0 0 0 7 12 22 0 0 0 0 0 129 230 10578 4925 23 20 32
163 69 108 85 23 41 39 1141 62 9 74 0 23 18 NA 18 NA 10 62 0 7 13 21 0 0 0 0 0 7 13 21 0 0 0 0 1 148 231 10645 4926 23 16 35
164 80 107 84 23 43 39 1144 52 5 76 0 24 18 NA 18 NA 9 52 0 5 17 21 0 0 0 0 0 5 17 21 0 0 0 0 0 139 235 10705 4924 21 19 36
165 64 111 88 23 43 40 1141 69 9 79 0 24 18 NA 18 NA 10 69 0 4 16 23 0 0 0 0 0 4 16 23 0 0 0 0 4 146 236 10770 4921 23 19 37
166 80 108 84 24 43 40 1161 49 6 76 0 24.5 18 NA 18 NA 8 49 1 3 15 24 0 0 0 0 1 3 15 24 0 0 0 0 0 154 238 10834 4924 20 18 38
167 77 111 87 24 44 44 1138 63 5 82 0 25 18 NA 18 NA 9 63 0 4 15 25 0 0 0 0 0 4 15 25 0 0 0 0 1 135 239 10910 4918 26 18 38
168 77 111 88 23 47 43 1133 65 9 83 0 23 18 NA 18 NA 9 65 0 7 14 26 0 0 0 0 0 7 14 26 0 0 0 0 1 134 243 10964 4917 28 18 37
169 73 111 89 22 46 48 1124 68 5 82 0 22 18 NA 18 NA 10 68 0 7 12 27 0 0 0 0 0 7 12 27 0 0 0 0 0 151 244 11031 4918 28 17 37
170 76 115 92 23 46 39 1153 43 11 84 0 22 17.5 NA 17.5 NA 6 43 0 8 10 28 0 0 0 0 0 8 10 28 0 0 0 0 3 151 247 11092 4916 30 16 38
171 83 117 93 24 49 42 1148 44 6 86 0 22 16 NA 16 NA 8 44 2 10 10 27 0 0 0 0 2 10 10 27 0 0 0 0 3 132 248 11168 4914 30 19 37
172 82 117 94 23 49 36 1159 47 8 86 0 22 16 NA 16 NA 2 47 4 10 8 27 0 0 0 0 4 10 8 27 0 0 0 0 1 147 248 11242 4914 31 18 37
173 76 117 95 22 48 34 1181 51 3 85 0 23 16 NA 16 NA 5 51 3 10 8 27 0 0 0 0 3 10 8 27 0 0 0 0 1 162 251 11307 4915 29 19 37
174 82 116 94 22 50 38 1164 68 4 83 0 21 17.5 NA 17.5 NA 9 68 3 9 10 28 0 0 0 0 3 9 10 28 0 0 0 0 1 128 252 11367 4917 27 21 35
175 77 119 97 22 49 34 1200 46 4 82 0 21 17 NA 17 NA 6 46 3 9 10 27 0 0 0 0 3 9 10 27 0 0 0 0 1 166 254 11427 4918 27 21 34
176 85 117 96 21 48 33 1208 56 5 79 0 21 16.5 NA 16.5 NA 6 56 3 10 7 28 0 0 0 0 3 10 7 28 0 0 0 0 2 151 257 11493 4921 26 19 34
177 75 116 97 19 49 33 1192 51 10 82 0 22 17 NA 17 NA 7 51 2 13 7 27 0 0 0 0 2 13 7 27 0 0 0 0 1 131 257 11569 4918 28 20 34
178 92 116 98 18 52 28 1164 57 8 80 0 22.5 17.5 NA 17.5 NA 6 57 3 14 8 27 0 0 0 0 3 14 8 27 0 0 0 0 1 123 259 11642 4920 28 19 33
179 85 112 95 17 50 37 1148 75 6 79 0 22.5 17.5 NA 17.5 NA 14 75 3 10 14 23 0 0 0 0 3 10 14 23 0 0 0 0 1 139 260 11696 4921 26 24 29
180 73 106 90 16 49 34 1169 39 9 75 0 22.5 18 NA 18 NA 8 39 3 9 15 22 0 0 0 0 3 9 15 22 0 0 0 0 0 145 262 11764 4925 24 23 28
181 81 102 87 15 50 31 1172 65 7 77 0 24 18 NA 18 NA 7 65 3 9 14 24 0 0 0 0 3 9 14 24 0 0 0 0 1 163 264 11839 4923 25 22 30
182 73 100 85 15 48 32 1192 44 3 78 0 24 18 NA 18 NA 4 44 2 9 13 24 0 0 0 0 2 9 13 24 0 0 0 0 1 151 264 11911 4922 26 23 29
183 75 99 85 14 48 35 1212 59 6 77 0 25 17.5 NA 17.5 NA 7 59 1 10 12 25 0 0 0 0 1 10 12 25 0 0 0 0 3 157 265 11972 4923 25 22 30
184 59 98 84 14 49 39 1229 54 3 77 0 25.5 17 NA 17 NA 8 54 1 10 14 24 0 0 0 0 1 10 14 24 0 0 0 0 0 147 266 12031 4923 25 22 30
185 88 99 85 14 51 34 1199 63 8 77 0 26 17 NA 17 NA 4 63 1 11 13 26 0 0 0 0 1 11 13 26 0 0 0 0 2 147 266 12119 4923 25 20 32
186 72 100 86 14 51 38 1199 62 3 76 0 26.5 17 NA 17 NA 8 62 1 11 13 26 0 0 0 0 1 11 13 26 0 0 0 0 1 129 267 12171 4924 24 19 33
187 85 101 88 13 53 35 1173 53 5 77 0 26 18 NA 18 NA 5 53 0 14 14 25 0 0 0 0 0 14 14 25 0 0 0 0 1 133 272 12250 4923 26 19 32
188 65 101 88 13 52 36 1177 64 4 77 0 23 17.5 NA 17.5 NA 6 64 0 15 11 26 0 0 0 0 0 15 11 26 0 0 0 0 2 145 273 12318 4923 28 16 33
189 77 101 88 13 52 39 1187 69 6 77 0 24 18 NA 18 NA 9 69 0 12 14 26 0 0 0 0 0 12 14 26 0 0 0 0 0 160 274 12386 4923 24 20 33
190 70 101 87 14 52 38 1187 57 7 79 0 25 18 NA 18 NA 9 57 0 12 13 27 0 0 0 0 0 12 13 27 0 0 0 0 0 126 276 12445 4921 26 20 33
191 77 99 88 11 50 32 1168 74 6 75 0 24 18 NA 18 NA 4 74 0 11 11 28 0 0 0 0 0 11 11 28 0 0 0 0 1 137 278 12506 4925 23 19 33
192 73 99 88 11 51 37 1169 61 5 75 0 25 18 NA 18 NA 10 61 0 10 12 29 0 0 0 0 0 10 12 29 0 0 0 0 0 156 279 12576 4925 21 19 35
193 78 98 87 11 52 34 1153 60 6 74 0 26 17.5 NA 17.5 NA 4 60 1 8 14 29 0 0 0 0 1 8 14 29 0 0 0 0 0 146 280 12659 4926 19 20 35
194 73 98 87 11 52 34 1164 53 7 74 0 26.5 17.5 NA 17.5 NA 7 53 1 7 14 30 0 0 0 0 1 7 14 30 0 0 0 0 0 149 280 12733 4926 19 18 37
195 88 92 81 11 50 29 1161 72 7 71 0 26 17 NA 17 NA 5 72 0 6 13 31 0 0 0 0 0 6 13 31 0 0 0 0 0 166 283 12807 4929 18 18 35
196 96 88 76 12 48 22 1163 54 9 67 0 26.5 16 NA 16 NA 4 54 0 6 13 29 0 0 0 0 0 6 13 29 0 0 0 0 2 142 285 12871 4933 16 18 33
197 56 88 77 11 47 29 1186 59 0 68 0 26.5 16 NA 16 NA 6 59 0 5 13 29 0 0 0 0 0 5 13 29 0 0 0 0 0 162 285 12940 4932 17 18 33
198 63 89 78 11 48 28 1202 58 6 69 0 27 16 NA 16 NA 7 58 0 6 14 28 0 0 0 0 0 6 14 28 0 0 0 0 3 138 286 12991 4931 19 18 32
199 72 88 77 11 49 30 1204 54 5 70 0 28 16 NA 16 NA 10 54 0 5 16 28 0 0 0 0 0 5 16 28 0 0 0 0 0 141 289 13051 4930 20 19 31
200 68 88 77 11 50 36 1193 60 7 73 0 29 16 NA 16 NA 12 60 0 5 17 28 0 0 0 0 0 5 17 28 0 0 0 0 0 136 290 13121 4927 21 21 31
201 82 89 78 11 53 34 1187 49 10 73 0 30 16 NA 16 NA 9 49 0 6 18 29 0 0 0 0 0 6 18 29 0 0 0 0 2 133 292 13187 4927 19 21 33
202 67 89 77 12 56 35 1180 63 7 73 0 30 16 NA 16 NA 6 63 0 9 18 29 0 0 0 0 0 9 18 29 0 0 0 0 0 143 292 13250 4927 19 21 33
203 72 92 78 14 56 38 1182 66 3 74 0 29 16 NA 16 NA 7 66 0 10 16 30 0 0 0 0 0 10 16 30 0 0 0 0 3 154 293 13321 4926 21 19 34
204 73 91 79 12 55 38 1176 71 5 72 0 29 15 NA 15 NA 5 71 0 11 14 30 0 0 0 0 0 11 14 30 0 0 0 0 1 166 294 13401 4928 21 17 34
205 74 92 80 12 56 40 1181 54 6 72 0 29 15 NA 15 NA 7 54 0 12 12 32 0 0 0 0 0 12 12 32 0 0 0 0 0 139 295 13465 4928 21 15 36
206 71 94 82 12 59 43 1181 53 8 73 0 29 15 NA 15 NA 9 53 0 14 12 33 0 0 0 0 0 14 12 33 0 0 0 0 2 140 295 13535 4927 22 15 36
207 83 98 86 12 61 41 1154 66 10 73 0 27.5 15 NA 15 NA 6 66 0 14 11 36 0 0 0 0 0 14 11 36 0 0 0 0 1 139 295 13616 4927 19 15 39
208 77 98 86 12 60 44 1144 60 5 71 0 25.5 15.5 NA 15.5 NA 9 60 0 14 10 36 0 0 0 0 0 14 10 36 0 0 0 0 3 145 296 13693 4929 19 13 39
209 69 99 88 11 58 47 1136 65 4 70 0 25 15.5 NA 15.5 NA 7 65 0 13 10 35 0 0 0 0 0 13 10 35 0 0 0 0 2 139 297 13759 4930 18 14 38
210 66 99 87 12 57 47 1178 43 2 72 0 25 16 NA 16 NA 5 43 0 11 12 34 0 0 0 0 0 11 12 34 0 0 0 0 1 159 298 13815 4928 18 17 37
211 77 95 83 12 56 39 1193 52 8 68 0 25 15 NA 15 NA 3 52 0 10 12 34 0 0 0 0 0 10 12 34 0 0 0 0 2 151 301 13886 4932 16 16 36
212 73 95 84 11 55 40 1205 55 1 66 0 26 15 NA 15 NA 3 55 1 8 13 33 0 0 0 0 1 8 13 33 0 0 0 0 0 142 303 13944 4934 14 17 35
213 94 92 80 12 54 36 1214 58 5 67 0 26.5 15 NA 15 NA 7 58 1 8 12 33 0 0 0 0 1 8 12 33 0 0 0 0 1 147 307 13993 4933 15 17 35
214 86 90 78 12 53 32 1195 78 4 66 0 27.5 15 NA 15 NA 3 78 1 7 12 33 0 0 0 0 1 7 12 33 0 0 0 0 0 149 310 14063 4934 14 17 35
215 71 92 80 12 53 23 1192 63 6 69 0 28 15 NA 15 NA 3 63 1 5 14 33 0 0 0 0 1 5 14 33 0 0 0 0 1 154 313 14138 4931 15 19 35
216 77 92 80 12 52 22 1177 62 4 71 0 28.5 15 NA 15 NA 5 62 0 6 14 32 0 0 0 0 0 6 14 32 0 0 0 0 1 140 316 14215 4929 18 19 34
217 84 90 76 14 54 29 1181 62 8 69 0 28 15.5 NA 15.5 NA 12 62 0 9 16 29 0 0 0 0 0 9 16 29 0 0 0 0 3 149 316 14272 4931 19 19 31
218 69 90 74 16 52 27 1174 65 7 68 0 27 15.5 NA 15.5 NA 5 65 0 8 17 27 0 0 0 0 0 8 17 27 0 0 0 0 0 143 316 14338 4932 19 20 29
219 93 92 76 16 52 33 1173 61 2 70 0 25.5 15 NA 15 NA 11 61 1 8 15 28 0 0 0 0 1 8 15 28 0 0 0 0 4 145 319 14397 4930 22 18 30
220 81 83 69 14 43 31 1177 56 5 63 0 23 15 NA 15 NA 6 56 1 7 12 23 0 0 0 0 1 7 12 23 0 0 0 0 0 147 320 14468 4937 22 16 25
221 67 86 72 14 43 26 1193 60 9 65 0 23 15 NA 15 NA 5 60 1 6 12 24 0 0 0 0 1 6 12 24 0 0 0 0 1 157 321 14533 4935 23 15 27
222 70 83 69 14 44 24 1183 67 8 64 0 24 15 NA 15 NA 6 67 1 7 12 24 0 0 0 0 1 7 12 24 0 0 0 0 0 154 324 14616 4936 21 15 28
223 65 85 71 14 44 29 1167 57 4 64 0 24 15.5 NA 15.5 NA 10 57 1 7 11 25 0 0 0 0 1 7 11 25 0 0 0 0 2 133 325 14692 4936 21 14 29
224 93 88 74 14 46 34 1172 74 9 65 0 22 16 NA 16 NA 12 74 0 10 10 26 0 0 0 0 0 10 10 26 0 0 0 0 3 154 326 14748 4935 23 12 30
225 75 86 71 15 47 30 1211 52 13 63 0 22 16 NA 16 NA 8 52 0 10 12 25 0 0 0 0 0 10 12 25 0 0 0 0 2 171 327 14810 4937 21 12 30
226 82 86 71 15 46 30 1222 51 7 60 0 22.5 16 NA 16 NA 5 51 0 10 12 24 0 0 0 0 0 10 12 24 0 0 0 0 2 142 327 14876 4940 20 12 28
227 68 88 73 15 44 30 1240 53 3 60 0 22.5 16 NA 16 NA 5 53 0 9 10 25 0 0 0 0 0 9 10 25 0 0 0 0 3 151 328 14938 4940 19 12 29
228 83 89 74 15 44 30 1217 59 4 62 0 23 16 NA 16 NA 8 59 0 7 12 25 0 0 0 0 0 7 12 25 0 0 0 0 1 120 329 15000 4938 18 15 29
229 72 90 75 15 45 33 1217 56 7 63 0 23 16 NA 16 NA 9 56 0 8 11 26 0 0 0 0 0 8 11 26 0 0 0 0 1 144 330 15072 4937 19 14 30
230 70 91 78 13 46 38 1184 74 6 63 0 23 16 NA 16 NA 12 74 2 7 12 25 0 0 0 0 2 7 12 25 0 0 0 0 3 133 332 15144 4937 19 15 29
231 73 93 80 13 48 32 1187 60 12 66 0 23 16 NA 16 NA 6 60 1 10 13 24 0 0 0 0 1 10 13 24 0 0 0 0 2 145 332 15207 4934 20 18 28
232 84 96 83 13 49 33 1208 52 6 66 0 23.5 16 NA 16 NA 8 52 1 10 13 25 0 0 0 0 1 10 13 25 0 0 0 0 3 162 333 15272 4934 18 19 29
233 88 94 81 13 50 32 1204 44 6 65 0 24 16 NA 16 NA 4 44 2 8 14 26 0 0 0 0 2 8 14 26 0 0 0 0 0 141 334 15348 4935 17 18 30
234 61 94 81 13 50 34 1212 47 3 63 0 23 16 NA 16 NA 4 47 2 8 11 29 0 0 0 0 2 8 11 29 0 0 0 0 1 149 334 15431 4937 16 15 32
235 80 99 85 14 50 35 1203 64 5 66 0 22 16 NA 16 NA 6 64 2 8 11 29 0 0 0 0 2 8 11 29 0 0 0 0 4 147 334 15498 4934 19 15 32
236 83 95 81 14 49 33 1183 56 5 65 0 23 16 NA 16 NA 7 56 0 8 13 28 0 0 0 0 0 8 13 28 0 0 0 0 0 128 335 15570 4935 18 17 30
237 77 96 82 14 49 33 1173 58 5 66 0 22 16 NA 16 NA 9 58 1 8 12 28 0 0 0 0 1 8 12 28 0 0 0 0 0 155 339 15655 4934 19 17 30
238 64 97 83 14 51 32 1167 56 8 66 0 22 16 NA 16 NA 9 56 1 10 13 27 0 0 0 0 1 10 13 27 0 0 0 0 2 144 342 15728 4934 20 17 29
239 68 99 84 15 52 32 1163 53 7 69 0 22 16 NA 16 NA 8 53 2 9 13 28 0 0 0 0 2 9 13 28 0 0 0 0 2 134 344 15796 4931 22 16 31
240 78 96 81 15 51 32 1167 67 8 67 0 22 16 NA 16 NA 9 67 2 10 12 27 0 0 0 0 2 10 12 27 0 0 0 0 0 148 344 15846 4933 22 15 30
241 87 97 82 15 51 31 1159 65 5 66 0 22 16 NA 16 NA 7 65 3 8 13 27 0 0 0 0 3 8 13 27 0 0 0 0 2 131 347 15898 4934 21 16 29
242 86 98 83 15 51 39 1160 79 7 69 0 23 16 NA 16 NA 13 79 2 9 11 29 0 0 0 0 2 9 11 29 0 0 0 0 1 162 347 15957 4931 22 16 31
243 64 98 82 16 52 34 1154 55 8 72 0 24 16 NA 16 NA 5 55 1 9 12 30 0 0 0 0 1 9 12 30 0 0 0 0 0 135 350 16027 4928 22 18 32
244 67 96 80 16 53 34 1129 62 9 73 0 25 16 NA 16 NA 8 62 0 11 12 30 0 0 0 0 0 11 12 30 0 0 0 0 0 131 350 16103 4927 24 16 33
245 80 97 82 15 51 37 1138 58 3 69 0 22 16 NA 16 NA 9 58 0 9 11 31 0 0 0 0 0 9 11 31 0 0 0 0 1 156 353 16170 4931 21 14 34
246 68 94 79 15 50 39 1135 55 4 70 0 22.5 16 NA 16 NA 5 55 0 10 10 30 0 0 0 0 0 10 10 30 0 0 0 0 0 136 353 16239 4930 24 13 33
247 80 95 77 18 49 35 1144 41 6 70 0 22 16 NA 16 NA 2 41 0 8 12 29 0 0 0 0 0 8 12 29 0 0 0 0 1 130 353 16300 4930 24 14 32
248 77 95 76 19 48 38 1173 44 3 68 0 22 16 NA 16 NA 7 44 0 8 10 30 0 0 0 0 0 8 10 30 0 0 0 0 2 147 355 16357 4932 23 12 33
249 61 96 77 19 48 40 1173 64 6 70 0 22.5 16 NA 16 NA 9 64 0 7 10 31 0 0 0 0 0 7 10 31 0 0 0 0 1 156 356 16433 4930 24 12 34
250 76 95 75 20 47 34 1181 54 7 72 0 23 16 NA 16 NA 4 54 0 6 11 30 0 0 0 0 0 6 11 30 0 0 0 0 1 146 357 16500 4928 25 14 33
251 81 98 77 21 45 30 1167 64 8 72 0 22.5 16 NA 16 NA 5 64 0 4 11 30 0 0 0 0 0 4 11 30 0 0 0 0 3 132 358 16561 4928 24 15 33
252 87 99 78 21 45 35 1161 52 6 71 0 22 16 NA 16 NA 10 52 0 5 11 29 0 0 0 0 0 5 11 29 0 0 0 0 1 139 359 16632 4929 24 15 32
253 80 97 78 19 45 29 1190 49 7 73 0 23 16 NA 16 NA 2 49 0 6 8 31 0 0 0 0 0 6 8 31 0 0 0 0 0 150 360 16689 4927 26 13 34
254 82 96 78 18 44 37 1201 49 1 72 0 23 16 NA 16 NA 9 49 1 5 9 29 0 0 0 0 1 5 9 29 0 0 0 0 1 149 361 16759 4928 25 15 32
255 76 95 78 17 44 37 1200 58 6 71 0 24 16 NA 16 NA 8 58 0 5 10 29 0 0 0 0 0 5 10 29 0 0 0 0 0 139 363 16825 4929 23 16 32
256 83 97 80 17 44 31 1229 47 7 70 0 24 16 NA 16 NA 4 47 0 4 11 29 0 0 0 0 0 4 11 29 0 0 0 0 3 161 366 16886 4930 20 18 32
257 101 97 80 17 46 39 1219 53 5 71 0 25 16 NA 16 NA 13 53 0 7 10 29 0 0 0 0 0 7 10 29 0 0 0 0 0 151 368 16969 4929 22 17 32
258 90 96 79 17 46 27 1216 48 9 68 0 24 16 NA 16 NA 0 48 2 7 11 26 0 0 0 0 2 7 11 26 0 0 0 0 1 144 371 17043 4932 19 20 29
259 70 95 78 17 46 34 1202 66 5 70 0 24 16 NA 16 NA 12 66 2 7 11 26 0 0 0 0 2 7 11 26 0 0 0 0 0 146 372 17114 4930 20 22 28
260 73 95 78 17 44 40 1197 61 5 69 0 25 16 NA 16 NA 11 61 2 7 10 25 0 0 0 0 2 7 10 25 0 0 0 0 3 139 372 17182 4931 21 21 27
261 91 94 78 16 45 34 1181 48 9 68 0 25 16 NA 16 NA 4 48 3 5 12 25 0 0 0 0 3 5 12 25 0 0 0 0 1 136 373 17260 4932 19 22 27
262 61 94 78 16 45 33 1182 58 8 68 0 25 16 NA 16 NA 7 58 2 4 12 27 0 0 0 0 2 4 12 27 0 0 0 0 2 148 374 17326 4932 17 22 29
263 68 97 80 17 46 36 1194 65 5 72 0 25 16 NA 16 NA 8 65 1 6 11 28 0 0 0 0 1 6 11 28 0 0 0 0 3 152 376 17383 4928 20 21 31
264 91 91 75 16 44 40 1179 68 5 69 0 26 16.5 NA 16.5 NA 11 68 1 6 11 26 0 0 0 0 1 6 11 26 0 0 0 0 0 148 377 17448 4931 21 20 28
265 101 91 75 16 43 39 1181 56 7 67 0 25 17 NA 17 NA 6 56 1 5 13 24 0 0 0 0 1 5 13 24 0 0 0 0 1 154 378 17518 4933 18 22 27
266 65 93 76 17 45 39 1186 53 6 68 0 25 17 NA 17 NA 7 53 1 5 14 25 0 0 0 0 1 5 14 25 0 0 0 0 2 145 379 17583 4932 18 21 29
267 83 93 76 17 42 53 1203 67 2 67 0 25 18 NA 18 NA 16 67 1 5 12 24 0 0 0 0 1 5 12 24 0 0 0 0 1 160 380 17644 4933 20 19 28
268 84 92 76 16 42 43 1199 53 11 67 0 22 18 NA 18 NA 3 53 0 8 10 24 0 0 0 0 0 8 10 24 0 0 0 0 0 147 382 17725 4933 23 17 27
269 83 93 78 15 42 42 1191 63 9 66 0 22 18 NA 18 NA 9 63 0 7 11 24 0 0 0 0 0 7 11 24 0 0 0 0 2 152 382 17800 4934 21 19 26
270 71 97 82 15 42 44 1196 50 4 68 0 22 18 NA 18 NA 7 50 0 7 10 25 0 0 0 0 0 7 10 25 0 0 0 0 3 142 383 17866 4932 23 17 28
271 62 97 81 16 45 46 1196 70 5 70 0 23 18 NA 18 NA 8 70 1 7 11 26 0 0 0 0 1 7 11 26 0 0 0 0 0 153 383 17934 4930 23 16 31
272 93 103 87 16 46 41 1217 49 9 73 0 21 18 NA 18 NA 8 49 1 8 11 26 0 0 0 0 1 8 11 26 0 0 0 0 1 150 386 17990 4927 24 18 31
273 65 104 88 16 48 45 1229 64 11 72 0 22 17.5 NA 17.5 NA 15 64 1 9 12 26 0 0 0 0 1 9 12 26 0 0 0 0 1 160 389 18056 4928 23 17 32
274 84 105 89 16 45 47 1235 52 8 71 0 22 17 NA 17 NA 10 52 1 9 9 26 0 0 0 0 1 9 9 26 0 0 0 0 4 141 389 18124 4929 24 15 32
275 78 105 90 15 45 41 1249 43 9 71 0 23 18 NA 18 NA 6 43 1 6 11 27 0 0 0 0 1 6 11 27 0 0 0 0 0 149 393 18195 4929 20 18 33
276 90 104 89 15 46 38 1260 48 5 69 0 22 17 NA 17 NA 6 48 1 8 11 26 0 0 0 0 1 8 11 26 0 0 0 0 1 152 394 18264 4931 18 19 32
277 70 104 89 15 46 37 1231 56 5 70 0 22.5 17.5 NA 17.5 NA 9 56 1 8 10 27 0 0 0 0 1 8 10 27 0 0 0 0 1 126 400 18343 4930 20 16 34
278 87 104 88 16 47 32 1221 54 9 66 0 21 17 NA 17 NA 4 54 2 10 8 27 0 0 0 0 2 10 8 27 0 0 0 0 4 137 401 18416 4934 18 16 32
279 79 105 90 15 47 29 1212 48 6 68 0 20 17 NA 17 NA 5 48 2 9 9 27 0 0 0 0 2 9 9 27 0 0 0 0 3 139 403 18495 4932 19 17 32
280 90 105 89 16 46 31 1199 56 2 68 0 21 17 NA 17 NA 5 56 2 7 11 26 0 0 0 0 2 7 11 26 0 0 0 0 2 137 404 18571 4932 18 19 31
281 78 103 87 16 44 32 1185 60 6 69 0 21 16.5 NA 16.5 NA 9 60 1 8 9 26 0 0 0 0 1 8 9 26 0 0 0 0 0 138 404 18644 4931 21 16 32
282 53 107 91 16 45 32 1193 57 4 70 0 20 16 NA 16 NA 5 57 1 9 9 26 0 0 0 0 1 9 9 26 0 0 0 0 4 157 406 18723 4930 22 16 32
283 85 107 91 16 46 36 1162 67 5 70 0 21 17 NA 17 NA 7 67 1 8 9 28 0 0 0 0 1 8 9 28 0 0 0 0 0 130 408 18798 4930 21 16 33
284 63 110 92 18 47 36 1141 57 4 76 0 21 17 NA 17 NA 4 57 1 7 11 28 0 0 0 0 1 7 11 28 0 0 0 0 1 131 408 18870 4924 24 18 34
285 73 114 92 22 45 40 1137 48 2 75 0 18.5 17 NA 17 NA 7 48 1 7 10 27 0 0 0 0 1 7 10 27 0 0 0 0 4 136 409 18947 4925 25 17 33
286 83 113 91 22 45 39 1139 59 5 78 0 19 17 NA 17 NA 6 59 0 7 12 26 0 0 0 0 0 7 12 26 0 0 0 0 0 147 411 19011 4922 27 18 33
287 74 111 90 21 45 45 1139 63 6 78 0 20 16 NA 16 NA 13 63 0 8 10 27 0 0 0 0 0 8 10 27 0 0 0 0 1 144 414 19076 4922 27 16 35
288 75 109 88 21 47 35 1139 47 12 79 0 21 16 NA 16 NA 6 47 0 9 11 27 0 0 0 0 0 9 11 27 0 0 0 0 0 148 417 19152 4921 29 15 35
289 80 108 88 20 47 32 1126 54 10 78 0 21.5 16 NA 16 NA 7 54 0 9 11 27 0 0 0 0 0 9 11 27 0 0 0 0 1 118 417 19210 4922 28 16 34
290 95 105 85 20 46 30 1114 50 6 79 0 21 16 NA 16 NA 5 50 0 9 11 26 0 0 0 0 0 9 11 26 0 0 0 0 1 126 419 19276 4921 31 14 34
291 83 106 86 20 47 34 1093 56 3 81 0 22 16 NA 16 NA 6 56 0 8 12 27 0 0 0 0 0 8 12 27 0 0 0 0 1 128 419 19346 4919 30 16 35
292 71 105 86 19 46 31 1110 60 7 81 0 21 16 NA 16 NA 5 60 0 9 10 27 0 0 0 0 0 9 10 27 0 0 0 0 2 150 420 19404 4919 32 15 34
293 80 104 85 19 44 34 1117 51 2 78 0 21 17 NA 17 NA 6 51 0 9 10 25 0 0 0 0 0 9 10 25 0 0 0 0 0 135 421 19463 4922 30 16 32
294 69 102 83 19 42 41 1109 46 6 77 0 21 17 NA 17 NA 13 46 0 9 10 23 0 0 0 0 0 9 10 23 0 0 0 0 2 135 424 19536 4923 33 14 30
295 71 97 79 18 40 39 1130 62 7 74 0 22 17 NA 17 NA 7 62 0 8 8 24 0 0 0 0 0 8 8 24 0 0 0 0 0 158 426 19595 4926 32 12 30
296 71 98 79 19 46 36 1142 53 11 76 0 22.5 17.5 NA 17.5 NA 6 53 0 10 10 26 0 0 0 0 0 10 10 26 0 0 0 0 1 145 426 19659 4924 30 13 33
297 71 96 77 19 46 30 1158 54 4 81 0 23.5 17.5 NA 17.5 NA 3 54 0 9 11 26 0 0 0 0 0 9 11 26 0 0 0 0 1 151 430 19720 4919 33 15 33
298 86 97 78 19 45 34 1168 50 4 77 0 23 18 NA 18 NA 10 50 0 8 11 26 0 0 0 0 0 8 11 26 0 0 0 0 1 155 432 19795 4923 29 16 32
299 85 97 78 19 45 32 1172 51 5 76 0 24 17 NA 17 NA 4 51 0 8 12 25 0 0 0 0 0 8 12 25 0 0 0 0 1 144 433 19863 4924 27 18 31
300 81 98 79 19 45 33 1177 52 6 74 0 24 17 NA 17 NA 8 52 0 6 14 25 0 0 0 0 0 6 14 25 0 0 0 0 1 147 435 19932 4926 24 20 30
301 71 100 81 19 47 36 1188 54 5 76 0 24.5 18 NA 18 NA 9 54 0 7 15 25 0 0 0 0 0 7 15 25 0 0 0 0 1 141 437 19988 4924 24 22 30
302 88 99 79 20 45 31 1172 50 6 75 0 25 18 NA 18 NA 4 50 0 4 16 25 0 0 0 0 0 4 16 25 0 0 0 0 1 125 440 20049 4925 22 24 29
303 63 101 79 22 45 34 1196 50 4 74 0 25 19 NA 19 NA 7 50 0 3 15 27 0 0 0 0 0 3 15 27 0 0 0 0 2 136 440 20097 4926 20 23 31
304 82 102 80 22 46 31 1187 55 6 75 0 26 19 NA 19 NA 6 55 0 4 14 28 0 0 0 0 0 4 14 28 0 0 0 0 1 143 442 20171 4925 19 24 32
305 77 102 80 22 46 33 1184 55 4 76 0 27 18.5 NA 18.5 NA 7 55 0 5 14 27 0 0 0 0 0 5 14 27 0 0 0 0 2 140 443 20232 4924 21 24 31
306 77 102 80 22 48 31 1161 62 7 77 0 28 18.5 NA 18.5 NA 2 62 0 5 15 28 0 0 0 0 0 5 15 28 0 0 0 0 0 136 443 20302 4923 19 26 32
307 77 104 83 21 50 31 1155 56 4 77 0 27.5 18 NA 18 NA 6 56 0 7 14 29 0 0 0 0 0 7 14 29 0 0 0 0 1 144 445 20376 4923 19 26 32
308 66 101 81 20 47 32 1161 66 6 74 0 26 17 NA 17 NA 7 66 0 8 12 27 0 0 0 0 0 8 12 27 0 0 0 0 1 153 446 20444 4926 19 24 31
309 83 100 80 20 46 35 1113 66 5 72 0 26 18.5 NA 18.5 NA 9 66 0 5 14 27 0 0 0 0 0 5 14 27 0 0 0 0 2 114 447 20524 4928 14 27 31
310 73 102 82 20 49 36 1091 67 9 76 0 26 19 NA 19 NA 9 67 0 6 14 29 0 0 0 0 0 6 14 29 0 0 0 0 2 136 448 20595 4924 18 24 34
311 64 104 83 21 50 33 1103 58 7 77 0 26.5 19 NA 19 NA 8 58 0 7 13 30 0 0 0 0 0 7 13 30 0 0 0 0 1 148 451 20663 4923 19 22 36
312 70 103 82 21 48 29 1123 54 7 76 0 27 19 NA 19 NA 6 54 0 7 11 30 0 0 0 0 0 7 11 30 0 0 0 0 2 158 454 20732 4924 22 19 35
313 80 101 82 19 49 27 1149 54 9 74 0 24 19 NA 19 NA 6 54 1 8 13 27 0 0 0 0 1 8 13 27 0 0 0 0 1 151 455 20790 4926 22 19 33
314 83 103 84 19 51 24 1186 51 7 76 0 25 19 NA 19 NA 6 51 1 8 12 30 0 0 0 0 1 8 12 30 0 0 0 0 2 165 456 20852 4924 22 18 36
315 87 105 85 20 51 26 1208 58 3 78 0 25 19 NA 19 NA 6 58 0 9 11 31 0 0 0 0 0 9 11 31 0 0 0 0 1 164 458 20910 4922 24 17 37
316 89 104 84 20 49 30 1199 74 4 77 0 25 19 NA 19 NA 8 74 0 8 10 31 0 0 0 0 0 8 10 31 0 0 0 0 1 157 458 20976 4923 24 15 38
317 82 109 89 20 48 33 1171 52 2 78 0 23 18.5 NA 18.5 NA 7 52 0 6 12 30 0 0 0 0 0 6 12 30 0 0 0 0 1 109 459 21039 4922 24 17 37
318 65 113 89 24 48 38 1195 58 3 79 0 24 18.5 NA 18.5 NA 10 58 0 4 11 33 0 0 0 0 0 4 11 33 0 0 0 0 1 148 461 21094 4921 22 17 40
319 76 115 88 27 49 34 1183 69 7 79 0 23 19 NA 19 NA 5 69 1 4 12 32 0 0 0 0 1 4 12 32 0 0 0 0 1 140 462 21155 4921 23 18 38
320 89 114 88 26 46 31 1154 65 7 77 0 22 18 NA 18 NA 5 65 1 3 13 29 0 0 0 0 1 3 13 29 0 0 0 0 2 124 463 21225 4923 22 18 37
321 75 116 89 27 47 32 1173 47 4 79 0 23 18 NA 18 NA 2 47 1 4 10 32 0 0 0 0 1 4 10 32 0 0 0 0 2 142 463 21286 4921 23 14 42
322 67 115 88 27 48 38 1179 60 5 78 0 24 18 NA 18 NA 10 60 1 4 12 31 0 0 0 0 1 4 12 31 0 0 0 0 1 142 464 21346 4922 19 18 41
323 84 114 86 28 52 34 1178 53 14 79 0 24.5 19 NA 19 NA 7 53 1 7 13 31 0 0 0 0 1 7 13 31 0 0 0 0 0 145 465 21415 4921 21 19 39
324 73 112 83 29 51 36 1173 55 5 81 0 24.5 19 NA 19 NA 8 55 1 6 14 30 0 0 0 0 1 6 14 30 0 0 0 0 1 137 467 21485 4919 23 21 37
325 81 110 81 29 51 36 1165 59 5 81 0 25 19 NA 19 NA 5 59 1 6 14 30 0 0 0 0 1 6 14 30 0 0 0 0 0 148 468 21565 4919 24 20 37
326 69 113 84 29 50 35 1138 52 5 83 0 24 19 NA 19 NA 3 52 1 6 12 31 0 0 0 0 1 6 12 31 0 0 0 0 4 128 468 21649 4917 25 20 38
327 68 111 83 28 48 40 1121 52 2 83 0 25 18.5 NA 18.5 NA 10 52 1 5 13 29 0 0 0 0 1 5 13 29 0 0 0 0 0 122 470 21727 4917 25 22 36
328 63 110 82 28 48 46 1114 56 4 84 0 25.5 18.5 NA 18.5 NA 10 56 1 5 12 30 0 0 0 0 1 5 12 30 0 0 0 0 0 141 470 21797 4916 26 22 36
329 70 111 82 29 46 38 1134 48 10 86 0 24 19 NA 19 NA 7 48 2 4 11 29 0 0 0 0 2 4 11 29 0 0 0 0 5 145 474 21851 4914 29 22 35
330 74 109 80 29 45 38 1129 54 6 88 0 24 19 NA 19 NA 6 54 1 4 10 30 0 0 0 0 1 4 10 30 0 0 0 0 0 130 474 21917 4912 32 21 35
331 69 105 78 27 46 34 1164 41 8 87 0 25 18.5 NA 18.5 NA 6 41 1 6 9 30 0 0 0 0 1 6 9 30 0 0 0 0 1 162 478 21984 4913 32 21 34
332 75 107 81 26 45 36 1144 60 5 88 0 25 18 NA 18 NA 7 60 1 5 8 31 0 0 0 0 1 5 8 31 0 0 0 0 2 123 480 22046 4912 33 20 35
333 62 102 80 22 46 29 1152 60 10 86 0 26.5 18 NA 18 NA 4 60 0 8 8 30 0 0 0 0 0 8 8 30 0 0 0 0 0 142 481 22106 4914 31 21 34
334 74 101 79 22 47 32 1181 41 7 86 0 27 18 NA 18 NA 8 41 0 8 8 31 0 0 0 0 0 8 8 31 0 0 0 0 0 161 481 22179 4914 31 18 37
335 65 100 79 21 46 33 1205 52 4 84 0 27.5 18 NA 18 NA 7 52 0 7 9 30 0 0 0 0 0 7 9 30 0 0 0 0 0 166 482 22246 4916 28 20 36
336 82 102 79 23 46 37 1221 53 3 84 0 26.5 17.5 NA 17.5 NA 9 53 0 8 8 30 0 0 0 0 0 8 8 30 0 0 0 0 1 152 484 22305 4916 25 22 37
337 68 101 78 23 48 36 1176 62 5 81 0 26 17.5 NA 17.5 NA 6 62 1 9 7 31 0 0 0 0 1 9 7 31 0 0 0 0 2 122 486 22384 4919 22 22 37
338 73 100 77 23 49 41 1171 65 5 82 0 27 18 NA 18 NA 9 65 1 8 10 30 0 0 0 0 1 8 10 30 0 0 0 0 1 149 487 22453 4918 22 23 37
339 73 101 77 24 52 44 1157 56 8 81 0 27 19 NA 19 NA 11 56 1 7 13 31 0 0 0 0 1 7 13 31 0 0 0 0 3 124 489 22518 4919 20 23 38
340 77 103 80 23 50 52 1163 50 2 79 0 28 19 NA 19 NA 10 50 1 7 12 30 0 0 0 0 1 7 12 30 0 0 0 0 2 144 489 22586 4921 19 22 38
341 78 105 82 23 50 48 1164 59 9 84 0 29 19 NA 19 NA 6 59 0 5 13 32 0 0 0 0 0 5 13 32 0 0 0 0 1 145 491 22650 4916 21 23 40
342 82 103 80 23 50 51 1181 58 6 82 0 30 19 NA 19 NA 11 58 0 3 14 33 0 0 0 0 0 3 14 33 0 0 0 0 1 152 493 22711 4918 17 23 42
343 72 99 76 23 46 47 1173 57 8 78 0 30 19 NA 19 NA 7 57 0 3 14 29 0 0 0 0 0 3 14 29 0 0 0 0 1 141 495 22783 4922 14 24 40
344 70 99 73 26 48 41 1191 48 10 79 0 30 19 NA 19 NA 4 48 0 5 13 30 0 0 0 0 0 5 13 30 0 0 0 0 0 141 497 22841 4921 16 24 39
345 83 101 74 27 49 40 1185 58 4 79 0 31 19 NA 19 NA 4 58 0 5 14 30 0 0 0 0 0 5 14 30 0 0 0 0 2 151 498 22911 4921 15 25 39
346 90 101 74 27 47 48 1167 66 3 77 0 30 19 NA 19 NA 12 66 0 4 14 29 0 0 0 0 0 4 14 29 0 0 0 0 1 160 499 23002 4923 14 25 38
347 62 100 74 26 46 44 1156 59 7 76 0 30.5 19 NA 19 NA 6 59 0 5 12 29 0 0 0 0 0 5 12 29 0 0 0 0 1 137 502 23077 4924 15 21 40
348 66 103 77 26 47 34 1160 60 13 77 0 31 19 NA 19 NA 4 60 1 5 11 30 0 0 0 0 1 5 11 30 0 0 0 0 1 148 504 23146 4923 16 19 42
349 72 104 79 25 48 33 1166 59 6 77 0 31 19 NA 19 NA 8 59 1 6 10 31 0 0 0 0 1 6 10 31 0 0 0 0 2 139 507 23201 4923 17 17 43
350 87 104 78 26 48 32 1167 48 9 76 0 31.5 19 NA 19 NA 9 48 1 6 8 33 0 0 0 0 1 6 8 33 0 0 0 0 2 138 508 23269 4924 15 17 44
351 78 108 82 26 51 27 1184 42 7 79 0 32 18 NA 18 NA 6 42 1 9 8 33 0 0 0 0 1 9 8 33 0 0 0 0 3 144 511 23336 4921 18 16 45
352 72 105 81 24 47 37 1210 41 2 80 0 33 17 NA 17 NA 11 41 0 8 8 31 0 0 0 0 0 8 8 31 0 0 0 0 1 132 512 23389 4920 21 15 44
353 79 108 84 24 49 41 1219 57 3 81 0 32 17 NA 17 NA 9 57 0 7 8 34 0 0 0 0 0 7 8 34 0 0 0 0 1 153 514 23455 4919 20 14 47
354 73 109 86 23 52 38 1206 54 11 82 0 32 17.5 NA 17.5 NA 10 54 0 8 6 38 0 0 0 0 0 8 6 38 0 0 0 0 1 136 515 23528 4918 20 12 50
355 83 108 84 24 53 37 1180 61 6 78 0 29 17 NA 17 NA 7 61 0 9 7 37 0 0 0 0 0 9 7 37 0 0 0 0 3 130 517 23601 4922 18 11 49
356 82 106 83 23 54 31 1174 59 9 78 0 30 16 NA 16 NA 4 59 0 9 8 37 0 0 0 0 0 9 8 37 0 0 0 0 0 148 519 23672 4922 17 12 49
357 67 106 82 24 54 32 1169 52 4 79 0 29.5 16 NA 16 NA 4 52 0 9 8 37 0 0 0 0 0 9 8 37 0 0 0 0 1 148 519 23750 4921 19 12 48
358 89 104 80 24 52 33 1160 41 2 78 0 28.5 16 NA 16 NA 6 41 0 9 7 36 0 0 0 0 0 9 7 36 0 0 0 0 0 131 521 23825 4922 21 11 46
359 66 104 81 23 51 29 1165 53 5 77 0 28 16 NA 16 NA 3 53 0 8 9 34 0 0 0 0 0 8 9 34 0 0 0 0 0 145 524 23891 4923 21 12 44
360 75 104 82 22 50 32 1180 54 3 79 0 28 16.5 NA 16.5 NA 5 54 0 7 9 34 0 0 0 0 0 7 9 34 0 0 0 0 2 160 524 23962 4921 22 13 44
