1 76 96 82 14 48 23 1231 61 15 75 0 26 18 NA 18 NA 4 61 1 6 18 23 0 0 0 0 1 6 18 23 0 0 0 0 1 142 0 0 4925 19 27 29
2 76 94 79 15 44 21 1270 72 9 71 0 26 18 NA 18 NA 7 72 1 5 17 21 0 0 0 0 1 5 17 21 0 0 0 0 3 127 0 0 4929 19 26 26
3 77 93 78 15 46 26 1303 67 5 71 0 26 18 NA 18 NA 7 67 1 6 17 22 0 0 0 0 1 6 17 22 0 0 0 0 1 123 0 0 4929 19 25 27
4 79 88 74 14 44 27 1347 57 7 69 0 27 18 NA 18 NA 7 57 0 8 16 20 0 0 0 0 0 8 16 20 0 0 0 0 0 125 0 0 4931 20 24 25
5 82 88 75 13 44 35 1360 76 4 68 0 26.5 18 NA 18 NA 9 76 0 9 17 18 0 0 0 0 0 9 17 18 0 0 0 0 1 113 0 0 4932 21 24 23
6 83 86 73 13 40 36 1397 78 8 63 0 26.5 18 NA 18 NA 9 78 0 6 17 17 0 0 0 0 0 6 17 17 0 0 0 0 2 145 0 0 4937 17 24 22
7 79 86 74 12 40 38 1452 64 7 63 0 26 18 NA 18 NA 8 64 0 7 15 18 0 0 0 0 0 7 15 18 0 0 0 0 1 142 0 0 4937 17 22 24
8 71 86 74 12 42 37 1491 76 7 63 0 26 18 NA 18 NA 5 76 0 8 14 20 0 0 0 0 0 8 14 20 0 0 0 0 1 134 0 0 4937 16 23 24
9 56 87 74 13 41 44 1528 91 4 64 0 26 18 NA 18 NA 10 91 0 7 13 21 0 0 0 0 0 7 13 21 0 0 0 0 2 143 0 0 4936 17 22 25
10 81 86 74 12 42 53 1533 81 7 68 0 26.5 18 NA 18 NA 16 81 0 8 11 23 0 0 0 0 0 8 11 23 0 0 0 0 1 111 0 0 4932 20 21 27
11 88 85 73 12 42 48 1536 75 11 68 0 27 18 NA 18 NA 7 75 0 7 10 25 0 0 0 0 0 7 10 25 0 0 0 0 1 115 0 0 4932 18 20 30
12 84 83 72 11 40 51 1553 78 6 65 0 26 18 NA 18 NA 9 78 0 7 9 24 0 0 0 0 0 7 9 24 0 0 0 0 1 119 0 0 4935 17 18 30
13 78 79 68 11 38 53 1012 52 1 62 0 27 18 NA 18 NA 14 52 0 7 8 23 0 0 0 0 0 7 8 23 0 0 0 0 0 123 10 601 4938 17 16 29
14 74 78 67 11 40 50 1032 54 9 64 0 28 18 NA 18 NA 5 54 0 7 9 24 0 0 0 0 0 7 9 24 0 0 0 0 0 144 10 656 4936 18 16 30
15 76 79 69 10 40 54 1058 45 4 62 0 28 18 NA 18 NA 8 45 0 7 9 24 0 0 0 0 0 7 9 24 0 0 0 0 1 141 12 706 4938 15 16 31
16 76 79 69 10 40 49 1084 52 11 58 0 29 18 NA 18 NA 8 52 0 6 12 22 0 0 0 0 0 6 12 22 0 0 0 0 3 144 16 752 4942 11 17 30
17 75 80 70 10 41 43 1128 48 10 57 0 28 18 NA 18 NA 6 48 0 7 12 22 0 0 0 0 0 7 12 22 0 0 0 0 2 158 18 803 4943 12 17 28
18 89 78 69 9 40 43 1146 41 5 59 0 27.5 18 NA 18 NA 6 41 0 6 11 23 0 0 0 0 0 6 11 23 0 0 0 0 0 147 19 867 4941 15 16 28
19 76 76 66 10 37 42 1154 51 3 56 0 28 18 NA 18 NA 3 51 0 5 11 21 0 0 0 0 0 5 11 21 0 0 0 0 1 153 20 945 4944 14 15 27
20 73 80 69 11 37 37 1167 49 7 57 0 28 18 NA 18 NA 4 49 0 4 12 21 0 0 0 0 0 4 12 21 0 0 0 0 4 145 22 1013 4943 14 15 28
21 66 83 72 11 37 41 1158 48 4 56 0 24 18 NA 18 NA 8 48 0 3 13 21 0 0 0 0 0 3 13 21 0 0 0 0 4 128 23 1090 4944 13 15 28
22 72 82 70 12 34 43 1176 62 3 55 0 24 18 NA 18 NA 9 62 0 2 11 21 0 0 0 0 0 2 11 21 0 0 0 0 2 144 24 1142 4945 13 14 28
23 79 82 71 11 34 38 1181 59 7 54 0 23 18 NA 18 NA 5 59 0 1 8 25 0 0 0 0 0 1 8 25 0 0 0 0 1 151 27 1206 4946 13 11 30
24 80 84 72 12 33 36 1176 59 4 54 0 22 18 NA 18 NA 4 59 0 1 8 24 0 0 0 0 0 1 8 24 0 0 0 0 2 139 30 1268 4946 14 11 29
25 73 82 70 12 34 28 1178 63 12 52 0 21.5 17 NA 17 NA 5 63 1 2 9 22 0 0 0 0 1 2 9 22 0 0 0 0 0 131 33 1318 4948 13 12 27
26 72 85 70 15 34 29 1167 51 3 50 0 19 17.5 NA 17.5 NA 8 51 1 1 10 22 0 0 0 0 1 1 10 22 0 0 0 0 4 135 37 1391 4950 11 13 26
27 88 83 67 16 35 27 1147 54 6 50 0 18 18 NA 18 NA 3 54 1 3 9 22 0 0 0 0 1 3 9 22 0 0 0 0 1 131 37 1466 4950 14 11 25
28 92 86 69 17 34 30 1145 60 3 51 0 18 17.5 NA 17.5 NA 7 60 1 3 7 23 0 0 0 0 1 3 7 23 0 0 0 0 4 139 38 1536 4949 16 9 26
29 78 85 68 17 37 31 1130 46 6 53 0 19 18 NA 18 NA 6 46 2 5 7 23 0 0 0 0 2 5 7 23 0 0 0 0 1 131 39 1616 4947 17 10 26
30 76 82 65 17 35 29 1100 59 4 51 0 20 18 NA 18 NA 3 59 1 3 9 22 0 0 0 0 1 3 9 22 0 0 0 0 0 118 40 1682 4949 15 12 24
31 93 82 63 19 33 25 1131 44 2 51 0 19.5 18 NA 18 NA 4 44 1 2 9 21 0 0 0 0 1 2 9 21 0 0 0 0 1 165 43 1750 4949 16 12 23
32 69 85 64 21 34 26 1108 57 6 51 0 17 18 NA 18 NA 6 57 0 5 9 20 0 0 0 0 0 5 9 20 0 0 0 0 4 113 44 1808 4949 17 12 22
33 75 84 64 20 35 27 1115 61 6 56 0 18 18 NA 18 NA 8 61 0 5 10 20 0 0 0 0 0 5 10 20 0 0 0 0 1 158 45 1875 4944 20 13 23
34 74 85 64 21 35 23 1141 41 9 56 0 18 18 NA 18 NA 5 41 0 5 10 20 0 0 0 0 0 5 10 20 0 0 0 0 1 157 46 1944 4944 19 13 24
35 66 86 65 21 34 21 1137 66 6 56 0 18 18 NA 18 NA 5 66 0 5 9 20 0 0 0 0 0 5 9 20 0 0 0 0 1 151 48 2022 4944 19 13 24
36 82 87 66 21 34 19 1167 52 6 58 0 17 17.5 NA 17.5 NA 6 52 0 6 9 19 0 0 0 0 0 6 9 19 0 0 0 0 0 150 49 2077 4942 21 14 23
37 73 86 65 21 36 21 1181 66 3 58 0 18 17.5 NA 17.5 NA 6 66 0 8 8 20 0 0 0 0 0 8 8 20 0 0 0 0 0 167 50 2146 4942 22 13 23
38 73 84 62 22 36 24 1182 62 3 60 0 18.5 16.5 NA 16.5 NA 9 62 1 8 6 21 0 0 0 0 1 8 6 21 0 0 0 0 0 140 53 2211 4940 26 11 23
39 72 86 62 24 38 19 1185 54 11 60 0 19 17.5 NA 17.5 NA 4 54 1 9 7 21 0 0 0 0 1 9 7 21 0 0 0 0 1 137 53 2275 4940 23 14 23
40 106 82 59 23 35 28 1162 56 2 62 0 19.5 17 NA 17 NA 10 56 1 9 6 19 0 0 0 0 1 9 6 19 0 0 0 0 0 144 53 2345 4938 27 14 21
41 78 85 59 26 37 33 1148 64 5 62 0 20 16 NA 16 NA 10 64 1 11 7 18 0 0 0 0 1 11 7 18 0 0 0 0 5 128 54 2402 4938 26 15 21
42 86 82 58 24 38 38 1158 65 9 60 0 21 16.5 NA 16.5 NA 14 65 1 12 6 19 0 0 0 0 1 12 6 19 0 0 0 0 0 146 54 2454 4940 25 14 21
43 88 82 58 24 37 32 1149 60 12 62 0 22 16 NA 16 NA 7 60 1 10 6 20 0 0 0 0 1 10 6 20 0 0 0 0 0 140 54 2523 4938 26 14 22
44 95 80 56 24 37 27 1155 57 8 62 0 20 16 NA 16 NA 4 57 1 11 6 19 0 0 0 0 1 11 6 19 0 0 0 0 1 144 55 2580 4938 28 14 20
45 74 81 58 23 36 32 1146 55 4 61 0 20 16.5 NA 16.5 NA 9 55 0 7 10 19 0 0 0 0 0 7 10 19 0 0 0 0 1 148 55 2665 4939 24 17 20
46 70 81 58 23 37 33 1138 51 7 60 0 20 17 NA 17 NA 9 51 0 9 10 18 0 0 0 0 0 9 10 18 0 0 0 0 3 138 56 2743 4940 25 16 19
47 70 80 58 22 36 36 1140 60 7 61 0 21 17.5 NA 17.5 NA 11 60 0 9 9 18 0 0 0 0 0 9 9 18 0 0 0 0 1 142 57 2806 4939 27 14 20
48 58 80 58 22 38 35 1156 59 9 62 0 22 17.5 NA 17.5 NA 8 59 0 9 11 18 0 0 0 0 0 9 11 18 0 0 0 0 1 163 57 2870 4938 26 16 20
49 82 80 60 20 39 39 1159 53 6 60 0 23 18 NA 18 NA 12 53 0 9 12 18 0 0 0 0 0 9 12 18 0 0 0 0 1 135 58 2935 4940 23 17 20
50 63 83 62 21 40 32 1164 59 8 61 0 24 17.5 NA 17.5 NA 3 59 0 7 15 18 0 0 0 0 0 7 15 18 0 0 0 0 2 161 59 3012 4939 19 22 20
51 76 84 63 21 40 33 1183 56 5 60 0 23 16.5 NA 16.5 NA 6 56 0 9 14 17 0 0 0 0 0 9 14 17 0 0 0 0 2 161 61 3073 4940 20 19 21
52 84 82 61 21 38 34 1199 48 5 57 0 24 16.5 NA 16.5 NA 8 48 0 7 15 16 0 0 0 0 0 7 15 16 0 0 0 0 0 151 62 3137 4943 14 23 20
53 79 83 62 21 37 31 1202 57 3 61 0 25 16 NA 16 NA 4 57 0 7 14 16 0 0 0 0 0 7 14 16 0 0 0 0 2 148 66 3196 4939 19 21 21
54 81 86 62 24 37 29 1188 59 10 60 0 23 17 NA 17 NA 7 59 0 8 13 16 0 0 0 0 0 8 13 16 0 0 0 0 1 148 66 3277 4940 19 20 21
55 89 87 63 24 37 28 1190 47 6 59 0 23 18 NA 18 NA 6 47 0 7 12 18 0 0 0 0 0 7 12 18 0 0 0 0 2 139 67 3342 4941 17 20 22
56 84 83 59 24 34 29 1187 67 3 57 0 23 17.5 NA 17.5 NA 4 67 0 6 12 16 0 0 0 0 0 6 12 16 0 0 0 0 0 151 67 3411 4943 16 21 20
57 65 84 62 22 34 33 1199 53 6 58 0 23 18 NA 18 NA 9 53 0 5 11 18 0 0 0 0 0 5 11 18 0 0 0 0 2 148 68 3480 4942 17 19 22
58 78 84 62 22 35 31 1202 51 4 60 0 23.5 18 NA 18 NA 6 51 0 4 13 18 0 0 0 0 0 4 13 18 0 0 0 0 1 136 70 3538 4940 18 20 22
59 80 84 62 22 36 36 1195 65 6 61 0 24.5 18 NA 18 NA 11 65 0 3 15 18 0 0 0 0 0 3 15 18 0 0 0 0 0 146 71 3598 4939 18 21 22
60 76 85 63 22 36 41 1187 58 4 62 0 25 18 NA 18 NA 10 58 0 2 14 20 0 0 0 0 0 2 14 20 0 0 0 0 2 151 72 3675 4938 17 20 25
61 82 85 63 22 37 36 1185 64 12 63 0 25 17 NA 17 NA 7 64 1 3 13 20 0 0 0 0 1 3 13 20 0 0 0 0 1 145 73 3738 4937 19 19 25
62 75 83 62 21 36 30 1184 51 7 64 0 26 16.5 NA 16.5 NA 4 51 1 4 10 21 0 0 0 0 1 4 10 21 0 0 0 0 1 135 77 3800 4936 21 15 28
63 71 84 63 21 36 35 1172 62 3 66 0 24.5 16.5 NA 16.5 NA 8 62 1 4 10 21 0 0 0 0 1 4 10 21 0 0 0 0 1 154 77 3883 4934 22 16 28
64 79 84 63 21 36 42 1150 63 1 65 0 24 16.5 NA 16.5 NA 10 63 0 6 9 21 0 0 0 0 0 6 9 21 0 0 0 0 0 135 77 3958 4935 23 13 29
65 81 82 62 20 34 41 1161 59 3 64 0 24 16.5 NA 16.5 NA 5 59 0 6 9 19 0 0 0 0 0 6 9 19 0 0 0 0 1 153 80 4022 4936 20 17 27
66 77 83 62 21 35 34 1149 61 9 65 0 25 17 NA 17 NA 3 61 0 7 10 18 0 0 0 0 0 7 10 18 0 0 0 0 2 133 80 4086 4935 22 17 26
67 75 82 61 21 36 28 1161 44 7 65 0 25 17.5 NA 17.5 NA 2 44 0 7 9 20 0 0 0 0 0 7 9 20 0 0 0 0 1 136 82 4151 4935 23 15 27
68 73 80 59 21 37 30 1178 58 3 64 0 27 18 NA 18 NA 7 58 0 7 9 21 0 0 0 0 0 7 9 21 0 0 0 0 0 157 84 4212 4936 21 15 28
69 65 79 59 20 41 30 1182 63 8 66 0 28 18 NA 18 NA 7 63 0 9 9 23 0 0 0 0 0 9 9 23 0 0 0 0 0 148 84 4285 4934 22 16 28
70 84 83 62 21 41 34 1177 58 2 66 0 26 18 NA 18 NA 9 58 0 6 10 25 0 0 0 0 0 6 10 25 0 0 0 0 1 138 87 4349 4934 19 17 30
71 82 84 63 21 43 34 1156 63 6 65 0 26 18 NA 18 NA 5 63 0 6 11 26 0 0 0 0 0 6 11 26 0 0 0 0 0 131 88 4418 4935 18 17 30
72 61 89 67 22 43 37 1155 57 3 67 0 26 18 NA 18 NA 8 57 0 6 10 27 0 0 0 0 0 6 10 27 0 0 0 0 3 137 90 4483 4933 19 16 32
73 68 86 66 20 42 39 1140 64 4 65 0 27 18 NA 18 NA 10 64 0 5 11 26 0 0 0 0 0 5 11 26 0 0 0 0 1 140 92 4556 4935 18 16 31
74 70 84 65 19 43 36 1140 53 9 65 0 28 18 NA 18 NA 7 53 0 3 13 27 0 0 0 0 0 3 13 27 0 0 0 0 0 136 94 4620 4935 17 17 31
75 83 86 66 20 41 37 1131 50 4 65 0 26.5 18 NA 18 NA 7 50 0 3 11 27 0 0 0 0 0 3 11 27 0 0 0 0 3 133 95 4692 4935 16 18 31
76 64 88 68 20 39 35 1135 64 7 65 0 25.5 18 NA 18 NA 8 64 0 2 11 26 0 0 0 0 0 2 11 26 0 0 0 0 3 138 98 4751 4935 17 18 30
77 78 89 67 22 40 38 1109 65 7 65 0 26 18 NA 18 NA 10 65 0 2 8 30 0 0 0 0 0 2 8 30 0 0 0 0 0 126 100 4821 4935 15 16 34
78 79 91 68 23 44 31 1099 62 13 65 0 27 18 NA 18 NA 5 62 2 3 9 30 0 0 0 0 2 3 9 30 0 0 0 0 1 132 100 4879 4935 14 18 33
79 83 89 67 22 42 36 1110 58 1 63 0 26 18 NA 18 NA 7 58 2 1 10 29 0 0 0 0 2 1 10 29 0 0 0 0 0 137 100 4930 4937 13 19 31
80 86 89 69 20 41 33 1101 49 10 59 0 26 18 NA 18 NA 6 49 2 4 8 27 0 0 0 0 2 4 8 27 0 0 0 0 3 141 100 5012 4941 13 17 29
81 83 89 69 20 41 31 1116 48 1 58 0 26 18 NA 18 NA 1 48 2 4 6 29 0 0 0 0 2 4 6 29 0 0 0 0 1 148 102 5080 4942 11 17 30
82 79 88 68 20 40 28 1099 56 4 59 0 25 18 NA 18 NA 4 56 1 5 4 30 0 0 0 0 1 5 4 30 0 0 0 0 1 131 105 5142 4941 14 15 30
83 78 89 69 20 40 26 1100 54 2 60 0 23 18 NA 18 NA 2 54 1 5 5 29 0 0 0 0 1 5 5 29 0 0 0 0 2 126 107 5196 4940 16 14 30
84 93 85 66 19 39 29 1106 71 3 62 0 24 18 NA 18 NA 9 71 0 5 7 27 0 0 0 0 0 5 7 27 0 0 0 0 0 170 109 5269 4938 18 15 29
85 65 86 67 19 41 32 1130 53 6 63 0 25 18 NA 18 NA 10 53 0 5 7 29 0 0 0 0 0 5 7 29 0 0 0 0 1 162 111 5335 4937 18 15 30
86 77 86 67 19 42 32 1124 56 5 63 0 26 18 NA 18 NA 8 56 0 4 8 30 0 0 0 0 0 4 8 30 0 0 0 0 1 134 114 5396 4937 17 15 31
87 81 87 67 20 43 30 1147 62 7 66 0 26 18 NA 18 NA 6 62 0 4 8 31 0 0 0 0 0 4 8 31 0 0 0 0 1 159 114 5453 4934 19 14 33
88 84 84 64 20 42 27 1159 60 10 66 0 25 18 NA 18 NA 4 60 0 5 9 28 0 0 0 0 0 5 9 28 0 0 0 0 0 141 115 5509 4934 21 15 30
89 91 84 64 20 45 28 1161 62 6 68 0 26 18 NA 18 NA 7 62 0 6 9 30 0 0 0 0 0 6 9 30 0 0 0 0 2 144 116 5560 4932 22 14 32
90 75 84 65 19 45 29 1162 53 6 68 0 26 18 NA 18 NA 8 53 0 7 9 29 0 0 0 0 0 7 9 29 0 0 0 0 1 132 118 5623 4932 23 13 32
91 73 81 63 18 43 29 1173 66 8 66 0 26 18 NA 18 NA 10 66 0 8 8 27 0 0 0 0 0 8 8 27 0 0 0 0 0 155 120 5681 4934 23 13 30
92 64 80 64 16 43 32 1192 57 6 66 0 25.5 18 NA 18 NA 9 57 0 9 8 26 0 0 0 0 0 9 8 26 0 0 0 0 1 152 120 5738 4934 25 13 28
93 76 80 63 17 43 28 1204 50 7 66 0 24.5 17 NA 17 NA 4 50 0 10 6 27 0 0 0 0 0 10 6 27 0 0 0 0 1 155 122 5809 4934 26 10 30
94 73 83 64 19 43 26 1210 55 5 67 0 24 17 NA 17 NA 3 55 0 8 8 27 0 0 0 0 0 8 8 27 0 0 0 0 2 140 122 5868 4933 24 13 30
95 77 80 61 19 42 29 1202 60 4 65 0 26 17.5 NA 17.5 NA 7 60 0 8 7 27 0 0 0 0 0 8 7 27 0 0 0 0 1 133 123 5927 4935 23 12 30
96 70 82 62 20 42 32 1182 62 6 63 0 24.5 17.5 NA 17.5 NA 8 62 0 7 8 27 0 0 0 0 0 7 8 27 0 0 0 0 2 151 123 6012 4937 19 14 30
97 64 80 61 19 41 33 1179 51 3 62 0 25.5 17 NA 17 NA 5 51 0 6 8 27 0 0 0 0 0 6 8 27 0 0 0 0 0 132 125 6081 4938 18 14 30
98 76 78 60 18 39 31 1186 37 3 60 0 26.5 18 NA 18 NA 5 37 0 5 6 28 0 0 0 0 0 5 6 28 0 0 0 0 0 123 129 6142 4940 17 12 31
99 85 80 62 18 38 29 1177 59 7 59 0 26.5 17.5 NA 17.5 NA 5 59 0 5 6 27 0 0 0 0 0 5 6 27 0 0 0 0 2 142 129 6211 4941 16 13 30
100 73 81 63 18 37 33 1171 58 6 57 0 24 18 NA 18 NA 12 58 1 4 6 26 0 0 0 0 1 4 6 26 0 0 0 0 3 148 131 6283 4943 14 13 30
101 78 83 64 19 38 33 1169 58 9 59 0 25 17.5 NA 17.5 NA 10 58 1 3 8 26 0 0 0 0 1 3 8 26 0 0 0 0 2 146 132 6354 4941 14 15 30
102 75 85 66 19 41 34 1208 56 9 60 0 25 17 NA 17 NA 8 56 1 5 10 25 0 0 0 0 1 5 10 25 0 0 0 0 1 178 132 6422 4940 13 17 30
103 82 86 68 18 39 30 1214 58 7 57 0 25 17 NA 17 NA 6 58 1 5 10 23 0 0 0 0 1 5 10 23 0 0 0 0 2 158 135 6497 4943 12 16 29
104 79 86 68 18 41 41 1214 69 5 57 0 26 18 NA 18 NA 15 69 1 5 11 24 0 0 0 0 1 5 11 24 0 0 0 0 0 162 136 6573 4943 12 16 29
105 67 84 66 18 41 38 1196 65 9 59 0 27 18 NA 18 NA 7 65 1 5 11 24 0 0 0 0 1 5 11 24 0 0 0 0 0 138 137 6644 4941 13 17 29
106 76 86 68 18 41 35 1179 73 11 62 0 28 18 NA 18 NA 10 73 1 5 11 24 0 0 0 0 1 5 11 24 0 0 0 0 2 147 138 6708 4938 15 18 29
107 72 86 68 18 40 36 1186 49 5 62 0 28 17.5 NA 17.5 NA 7 49 1 4 11 24 0 0 0 0 1 4 11 24 0 0 0 0 0 149 139 6778 4938 14 18 30
108 87 89 70 19 40 31 1164 54 8 63 0 25 17 NA 17 NA 4 54 2 4 10 24 0 0 0 0 2 4 10 24 0 0 0 0 3 130 140 6849 4937 17 15 31
109 69 89 70 19 41 29 1181 61 4 62 0 26 17 NA 17 NA 4 61 2 4 10 25 0 0 0 0 2 4 10 25 0 0 0 0 1 154 141 6905 4938 16 14 32
110 64 86 67 19 40 31 1172 67 5 58 0 22.5 17.5 NA 17.5 NA 6 67 3 5 10 22 0 0 0 0 3 5 10 22 0 0 0 0 1 128 142 6966 4942 16 14 28
111 63 87 68 19 41 37 1159 72 2 62 0 23 18 NA 18 NA 8 72 2 5 10 24 0 0 0 0 2 5 10 24 0 0 0 0 0 148 142 7036 4938 19 13 30
112 80 91 72 19 43 32 1189 47 8 64 0 22 18 NA 18 NA 4 47 1 7 9 26 0 0 0 0 1 7 9 26 0 0 0 0 2 148 143 7087 4936 21 12 31
113 91 92 73 19 45 33 1178 59 6 66 0 23 17 NA 17 NA 7 59 1 7 9 28 0 0 0 0 1 7 9 28 0 0 0 0 0 143 145 7163 4934 21 12 33
114 80 93 75 18 46 39 1160 54 4 66 0 21 17 NA 17 NA 9 54 0 10 6 30 0 0 0 0 0 10 6 30 0 0 0 0 3 135 146 7237 4934 21 10 35
115 82 94 76 18 44 41 1163 55 4 68 0 21 17 NA 17 NA 6 55 0 10 6 28 0 0 0 0 0 10 6 28 0 0 0 0 1 152 146 7304 4932 25 10 33
116 75 98 80 18 43 39 1142 51 5 68 0 20.5 17 NA 17 NA 5 51 0 9 6 28 0 0 0 0 0 9 6 28 0 0 0 0 1 124 148 7379 4932 25 10 33
117 56 96 79 17 44 38 1161 54 5 65 0 21 17 NA 17 NA 7 54 0 10 7 27 0 0 0 0 0 10 7 27 0 0 0 0 0 141 152 7433 4935 22 12 31
118 80 98 81 17 42 33 1177 51 5 64 0 19 17 NA 17 NA 3 51 1 10 7 24 0 0 0 0 1 10 7 24 0 0 0 0 2 148 155 7491 4936 21 14 29
119 81 96 79 17 41 32 1164 60 6 62 0 19 17 NA 17 NA 7 60 1 9 7 24 0 0 0 0 1 9 7 24 0 0 0 0 1 144 157 7564 4938 21 12 29
120 74 94 77 17 40 27 1183 46 8 65 0 19.5 17 NA 17 NA 5 46 1 8 8 23 0 0 0 0 1 8 8 23 0 0 0 0 1 149 159 7629 4935 24 14 27
121 81 97 81 16 40 31 1161 65 2 64 0 19 17 NA 17 NA 5 65 0 9 7 24 0 0 0 0 0 9 7 24 0 0 0 0 4 131 159 7693 4936 24 13 27
122 79 97 81 16 44 36 1115 73 7 65 0 20 17 NA 17 NA 12 73 0 12 8 24 0 0 0 0 0 12 8 24 0 0 0 0 0 120 159 7759 4935 25 13 27
123 60 100 83 17 46 33 1115 57 6 66 0 21 17 NA 17 NA 7 57 1 10 10 25 0 0 0 0 1 10 10 25 0 0 0 0 2 138 164 7824 4934 22 16 28
124 81 98 81 17 47 29 1124 45 7 66 0 21 15 NA 15 NA 4 45 3 10 10 24 0 0 0 0 3 10 10 24 0 0 0 0 2 144 165 7898 4934 23 17 26
125 85 98 81 17 47 32 1128 67 5 65 0 22 15 NA 15 NA 9 67 3 8 12 24 0 0 0 0 3 8 12 24 0 0 0 0 2 147 167 7954 4935 21 18 26
126 78 97 81 16 46 27 1144 53 10 67 0 23 15.5 NA 15.5 NA 8 53 3 6 12 25 0 0 0 0 3 6 12 25 0 0 0 0 0 142 170 8013 4933 21 19 27
127 80 99 83 16 46 28 1114 52 6 70 0 24 15.5 NA 15.5 NA 7 52 3 4 14 25 0 0 0 0 3 4 14 25 0 0 0 0 2 118 170 8083 4930 20 23 27
128 75 96 81 15 45 29 1087 74 5 72 0 24.5 14 NA 14 NA 7 74 2 6 13 24 0 0 0 0 2 6 13 24 0 0 0 0 0 136 172 8153 4928 23 23 26
129 97 99 84 15 47 27 1087 54 9 71 0 22 15 NA 15 NA 5 54 2 7 14 24 0 0 0 0 2 7 14 24 0 0 0 0 2 141 172 8221 4929 24 21 26
130 71 97 82 15 48 34 1084 51 5 73 0 22 15 NA 15 NA 8 51 1 10 12 25 0 0 0 0 1 10 12 25 0 0 0 0 0 125 172 8280 4927 26 19 28
131 77 94 80 14 50 26 1094 48 14 73 0 23 15.5 NA 15.5 NA 3 48 0 12 14 24 0 0 0 0 0 12 14 24 0 0 0 0 0 141 173 8346 4927 27 19 27
132 72 94 80 14 49 33 1098 71 0 73 0 24 15 NA 15 NA 7 71 0 10 14 25 0 0 0 0 0 10 14 25 0 0 0 0 0 163 174 8416 4927 25 20 28
133 86 93 79 14 49 38 1083 59 2 74 0 25 15 NA 15 NA 7 59 1 8 15 25 0 0 0 0 1 8 15 25 0 0 0 0 2 130 175 8478 4926 26 20 28
134 77 93 79 14 49 37 1102 49 7 72 0 24 16 NA 16 NA 6 49 1 10 15 23 0 0 0 0 1 10 15 23 0 0 0 0 0 149 176 8535 4928 25 21 26
135 74 92 78 14 50 39 1137 44 3 74 0 24.5 16 NA 16 NA 9 44 1 10 12 27 0 0 0 0 1 10 12 27 0 0 0 0 0 154 180 8592 4926 27 18 29
136 85 90 76 14 48 45 1126 68 7 70 0 24 15.5 NA 15.5 NA 13 68 1 10 11 26 0 0 0 0 1 10 11 26 0 0 0 0 1 137 181 8651 4930 24 17 29
137 81 91 77 14 47 45 1099 47 8 70 0 24 15 NA 15 NA 8 47 1 10 9 27 0 0 0 0 1 10 9 27 0 0 0 0 2 114 182 8721 4930 24 16 30
138 65 93 78 15 47 50 1096 63 5 70 0 24 16 NA 16 NA 12 63 1 7 11 28 0 0 0 0 1 7 11 28 0 0 0 0 3 143 182 8789 4930 21 18 31
139 64 92 77 15 49 48 1129 57 12 70 0 25 16 NA 16 NA 8 57 1 8 11 29 0 0 0 0 1 8 11 29 0 0 0 0 1 159 183 8847 4930 20 18 32
140 82 90 73 17 49 46 1160 53 8 67 0 25.5 16 NA 16 NA 7 53 2 8 12 27 0 0 0 0 2 8 12 27 0 0 0 0 0 153 184 8900 4933 18 19 30
141 65 90 73 17 48 43 1174 61 6 72 0 26 16.5 NA 16.5 NA 5 61 0 9 13 26 0 0 0 0 0 9 13 26 0 0 0 0 2 157 186 8966 4928 22 21 29
142 70 94 77 17 47 43 1178 65 6 70 0 25 16 NA 16 NA 6 65 0 8 15 24 0 0 0 0 0 8 15 24 0 0 0 0 5 137 188 9025 4930 19 22 29
143 81 94 77 17 47 42 1170 55 6 69 0 26 17 NA 17 NA 7 55 0 5 17 25 0 0 0 0 0 5 17 25 0 0 0 0 0 128 190 9084 4931 16 23 30
144 92 96 80 16 50 44 1134 66 8 68 0 26 16.5 NA 16.5 NA 9 66 2 8 14 26 0 0 0 0 2 8 14 26 0 0 0 0 1 124 192 9156 4932 16 20 32
145 61 93 77 16 47 39 1153 54 7 66 0 27 17 NA 17 NA 3 54 2 5 13 27 0 0 0 0 2 5 13 27 0 0 0 0 0 158 193 9222 4934 13 20 33
146 67 94 78 16 45 44 1162 64 3 65 0 27 16 NA 16 NA 9 64 2 5 12 26 0 0 0 0 2 5 12 26 0 0 0 0 2 158 194 9288 4935 15 18 32
147 66 96 79 17 45 49 1156 69 6 64 0 26.5 17 NA 17 NA 9 69 2 4 14 25 0 0 0 0 2 4 14 25 0 0 0 0 1 154 195 9364 4936 13 20 31
148 77 97 81 16 43 44 1173 60 7 63 0 23 16 NA 16 NA 4 60 2 4 14 23 0 0 0 0 2 4 14 23 0 0 0 0 3 149 197 9422 4937 15 18 30
149 82 99 83 16 43 44 1183 54 4 62 0 20 16 NA 16 NA 8 54 2 4 16 21 0 0 0 0 2 4 16 21 0 0 0 0 2 137 200 9474 4938 15 19 28
150 89 96 81 15 43 36 1163 54 7 63 0 21 17 NA 17 NA 2 54 2 4 14 23 0 0 0 0 2 4 14 23 0 0 0 0 1 136 204 9548 4937 17 16 30
151 72 97 83 14 42 43 1140 68 1 63 0 22 16.5 NA 16.5 NA 9 68 2 4 12 24 0 0 0 0 2 4 12 24 0 0 0 0 1 134 206 9615 4937 17 15 31
152 80 103 89 14 43 39 1130 52 6 65 0 19 17 NA 17 NA 3 52 1 5 11 26 0 0 0 0 1 5 11 26 0 0 0 0 3 136 208 9687 4935 19 13 33
153 89 101 87 14 41 38 1101 66 4 63 0 19 16 NA 16 NA 5 66 1 3 10 27 0 0 0 0 1 3 10 27 0 0 0 0 1 139 209 9760 4937 15 14 34
154 79 102 88 14 41 33 1159 45 8 66 0 19.5 17 NA 17 NA 4 45 0 4 9 28 0 0 0 0 0 4 9 28 0 0 0 0 1 174 211 9816 4934 19 13 34
155 68 101 87 14 42 32 1186 40 6 67 0 20 17 NA 17 NA 4 40 0 5 7 30 0 0 0 0 0 5 7 30 0 0 0 0 1 147 213 9881 4933 21 10 36
156 74 103 86 17 45 32 1206 46 5 70 0 20 16 NA 16 NA 8 46 1 7 6 31 0 0 0 0 1 7 6 31 0 0 0 0 0 141 216 9941 4930 24 10 36
157 72 104 87 17 45 34 1183 67 1 71 0 20.5 16 NA 16 NA 7 67 1 7 6 31 0 0 0 0 1 7 6 31 0 0 0 0 1 137 220 10017 4929 24 11 36
158 75 105 87 18 45 34 1197 47 7 73 0 21 16 NA 16 NA 7 47 1 6 7 31 0 0 0 0 1 6 7 31 0 0 0 0 2 147 220 10086 4927 24 13 36
159 96 101 84 17 44 34 1200 56 5 72 0 22 16.5 NA 16.5 NA 6 56 1 6 6 31 0 0 0 0 1 6 6 31 0 0 0 0 1 152 222 10151 4928 25 12 35
160 60 103 85 18 44 29 1183 52 6 74 0 22 16 NA 16 NA 4 52 2 6 6 30 0 0 0 0 2 6 6 30 0 0 0 0 3 122 225 10219 4926 26 14 34
161 100 100 86 14 40 30 1168 68 4 73 0 19 16 NA 16 NA 6 68 1 7 6 26 0 0 0 0 1 7 6 26 0 0 0 0 2 146 225 10288 4927 29 13 31
162 77 97 83 14 40 29 1168 55 6 70 0 19 16 NA 16 NA 8 55 1 7 7 25 0 0 0 0 1 7 7 25 0 0 0 0 0 136 229 10352 4930 28 13 29
163 96 102 83 19 39 32 1160 62 5 69 0 17 16 NA 16 NA 10 62 1 8 6 24 0 0 0 0 1 8 6 24 0 0 0 0 3 139 230 10414 4931 29 12 28
164 92 101 82 19 38 32 1139 69 7 70 0 17 15.5 NA 15.5 NA 7 69 1 10 6 21 0 0 0 0 1 10 6 21 0 0 0 0 1 134 232 10482 4930 33 12 25
165 65 103 83 20 40 29 1129 58 10 72 0 18 15.5 NA 15.5 NA 8 58 1 12 4 23 0 0 0 0 1 12 4 23 0 0 0 0 1 134 232 10552 4928 35 8 29
166 92 100 81 19 40 27 1119 43 6 70 0 19 15.5 NA 15.5 NA 6 43 1 14 4 21 0 0 0 0 1 14 4 21 0 0 0 0 1 144 234 10634 4930 33 11 26
167 74 100 82 18 38 27 1135 54 4 69 0 19.5 15.5 NA 15.5 NA 7 54 1 11 6 20 0 0 0 0 1 11 6 20 0 0 0 0 2 156 237 10701 4931 31 13 25
168 92 102 84 18 38 29 1130 60 5 69 0 19.5 15.5 NA 15.5 NA 6 60 1 8 10 19 0 0 0 0 1 8 10 19 0 0 0 0 3 140 237 10767 4931 29 16 24
169 67 103 84 19 40 29 1137 54 7 70 0 20 16 NA 16 NA 6 54 1 10 10 19 0 0 0 0 1 10 10 19 0 0 0 0 2 146 238 10832 4930 30 15 25
170 81 106 87 19 42 38 1136 63 5 73 0 21 15.5 NA 15.5 NA 13 63 1 10 12 19 0 0 0 0 1 10 12 19 0 0 0 0 1 146 239 10898 4927 29 19 25
171 83 107 88 19 43 33 1146 58 6 73 0 22 15 NA 15 NA 6 58 1 11 11 20 0 0 0 0 1 11 11 20 0 0 0 0 0 145 242 10958 4927 26 21 26
172 76 110 89 21 46 44 1179 59 5 75 0 21.5 15 NA 15 NA 13 59 1 13 12 20 0 0 0 0 1 13 12 20 0 0 0 0 2 163 242 11012 4925 26 23 26
173 67 106 85 21 46 52 1165 72 5 74 0 21.5 15 NA 15 NA 13 72 1 11 15 19 0 0 0 0 1 11 15 19 0 0 0 0 0 144 242 11078 4926 23 25 26
174 74 102 82 20 45 46 1165 52 9 70 0 22 15 NA 15 NA 4 52 0 13 14 18 0 0 0 0 0 13 14 18 0 0 0 0 0 139 242 11150 4930 23 23 24
175 69 103 84 19 46 44 1178 49 8 77 0 23 15 NA 15 NA 7 49 0 13 15 18 0 0 0 0 0 13 15 18 0 0 0 0 1 147 242 11215 4923 29 24 24
176 73 102 83 19 45 48 1177 47 4 79 0 24 15 NA 15 NA 10 47 0 9 17 19 0 0 0 0 0 9 17 19 0 0 0 0 0 132 244 11279 4921 27 27 25
177 86 100 80 20 48 42 1180 45 5 80 0 25 15 NA 15 NA 2 45 0 11 19 18 0 0 0 0 0 11 19 18 0 0 0 0 1 144 246 11347 4920 27 29 24
178 80 98 78 20 45 39 1194 53 7 78 0 25 15 NA 15 NA 6 53 0 10 19 16 0 0 0 0 0 10 19 16 0 0 0 0 0 150 248 11410 4922 26 27 25
179 74 100 80 20 45 48 1173 61 3 77 0 25 15 NA 15 NA 11 61 0 10 18 17 0 0 0 0 0 10 18 17 0 0 0 0 3 134 249 11487 4923 25 26 26
180 89 102 80 22 44 46 1156 56 6 77 0 24 16 NA 16 NA 7 56 0 9 15 20 0 0 0 0 0 9 15 20 0 0 0 0 3 126 252 11551 4923 25 23 29
181 80 100 78 22 41 44 1141 57 6 76 0 23.5 16 NA 16 NA 6 57 0 8 15 18 0 0 0 0 0 8 15 18 0 0 0 0 0 127 253 11615 4924 26 23 27
182 70 101 79 22 43 42 1138 54 4 77 0 24 16 NA 16 NA 5 54 1 8 16 18 0 0 0 0 1 8 16 18 0 0 0 0 1 132 256 11685 4923 25 23 29
183 79 102 81 21 42 40 1142 55 6 77 0 23.5 15.5 NA 15.5 NA 7 55 1 8 17 16 0 0 0 0 1 8 17 16 0 0 0 0 2 152 259 11759 4923 26 22 29
184 70 104 82 22 45 49 1160 53 4 79 0 23.5 16 NA 16 NA 10 53 0 12 15 18 0 0 0 0 0 12 15 18 0 0 0 0 2 145 260 11817 4921 27 21 31
185 64 107 84 23 46 39 1163 42 8 78 0 24 16 NA 16 NA 7 42 0 11 12 23 0 0 0 0 0 11 12 23 0 0 0 0 2 125 267 11881 4922 23 20 35
186 99 105 82 23 45 31 1143 52 4 78 0 25 15 NA 15 NA 2 52 0 11 13 21 0 0 0 0 0 11 13 21 0 0 0 0 0 128 271 11955 4922 24 21 33
187 71 107 82 25 46 32 1147 61 3 80 0 25 15.5 NA 15.5 NA 4 61 0 9 15 22 0 0 0 0 0 9 15 22 0 0 0 0 0 160 272 12030 4920 20 26 34
188 83 100 78 22 46 32 1134 55 6 75 0 25 16 NA 16 NA 5 55 0 9 14 23 0 0 0 0 0 9 14 23 0 0 0 0 0 128 272 12097 4925 19 21 35
189 74 101 80 21 45 34 1131 66 1 73 0 26 16 NA 16 NA 5 66 0 7 14 24 0 0 0 0 0 7 14 24 0 0 0 0 2 153 274 12167 4927 18 19 36
190 81 102 82 20 44 37 1151 60 3 73 0 27 16 NA 16 NA 7 60 0 7 12 25 0 0 0 0 0 7 12 25 0 0 0 0 0 174 274 12239 4927 18 18 37
191 68 104 82 22 43 34 1149 61 8 74 0 24.5 15 NA 15 NA 8 61 0 7 11 25 0 0 0 0 0 7 11 25 0 0 0 0 3 142 278 12302 4926 21 16 37
192 67 106 83 23 46 32 1125 45 6 78 0 24.5 16 NA 16 NA 4 45 0 7 13 26 0 0 0 0 0 7 13 26 0 0 0 0 2 107 280 12372 4922 22 18 38
193 81 106 83 23 44 28 1143 49 4 75 0 24.5 15.5 NA 15.5 NA 2 49 0 6 13 25 0 0 0 0 0 6 13 25 0 0 0 0 3 144 282 12430 4925 20 19 36
194 63 106 82 24 44 32 1153 57 2 75 0 25 15.5 NA 15.5 NA 7 57 0 6 13 25 0 0 0 0 0 6 13 25 0 0 0 0 0 141 284 12493 4925 20 19 36
195 72 106 82 24 45 33 1163 51 5 79 0 26 16 NA 16 NA 6 51 0 5 14 26 0 0 0 0 0 5 14 26 0 0 0 0 0 139 284 12553 4921 22 20 37
196 71 106 82 24 47 34 1163 56 8 79 0 25.5 16 NA 16 NA 10 56 1 5 14 27 0 0 0 0 1 5 14 27 0 0 0 0 2 136 287 12616 4921 21 21 37
197 91 105 79 26 47 32 1170 54 4 81 0 26 16 NA 16 NA 4 54 0 7 13 27 0 0 0 0 0 7 13 27 0 0 0 0 0 129 289 12666 4919 25 19 37
198 79 105 79 26 48 31 1181 69 5 80 0 27 16.5 NA 16.5 NA 6 69 1 6 14 27 0 0 0 0 1 6 14 27 0 0 0 0 1 158 292 12731 4920 23 20 37
199 50 106 81 25 48 31 1191 54 6 80 0 27 16.5 NA 16.5 NA 6 54 1 5 13 29 0 0 0 0 1 5 13 29 0 0 0 0 2 151 293 12804 4920 23 17 40
200 66 106 82 24 51 30 1193 49 7 78 0 27 17 NA 17 NA 2 49 1 7 12 31 0 0 0 0 1 7 12 31 0 0 0 0 1 136 294 12868 4922 21 17 40
201 71 106 83 23 53 31 1181 65 7 79 0 26.5 17 NA 17 NA 9 65 1 8 12 32 0 0 0 0 1 8 12 32 0 0 0 0 0 152 297 12948 4921 23 16 40
202 67 105 82 23 52 31 1131 59 5 80 0 27 17 NA 17 NA 5 59 0 9 12 31 0 0 0 0 0 9 12 31 0 0 0 0 0 117 298 13035 4920 24 16 40
203 70 105 83 22 52 37 1154 56 5 82 0 26 17 NA 17 NA 11 56 0 9 12 31 0 0 0 0 0 9 12 31 0 0 0 0 2 162 298 13104 4918 25 18 39
204 88 108 88 20 52 32 1187 56 9 81 0 25 17 NA 17 NA 5 56 0 7 12 33 0 0 0 0 0 7 12 33 0 0 0 0 4 142 300 13145 4919 22 20 39
205 66 107 87 20 52 34 1212 60 5 81 0 25 16.5 NA 16.5 NA 5 60 1 9 10 32 0 0 0 0 1 9 10 32 0 0 0 0 0 163 301 13214 4919 25 18 38
206 80 108 88 20 54 39 1222 73 6 80 0 26 16 NA 16 NA 10 73 1 12 8 33 0 0 0 0 1 12 8 33 0 0 0 0 2 168 301 13279 4920 24 17 39
207 64 108 88 20 56 41 1194 58 5 81 0 27 16 NA 16 NA 8 58 1 9 12 34 0 0 0 0 1 9 12 34 0 0 0 0 0 124 302 13353 4919 21 19 41
208 69 107 88 19 56 42 1191 57 6 80 0 28 16 NA 16 NA 7 57 1 10 11 34 0 0 0 0 1 10 11 34 0 0 0 0 0 148 303 13424 4920 19 19 42
209 87 105 86 19 53 41 1175 60 6 77 0 26 16 NA 16 NA 8 60 1 8 13 31 0 0 0 0 1 8 13 31 0 0 0 0 2 118 306 13476 4923 18 21 38
210 92 105 87 18 53 41 1171 59 7 76 0 26 16 NA 16 NA 5 59 1 9 10 33 0 0 0 0 1 9 10 33 0 0 0 0 1 157 306 13553 4924 19 17 40
211 83 105 86 19 53 30 1163 52 9 77 0 27 16 NA 16 NA 3 52 2 8 10 33 0 0 0 0 2 8 10 33 0 0 0 0 0 151 311 13629 4923 20 17 40
212 59 106 87 19 52 39 1167 72 0 78 0 27 16 NA 16 NA 10 72 2 8 10 32 0 0 0 0 2 8 10 32 0 0 0 0 0 154 311 13695 4922 22 16 40
213 72 103 84 19 50 39 1166 48 8 78 0 28 15.5 NA 15.5 NA 8 48 2 7 10 31 0 0 0 0 2 7 10 31 0 0 0 0 0 145 311 13772 4922 21 18 39
214 81 103 84 19 47 40 1154 66 4 76 0 25 15 NA 15 NA 6 66 1 6 11 29 0 0 0 0 1 6 11 29 0 0 0 0 0 135 312 13827 4924 20 18 38
215 91 106 86 20 49 38 1154 40 8 75 0 25 16 NA 16 NA 6 40 1 8 12 28 0 0 0 0 1 8 12 28 0 0 0 0 4 128 316 13896 4925 20 17 38
216 86 101 81 20 48 37 1170 46 5 77 0 25 16 NA 16 NA 7 46 0 10 11 27 0 0 0 0 0 10 11 27 0 0 0 0 1 149 319 13955 4923 24 16 37
217 96 101 81 20 47 41 1161 55 4 77 0 25 16 NA 16 NA 12 55 0 8 13 26 0 0 0 0 0 8 13 26 0 0 0 0 0 145 323 14032 4923 22 19 36
218 69 101 80 21 47 46 1140 62 3 79 0 26 16 NA 16 NA 8 62 0 8 14 25 0 0 0 0 0 8 14 25 0 0 0 0 0 140 323 14109 4921 24 20 35
219 65 100 79 21 49 41 1154 50 12 78 0 26.5 16 NA 16 NA 9 50 1 9 10 29 0 0 0 0 1 9 10 29 0 0 0 0 0 136 325 14162 4922 24 15 39
220 80 98 77 21 49 40 1133 68 6 77 0 27 16 NA 16 NA 6 68 1 10 10 28 0 0 0 0 1 10 10 28 0 0 0 0 0 137 327 14226 4923 24 14 39
221 81 98 78 20 48 35 1146 49 5 78 0 28 16 NA 16 NA 2 49 0 10 11 27 0 0 0 0 0 10 11 27 0 0 0 0 1 132 330 14276 4922 24 15 39
222 79 100 80 20 48 43 1140 48 3 81 0 28.5 16 NA 16 NA 11 48 0 10 11 27 0 0 0 0 0 10 11 27 0 0 0 0 0 135 330 14345 4919 25 17 39
223 63 95 76 19 46 42 1149 71 7 77 0 29 16 NA 16 NA 8 71 0 10 11 25 0 0 0 0 0 10 11 25 0 0 0 0 0 165 331 14412 4923 24 16 37
224 72 94 75 19 43 43 1167 48 8 75 0 27.5 16 NA 16 NA 10 48 0 8 11 24 0 0 0 0 0 8 11 24 0 0 0 0 1 153 333 14482 4925 22 17 36
225 75 90 71 19 42 37 1154 57 7 72 0 28 16 NA 16 NA 3 57 0 7 10 25 0 0 0 0 0 7 10 25 0 0 0 0 0 138 334 14558 4928 21 15 36
226 72 87 68 19 43 28 1174 50 8 73 0 29 16 NA 16 NA 4 50 0 8 10 25 0 0 0 0 0 8 10 25 0 0 0 0 0 158 340 14624 4927 23 15 35
227 73 84 65 19 41 31 1207 54 2 74 0 29.5 16 NA 16 NA 6 54 0 8 9 24 0 0 0 0 0 8 9 24 0 0 0 0 1 158 341 14679 4926 26 14 34
228 67 85 65 20 39 29 1195 55 3 72 0 28 16 NA 16 NA 2 55 0 5 12 22 0 0 0 0 0 5 12 22 0 0 0 0 4 130 342 14751 4928 21 18 33
229 84 80 64 16 36 25 1202 47 3 68 0 29 16 NA 16 NA 3 47 0 4 9 23 0 0 0 0 0 4 9 23 0 0 0 0 0 141 346 14819 4932 19 15 34
230 71 82 65 17 37 27 1219 51 4 69 0 29.5 16 NA 16 NA 6 51 0 4 9 24 0 0 0 0 0 4 9 24 0 0 0 0 2 154 347 14884 4931 18 16 35
231 63 80 63 17 38 31 1203 70 8 66 0 27 18 NA 18 NA 11 70 0 5 10 23 0 0 0 0 0 5 10 23 0 0 0 0 0 136 347 14954 4934 18 16 32
232 81 80 62 18 37 30 1234 47 3 63 0 28 20 NA 20 NA 5 47 0 5 10 22 0 0 0 0 0 5 10 22 0 0 0 0 3 151 351 15011 4937 17 16 30
233 77 80 60 20 36 27 1240 62 4 62 0 28.5 18 NA 18 NA 1 62 0 4 9 23 0 0 0 0 0 4 9 23 0 0 0 0 0 146 351 15070 4938 15 16 31
234 76 83 62 21 36 33 1244 56 4 63 0 28 18 NA 18 NA 9 56 0 3 10 23 0 0 0 0 0 3 10 23 0 0 0 0 4 159 352 15144 4937 14 18 31
235 74 86 65 21 38 37 1220 72 4 64 0 26.5 19.5 NA 19.5 NA 8 72 0 3 10 25 0 0 0 0 0 3 10 25 0 0 0 0 1 157 353 15232 4936 14 18 32
236 79 85 65 20 39 38 1205 58 6 64 0 27 20 NA 20 NA 8 58 0 5 9 25 0 0 0 0 0 5 9 25 0 0 0 0 1 145 355 15316 4936 16 17 31
237 73 87 67 20 41 40 1207 58 9 61 0 27 20 NA 20 NA 11 58 0 7 9 25 0 0 0 0 0 7 9 25 0 0 0 0 3 138 356 15378 4939 13 17 31
238 78 87 67 20 42 35 1187 60 10 61 0 28 20 NA 20 NA 6 60 1 5 11 25 0 0 0 0 1 5 11 25 0 0 0 0 0 139 356 15458 4939 10 20 31
239 69 87 67 20 43 29 1173 62 6 61 0 29 20 NA 20 NA 2 62 1 3 14 25 0 0 0 0 1 3 14 25 0 0 0 0 1 136 359 15531 4939 8 23 30
240 86 84 65 19 40 29 1191 52 3 62 0 30 20.5 NA 20.5 NA 4 52 0 3 10 27 0 0 0 0 0 3 10 27 0 0 0 0 2 150 359 15589 4938 11 17 34
241 77 84 65 19 38 32 1186 66 2 60 0 29 20.5 NA 20.5 NA 6 66 0 2 10 26 0 0 0 0 0 2 10 26 0 0 0 0 0 152 360 15663 4940 10 17 33
242 71 85 66 19 38 36 1169 70 4 61 0 28 20.5 NA 20.5 NA 9 70 0 2 11 25 0 0 0 0 0 2 11 25 0 0 0 0 2 138 361 15736 4939 11 17 33
243 92 83 62 21 34 32 1175 58 9 55 0 27 21 NA 21 NA 7 58 0 2 10 22 0 0 0 0 0 2 10 22 0 0 0 0 3 151 363 15802 4945 11 15 29
244 95 85 65 20 33 33 1194 57 6 54 0 22 21 NA 21 NA 10 57 0 2 9 22 0 0 0 0 0 2 9 22 0 0 0 0 2 152 366 15864 4946 12 13 29
245 83 87 67 20 34 33 1184 52 5 54 0 21 21 NA 21 NA 5 52 0 3 8 23 0 0 0 0 0 3 8 23 0 0 0 0 1 128 368 15932 4946 13 11 30
246 84 86 65 21 33 36 1160 53 3 56 0 20 21 NA 21 NA 7 53 0 2 8 23 0 0 0 0 0 2 8 23 0 0 0 0 0 131 368 16012 4944 16 10 30
247 84 86 66 20 32 29 1157 47 7 57 0 19 21.5 NA 21.5 NA 3 47 0 2 7 23 0 0 0 0 0 2 7 23 0 0 0 0 2 130 371 16076 4943 18 10 29
248 70 86 66 20 32 32 1152 48 1 58 0 20 21.5 NA 21.5 NA 8 48 0 2 7 23 0 0 0 0 0 2 7 23 0 0 0 0 1 124 375 16142 4942 17 12 29
249 83 91 71 20 34 28 1142 43 7 62 0 18 21 NA 21 NA 2 43 0 4 7 23 0 0 0 0 0 4 7 23 0 0 0 0 3 132 375 16220 4938 22 11 29
250 77 93 73 20 36 31 1107 74 3 62 0 18 21 NA 21 NA 6 74 0 6 6 24 0 0 0 0 0 6 6 24 0 0 0 0 1 134 375 16296 4938 22 9 31
251 70 93 73 20 37 34 1130 50 5 62 0 19 21 NA 21 NA 7 50 0 7 4 26 0 0 0 0 0 7 4 26 0 0 0 0 0 162 376 16363 4938 23 6 33
252 76 97 78 19 38 34 1155 46 6 62 0 18 21 NA 21 NA 7 46 0 6 7 25 0 0 0 0 0 6 7 25 0 0 0 0 5 145 377 16418 4938 22 9 31
253 77 97 79 18 37 36 1150 60 7 62 0 18 20 NA 20 NA 8 60 1 6 6 24 0 0 0 0 1 6 6 24 0 0 0 0 0 147 377 16489 4938 24 8 30
254 85 98 78 20 37 34 1148 57 6 61 0 18.5 20 NA 20 NA 5 57 1 6 6 24 0 0 0 0 1 6 6 24 0 0 0 0 4 142 379 16553 4939 23 8 30
255 61 99 78 21 37 28 1143 65 7 65 0 19 20 NA 20 NA 3 65 1 6 6 24 0 0 0 0 1 6 6 24 0 0 0 0 1 145 381 16619 4935 26 9 30
256 104 99 77 22 36 30 1127 56 1 66 0 19 20 NA 20 NA 6 56 1 6 6 23 0 0 0 0 1 6 6 23 0 0 0 0 3 142 381 16694 4934 29 9 28
257 76 97 75 22 35 27 1132 52 5 63 0 17 20 NA 20 NA 6 52 2 5 6 22 0 0 0 0 2 5 6 22 0 0 0 0 1 139 385 16756 4937 28 9 26
258 83 94 73 21 37 36 1149 75 6 63 0 18.5 19 NA 19 NA 13 75 2 4 8 23 0 0 0 0 2 4 8 23 0 0 0 0 1 180 385 16823 4937 24 12 27
259 73 98 77 21 38 29 1155 54 10 64 0 18 20 NA 20 NA 7 54 2 5 9 22 0 0 0 0 2 5 9 22 0 0 0 0 1 138 389 16883 4936 23 15 26
260 73 98 76 22 42 25 1158 66 9 65 0 19 19 NA 19 NA 5 66 4 7 8 23 0 0 0 0 4 7 8 23 0 0 0 0 1 148 390 16943 4935 23 14 28
261 85 99 77 22 43 26 1179 59 6 68 0 19 19 NA 19 NA 8 59 3 9 9 22 0 0 0 0 3 9 9 22 0 0 0 0 1 153 392 16999 4932 24 17 27
262 77 100 78 22 45 29 1182 60 4 70 0 20 19 NA 19 NA 7 60 3 11 9 22 0 0 0 0 3 11 9 22 0 0 0 0 0 145 392 17062 4930 26 17 27
263 69 100 78 22 46 27 1194 51 7 70 0 21 19 NA 19 NA 6 51 3 12 9 22 0 0 0 0 3 12 9 22 0 0 0 0 1 148 394 17133 4930 25 18 27
264 71 98 76 22 46 30 1201 52 3 72 0 21 19 NA 19 NA 7 52 3 11 10 22 0 0 0 0 3 11 10 22 0 0 0 0 1 149 395 17205 4928 27 18 27
265 76 97 75 22 44 30 1210 53 7 69 0 21 18.5 NA 18.5 NA 7 53 3 12 10 19 0 0 0 0 3 12 10 19 0 0 0 0 3 151 396 17274 4931 26 19 24
266 74 99 77 22 44 35 1203 68 5 72 0 22 18.5 NA 18.5 NA 12 68 2 12 11 19 0 0 0 0 2 12 11 19 0 0 0 0 1 144 398 17339 4928 28 20 24
267 82 99 74 25 41 35 1197 62 5 69 0 22 18 NA 18 NA 6 62 2 10 13 16 0 0 0 0 2 10 13 16 0 0 0 0 3 131 399 17394 4931 26 22 21
268 85 100 75 25 44 40 1169 69 8 73 0 22 17 NA 17 NA 10 69 2 10 15 17 0 0 0 0 2 10 15 17 0 0 0 0 0 128 399 17458 4927 25 25 23
269 83 101 77 24 46 42 1181 51 8 74 0 20 17.5 NA 17.5 NA 9 51 1 13 15 17 0 0 0 0 1 13 15 17 0 0 0 0 1 136 400 17512 4926 26 25 23
270 89 99 74 25 48 43 1186 57 11 73 0 21 17 NA 17 NA 9 57 1 15 12 20 0 0 0 0 1 15 12 20 0 0 0 0 0 170 400 17594 4927 26 20 27
271 70 102 73 29 46 45 1194 60 8 74 0 21.5 18 NA 18 NA 11 60 0 15 11 20 0 0 0 0 0 15 11 20 0 0 0 0 0 145 401 17655 4926 27 19 28
272 65 103 74 29 48 42 1193 55 10 73 0 20 18 NA 18 NA 6 55 0 15 13 20 0 0 0 0 0 15 13 20 0 0 0 0 2 153 402 17736 4927 27 18 28
273 86 107 78 29 48 39 1186 72 9 73 0 21 18 NA 18 NA 5 72 0 12 14 22 0 0 0 0 0 12 14 22 0 0 0 0 3 160 402 17809 4927 25 18 30
274 80 107 79 28 47 37 1190 57 4 70 0 20 19 NA 19 NA 6 57 0 10 16 21 0 0 0 0 0 10 16 21 0 0 0 0 2 151 406 17882 4930 24 19 27
275 86 108 78 30 45 35 1169 50 4 68 0 19.5 19 NA 19 NA 6 50 0 9 16 20 0 0 0 0 0 9 16 20 0 0 0 0 0 123 409 17954 4932 24 19 25
276 71 108 78 30 45 33 1172 52 2 69 0 20 19 NA 19 NA 2 52 0 8 16 21 0 0 0 0 0 8 16 21 0 0 0 0 1 151 410 18028 4931 22 21 26
277 82 110 80 30 45 45 1172 57 2 71 0 21 19 NA 19 NA 13 57 0 6 17 22 0 0 0 0 0 6 17 22 0 0 0 0 2 153 410 18097 4929 23 22 26
278 64 108 78 30 44 44 1189 65 3 71 0 21.5 19 NA 19 NA 5 65 0 5 18 21 0 0 0 0 0 5 18 21 0 0 0 0 1 151 413 18154 4929 22 24 25
279 60 107 79 28 46 44 1237 59 7 75 0 22 19 NA 19 NA 7 59 0 7 17 22 0 0 0 0 0 7 17 22 0 0 0 0 1 182 416 18212 4925 26 23 26
280 75 110 80 30 47 41 1252 57 4 75 0 21 19 NA 19 NA 3 57 0 5 17 25 0 0 0 0 0 5 17 25 0 0 0 0 2 149 418 18273 4925 23 22 30
281 94 109 80 29 46 45 1231 66 4 76 0 22 19 NA 19 NA 11 66 1 5 16 24 0 0 0 0 1 5 16 24 0 0 0 0 2 131 421 18334 4924 25 21 30
282 59 109 80 29 47 42 1227 53 4 75 0 21 17 NA 17 NA 4 53 1 6 17 23 0 0 0 0 1 6 17 23 0 0 0 0 2 144 424 18412 4925 25 22 28
283 71 111 81 30 48 44 1209 66 7 80 0 22 18 NA 18 NA 9 66 1 6 18 23 0 0 0 0 1 6 18 23 0 0 0 0 2 136 426 18485 4920 27 24 29
284 84 110 80 30 50 43 1211 65 9 81 0 21.5 18 NA 18 NA 10 65 1 8 18 23 0 0 0 0 1 8 18 23 0 0 0 0 2 160 428 18558 4919 29 23 29
285 78 110 79 31 50 40 1221 49 7 85 0 21 18 NA 18 NA 3 49 1 8 17 24 0 0 0 0 1 8 17 24 0 0 0 0 1 161 428 18638 4915 33 22 30
286 76 107 76 31 51 44 1212 61 5 85 0 22 17 NA 17 NA 12 61 1 9 16 25 0 0 0 0 1 9 16 25 0 0 0 0 0 144 433 18716 4915 34 21 30
287 79 106 75 31 53 45 1209 61 10 85 0 22 17 NA 17 NA 11 61 0 13 17 23 0 0 0 0 0 13 17 23 0 0 0 0 1 131 435 18768 4915 36 22 27
288 65 105 75 30 54 43 1211 70 12 83 0 23 17 NA 17 NA 11 70 0 15 15 24 0 0 0 0 0 15 15 24 0 0 0 0 0 155 436 18833 4917 33 21 29
289 64 107 79 28 55 42 1180 62 7 83 0 22 17 NA 17 NA 7 62 0 13 16 26 0 0 0 0 0 13 16 26 0 0 0 0 1 124 437 18910 4917 32 22 29
290 63 105 77 28 53 32 1184 64 9 82 0 23 17 NA 17 NA 6 64 0 12 14 27 0 0 0 0 0 12 14 27 0 0 0 0 0 146 442 18975 4918 32 20 30
291 60 106 78 28 52 34 1170 59 4 81 0 23.5 17 NA 17 NA 6 59 0 10 17 25 0 0 0 0 0 10 17 25 0 0 0 0 2 141 443 19060 4919 28 24 29
292 72 107 80 27 51 39 1156 54 3 82 0 23 17 NA 17 NA 8 54 0 10 15 26 0 0 0 0 0 10 15 26 0 0 0 0 1 125 444 19132 4918 30 22 30
293 87 108 81 27 51 35 1155 48 7 81 0 22.5 17 NA 17 NA 5 48 0 10 16 25 0 0 0 0 0 10 16 25 0 0 0 0 2 133 446 19195 4919 28 24 29
294 79 110 84 26 51 36 1150 58 3 80 0 23 17 NA 17 NA 6 58 0 11 15 25 0 0 0 0 0 11 15 25 0 0 0 0 2 132 448 19255 4920 27 24 29
295 67 111 85 26 50 40 1167 53 5 80 0 24 17 NA 17 NA 10 53 0 8 15 27 0 0 0 0 0 8 15 27 0 0 0 0 4 148 449 19319 4920 23 26 31
296 76 109 85 24 51 40 1140 58 4 79 0 24 17 NA 17 NA 4 58 0 9 15 27 0 0 0 0 0 9 15 27 0 0 0 0 2 140 451 19411 4921 23 26 30
297 84 110 87 23 53 39 1124 59 6 78 0 24 17 NA 17 NA 6 59 1 7 18 27 0 0 0 0 1 7 18 27 0 0 0 0 1 145 454 19494 4922 18 30 30
298 85 110 87 23 53 41 1122 57 5 77 0 25 17 NA 17 NA 7 57 1 7 18 27 0 0 0 0 1 7 18 27 0 0 0 0 1 141 454 19561 4923 17 30 30
299 74 112 89 23 54 40 1125 55 6 78 0 26 18 NA 18 NA 6 55 1 6 20 27 0 0 0 0 1 6 20 27 0 0 0 0 3 140 456 19619 4922 16 31 31
300 80 113 88 25 54 42 1137 50 3 78 0 27 19 NA 19 NA 7 50 1 6 21 26 0 0 0 0 1 6 21 26 0 0 0 0 1 138 457 19676 4922 17 29 32
301 80 110 84 26 54 32 1148 44 9 79 0 26.5 18 NA 18 NA 2 44 2 5 20 27 0 0 0 0 2 5 20 27 0 0 0 0 1 129 459 19730 4921 19 28 32
302 72 110 84 26 55 32 1135 52 5 78 0 27.5 19 NA 19 NA 8 52 2 6 19 28 0 0 0 0 2 6 19 28 0 0 0 0 0 138 462 19811 4922 18 27 33
303 82 110 85 25 55 31 1141 54 8 80 0 28 19 NA 19 NA 7 54 1 7 16 31 0 0 0 0 1 7 16 31 0 0 0 0 0 152 463 19883 4920 21 23 36
304 65 110 86 24 56 28 1188 53 4 82 0 29 19 NA 19 NA 3 53 1 6 18 31 0 0 0 0 1 6 18 31 0 0 0 0 1 171 465 19938 4918 21 25 36
305 87 110 86 24 55 26 1200 55 3 84 0 30 19 NA 19 NA 5 55 0 6 16 33 0 0 0 0 0 6 16 33 0 0 0 0 2 151 468 19997 4916 23 22 39
306 93 110 86 24 57 28 1189 62 5 87 0 30 19 NA 19 NA 7 62 0 6 16 35 0 0 0 0 0 6 16 35 0 0 0 0 1 141 469 20064 4913 26 22 39
307 85 109 86 23 54 27 1187 64 4 87 0 27 19 NA 19 NA 5 64 0 4 15 35 0 0 0 0 0 4 15 35 0 0 0 0 3 159 471 20139 4913 28 19 40
308 87 109 83 26 50 22 1182 51 5 85 0 25 20.5 NA 20.5 NA 4 51 0 4 14 32 0 0 0 0 0 4 14 32 0 0 0 0 2 133 474 20205 4915 29 18 38
309 84 107 81 26 52 22 1163 68 6 84 0 25 19.5 NA 19.5 NA 5 68 0 7 9 36 0 0 0 0 0 7 9 36 0 0 0 0 0 134 475 20270 4916 29 14 41
310 60 108 83 25 55 28 1153 67 7 85 0 25.5 19 NA 19 NA 12 67 0 9 10 36 0 0 0 0 0 9 10 36 0 0 0 0 2 139 476 20337 4915 30 13 42
311 63 107 82 25 59 26 1172 46 11 88 0 26 19 NA 19 NA 7 46 0 13 8 38 0 0 0 0 0 13 8 38 0 0 0 0 0 142 476 20400 4912 32 12 44
312 71 103 79 24 57 28 1190 60 4 87 0 25 19 NA 19 NA 6 60 0 13 8 36 0 0 0 0 0 13 8 36 0 0 0 0 1 157 477 20464 4913 33 12 42
313 85 100 78 22 56 31 1185 65 5 83 0 25.5 19 NA 19 NA 7 65 0 10 9 37 0 0 0 0 0 10 9 37 0 0 0 0 0 131 477 20519 4917 28 13 42
314 84 98 76 22 55 30 1184 68 8 82 0 26 19 NA 19 NA 7 68 0 11 9 35 0 0 0 0 0 11 9 35 0 0 0 0 0 158 478 20588 4918 29 13 40
315 71 97 75 22 54 29 1178 49 2 81 0 26 18 NA 18 NA 3 49 0 10 10 34 0 0 0 0 0 10 10 34 0 0 0 0 0 131 480 20659 4919 27 16 38
316 77 96 74 22 55 30 1155 60 7 79 0 26 19 NA 19 NA 7 60 0 10 10 35 0 0 0 0 0 10 10 35 0 0 0 0 1 131 481 20736 4921 25 16 38
317 81 96 74 22 54 32 1140 53 3 78 0 26 18 NA 18 NA 7 53 0 8 11 35 0 0 0 0 0 8 11 35 0 0 0 0 2 134 482 20808 4922 21 19 38
318 90 99 76 23 53 30 1141 62 5 77 0 26 19 NA 19 NA 5 62 0 5 13 35 0 0 0 0 0 5 13 35 0 0 0 0 3 148 483 20873 4923 18 21 38
319 69 99 76 23 53 27 1132 52 8 77 0 27 17 NA 17 NA 5 52 1 4 12 36 0 0 0 0 1 4 12 36 0 0 0 0 3 130 484 20941 4923 16 22 39
320 68 100 78 22 53 30 1149 46 6 81 0 27 19 NA 19 NA 9 46 1 5 12 35 0 0 0 0 1 5 12 35 0 0 0 0 1 145 486 21007 4919 20 23 38
321 71 102 80 22 54 25 1164 43 9 78 0 27.5 17 NA 17 NA 3 43 2 6 13 33 0 0 0 0 2 6 13 33 0 0 0 0 3 140 486 21070 4922 19 22 37
322 84 103 82 21 56 28 1180 50 5 78 0 28 17.5 NA 17.5 NA 6 50 1 10 14 31 0 0 0 0 1 10 14 31 0 0 0 0 1 155 487 21143 4922 20 23 35
323 71 106 85 21 57 22 1172 55 9 78 0 28 17 NA 17 NA 5 55 1 9 16 31 0 0 0 0 1 9 16 31 0 0 0 0 2 134 490 21211 4922 17 25 36
324 83 107 85 22 57 27 1161 48 1 79 0 29 17 NA 17 NA 7 48 1 7 18 31 0 0 0 0 1 7 18 31 0 0 0 0 1 136 491 21284 4921 16 27 36
325 71 110 88 22 59 26 1170 47 8 80 0 29.5 17 NA 17 NA 8 47 1 8 17 33 0 0 0 0 1 8 17 33 0 0 0 0 2 139 492 21353 4920 17 24 39
326 76 107 85 22 58 27 1181 54 5 77 0 30 17.5 NA 17.5 NA 6 54 1 6 18 33 0 0 0 0 1 6 18 33 0 0 0 0 0 158 492 21433 4923 15 24 38
327 75 106 84 22 57 27 1198 56 4 77 0 30.5 18 NA 18 NA 5 56 1 6 16 34 0 0 0 0 1 6 16 34 0 0 0 0 2 162 493 21502 4923 15 22 40
328 71 108 86 22 57 26 1190 56 5 79 0 30.5 18 NA 18 NA 7 56 1 5 15 36 0 0 0 0 1 5 15 36 0 0 0 0 0 137 494 21570 4921 16 20 43
329 80 106 84 22 55 30 1202 56 5 78 0 30 19 NA 19 NA 8 56 0 6 13 36 0 0 0 0 0 6 13 36 0 0 0 0 1 142 494 21623 4922 17 17 44
330 81 110 88 22 55 26 1189 46 6 79 0 29 19 NA 19 NA 3 46 0 6 12 37 0 0 0 0 0 6 12 37 0 0 0 0 4 142 495 21706 4921 19 15 45
331 78 112 91 21 56 30 1177 68 4 79 0 28.5 18.5 NA 18.5 NA 8 68 0 6 11 39 0 0 0 0 0 6 11 39 0 0 0 0 1 130 495 21762 4921 16 16 47
332 72 110 89 21 53 30 1171 56 6 77 0 26.5 19 NA 19 NA 5 56 0 4 14 35 0 0 0 0 0 4 14 35 0 0 0 0 2 144 496 21834 4923 14 19 44
333 80 113 92 21 53 35 1196 35 3 81 0 26 19 NA 19 NA 9 35 0 4 13 36 0 0 0 0 0 4 13 36 0 0 0 0 1 151 497 21908 4919 18 18 45
334 80 116 95 21 52 40 1167 54 6 81 0 26 17.5 NA 17.5 NA 11 54 0 5 12 35 0 0 0 0 0 5 12 35 0 0 0 0 2 128 498 21990 4919 19 18 44
335 79 118 97 21 51 41 1172 66 4 83 0 25 18 NA 18 NA 6 66 0 5 10 36 0 0 0 0 0 5 10 36 0 0 0 0 1 145 499 22039 4917 23 15 45
336 68 117 96 21 52 37 1182 50 6 82 0 26 18 NA 18 NA 3 50 0 6 8 38 0 0 0 0 0 6 8 38 0 0 0 0 2 141 501 22103 4918 22 14 46
337 97 114 94 20 51 43 1179 70 10 81 0 21.5 17 NA 17 NA 14 70 0 8 7 36 0 0 0 0 0 8 7 36 0 0 0 0 1 163 501 22172 4919 25 13 43
338 72 112 92 20 51 46 1151 60 4 81 0 24.5 17 NA 17 NA 9 60 0 8 6 37 0 0 0 0 0 8 6 37 0 0 0 0 0 136 504 22254 4919 25 12 44
339 61 110 90 20 52 48 1159 64 6 81 0 23.5 17 NA 17 NA 8 64 1 9 7 35 0 0 0 0 1 9 7 35 0 0 0 0 0 161 505 22330 4919 26 12 43
340 89 106 89 17 51 49 1143 61 3 79 0 24 17 NA 17 NA 7 61 1 8 8 34 0 0 0 0 1 8 8 34 0 0 0 0 2 122 508 22387 4921 25 13 41
341 77 106 87 19 48 55 1129 64 4 77 0 23.5 17 NA 17 NA 11 64 1 6 8 33 0 0 0 0 1 6 8 33 0 0 0 0 3 137 509 22455 4923 24 13 40
342 84 107 88 19 47 53 1127 51 6 81 0 24 17 NA 17 NA 7 51 0 5 8 34 0 0 0 0 0 5 8 34 0 0 0 0 3 134 510 22523 4919 27 14 40
343 83 105 86 19 43 57 1179 55 2 77 0 23 17 NA 17 NA 8 55 0 5 6 32 0 0 0 0 0 5 6 32 0 0 0 0 1 183 511 22581 4923 26 12 39
344 80 110 91 19 45 57 1177 65 9 77 0 23 17 NA 17 NA 10 65 0 6 4 35 0 0 0 0 0 6 4 35 0 0 0 0 1 149 513 22645 4923 24 11 42
345 84 113 94 19 46 60 1162 62 5 80 0 24 17 NA 17 NA 7 62 0 7 4 35 0 0 0 0 0 7 4 35 0 0 0 0 1 132 513 22712 4920 23 15 42
346 81 112 93 19 47 53 1189 52 15 82 0 24 17 NA 17 NA 9 52 0 7 7 33 0 0 0 0 0 7 7 33 0 0 0 0 1 167 517 22771 4918 25 17 40
347 73 112 92 20 49 48 1188 58 9 85 0 24.5 17 NA 17 NA 7 58 0 7 10 32 0 0 0 0 0 7 10 32 0 0 0 0 2 150 520 22844 4915 26 20 39
348 73 111 90 21 48 45 1198 54 6 83 0 24 16 NA 16 NA 2 54 0 7 10 31 0 0 0 0 0 7 10 31 0 0 0 0 3 144 521 22906 4917 27 20 36
349 57 112 90 22 51 45 1220 45 7 83 0 24 17 NA 17 NA 8 45 0 8 12 31 0 0 0 0 0 8 12 31 0 0 0 0 1 157 524 22985 4917 26 21 36
350 78 112 90 22 49 45 1246 55 2 80 0 22.5 17 NA 17 NA 7 55 0 8 12 29 0 0 0 0 0 8 12 29 0 0 0 0 2 159 528 23051 4920 26 21 33
351 86 112 91 21 53 44 1195 75 12 80 0 23.5 17 NA 17 NA 14 75 1 9 14 29 0 0 0 0 1 9 14 29 0 0 0 0 2 124 533 23130 4920 24 23 33
352 63 113 93 20 51 36 1216 53 9 79 0 22 17 NA 17 NA 6 53 1 10 10 30 0 0 0 0 1 10 10 30 0 0 0 0 2 150 538 23186 4921 25 20 34
353 79 113 94 19 49 37 1206 61 4 81 0 23 17 NA 17 NA 10 61 1 10 9 29 0 0 0 0 1 10 9 29 0 0 0 0 1 134 541 23251 4919 27 21 33
354 75 114 94 20 54 35 1233 47 10 82 0 24 17 NA 17 NA 8 47 3 10 12 29 0 0 0 0 3 10 12 29 0 0 0 0 2 152 544 23311 4918 24 24 34
355 81 115 95 20 55 38 1211 60 6 84 0 23 17 NA 17 NA 10 60 3 11 11 30 0 0 0 0 3 11 11 30 0 0 0 0 2 142 547 23396 4916 27 22 35
356 84 116 95 21 57 39 1223 52 5 87 0 23 17 NA 17 NA 7 52 2 14 12 29 0 0 0 0 2 14 12 29 0 0 0 0 2 145 549 23460 4913 31 21 35
357 77 120 99 21 58 44 1224 78 8 88 0 23 16.5 NA 16.5 NA 13 78 2 14 12 30 0 0 0 0 2 14 12 30 0 0 0 0 4 151 551 23514 4912 30 20 38
358 80 119 98 21 61 36 1231 47 13 86 0 24 17 NA 17 NA 4 47 3 11 17 30 0 0 0 0 3 11 17 30 0 0 0 0 1 147 551 23586 4914 26 22 38
359 90 120 98 22 61 36 1215 54 5 84 0 24 17 NA 17 NA 8 54 3 9 18 31 0 0 0 0 3 9 18 31 0 0 0 0 2 147 554 23669 4916 23 22 39
360 63 120 98 22 61 38 1204 59 3 85 0 24.5 16 NA 16 NA 8 59 3 8 19 31 0 0 0 0 3 8 19 31 0 0 0 0 2 142 557 23748 4915 23 23 39
