1 75 99 82 17 46 27 1235 52 12 75 0 25 18 NA 18 NA 6 52 1 5 17 23 0 0 0 0 1 5 17 23 0 0 0 0 1 141 0 0 4925 19 27 29
2 81 102 85 17 45 28 1278 77 11 75 0 26 18 NA 18 NA 12 77 1 4 17 23 0 0 0 0 1 4 17 23 0 0 0 0 1 145 0 0 4925 19 27 29
3 69 100 83 17 45 27 1335 62 7 75 0 26.5 18 NA 18 NA 7 62 1 4 16 24 0 0 0 0 1 4 16 24 0 0 0 0 0 141 0 0 4925 19 26 30
4 80 99 82 17 47 28 1388 62 11 75 0 27 18 NA 18 NA 12 62 1 5 17 24 0 0 0 0 1 5 17 24 0 0 0 0 1 137 0 0 4925 20 26 29
5 83 104 87 17 48 35 1423 67 4 77 0 26.5 18 NA 18 NA 10 67 1 6 17 24 0 0 0 0 1 6 17 24 0 0 0 0 4 132 0 0 4923 22 26 29
6 74 100 82 18 46 33 1494 56 6 73 0 27.5 18 NA 18 NA 4 56 1 4 17 24 0 0 0 0 1 4 17 24 0 0 0 0 0 153 0 0 4927 18 25 30
7 74 104 84 20 46 39 1508 74 7 73 0 26 18 NA 18 NA 11 74 1 5 16 24 0 0 0 0 1 5 16 24 0 0 0 0 4 118 0 0 4927 18 24 31
8 82 104 85 19 47 45 1531 74 5 72 0 25.5 18 NA 18 NA 9 74 1 5 18 23 0 0 0 0 1 5 18 23 0 0 0 0 1 117 0 0 4928 17 25 30
9 62 105 86 19 50 38 1572 63 10 74 0 26 18 NA 18 NA 4 63 3 6 16 25 0 0 0 0 3 6 16 25 0 0 0 0 1 122 0 0 4926 18 24 32
10 75 109 90 19 50 44 1621 75 4 79 0 26 18 NA 18 NA 10 75 2 6 15 27 0 0 0 0 2 6 15 27 0 0 0 0 2 138 0 0 4921 21 23 35
11 86 112 93 19 51 46 1640 94 9 80 0 25 18 NA 18 NA 11 94 0 5 17 29 0 0 0 0 0 5 17 29 0 0 0 0 1 138 0 0 4920 19 23 38
12 70 110 91 19 50 55 1650 84 6 77 0 25 18.5 NA 18.5 NA 14 84 0 6 14 30 0 0 0 0 0 6 14 30 0 0 0 0 0 114 0 0 4923 18 20 39
13 78 111 92 19 50 51 1073 53 9 79 0 26 18.5 NA 18.5 NA 10 53 0 7 10 33 0 0 0 0 0 7 10 33 0 0 0 0 2 127 5 633 4921 21 16 42
14 72 112 92 20 48 45 1063 63 7 81 0 25 18.5 NA 18.5 NA 3 63 0 7 9 32 0 0 0 0 0 7 9 32 0 0 0 0 2 140 6 700 4919 24 16 41
15 69 114 94 20 48 47 1085 53 2 80 0 24.5 18.5 NA 18.5 NA 7 53 0 6 8 34 0 0 0 0 0 6 8 34 0 0 0 0 2 153 9 762 4920 21 16 43
16 76 108 89 19 46 57 1101 55 5 77 0 25 18.5 NA 18.5 NA 13 55 0 7 8 31 0 0 0 0 0 7 8 31 0 0 0 0 0 154 9 830 4923 20 16 41
17 69 111 91 20 47 48 1099 57 9 81 0 25 19 NA 19 NA 9 57 0 7 9 31 0 0 0 0 0 7 9 31 0 0 0 0 2 135 15 893 4919 23 17 41
18 80 107 87 20 45 39 1119 49 10 79 0 26 18 NA 18 NA 4 49 1 7 7 30 0 0 0 0 1 7 7 30 0 0 0 0 0 149 17 956 4921 23 16 40
19 84 104 84 20 44 41 1140 62 4 81 0 24.5 17.5 NA 17.5 NA 6 62 0 9 7 28 0 0 0 0 0 9 7 28 0 0 0 0 1 163 17 1019 4919 28 16 37
20 82 104 84 20 44 40 1155 64 9 81 0 24.5 18 NA 18 NA 8 64 0 8 6 30 0 0 0 0 0 8 6 30 0 0 0 0 0 151 18 1076 4919 28 14 39
21 83 106 84 22 46 42 1157 63 5 82 0 24.5 18.5 NA 18.5 NA 8 63 0 8 7 31 0 0 0 0 0 8 7 31 0 0 0 0 2 145 20 1131 4918 27 15 40
22 95 109 87 22 47 34 1165 53 11 84 0 24 18 NA 18 NA 4 53 0 8 9 30 0 0 0 0 0 8 9 30 0 0 0 0 3 144 20 1194 4916 27 17 40
23 64 113 87 26 48 41 1203 44 3 87 0 25 18 NA 18 NA 10 44 0 7 8 33 0 0 0 0 0 7 8 33 0 0 0 0 3 151 22 1244 4913 28 16 43
24 76 111 85 26 47 38 1213 52 9 85 0 25 19 NA 19 NA 9 52 0 8 8 31 0 0 0 0 0 8 8 31 0 0 0 0 0 137 26 1298 4915 28 15 42
25 77 108 84 24 46 37 1208 55 8 84 0 25 20 NA 20 NA 9 55 0 8 7 31 0 0 0 0 0 8 7 31 0 0 0 0 0 135 29 1364 4916 27 17 40
26 80 107 84 23 47 29 1204 53 9 84 0 25 20 NA 20 NA 3 53 0 8 9 30 0 0 0 0 0 8 9 30 0 0 0 0 1 130 32 1431 4916 26 18 40
27 70 105 82 23 48 30 1194 54 3 84 0 26 20 NA 20 NA 6 54 0 8 8 32 0 0 0 0 0 8 8 32 0 0 0 0 0 141 34 1512 4916 27 16 41
28 82 107 84 23 51 33 1166 62 7 83 0 27 20 NA 20 NA 8 62 0 9 10 32 0 0 0 0 0 9 10 32 0 0 0 0 3 125 35 1583 4917 25 17 41
29 71 106 83 23 49 24 1195 54 7 83 0 26 20 NA 20 NA 4 54 0 7 11 31 0 0 0 0 0 7 11 31 0 0 0 0 0 157 40 1644 4917 24 19 40
30 79 106 84 22 48 33 1188 68 1 82 0 26 20 NA 20 NA 10 68 0 7 9 32 0 0 0 0 0 7 9 32 0 0 0 0 1 155 40 1720 4918 23 18 41
31 95 105 83 22 50 36 1173 59 6 82 0 27 20 NA 20 NA 9 59 0 6 11 33 0 0 0 0 0 6 11 33 0 0 0 0 1 142 40 1792 4918 19 22 41
32 73 105 83 22 49 39 1171 65 7 81 0 27 20 NA 20 NA 11 65 1 6 11 31 0 0 0 0 1 6 11 31 0 0 0 0 4 147 41 1859 4919 19 23 39
33 80 107 85 22 48 34 1145 69 10 82 0 26 20 NA 20 NA 6 69 1 6 11 30 0 0 0 0 1 6 11 30 0 0 0 0 3 132 41 1923 4918 21 23 38
34 61 107 86 21 49 42 1139 61 4 85 0 27 20 NA 20 NA 12 61 1 3 11 34 0 0 0 0 1 3 11 34 0 0 0 0 1 136 42 1991 4915 22 22 41
35 87 109 89 20 51 37 1145 57 8 86 0 28 20 NA 20 NA 5 57 1 1 14 35 0 0 0 0 1 1 14 35 0 0 0 0 2 160 44 2061 4914 20 24 42
36 62 104 85 19 47 39 1151 45 5 82 0 28.5 20 NA 20 NA 7 45 1 2 13 31 0 0 0 0 1 2 13 31 0 0 0 0 0 136 45 2133 4918 20 24 38
37 76 103 85 18 47 38 1128 56 6 78 0 28 20 NA 20 NA 7 56 1 3 13 30 0 0 0 0 1 3 13 30 0 0 0 0 2 117 47 2197 4922 18 23 37
38 79 103 87 16 48 35 1152 58 8 75 0 28 19.5 NA 19.5 NA 7 58 2 2 15 29 0 0 0 0 2 2 15 29 0 0 0 0 1 159 51 2257 4925 16 23 36
39 66 104 88 16 49 34 1119 60 6 74 0 28 21 NA 21 NA 4 60 2 3 15 29 0 0 0 0 2 3 15 29 0 0 0 0 0 116 51 2326 4926 15 24 35
40 68 104 88 16 49 38 1140 56 3 76 0 29 21 NA 21 NA 10 56 0 6 15 28 0 0 0 0 0 6 15 28 0 0 0 0 1 141 54 2381 4924 18 23 35
41 87 106 90 16 51 42 1110 55 7 78 0 29.5 21 NA 21 NA 12 55 0 6 14 31 0 0 0 0 0 6 14 31 0 0 0 0 0 124 56 2453 4922 17 22 39
42 83 106 90 16 50 37 1100 54 9 77 0 29.5 21 NA 21 NA 4 54 0 6 14 30 0 0 0 0 0 6 14 30 0 0 0 0 1 143 57 2526 4923 17 21 39
43 76 110 92 18 50 36 1116 52 4 76 0 27 21 NA 21 NA 5 52 0 7 10 33 0 0 0 0 0 7 10 33 0 0 0 0 4 142 58 2580 4924 17 18 41
44 73 111 94 17 50 33 1093 52 6 79 0 27 21 NA 21 NA 6 52 0 7 10 33 0 0 0 0 0 7 10 33 0 0 0 0 0 129 59 2661 4921 20 17 42
45 78 109 92 17 49 35 1097 46 3 80 0 28 20 NA 20 NA 5 46 0 7 10 32 0 0 0 0 0 7 10 32 0 0 0 0 1 124 60 2718 4920 21 17 42
46 73 109 91 18 51 38 1093 59 6 80 0 26 19 NA 19 NA 8 59 0 8 8 35 0 0 0 0 0 8 8 35 0 0 0 0 1 143 61 2786 4920 19 18 43
47 72 109 91 18 50 32 1101 56 5 81 0 25 18.5 NA 18.5 NA 3 56 0 7 9 34 0 0 0 0 0 7 9 34 0 0 0 0 1 145 65 2852 4919 20 18 43
48 86 111 92 19 49 34 1104 51 5 78 0 25 18 NA 18 NA 6 51 0 8 9 32 0 0 0 0 0 8 9 32 0 0 0 0 2 134 66 2916 4922 19 18 41
49 69 110 91 19 50 35 1114 63 8 78 0 25.5 20 NA 20 NA 8 63 0 10 10 30 0 0 0 0 0 10 10 30 0 0 0 0 2 147 67 2970 4922 22 17 39
50 90 107 89 18 49 34 1136 52 10 78 0 22 18 NA 18 NA 12 52 0 12 8 29 0 0 0 0 0 12 8 29 0 0 0 0 0 160 69 3037 4922 25 15 38
51 86 103 85 18 50 38 1141 61 6 77 0 23 17.5 NA 17.5 NA 10 61 0 14 7 29 0 0 0 0 0 14 7 29 0 0 0 0 0 135 70 3091 4923 26 14 37
52 82 101 83 18 47 39 1142 58 7 75 0 24 18 NA 18 NA 11 58 0 9 10 28 0 0 0 0 0 9 10 28 0 0 0 0 0 138 72 3153 4925 22 17 36
53 54 101 81 20 47 40 1142 65 9 75 0 25 18 NA 18 NA 11 65 0 8 11 28 0 0 0 0 0 8 11 28 0 0 0 0 0 128 74 3205 4925 21 16 38
54 67 102 82 20 48 32 1152 46 10 77 0 26 18 NA 18 NA 5 46 0 10 11 27 0 0 0 0 0 10 11 27 0 0 0 0 2 146 76 3276 4923 24 16 37
55 79 100 81 19 48 36 1143 62 5 78 0 23.5 17.5 NA 17.5 NA 9 62 0 11 11 26 0 0 0 0 0 11 11 26 0 0 0 0 2 141 77 3342 4922 28 16 34
56 83 102 83 19 48 37 1142 62 7 77 0 24 18 NA 18 NA 9 62 0 8 15 25 0 0 0 0 0 8 15 25 0 0 0 0 3 139 77 3404 4923 25 19 33
57 71 101 83 18 48 32 1138 55 9 75 0 25 18 NA 18 NA 6 55 0 7 16 25 0 0 0 0 0 7 16 25 0 0 0 0 1 132 79 3464 4925 21 20 34
58 61 101 82 19 48 34 1131 68 7 75 0 25 17.5 NA 17.5 NA 9 68 1 6 15 26 0 0 0 0 1 6 15 26 0 0 0 0 1 146 80 3535 4925 20 18 37
59 73 97 80 17 47 30 1132 64 8 72 0 25 17 NA 17 NA 6 64 2 6 14 25 0 0 0 0 2 6 14 25 0 0 0 0 0 137 82 3591 4928 19 18 35
60 77 97 80 17 49 33 1139 66 8 76 0 26 17 NA 17 NA 10 66 1 8 13 27 0 0 0 0 1 8 13 27 0 0 0 0 0 147 83 3650 4924 24 17 35
61 66 97 80 17 50 34 1142 54 7 76 0 26 17 NA 17 NA 7 54 1 9 13 27 0 0 0 0 1 9 13 27 0 0 0 0 1 155 83 3729 4924 25 16 35
62 94 102 85 17 49 38 1126 63 6 75 0 24 17 NA 17 NA 11 63 1 7 15 26 0 0 0 0 1 7 15 26 0 0 0 0 2 151 84 3802 4925 23 18 34
63 60 103 85 18 49 30 1138 43 8 72 0 23 17 NA 17 NA 4 43 1 9 14 25 0 0 0 0 1 9 14 25 0 0 0 0 3 138 89 3873 4928 21 18 33
64 75 104 85 19 49 32 1143 58 3 72 0 23.5 17 NA 17 NA 7 58 1 9 11 28 0 0 0 0 1 9 11 28 0 0 0 0 2 146 90 3935 4928 20 16 36
65 83 106 87 19 49 32 1129 63 1 73 0 23 17 NA 17 NA 6 63 1 9 10 29 0 0 0 0 1 9 10 29 0 0 0 0 2 127 94 3996 4927 21 16 36
66 72 105 86 19 48 33 1117 65 8 73 0 23 17 NA 17 NA 10 65 0 10 11 27 0 0 0 0 0 10 11 27 0 0 0 0 3 140 95 4068 4927 22 17 34
67 83 101 82 19 47 29 1144 54 6 72 0 24 17 NA 17 NA 5 54 0 9 12 26 0 0 0 0 0 9 12 26 0 0 0 0 1 158 97 4123 4928 19 20 33
68 67 104 85 19 48 36 1146 58 3 75 0 25 17 NA 17 NA 10 58 0 9 10 29 0 0 0 0 0 9 10 29 0 0 0 0 2 137 98 4189 4925 21 17 37
69 79 104 84 20 47 33 1148 46 8 73 0 23.5 16 NA 16 NA 5 46 1 9 10 27 0 0 0 0 1 9 10 27 0 0 0 0 0 123 98 4245 4927 21 16 36
70 84 105 85 20 47 32 1150 49 5 74 0 24 16 NA 16 NA 4 49 1 9 10 27 0 0 0 0 1 9 10 27 0 0 0 0 1 145 99 4317 4926 21 17 36
71 79 105 85 20 46 33 1152 63 5 72 0 23 16 NA 16 NA 6 63 2 7 11 26 0 0 0 0 2 7 11 26 0 0 0 0 1 148 99 4379 4928 20 17 35
72 87 104 85 19 48 39 1125 73 3 70 0 24.5 16 NA 16 NA 9 73 2 4 16 26 0 0 0 0 2 4 16 26 0 0 0 0 1 138 100 4454 4930 14 21 35
73 71 104 84 20 46 35 1147 44 7 70 0 25 16 NA 16 NA 6 44 2 3 17 24 0 0 0 0 2 3 17 24 0 0 0 0 1 143 102 4513 4930 15 21 34
74 78 101 82 19 44 38 1164 60 2 72 0 25 15.5 NA 15.5 NA 5 60 1 5 15 23 0 0 0 0 1 5 15 23 0 0 0 0 1 152 103 4575 4928 21 19 32
75 72 100 83 17 43 33 1162 54 6 71 0 21.5 16 NA 16 NA 6 54 1 6 15 21 0 0 0 0 1 6 15 21 0 0 0 0 3 139 108 4645 4929 23 18 30
76 67 99 82 17 42 26 1157 62 10 69 0 21 15.5 NA 15.5 NA 3 62 1 7 15 19 0 0 0 0 1 7 15 19 0 0 0 0 1 142 108 4714 4931 24 19 26
77 73 100 83 17 41 29 1168 54 1 69 0 21.5 16 NA 16 NA 8 54 1 7 14 19 0 0 0 0 1 7 14 19 0 0 0 0 0 151 110 4769 4931 24 19 26
78 74 102 84 18 41 31 1190 47 4 73 0 22 16 NA 16 NA 7 47 0 7 14 20 0 0 0 0 0 7 14 20 0 0 0 0 1 154 111 4832 4927 26 19 28
79 88 102 82 20 42 28 1163 51 7 72 0 22.5 16 NA 16 NA 5 51 0 7 10 25 0 0 0 0 0 7 10 25 0 0 0 0 2 127 112 4911 4928 23 18 31
80 88 101 82 19 43 35 1140 64 3 74 0 22 16 NA 16 NA 10 64 0 8 11 24 0 0 0 0 0 8 11 24 0 0 0 0 1 139 112 4989 4926 25 19 30
81 74 105 86 19 44 38 1141 61 5 76 0 19 16 NA 16 NA 7 61 0 10 10 24 0 0 0 0 0 10 10 24 0 0 0 0 2 132 112 5046 4924 27 19 30
82 74 104 85 19 44 40 1163 53 6 75 0 20 16 NA 16 NA 9 53 0 11 11 22 0 0 0 0 0 11 11 22 0 0 0 0 1 163 113 5113 4925 28 18 29
83 59 104 84 20 48 38 1158 51 7 77 0 21 16 NA 16 NA 5 51 0 13 10 25 0 0 0 0 0 13 10 25 0 0 0 0 0 120 115 5177 4923 30 16 31
84 79 103 85 18 51 37 1147 66 6 75 0 22 16 NA 16 NA 5 66 1 15 7 28 0 0 0 0 1 15 7 28 0 0 0 0 0 149 117 5248 4925 30 12 33
85 73 103 85 18 51 35 1173 61 7 75 0 22 16 NA 16 NA 7 61 1 15 7 28 0 0 0 0 1 15 7 28 0 0 0 0 1 162 119 5307 4925 29 13 33
86 76 108 89 19 51 42 1164 55 3 77 0 21.5 16 NA 16 NA 12 55 1 11 11 28 0 0 0 0 1 11 11 28 0 0 0 0 4 145 121 5381 4923 26 18 33
87 89 106 86 20 53 40 1152 49 9 76 0 21.5 16 NA 16 NA 4 49 2 12 12 27 0 0 0 0 2 12 12 27 0 0 0 0 0 125 121 5441 4924 26 19 31
88 64 105 85 20 55 39 1163 54 7 76 0 22 16 NA 16 NA 4 54 1 14 14 26 0 0 0 0 1 14 14 26 0 0 0 0 2 146 121 5504 4924 26 20 30
89 80 107 87 20 54 43 1177 49 2 77 0 23 16 NA 16 NA 9 49 0 12 16 26 0 0 0 0 0 12 16 26 0 0 0 0 1 154 123 5574 4923 26 21 30
90 76 110 90 20 55 36 1153 60 9 79 0 22.5 16 NA 16 NA 4 60 0 10 17 28 0 0 0 0 0 10 17 28 0 0 0 0 1 120 124 5649 4921 25 22 32
91 81 111 91 20 54 34 1163 50 3 78 0 23 16.5 NA 16.5 NA 4 50 0 8 17 29 0 0 0 0 0 8 17 29 0 0 0 0 2 128 127 5699 4922 24 20 34
92 82 110 90 20 53 39 1167 52 2 77 0 23 16 NA 16 NA 6 52 0 7 16 30 0 0 0 0 0 7 16 30 0 0 0 0 1 141 128 5769 4923 23 19 35
93 91 107 88 19 50 38 1150 56 2 79 0 24 17.5 NA 17.5 NA 7 56 0 5 17 28 0 0 0 0 0 5 17 28 0 0 0 0 0 131 133 5836 4921 25 20 34
94 88 107 89 18 50 39 1152 62 7 79 0 23 17.5 NA 17.5 NA 7 62 0 7 16 27 0 0 0 0 0 7 16 27 0 0 0 0 1 163 134 5908 4921 26 20 33
95 79 106 88 18 50 36 1167 52 5 78 0 24 17.5 NA 17.5 NA 5 52 0 9 16 25 0 0 0 0 0 9 16 25 0 0 0 0 0 145 138 5974 4922 24 23 31
96 90 103 86 17 47 38 1183 58 5 77 0 24 18 NA 18 NA 10 58 0 8 16 23 0 0 0 0 0 8 16 23 0 0 0 0 0 172 140 6048 4923 25 23 29
97 64 106 87 19 49 39 1178 69 7 79 0 24 18 NA 18 NA 7 69 0 10 14 25 0 0 0 0 0 10 14 25 0 0 0 0 2 158 141 6125 4921 25 23 31
98 72 106 86 20 48 36 1196 45 5 81 0 24.5 18 NA 18 NA 6 45 0 9 11 28 0 0 0 0 0 9 11 28 0 0 0 0 3 141 144 6186 4919 27 20 34
99 53 109 88 21 48 34 1217 64 7 81 0 24 18 NA 18 NA 3 64 0 8 13 27 0 0 0 0 0 8 13 27 0 0 0 0 5 156 144 6245 4919 26 21 34
100 66 108 87 21 50 31 1231 64 11 81 0 24 18 NA 18 NA 6 64 1 6 16 27 0 0 0 0 1 6 16 27 0 0 0 0 1 152 144 6303 4919 25 23 33
101 87 109 89 20 50 35 1224 64 4 84 0 25 18 NA 18 NA 7 64 1 5 15 29 0 0 0 0 1 5 15 29 0 0 0 0 0 150 144 6374 4916 28 22 34
102 67 111 91 20 50 35 1213 57 3 86 0 24 18 NA 18 NA 6 57 1 5 13 31 0 0 0 0 1 5 13 31 0 0 0 0 3 130 147 6443 4914 29 21 36
103 78 107 88 19 49 33 1219 49 4 86 0 24 18 NA 18 NA 6 49 1 5 13 30 0 0 0 0 1 5 13 30 0 0 0 0 0 147 149 6517 4914 32 20 34
104 83 108 89 19 49 36 1222 55 7 85 0 23 18 NA 18 NA 12 55 0 7 12 30 0 0 0 0 0 7 12 30 0 0 0 0 0 147 151 6584 4915 32 19 34
105 72 107 88 19 48 34 1240 55 5 82 0 24 18 NA 18 NA 6 55 0 5 12 31 0 0 0 0 0 5 12 31 0 0 0 0 2 147 153 6640 4918 26 22 34
106 72 107 88 19 50 32 1228 60 6 83 0 25 18 NA 18 NA 5 60 1 4 14 31 0 0 0 0 1 4 14 31 0 0 0 0 1 146 154 6720 4917 26 23 34
107 100 106 86 20 51 37 1197 74 6 82 0 25.5 18 NA 18 NA 11 74 1 4 14 32 0 0 0 0 1 4 14 32 0 0 0 0 1 150 155 6796 4918 26 21 35
108 76 105 85 20 51 35 1197 49 8 80 0 26 18 NA 18 NA 4 49 1 6 12 32 0 0 0 0 1 6 12 32 0 0 0 0 1 151 155 6881 4920 24 21 35
109 77 102 83 19 49 32 1193 58 5 80 0 26.5 18 NA 18 NA 7 58 1 5 12 31 0 0 0 0 1 5 12 31 0 0 0 0 0 143 160 6951 4920 25 20 35
110 84 101 80 21 48 37 1215 60 3 78 0 26 18.5 NA 18.5 NA 9 60 0 6 11 31 0 0 0 0 0 6 11 31 0 0 0 0 2 171 161 7020 4922 22 22 34
111 74 98 76 22 48 40 1225 70 7 79 0 25.5 18.5 NA 18.5 NA 10 70 0 7 12 29 0 0 0 0 0 7 12 29 0 0 0 0 2 165 162 7090 4921 24 22 33
112 67 96 73 23 47 47 1225 55 5 78 0 26 18 NA 18 NA 12 55 0 7 10 30 0 0 0 0 0 7 10 30 0 0 0 0 1 133 163 7149 4922 23 21 34
113 73 97 72 25 48 41 1210 67 9 78 0 27 18 NA 18 NA 5 67 1 6 11 30 0 0 0 0 1 6 11 30 0 0 0 0 1 141 165 7215 4922 19 25 34
114 71 100 75 25 50 37 1198 56 6 80 0 28 18 NA 18 NA 5 56 2 6 11 31 0 0 0 0 2 6 11 31 0 0 0 0 2 133 168 7285 4920 20 24 36
115 77 102 77 25 51 35 1192 59 6 78 0 28 18 NA 18 NA 5 59 3 4 13 31 0 0 0 0 3 4 13 31 0 0 0 0 2 142 170 7357 4922 17 25 36
116 71 101 76 25 50 31 1193 36 6 77 0 28 18 NA 18 NA 4 36 2 4 14 30 0 0 0 0 2 4 14 30 0 0 0 0 2 129 170 7430 4923 18 24 35
117 59 100 76 24 48 36 1192 65 1 76 0 28 18 NA 18 NA 8 65 2 4 11 31 0 0 0 0 2 4 11 31 0 0 0 0 2 143 172 7494 4924 19 20 37
118 83 99 72 27 45 37 1193 50 5 71 0 27 18 NA 18 NA 7 50 2 3 11 29 0 0 0 0 2 3 11 29 0 0 0 0 2 152 173 7573 4929 17 19 35
119 90 102 75 27 43 35 1204 63 5 70 0 25 18 NA 18 NA 6 63 2 3 9 29 0 0 0 0 2 3 9 29 0 0 0 0 3 164 174 7640 4930 17 18 35
120 80 99 73 26 42 34 1175 64 3 67 0 25 18 NA 18 NA 6 64 1 4 9 28 0 0 0 0 1 4 9 28 0 0 0 0 1 140 176 7724 4933 17 17 33
121 87 100 74 26 41 39 1171 57 4 66 0 24 18 NA 18 NA 10 57 1 4 8 28 0 0 0 0 1 4 8 28 0 0 0 0 1 145 177 7793 4934 15 17 34
122 72 101 75 26 40 37 1175 50 5 69 0 24 18 NA 18 NA 5 50 0 4 7 29 0 0 0 0 0 4 7 29 0 0 0 0 0 145 178 7871 4931 17 16 36
123 69 100 75 25 41 42 1174 63 7 69 0 24.5 18 NA 18 NA 12 63 0 5 8 28 0 0 0 0 0 5 8 28 0 0 0 0 2 145 180 7935 4931 14 19 36
124 67 99 74 25 43 34 1157 63 11 66 0 25 18 NA 18 NA 7 63 0 5 9 29 0 0 0 0 0 5 9 29 0 0 0 0 3 136 184 8006 4934 13 18 35
125 75 98 73 25 44 36 1168 59 7 68 0 26 18.5 NA 18.5 NA 10 59 0 5 9 30 0 0 0 0 0 5 9 30 0 0 0 0 0 150 186 8069 4932 15 16 37
126 76 101 74 27 45 35 1160 53 7 69 0 27 18 NA 18 NA 6 53 1 5 9 30 0 0 0 0 1 5 9 30 0 0 0 0 1 125 187 8130 4931 15 17 37
127 80 99 72 27 46 36 1161 57 13 70 0 27 20 NA 20 NA 12 57 1 6 9 30 0 0 0 0 1 6 9 30 0 0 0 0 1 142 188 8196 4930 18 15 37
128 73 99 72 27 46 37 1157 63 6 70 0 27 21 NA 21 NA 9 63 1 4 12 29 0 0 0 0 1 4 12 29 0 0 0 0 2 149 189 8259 4930 16 18 36
129 82 100 71 29 43 41 1174 50 4 68 0 25 21 NA 21 NA 10 50 1 4 11 27 0 0 0 0 1 4 11 27 0 0 0 0 2 149 191 8328 4932 16 18 34
130 81 99 70 29 43 45 1154 60 7 70 0 26 21 NA 21 NA 11 60 2 4 9 28 0 0 0 0 2 4 9 28 0 0 0 0 0 134 192 8400 4930 19 15 36
131 88 95 68 27 43 37 1134 76 12 70 0 26 19 NA 19 NA 5 76 1 6 8 28 0 0 0 0 1 6 8 28 0 0 0 0 1 139 192 8466 4930 22 14 34
132 53 96 68 28 42 36 1157 42 4 72 0 23 20 NA 20 NA 7 42 1 5 8 28 0 0 0 0 1 5 8 28 0 0 0 0 2 140 195 8528 4928 24 14 34
133 67 95 68 27 42 33 1144 50 5 72 0 23 18 NA 18 NA 3 50 1 7 7 27 0 0 0 0 1 7 7 27 0 0 0 0 0 128 195 8605 4928 26 12 34
134 84 93 68 25 40 36 1152 55 4 70 0 23 19.5 NA 19.5 NA 8 55 0 7 8 25 0 0 0 0 0 7 8 25 0 0 0 0 1 142 197 8665 4930 26 12 32
135 83 94 67 27 43 35 1153 43 8 71 0 22 20 NA 20 NA 3 43 0 8 6 29 0 0 0 0 0 8 6 29 0 0 0 0 1 139 197 8739 4929 26 11 34
136 77 93 68 25 42 34 1148 65 6 69 0 22 20.5 NA 20.5 NA 7 65 1 9 5 27 0 0 0 0 1 9 5 27 0 0 0 0 0 145 199 8803 4931 26 11 32
137 75 93 67 26 42 36 1134 56 5 67 0 22 20.5 NA 20.5 NA 9 56 1 7 7 27 0 0 0 0 1 7 7 27 0 0 0 0 2 134 202 8881 4933 23 12 32
138 79 91 66 25 41 34 1147 53 6 68 0 22 21 NA 21 NA 7 53 1 8 7 25 0 0 0 0 1 8 7 25 0 0 0 0 0 132 203 8933 4932 25 13 30
139 63 90 66 24 40 38 1177 51 3 67 0 22.5 21 NA 21 NA 6 51 1 7 9 23 0 0 0 0 1 7 9 23 0 0 0 0 1 154 203 8996 4933 24 15 28
140 66 91 66 25 40 32 1202 56 4 68 0 22 21 NA 21 NA 3 56 1 6 9 24 0 0 0 0 1 6 9 24 0 0 0 0 2 166 207 9071 4932 24 14 30
141 83 90 65 25 41 32 1206 56 5 70 0 23 20 NA 20 NA 7 56 0 9 9 23 0 0 0 0 0 9 9 23 0 0 0 0 0 148 209 9141 4930 26 14 30
142 62 93 68 25 43 36 1211 56 8 70 0 23 18 NA 18 NA 10 56 0 11 9 23 0 0 0 0 0 11 9 23 0 0 0 0 1 142 211 9205 4930 24 16 30
143 76 90 65 25 45 38 1164 82 9 68 0 24 18 NA 18 NA 12 82 0 11 11 23 0 0 0 0 0 11 11 23 0 0 0 0 0 140 213 9289 4932 20 20 28
144 58 89 63 26 43 42 1182 58 5 67 0 25 18 NA 18 NA 10 58 0 10 10 23 0 0 0 0 0 10 10 23 0 0 0 0 2 160 214 9357 4933 20 19 28
145 67 93 66 27 42 39 1173 60 7 68 0 25 18 NA 18 NA 5 60 0 8 11 23 0 0 0 0 0 8 11 23 0 0 0 0 4 133 216 9420 4932 19 21 28
146 66 93 66 27 39 36 1174 62 3 67 0 25 18 NA 18 NA 2 62 0 7 8 24 0 0 0 0 0 7 8 24 0 0 0 0 1 139 218 9488 4933 19 19 29
147 82 94 66 28 42 38 1176 51 8 69 0 24.5 19 NA 19 NA 7 51 0 8 8 26 0 0 0 0 0 8 8 26 0 0 0 0 1 148 218 9563 4931 20 18 31
148 75 93 67 26 40 38 1169 55 4 67 0 23 18 NA 18 NA 5 55 0 7 9 24 0 0 0 0 0 7 9 24 0 0 0 0 2 135 219 9628 4933 21 18 28
149 64 95 68 27 41 36 1170 65 5 68 0 23 18 NA 18 NA 5 65 0 6 10 25 0 0 0 0 0 6 10 25 0 0 0 0 1 138 220 9687 4932 21 17 30
150 76 98 71 27 41 33 1160 72 9 69 0 23.5 18 NA 18 NA 9 72 0 4 12 25 0 0 0 0 0 4 12 25 0 0 0 0 3 147 224 9753 4931 20 19 30
151 77 98 72 26 40 37 1171 61 4 67 0 22 17.5 NA 17.5 NA 10 61 0 4 11 25 0 0 0 0 0 4 11 25 0 0 0 0 3 158 226 9820 4933 20 17 30
152 88 98 70 28 40 38 1155 53 9 68 0 23 17.5 NA 17.5 NA 10 53 0 6 10 24 0 0 0 0 0 6 10 24 0 0 0 0 0 139 227 9896 4932 22 17 29
153 81 98 70 28 41 33 1152 56 5 69 0 24 18 NA 18 NA 3 56 0 4 13 24 0 0 0 0 0 4 13 24 0 0 0 0 1 142 229 9968 4931 19 21 29
154 85 97 69 28 41 38 1140 47 1 70 0 25 18 NA 18 NA 7 47 0 4 12 25 0 0 0 0 0 4 12 25 0 0 0 0 1 128 230 10039 4930 20 19 31
155 72 99 72 27 40 34 1160 51 5 67 0 23 18.5 NA 18.5 NA 4 51 0 4 11 25 0 0 0 0 0 4 11 25 0 0 0 0 2 153 233 10106 4933 19 16 32
156 61 98 71 27 39 36 1135 50 2 67 0 22.5 19 NA 19 NA 5 50 0 4 10 25 0 0 0 0 0 4 10 25 0 0 0 0 1 129 234 10196 4933 19 16 32
157 54 97 70 27 40 36 1134 49 3 70 0 23 18.5 NA 18.5 NA 6 49 0 4 11 25 0 0 0 0 0 4 11 25 0 0 0 0 0 126 237 10260 4930 22 16 32
158 81 96 69 27 40 44 1127 63 1 72 0 24 19.5 NA 19.5 NA 7 63 0 4 11 25 0 0 0 0 0 4 11 25 0 0 0 0 0 133 238 10321 4928 23 17 32
159 76 94 67 27 40 43 1140 46 9 72 0 25 19.5 NA 19.5 NA 7 46 0 4 12 24 0 0 0 0 0 4 12 24 0 0 0 0 0 148 238 10389 4928 21 19 32
160 73 94 65 29 40 45 1143 58 5 72 0 25 19.5 NA 19.5 NA 10 58 0 2 13 25 0 0 0 0 0 2 13 25 0 0 0 0 2 145 240 10452 4928 21 20 31
161 73 95 65 30 39 46 1148 65 7 72 0 25 19 NA 19 NA 6 65 0 2 12 25 0 0 0 0 0 2 12 25 0 0 0 0 3 151 240 10516 4928 22 20 30
162 70 95 66 29 41 44 1168 44 10 71 0 24 20 NA 20 NA 8 44 0 6 10 25 0 0 0 0 0 6 10 25 0 0 0 0 1 136 241 10574 4929 23 18 30
163 73 93 65 28 40 44 1173 57 7 72 0 24 20 NA 20 NA 11 57 0 5 10 25 0 0 0 0 0 5 10 25 0 0 0 0 0 148 245 10645 4928 25 18 29
164 81 90 62 28 40 43 1180 59 7 71 0 25.5 20.5 NA 20.5 NA 7 59 0 4 11 25 0 0 0 0 0 4 11 25 0 0 0 0 0 144 246 10702 4929 22 19 30
165 73 91 63 28 42 37 1165 56 8 70 0 25 19.5 NA 19.5 NA 7 56 0 7 9 26 0 0 0 0 0 7 9 26 0 0 0 0 2 127 252 10770 4930 22 16 32
166 92 95 67 28 41 38 1142 63 6 70 0 24 20 NA 20 NA 10 63 0 5 11 25 0 0 0 0 0 5 11 25 0 0 0 0 3 137 255 10839 4930 20 19 31
167 76 96 67 29 43 37 1130 62 8 75 0 25 20 NA 20 NA 8 62 0 6 12 25 0 0 0 0 0 6 12 25 0 0 0 0 1 155 257 10923 4925 25 19 31
168 82 99 70 29 46 33 1106 70 11 76 0 26 19.5 NA 19.5 NA 8 70 0 8 10 28 0 0 0 0 0 8 10 28 0 0 0 0 1 138 258 10991 4924 24 19 33
169 62 101 69 32 47 31 1122 50 6 75 0 25 19 NA 19 NA 5 50 0 10 9 28 0 0 0 0 0 10 9 28 0 0 0 0 1 138 261 11053 4925 22 20 33
170 76 102 70 32 48 30 1145 67 8 74 0 25 19 NA 19 NA 9 67 0 12 9 27 0 0 0 0 0 12 9 27 0 0 0 0 1 162 266 11114 4926 21 19 34
171 78 101 70 31 45 35 1119 64 5 70 0 25 20 NA 20 NA 11 64 0 9 9 27 0 0 0 0 0 9 9 27 0 0 0 0 2 131 267 11189 4930 18 17 35
172 61 100 69 31 46 33 1107 68 7 71 0 24.5 20 NA 20 NA 5 68 0 7 10 29 0 0 0 0 0 7 10 29 0 0 0 0 0 122 267 11246 4929 18 18 35
173 76 99 70 29 46 35 1096 62 4 72 0 25 19.5 NA 19.5 NA 6 62 0 8 10 28 0 0 0 0 0 8 10 28 0 0 0 0 2 143 267 11315 4928 20 18 34
174 66 101 72 29 45 29 1109 58 11 72 0 24 18 NA 18 NA 5 58 1 6 12 26 0 0 0 0 1 6 12 26 0 0 0 0 5 153 268 11381 4928 21 19 32
175 72 102 72 30 44 28 1125 57 3 71 0 24 18.5 NA 18.5 NA 3 57 1 6 11 26 0 0 0 0 1 6 11 26 0 0 0 0 1 157 270 11447 4929 19 20 32
176 68 101 71 30 43 30 1146 65 4 69 0 25 20 NA 20 NA 9 65 1 4 11 27 0 0 0 0 1 4 11 27 0 0 0 0 1 166 273 11508 4931 17 18 34
177 73 100 72 28 42 26 1167 46 8 69 0 23 20 NA 20 NA 3 46 0 5 12 25 0 0 0 0 0 5 12 25 0 0 0 0 1 147 273 11566 4931 19 18 32
178 67 99 71 28 43 23 1175 70 9 73 0 23 20 NA 20 NA 7 70 0 6 11 26 0 0 0 0 0 6 11 26 0 0 0 0 0 141 276 11618 4927 24 15 34
179 80 99 71 28 43 22 1212 55 5 71 0 24 20 NA 20 NA 4 55 0 5 14 24 0 0 0 0 0 5 14 24 0 0 0 0 2 179 278 11681 4929 19 20 32
180 59 98 68 30 42 25 1216 52 6 71 0 24.5 20.5 NA 20.5 NA 7 52 0 5 14 23 0 0 0 0 0 5 14 23 0 0 0 0 1 132 278 11739 4929 21 18 32
181 64 97 67 30 42 30 1210 50 4 73 0 25 20.5 NA 20.5 NA 8 50 0 5 13 24 0 0 0 0 0 5 13 24 0 0 0 0 0 131 278 11808 4927 24 17 32
182 63 96 67 29 41 28 1205 63 6 72 0 22 22 NA 22 NA 4 63 0 5 14 22 0 0 0 0 0 5 14 22 0 0 0 0 2 146 278 11883 4928 25 16 31
183 62 98 66 32 41 28 1218 50 3 74 0 22.5 22 NA 22 NA 4 50 0 5 13 23 0 0 0 0 0 5 13 23 0 0 0 0 0 145 280 11945 4926 28 15 31
184 82 101 68 33 41 26 1222 61 4 76 0 23 22 NA 22 NA 5 61 0 4 11 26 0 0 0 0 0 4 11 26 0 0 0 0 2 148 283 11997 4924 27 15 34
185 72 100 68 32 43 27 1179 78 8 78 0 24 22 NA 22 NA 10 78 0 5 11 27 0 0 0 0 0 5 11 27 0 0 0 0 1 132 284 12071 4922 26 17 35
186 80 100 69 31 44 27 1177 57 6 80 0 25 21.5 NA 21.5 NA 7 57 1 5 10 28 0 0 0 0 1 5 10 28 0 0 0 0 2 145 286 12141 4920 27 17 36
187 80 95 66 29 44 29 1158 53 7 75 0 25 19.5 NA 19.5 NA 8 53 1 7 9 27 0 0 0 0 1 7 9 27 0 0 0 0 1 135 287 12222 4925 26 15 34
188 73 97 67 30 44 29 1141 57 7 75 0 23 19.5 NA 19.5 NA 6 57 1 8 8 27 0 0 0 0 1 8 8 27 0 0 0 0 2 137 287 12301 4925 27 14 34
189 82 96 66 30 45 29 1151 57 6 75 0 24 19 NA 19 NA 5 57 1 9 8 27 0 0 0 0 1 9 8 27 0 0 0 0 0 153 288 12370 4925 26 15 34
190 71 97 67 30 46 33 1151 57 3 75 0 25 18.5 NA 18.5 NA 6 57 1 8 10 27 0 0 0 0 1 8 10 27 0 0 0 0 3 141 288 12432 4925 22 19 34
191 70 90 61 29 42 34 1134 53 5 71 0 25 18 NA 18 NA 8 53 1 8 8 25 0 0 0 0 1 8 8 25 0 0 0 0 0 141 290 12519 4929 23 15 33
192 96 94 66 28 42 35 1137 62 3 71 0 24 18.5 NA 18.5 NA 4 62 1 6 9 26 0 0 0 0 1 6 9 26 0 0 0 0 5 153 291 12586 4929 23 16 32
193 90 93 65 28 41 39 1138 64 6 69 0 24 19 NA 19 NA 11 64 1 7 9 24 0 0 0 0 1 7 9 24 0 0 0 0 1 158 292 12649 4931 20 19 30
194 77 93 64 29 42 38 1135 58 9 67 0 25 19.5 NA 19.5 NA 8 58 1 7 11 23 0 0 0 0 1 7 11 23 0 0 0 0 1 139 293 12717 4933 19 20 28
195 84 96 67 29 41 37 1126 53 9 67 0 24 20 NA 20 NA 7 53 1 5 13 22 0 0 0 0 1 5 13 22 0 0 0 0 4 134 293 12786 4933 17 23 27
196 80 97 68 29 41 44 1128 63 1 69 0 25 20 NA 20 NA 10 63 1 5 11 24 0 0 0 0 1 5 11 24 0 0 0 0 1 144 294 12845 4931 18 21 30
197 74 98 70 28 41 41 1135 53 5 68 0 24.5 20 NA 20 NA 4 53 0 6 11 24 0 0 0 0 0 6 11 24 0 0 0 0 0 130 295 12898 4932 18 18 32
198 88 97 71 26 40 43 1117 60 5 65 0 24 20.5 NA 20.5 NA 10 60 0 5 10 25 0 0 0 0 0 5 10 25 0 0 0 0 2 144 298 12975 4935 16 18 31
199 70 97 70 27 40 41 1172 51 6 65 0 24 20 NA 20 NA 7 51 0 5 11 24 0 0 0 0 0 5 11 24 0 0 0 0 0 182 301 13036 4935 16 19 30
200 62 96 69 27 40 47 1180 57 5 66 0 24.5 19.5 NA 19.5 NA 13 57 1 5 11 23 0 0 0 0 1 5 11 23 0 0 0 0 0 146 304 13102 4934 17 20 29
201 83 95 67 28 40 45 1192 45 6 66 0 24 20 NA 20 NA 4 45 1 5 11 23 0 0 0 0 1 5 11 23 0 0 0 0 1 143 304 13168 4934 17 19 30
202 84 95 67 28 40 42 1192 55 8 67 0 25 20 NA 20 NA 8 55 1 6 9 24 0 0 0 0 1 6 9 24 0 0 0 0 1 146 306 13232 4933 19 17 31
203 86 95 68 27 39 40 1176 56 5 65 0 26 20 NA 20 NA 5 56 1 4 9 25 0 0 0 0 1 4 9 25 0 0 0 0 1 129 308 13296 4935 15 18 32
204 68 99 73 26 40 39 1186 58 8 70 0 24 20 NA 20 NA 7 58 2 5 7 26 0 0 0 0 2 5 7 26 0 0 0 0 2 156 309 13364 4930 20 17 33
205 70 97 72 25 41 45 1175 70 5 70 0 22 19 NA 19 NA 10 70 3 6 6 26 0 0 0 0 3 6 6 26 0 0 0 0 0 150 310 13437 4930 22 14 34
206 74 97 71 26 40 41 1175 72 8 69 0 23 19.5 NA 19.5 NA 8 72 3 5 5 27 0 0 0 0 3 5 5 27 0 0 0 0 3 153 314 13491 4931 21 13 35
207 70 99 73 26 42 46 1196 53 7 74 0 24 19.5 NA 19.5 NA 12 53 3 5 6 28 0 0 0 0 3 5 6 28 0 0 0 0 3 150 315 13547 4926 23 14 37
208 100 101 76 25 42 49 1183 72 6 73 0 24 19.5 NA 19.5 NA 12 72 2 6 6 28 0 0 0 0 2 6 6 28 0 0 0 0 3 144 317 13611 4927 22 14 37
209 92 104 75 29 43 43 1176 64 13 74 0 22.5 19 NA 19 NA 10 64 3 5 6 29 0 0 0 0 3 5 6 29 0 0 0 0 1 140 320 13669 4926 23 14 37
210 64 103 75 28 41 44 1208 50 5 73 0 22 20 NA 20 NA 7 50 3 5 7 26 0 0 0 0 3 5 7 26 0 0 0 0 1 160 320 13726 4927 24 13 36
211 85 104 76 28 42 39 1185 56 9 72 0 20 19.5 NA 19.5 NA 6 56 3 6 7 26 0 0 0 0 3 6 7 26 0 0 0 0 1 159 323 13823 4928 24 14 34
212 68 103 74 29 43 35 1189 56 5 69 0 20 19 NA 19 NA 5 56 3 8 8 24 0 0 0 0 3 8 8 24 0 0 0 0 1 137 326 13884 4931 21 15 33
213 92 105 74 31 42 35 1186 58 2 68 0 21 19 NA 19 NA 6 58 2 8 8 24 0 0 0 0 2 8 8 24 0 0 0 0 3 139 330 13952 4932 21 13 34
214 56 107 74 33 45 30 1227 37 6 69 0 21 18 NA 18 NA 1 37 4 6 9 26 0 0 0 0 4 6 9 26 0 0 0 0 1 156 331 14015 4931 21 14 34
215 76 105 72 33 44 33 1227 69 4 69 0 22 19 NA 19 NA 7 69 3 7 8 26 0 0 0 0 3 7 8 26 0 0 0 0 0 143 331 14068 4931 22 12 35
216 89 108 76 32 44 34 1215 59 6 73 0 21 19 NA 19 NA 9 59 1 9 9 25 0 0 0 0 1 9 9 25 0 0 0 0 2 140 333 14136 4927 22 16 35
217 88 108 76 32 44 32 1208 49 4 72 0 22 19 NA 19 NA 6 49 1 9 9 25 0 0 0 0 1 9 9 25 0 0 0 0 1 146 337 14212 4928 21 17 34
218 75 104 75 29 44 26 1210 58 9 71 0 23 20 NA 20 NA 4 58 1 9 10 24 0 0 0 0 1 9 10 24 0 0 0 0 0 148 340 14278 4929 22 17 32
219 52 106 76 30 46 22 1204 58 9 73 0 23.5 20 NA 20 NA 4 58 2 6 11 27 0 0 0 0 2 6 11 27 0 0 0 0 2 150 340 14362 4927 20 19 34
220 71 104 75 29 46 23 1193 57 2 74 0 22.5 20 NA 20 NA 5 57 2 6 11 27 0 0 0 0 2 6 11 27 0 0 0 0 1 137 343 14427 4926 23 18 33
221 67 103 74 29 49 22 1192 52 9 77 0 23 20 NA 20 NA 8 52 1 8 12 28 0 0 0 0 1 8 12 28 0 0 0 0 0 138 345 14497 4923 26 18 33
222 82 99 72 27 45 27 1192 60 2 75 0 24 18 NA 18 NA 8 60 1 7 12 25 0 0 0 0 1 7 12 25 0 0 0 0 0 159 345 14579 4925 25 20 30
223 68 100 73 27 42 24 1183 51 8 74 0 20.5 20.5 NA 20.5 NA 6 51 1 7 12 22 0 0 0 0 1 7 12 22 0 0 0 0 2 129 347 14652 4926 26 20 28
224 62 102 75 27 45 23 1178 47 9 76 0 20.5 20 NA 20 NA 7 47 1 9 13 22 0 0 0 0 1 9 13 22 0 0 0 0 2 128 348 14724 4924 28 18 30
225 80 100 73 27 44 28 1187 56 4 76 0 21 22.5 NA 22.5 NA 8 56 0 10 10 24 0 0 0 0 0 10 10 24 0 0 0 0 2 157 348 14793 4924 30 15 31
226 77 101 75 26 44 23 1177 61 7 78 0 22 21.5 NA 21.5 NA 5 61 0 10 11 23 0 0 0 0 0 10 11 23 0 0 0 0 1 137 350 14858 4922 32 16 30
227 72 102 76 26 43 25 1166 43 5 75 0 21 20 NA 20 NA 6 43 0 11 11 21 0 0 0 0 0 11 11 21 0 0 0 0 2 129 350 14933 4925 31 16 28
228 82 103 76 27 43 27 1168 57 4 78 0 21 18 NA 18 NA 6 57 0 8 13 22 0 0 0 0 0 8 13 22 0 0 0 0 3 141 351 14996 4922 30 17 31
229 86 105 79 26 42 25 1156 52 5 78 0 21 18 NA 18 NA 4 52 0 8 12 22 0 0 0 0 0 8 12 22 0 0 0 0 0 140 352 15070 4922 31 16 31
230 65 108 82 26 44 26 1151 64 7 79 0 21.5 18 NA 18 NA 8 64 0 9 13 22 0 0 0 0 0 9 13 22 0 0 0 0 3 142 352 15135 4921 30 17 32
231 87 110 83 27 44 23 1128 43 7 80 0 21.5 18 NA 18 NA 4 43 0 11 9 24 0 0 0 0 0 11 9 24 0 0 0 0 3 129 352 15222 4920 31 15 34
232 88 112 85 27 44 24 1133 55 3 80 0 22 18 NA 18 NA 5 55 0 9 11 24 0 0 0 0 0 9 11 24 0 0 0 0 0 140 353 15279 4920 29 17 34
233 88 112 85 27 45 28 1135 61 7 79 0 22.5 18 NA 18 NA 10 61 0 8 11 26 0 0 0 0 0 8 11 26 0 0 0 0 1 155 353 15341 4921 26 19 34
234 57 114 84 30 48 31 1126 73 6 79 0 22.5 18 NA 18 NA 8 73 0 10 12 26 0 0 0 0 0 10 12 26 0 0 0 0 0 154 353 15413 4921 24 19 36
235 76 113 82 31 47 30 1120 62 6 81 0 23 18 NA 18 NA 6 62 0 10 12 25 0 0 0 0 0 10 12 25 0 0 0 0 2 138 353 15479 4919 26 20 35
236 83 112 81 31 49 27 1099 58 4 82 0 24 18 NA 18 NA 4 58 0 10 14 25 0 0 0 0 0 10 14 25 0 0 0 0 1 118 356 15546 4918 25 22 35
237 79 114 83 31 49 28 1118 61 7 84 0 24.5 18 NA 18 NA 11 61 0 7 17 25 0 0 0 0 0 7 17 25 0 0 0 0 3 162 359 15608 4916 22 27 35
238 66 112 81 31 50 29 1127 48 5 84 0 25 18 NA 18 NA 5 48 0 6 19 25 0 0 0 0 0 6 19 25 0 0 0 0 0 141 359 15669 4916 22 28 34
239 78 111 80 31 51 30 1117 55 6 85 0 26 18 NA 18 NA 7 55 1 7 18 25 0 0 0 0 1 7 18 25 0 0 0 0 1 125 360 15726 4915 25 27 33
240 79 111 81 30 49 33 1103 59 6 86 0 26 18 NA 18 NA 9 59 1 6 15 27 0 0 0 0 1 6 15 27 0 0 0 0 1 125 360 15787 4914 25 26 35
241 75 109 78 31 47 35 1100 54 7 85 0 27 18 NA 18 NA 9 54 1 5 15 26 0 0 0 0 1 5 15 26 0 0 0 0 1 138 360 15862 4915 25 26 34
242 84 107 75 32 45 36 1138 51 7 83 0 26 18 NA 18 NA 8 51 2 4 16 23 0 0 0 0 2 4 16 23 0 0 0 0 0 165 360 15920 4917 26 26 31
243 78 104 72 32 43 34 1139 67 8 83 0 26.5 18 NA 18 NA 8 67 1 2 19 21 0 0 0 0 1 2 19 21 0 0 0 0 0 154 361 15984 4917 26 28 29
244 68 106 74 32 43 32 1161 65 6 86 0 26.5 18 NA 18 NA 5 65 1 2 16 24 0 0 0 0 1 2 16 24 0 0 0 0 1 159 363 16033 4914 28 26 32
245 72 110 78 32 45 38 1161 58 4 86 0 26 18 NA 18 NA 8 58 1 5 15 24 0 0 0 0 1 5 15 24 0 0 0 0 2 136 363 16098 4914 29 23 34
246 65 108 76 32 47 31 1187 51 12 88 0 27 18 NA 18 NA 6 51 1 6 14 26 0 0 0 0 1 6 14 26 0 0 0 0 0 156 363 16168 4912 32 21 35
247 74 107 75 32 49 32 1170 63 7 89 0 28 18 NA 18 NA 8 63 1 6 16 26 0 0 0 0 1 6 16 26 0 0 0 0 0 135 364 16237 4911 31 22 36
248 78 109 77 32 52 33 1201 49 6 89 0 25 18 NA 18 NA 5 49 2 8 16 26 0 0 0 0 2 8 16 26 0 0 0 0 2 159 364 16297 4911 30 22 37
249 75 113 77 36 54 27 1196 53 11 91 0 25 18 NA 18 NA 5 53 1 10 13 30 0 0 0 0 1 10 13 30 0 0 0 0 3 143 365 16376 4909 30 20 41
250 69 115 80 35 55 29 1207 42 4 90 0 25 18 NA 18 NA 6 42 1 11 11 32 0 0 0 0 1 11 11 32 0 0 0 0 1 149 367 16450 4910 28 20 42
251 65 117 82 35 55 27 1212 52 5 91 0 26 18 NA 18 NA 5 52 1 9 13 32 0 0 0 0 1 9 13 32 0 0 0 0 0 128 368 16497 4909 26 23 42
252 63 119 82 37 57 32 1209 63 5 93 0 26 18 NA 18 NA 7 63 1 10 13 33 0 0 0 0 1 10 13 33 0 0 0 0 3 129 368 16554 4907 25 23 45
253 79 113 80 33 56 33 1194 52 7 88 0 27 18 NA 18 NA 7 52 2 11 12 31 0 0 0 0 2 11 12 31 0 0 0 0 0 133 369 16627 4912 22 24 42
254 87 113 81 32 56 31 1215 43 3 87 0 28 18 NA 18 NA 4 43 2 12 11 31 0 0 0 0 2 12 11 31 0 0 0 0 3 160 372 16701 4913 20 24 43
255 65 112 82 30 56 28 1220 49 6 85 0 28.5 18 NA 18 NA 5 49 2 11 9 34 0 0 0 0 2 11 9 34 0 0 0 0 2 148 374 16777 4915 18 22 45
256 79 110 80 30 54 29 1197 63 5 83 0 29 18 NA 18 NA 8 63 2 8 11 33 0 0 0 0 2 8 11 33 0 0 0 0 1 138 378 16859 4917 16 24 43
257 72 108 78 30 52 26 1191 58 5 81 0 29 18 NA 18 NA 3 58 0 10 11 31 0 0 0 0 0 10 11 31 0 0 0 0 3 138 380 16926 4919 18 23 40
258 72 107 77 30 50 25 1163 61 5 78 0 28 18 NA 18 NA 4 61 0 9 13 28 0 0 0 0 0 9 13 28 0 0 0 0 0 137 380 17011 4922 16 25 37
259 80 107 78 29 49 27 1177 58 3 75 0 29 18 NA 18 NA 6 58 0 8 13 28 0 0 0 0 0 8 13 28 0 0 0 0 1 153 382 17064 4925 15 21 39
260 69 105 76 29 50 28 1179 52 3 76 0 30 18 NA 18 NA 3 52 1 7 12 30 0 0 0 0 1 7 12 30 0 0 0 0 0 155 383 17148 4924 16 19 41
261 88 104 76 28 50 32 1163 66 5 79 0 31 18 NA 18 NA 10 66 1 4 14 31 0 0 0 0 1 4 14 31 0 0 0 0 0 137 384 17221 4921 17 21 41
262 69 104 75 29 49 30 1178 54 5 81 0 31.5 18 NA 18 NA 4 54 1 4 13 31 0 0 0 0 1 4 13 31 0 0 0 0 1 146 384 17286 4919 20 19 42
263 84 100 72 28 45 30 1195 50 6 77 0 31.5 20 NA 20 NA 7 50 1 3 11 30 0 0 0 0 1 3 11 30 0 0 0 0 1 150 385 17351 4923 18 17 42
264 76 97 69 28 46 31 1186 54 6 75 0 31 18 NA 18 NA 7 54 2 2 12 30 0 0 0 0 2 2 12 30 0 0 0 0 0 139 385 17421 4925 18 15 42
265 67 98 71 27 45 38 1171 77 3 74 0 29 18 NA 18 NA 11 77 2 3 12 28 0 0 0 0 2 3 12 28 0 0 0 0 1 137 388 17484 4926 19 14 41
266 88 97 69 28 46 33 1164 54 9 77 0 31 18 NA 18 NA 5 54 2 3 11 30 0 0 0 0 2 3 11 30 0 0 0 0 0 149 390 17559 4923 20 14 43
267 79 94 67 27 45 32 1184 52 8 75 0 30 18 NA 18 NA 6 52 2 5 9 29 0 0 0 0 2 5 9 29 0 0 0 0 0 153 391 17629 4925 22 12 41
268 82 94 67 27 43 35 1187 57 3 74 0 28.5 18 NA 18 NA 8 57 2 5 6 30 0 0 0 0 2 5 6 30 0 0 0 0 1 145 393 17690 4926 22 10 42
269 96 93 64 29 41 37 1182 51 4 74 0 29 19 NA 19 NA 8 51 1 5 7 28 0 0 0 0 1 5 7 28 0 0 0 0 0 128 395 17747 4926 22 12 40
270 67 93 64 29 41 33 1201 54 8 77 0 30 19 NA 19 NA 4 54 0 5 8 28 0 0 0 0 0 5 8 28 0 0 0 0 0 151 395 17813 4923 24 12 41
271 64 94 65 29 43 32 1206 53 5 79 0 29 18 NA 18 NA 6 53 0 7 7 29 0 0 0 0 0 7 7 29 0 0 0 0 2 141 397 17885 4921 27 11 41
272 88 97 64 33 42 33 1198 63 4 77 0 27 18 NA 18 NA 4 63 0 6 8 28 0 0 0 0 0 6 8 28 0 0 0 0 2 140 398 17955 4923 24 13 40
273 77 103 64 39 42 36 1172 67 5 76 0 25 18 NA 18 NA 9 67 0 5 6 31 0 0 0 0 0 5 6 31 0 0 0 0 2 129 398 18018 4924 20 14 42
274 70 107 66 41 43 36 1139 63 4 77 0 25 18 NA 18 NA 6 63 0 5 7 31 0 0 0 0 0 5 7 31 0 0 0 0 5 128 399 18092 4923 18 17 42
275 72 107 63 44 46 35 1147 50 10 75 0 26 18 NA 18 NA 7 50 1 6 9 30 0 0 0 0 1 6 9 30 0 0 0 0 0 149 399 18156 4925 17 17 41
276 55 104 61 43 43 35 1156 48 4 72 0 26 18 NA 18 NA 3 48 1 6 8 28 0 0 0 0 1 6 8 28 0 0 0 0 1 143 399 18224 4928 17 16 39
277 84 105 62 43 44 32 1185 52 8 75 0 27 18 NA 18 NA 7 52 1 6 8 29 0 0 0 0 1 6 8 29 0 0 0 0 0 171 401 18290 4925 19 17 39
278 66 105 62 43 47 32 1179 63 7 76 0 28 18 NA 18 NA 8 63 1 9 7 30 0 0 0 0 1 9 7 30 0 0 0 0 0 148 403 18362 4924 17 18 41
279 72 102 59 43 44 40 1163 66 1 73 0 27.5 18 NA 18 NA 11 66 1 7 8 28 0 0 0 0 1 7 8 28 0 0 0 0 1 130 404 18429 4927 16 19 38
280 77 108 64 44 45 33 1150 59 12 74 0 26 18 NA 18 NA 6 59 1 8 8 28 0 0 0 0 1 8 8 28 0 0 0 0 3 138 405 18502 4926 16 19 39
281 67 107 64 43 44 32 1141 67 4 74 0 27 17.5 NA 17.5 NA 4 67 1 8 8 27 0 0 0 0 1 8 8 27 0 0 0 0 2 147 406 18571 4926 18 17 39
282 69 106 63 43 44 42 1143 65 5 73 0 27.5 17.5 NA 17.5 NA 17 65 1 5 10 28 0 0 0 0 1 5 10 28 0 0 0 0 0 151 408 18642 4927 15 19 39
283 65 107 65 42 42 40 1146 55 7 73 0 25 17.5 NA 17.5 NA 5 55 1 3 12 26 0 0 0 0 1 3 12 26 0 0 0 0 1 139 409 18709 4927 14 22 37
284 67 106 65 41 42 31 1168 55 9 75 0 26 17.5 NA 17.5 NA 2 55 1 5 11 25 0 0 0 0 1 5 11 25 0 0 0 0 2 148 412 18767 4925 19 20 36
285 82 106 67 39 41 32 1156 64 3 78 0 26.5 18 NA 18 NA 6 64 0 6 9 26 0 0 0 0 0 6 9 26 0 0 0 0 1 128 413 18827 4922 23 16 39
286 64 105 68 37 42 32 1212 51 7 81 0 27 18 NA 18 NA 7 51 0 7 7 28 0 0 0 0 0 7 7 28 0 0 0 0 1 171 416 18878 4919 27 14 40
287 76 102 66 36 42 33 1190 56 6 80 0 26.5 17.5 NA 17.5 NA 8 56 1 7 7 27 0 0 0 0 1 7 7 27 0 0 0 0 1 121 417 18950 4920 27 14 39
288 73 103 68 35 44 32 1197 61 6 79 0 24 17.5 NA 17.5 NA 5 61 1 9 7 27 0 0 0 0 1 9 7 27 0 0 0 0 2 150 419 19020 4921 27 14 38
289 89 104 69 35 43 29 1178 60 8 77 0 23.5 17 NA 17 NA 3 60 1 10 7 25 0 0 0 0 1 10 7 25 0 0 0 0 2 144 419 19094 4923 25 15 37
290 66 106 70 36 43 32 1191 56 4 77 0 23.5 17 NA 17 NA 9 56 1 9 8 25 0 0 0 0 1 9 8 25 0 0 0 0 2 153 421 19154 4923 24 13 40
291 65 104 69 35 41 37 1193 58 5 75 0 23.5 17 NA 17 NA 8 58 1 7 9 24 0 0 0 0 1 7 9 24 0 0 0 0 0 144 421 19224 4925 23 13 39
292 81 104 69 35 44 36 1180 59 9 80 0 23.5 17.5 NA 17.5 NA 9 59 1 8 10 25 0 0 0 0 1 8 10 25 0 0 0 0 2 129 422 19289 4920 28 14 38
293 74 102 69 33 43 38 1204 53 4 80 0 24 18 NA 18 NA 6 53 1 6 10 26 0 0 0 0 1 6 10 26 0 0 0 0 1 171 423 19364 4920 27 15 38
294 66 104 71 33 44 42 1209 50 3 78 0 23 18 NA 18 NA 8 50 1 6 7 30 0 0 0 0 1 6 7 30 0 0 0 0 4 147 425 19443 4922 27 11 40
295 51 103 71 32 44 36 1212 61 8 78 0 24 18 NA 18 NA 7 61 1 5 7 31 0 0 0 0 1 5 7 31 0 0 0 0 0 135 431 19503 4922 26 11 41
296 61 103 71 32 44 33 1221 68 7 80 0 24 18 NA 18 NA 5 68 1 6 7 30 0 0 0 0 1 6 7 30 0 0 0 0 3 164 431 19572 4920 26 14 40
297 77 103 74 29 43 36 1198 64 4 79 0 25 18 NA 18 NA 6 64 1 4 9 29 0 0 0 0 1 4 9 29 0 0 0 0 1 127 431 19639 4921 22 18 39
298 66 103 73 30 45 38 1175 59 6 79 0 25 18 NA 18 NA 7 59 0 5 12 28 0 0 0 0 0 5 12 28 0 0 0 0 0 147 432 19731 4921 20 20 39
299 76 105 75 30 44 35 1165 59 7 77 0 26 18 NA 18 NA 4 59 0 5 12 27 0 0 0 0 0 5 12 27 0 0 0 0 2 133 433 19795 4923 19 21 37
300 78 105 75 30 44 37 1162 56 3 76 0 26 17.5 NA 17.5 NA 7 56 0 6 12 26 0 0 0 0 0 6 12 26 0 0 0 0 1 135 436 19863 4924 20 20 36
301 79 105 77 28 41 41 1177 48 4 74 0 26 17 NA 17 NA 7 48 0 6 9 26 0 0 0 0 0 6 9 26 0 0 0 0 1 146 436 19929 4926 20 17 37
302 76 104 76 28 41 40 1168 69 7 73 0 26 17 NA 17 NA 6 69 0 6 9 26 0 0 0 0 0 6 9 26 0 0 0 0 1 152 436 20008 4927 20 17 36
303 86 101 74 27 38 39 1176 55 4 68 0 23 17.5 NA 17.5 NA 7 55 0 6 8 24 0 0 0 0 0 6 8 24 0 0 0 0 2 146 440 20074 4932 19 17 32
304 78 101 75 26 37 38 1174 65 8 70 0 24 17 NA 17 NA 9 65 0 4 9 24 0 0 0 0 0 4 9 24 0 0 0 0 1 144 442 20135 4930 19 19 32
305 75 103 77 26 40 35 1174 45 9 71 0 24 18 NA 18 NA 6 45 0 5 10 25 0 0 0 0 0 5 10 25 0 0 0 0 1 149 446 20220 4929 18 21 32
306 71 101 75 26 39 36 1165 59 4 71 0 23 17 NA 17 NA 5 59 0 6 10 23 0 0 0 0 0 6 10 23 0 0 0 0 1 138 446 20292 4929 22 20 29
307 86 103 77 26 40 35 1189 57 4 72 0 23 17.5 NA 17.5 NA 7 57 0 6 9 25 0 0 0 0 0 6 9 25 0 0 0 0 0 164 449 20351 4928 21 20 31
308 65 103 79 24 39 39 1178 64 3 72 0 24 17 NA 17 NA 7 64 0 6 8 25 0 0 0 0 0 6 8 25 0 0 0 0 1 137 450 20421 4928 19 21 32
309 77 105 82 23 39 34 1165 65 8 73 0 24 18 NA 18 NA 7 65 0 5 7 27 0 0 0 0 0 5 7 27 0 0 0 0 2 135 453 20483 4927 20 17 36
310 71 101 79 22 40 44 1169 68 7 70 0 24 18 NA 18 NA 15 68 0 5 7 28 0 0 0 0 0 5 7 28 0 0 0 0 0 143 453 20543 4930 19 14 37
311 80 101 80 21 39 43 1175 56 8 72 0 23 18 NA 18 NA 10 56 0 6 7 26 0 0 0 0 0 6 7 26 0 0 0 0 1 143 455 20604 4928 23 13 36
312 78 104 83 21 42 41 1159 60 11 73 0 21.5 17.5 NA 17.5 NA 9 60 0 6 9 27 0 0 0 0 0 6 9 27 0 0 0 0 3 131 456 20677 4927 22 15 36
313 76 104 85 19 45 38 1150 67 7 75 0 21 18 NA 18 NA 7 67 1 6 10 28 0 0 0 0 1 6 10 28 0 0 0 0 2 144 459 20740 4925 27 14 34
314 73 102 83 19 44 37 1126 63 6 72 0 21 18 NA 18 NA 6 63 1 7 10 26 0 0 0 0 1 7 10 26 0 0 0 0 1 129 461 20811 4928 26 15 31
315 58 103 84 19 47 39 1168 55 7 75 0 22 18 NA 18 NA 8 55 1 9 10 27 0 0 0 0 1 9 10 27 0 0 0 0 1 172 461 20872 4925 28 15 32
316 84 105 87 18 47 31 1186 55 9 74 0 22 18 NA 18 NA 2 55 1 7 10 29 0 0 0 0 1 7 10 29 0 0 0 0 3 158 462 20943 4926 26 14 34
317 86 101 84 17 45 29 1187 49 2 72 0 23 18 NA 18 NA 2 49 1 5 12 27 0 0 0 0 1 5 12 27 0 0 0 0 1 139 463 21012 4928 25 15 32
318 69 102 85 17 46 34 1189 68 5 70 0 20.5 18 NA 18 NA 8 68 1 5 14 26 0 0 0 0 1 5 14 26 0 0 0 0 2 164 464 21083 4930 21 18 31
319 73 105 88 17 46 38 1177 65 3 70 0 20 18 NA 18 NA 7 65 1 7 12 26 0 0 0 0 1 7 12 26 0 0 0 0 3 141 466 21149 4930 23 16 31
320 78 105 88 17 47 37 1151 66 8 71 0 20 18 NA 18 NA 8 66 1 8 13 25 0 0 0 0 1 8 13 25 0 0 0 0 0 135 468 21221 4929 24 16 31
321 77 105 88 17 48 42 1188 56 3 73 0 21 18 NA 18 NA 10 56 1 9 11 27 0 0 0 0 1 9 11 27 0 0 0 0 1 173 471 21278 4927 26 14 33
322 83 102 84 18 46 41 1188 57 6 70 0 21 18 NA 18 NA 7 57 1 9 10 26 0 0 0 0 1 9 10 26 0 0 0 0 1 145 472 21346 4930 24 14 32
323 78 101 83 18 46 31 1198 54 12 70 0 22 18 NA 18 NA 4 54 1 6 13 26 0 0 0 0 1 6 13 26 0 0 0 0 1 146 474 21407 4930 21 17 32
324 108 98 80 18 45 28 1237 37 6 70 0 23 18 NA 18 NA 5 37 0 7 12 26 0 0 0 0 0 7 12 26 0 0 0 0 1 158 475 21464 4930 23 15 32
325 62 98 80 18 43 29 1242 72 4 68 0 23.5 18 NA 18 NA 8 72 0 6 13 24 0 0 0 0 0 6 13 24 0 0 0 0 0 153 478 21528 4932 19 19 30
326 78 99 80 19 42 26 1248 54 6 69 0 23 18 NA 18 NA 5 54 0 5 12 25 0 0 0 0 0 5 12 25 0 0 0 0 1 136 479 21581 4931 20 18 31
327 81 101 78 23 42 27 1229 55 4 66 0 20 17.5 NA 17.5 NA 5 55 0 6 12 24 0 0 0 0 0 6 12 24 0 0 0 0 5 144 479 21667 4934 19 18 29
328 89 101 75 26 41 26 1245 41 2 67 0 20 18 NA 18 NA 2 41 0 5 12 24 0 0 0 0 0 5 12 24 0 0 0 0 2 155 480 21744 4933 21 17 29
329 60 102 77 25 40 28 1254 48 3 68 0 20 17.5 NA 17.5 NA 6 48 0 4 11 25 0 0 0 0 0 4 11 25 0 0 0 0 2 149 480 21813 4932 22 16 30
330 80 101 77 24 40 30 1242 52 4 70 0 21 17.5 NA 17.5 NA 7 52 0 5 10 25 0 0 0 0 0 5 10 25 0 0 0 0 1 135 480 21876 4930 25 16 29
331 87 100 75 25 41 33 1219 64 3 72 0 21 18 NA 18 NA 8 64 0 7 9 25 0 0 0 0 0 7 9 25 0 0 0 0 2 139 482 21946 4928 27 16 29
332 89 97 74 23 39 30 1204 74 6 70 0 21 18 NA 18 NA 6 74 0 6 10 23 0 0 0 0 0 6 10 23 0 0 0 0 0 142 484 22011 4930 26 18 26
333 69 96 75 21 38 30 1192 70 5 68 0 21.5 18 NA 18 NA 8 70 1 4 10 23 0 0 0 0 1 4 10 23 0 0 0 0 3 164 487 22100 4932 22 20 26
334 75 99 78 21 38 34 1194 56 3 69 0 22 18 NA 18 NA 8 56 1 4 9 24 0 0 0 0 1 4 9 24 0 0 0 0 1 141 488 22163 4931 23 19 27
335 78 99 78 21 35 35 1176 63 8 69 0 21 18 NA 18 NA 10 63 1 4 8 22 0 0 0 0 1 4 8 22 0 0 0 0 0 130 490 22224 4931 24 19 26
336 86 102 79 23 36 34 1153 50 6 71 0 20.5 18 NA 18 NA 4 50 1 3 9 23 0 0 0 0 1 3 9 23 0 0 0 0 2 135 491 22298 4929 23 21 27
337 73 105 83 22 36 33 1148 60 4 72 0 21 18.5 NA 18.5 NA 6 60 1 2 10 23 0 0 0 0 1 2 10 23 0 0 0 0 2 143 492 22365 4928 24 17 31
338 94 102 80 22 36 33 1140 53 4 70 0 21 19 NA 19 NA 3 53 1 4 9 22 0 0 0 0 1 4 9 22 0 0 0 0 1 131 493 22429 4930 24 17 29
339 89 103 79 24 35 37 1132 58 4 71 0 21 19 NA 19 NA 8 58 1 4 9 21 0 0 0 0 1 4 9 21 0 0 0 0 4 146 493 22500 4929 27 17 27
340 59 107 83 24 37 33 1140 58 8 73 0 21 20 NA 20 NA 4 58 0 6 10 21 0 0 0 0 0 6 10 21 0 0 0 0 2 149 495 22572 4927 27 19 27
341 80 106 83 23 37 32 1124 38 5 72 0 21.5 20 NA 20 NA 5 38 0 5 11 21 0 0 0 0 0 5 11 21 0 0 0 0 1 119 496 22650 4928 25 20 27
342 90 102 81 21 35 34 1104 62 6 69 0 21 20 NA 20 NA 6 62 0 4 12 19 0 0 0 0 0 4 12 19 0 0 0 0 2 128 496 22716 4931 23 21 25
343 68 103 82 21 36 35 1103 48 4 70 0 21 19.5 NA 19.5 NA 8 48 0 3 14 19 0 0 0 0 0 3 14 19 0 0 0 0 1 137 499 22787 4930 22 23 25
344 86 100 80 20 36 34 1101 52 7 67 0 20.5 17 NA 17 NA 9 52 1 4 12 19 0 0 0 0 1 4 12 19 0 0 0 0 1 145 502 22859 4933 21 22 24
345 69 105 82 23 40 33 1136 45 6 71 0 20 17 NA 17 NA 5 45 2 7 11 20 0 0 0 0 2 7 11 20 0 0 0 0 2 163 503 22928 4929 23 21 27
346 73 107 79 28 41 29 1147 45 11 71 0 20 17 NA 17 NA 6 45 1 10 11 19 0 0 0 0 1 10 11 19 0 0 0 0 1 134 504 22991 4929 23 22 26
347 69 107 79 28 39 28 1182 45 7 72 0 20 17 NA 17 NA 9 45 1 9 11 18 0 0 0 0 1 9 11 18 0 0 0 0 0 159 507 23049 4928 25 21 26
348 82 108 82 26 40 28 1169 53 9 73 0 20.5 17 NA 17 NA 9 53 2 9 10 19 0 0 0 0 2 9 10 19 0 0 0 0 1 129 508 23117 4927 25 20 28
349 80 106 80 26 38 29 1161 61 3 72 0 20 17 NA 17 NA 5 61 2 8 8 20 0 0 0 0 2 8 8 20 0 0 0 0 1 147 509 23189 4928 26 19 27
350 83 109 81 28 39 25 1172 45 6 72 0 19 17 NA 17 NA 4 45 2 8 8 21 0 0 0 0 2 8 8 21 0 0 0 0 2 139 510 23237 4928 26 18 28
351 80 107 78 29 38 27 1182 58 1 74 0 19 17 NA 17 NA 4 58 1 8 9 20 0 0 0 0 1 8 9 20 0 0 0 0 1 157 510 23309 4926 27 21 26
352 92 111 82 29 40 25 1182 53 8 76 0 19 17 NA 17 NA 6 53 1 8 11 20 0 0 0 0 1 8 11 20 0 0 0 0 3 156 512 23382 4924 27 21 28
353 74 110 80 30 38 20 1198 56 7 75 0 20 17 NA 17 NA 3 56 1 7 10 20 0 0 0 0 1 7 10 20 0 0 0 0 1 141 513 23430 4925 26 20 29
354 72 113 83 30 39 26 1208 50 3 76 0 20 17 NA 17 NA 10 50 1 6 10 22 0 0 0 0 1 6 10 22 0 0 0 0 1 141 513 23489 4924 26 18 32
355 84 108 78 30 37 23 1206 53 6 73 0 20 16 NA 16 NA 4 53 2 6 9 20 0 0 0 0 2 6 9 20 0 0 0 0 1 136 514 23558 4927 27 16 30
356 72 109 79 30 38 28 1197 57 4 74 0 21 16 NA 16 NA 8 57 2 7 9 20 0 0 0 0 2 7 9 20 0 0 0 0 1 147 515 23633 4926 27 16 31
357 82 112 82 30 41 29 1215 53 5 79 0 21.5 17 NA 17 NA 6 53 2 7 10 22 0 0 0 0 2 7 10 22 0 0 0 0 3 162 515 23706 4921 28 18 33
358 68 114 82 32 40 31 1211 55 5 82 0 22 17 NA 17 NA 8 55 2 6 11 21 0 0 0 0 2 6 11 21 0 0 0 0 3 134 515 23776 4918 30 20 32
359 75 112 80 32 41 32 1187 59 3 81 0 22.5 17 NA 17 NA 3 59 2 6 12 21 0 0 0 0 2 6 12 21 0 0 0 0 0 138 515 23857 4919 28 22 31
360 83 113 81 32 44 32 1196 62 5 81 0 21 17 NA 17 NA 5 62 0 9 12 23 0 0 0 0 0 9 12 23 0 0 0 0 3 149 516 23920 4919 28 22 31
