1 58 2 2 0 0 0 197 12 0 0 0 0 NA NA NA 0 12
2 71 5 4 1 0 0 344 16 0 0 0 0 NA NA NA 2 16
3 52 7 5 2 0 0 490 22 0 0 0 1 NA NA NA 2 22
4 57 10 7 3 0 0 606 30 0 0 0 1.5 NA NA NA 3 30
5 50 15 11 4 0 0 759 42 0 0 0 1 NA NA NA 3 42
6 62 16 12 4 0 0 889 42 0 0 0 2 NA NA NA 3 42
7 60 17 13 4 0 0 995 39 0 0 0 3 NA NA NA 2 39
8 80 20 16 4 0 0 1087 48 0 0 0 3 NA NA NA 4 48
9 60 23 17 6 0 0 1159 58 0 0 0 4 NA NA NA 7 58
10 56 23 17 6 0 0 1250 66 0 0 0 5 NA NA NA 10 66
11 53 23 18 5 0 0 1294 73 0 0 0 6 NA NA NA 6 73
12 62 25 18 7 0 0 1354 72 0 0 0 6 NA NA NA 5 72
13 228 30 19 11 0 0 1371 59 0 2 0 6 NA NA NA 8 59
14 52 31 20 11 0 0 1419 77 0 4 0 7 NA NA NA 7 77
15 63 32 20 12 0 0 1476 73 2 6 0 7.5 NA NA NA 9 73
16 69 32 20 12 0 0 1515 71 3 9 0 8.5 NA NA NA 11 71
17 54 34 22 12 0 0 1542 79 3 11 0 9 NA NA NA 9 79
18 70 38 26 12 0 0 1591 77 3 12 0 8 NA NA NA 8 77
19 56 44 32 12 1 0 1641 70 4 15 0 6.5 16 NA 16 14 70
20 67 43 31 12 1 0 1673 76 5 18 0 8 16 NA 16 14 76
21 74 47 35 12 1 0 1690 80 5 19 0 8 16 NA 16 6 80
22 73 50 38 12 2 0 1696 82 5 19 0 9 15 NA 15 8 82
23 62 52 39 13 2 0 1700 92 5 20 0 10 15 NA 15 17 92
24 54 53 40 13 2 0 1723 90 5 22 0 11 15 NA 15 17 90
25 152 55 44 11 2 0 1699 78 5 27 0 11 15 NA 15 9 78
26 67 56 46 10 2 0 1708 77 5 28 0 10.5 15 NA 15 11 77
27 61 56 46 10 3 0 1737 74 6 28 0 11.5 16 NA 16 11 74
28 70 58 46 12 3 0 1733 83 6 28 0 11 16 NA 16 15 83
29 68 59 47 12 3 0 1748 93 7 30 0 12 16 NA 16 16 93
30 67 60 48 12 3 0 1766 90 8 34 0 12.5 16 NA 16 8 90
31 57 61 48 13 3 0 1776 85 8 39 0 13 16 NA 16 19 85
32 39 62 49 13 3 0 1767 108 7 39 0 14 16 NA 16 20 108
33 64 66 53 13 3 0 1767 91 8 43 0 14.5 16 NA 16 16 91
34 59 66 53 13 3 0 1768 92 10 46 0 15.5 16 NA 16 23 92
35 69 65 52 13 3 0 1752 94 8 46 0 17 16 NA 16 15 94
36 65 65 52 13 4 0 1792 75 8 44 0 17 15.5 NA 15.5 12 75
37 150 65 53 12 4 0 1769 98 8 45 0 18 17.5 NA 17.5 14 98
38 74 70 58 12 4 0 1756 95 9 46 0 17 17.5 NA 17.5 14 95
39 71 71 59 12 5 0 1772 83 10 45 0 18 16 NA 16 13 83
40 70 73 60 13 5 0 1768 97 9 47 0 18 16 NA 16 17 97
41 61 76 61 15 7 0 1796 70 11 46 0 17 19 NA 19 12 70
42 72 75 60 15 7 0 1793 97 11 44 0 17 19 NA 19 11 97
43 59 78 63 15 7 0 1801 94 12 45 0 17 19 NA 19 13 94
44 62 81 65 16 7 0 1823 101 12 46 0 16 19 NA 19 17 101
45 59 84 68 16 8 0 1837 88 13 50 0 16 17.5 NA 17.5 16 88
46 76 82 65 17 8 0 1830 100 14 47 0 15.5 17.5 NA 17.5 11 100
47 59 85 67 18 8 0 1832 101 14 48 0 15 17.5 NA 17.5 14 101
48 68 85 68 17 9 0 1840 81 15 49 0 16 19 NA 19 8 81
49 140 85 69 16 10 0 1819 85 17 53 0 17 23 NA 23 16 85
50 73 90 72 18 10 0 1815 86 17 59 0 17 23 NA 23 12 86
51 66 88 70 18 11 0 1825 83 18 58 0 18 27 NA 27 12 83
52 71 87 68 19 11 0 1834 90 18 59 0 19 27 NA 27 18 90
53 67 90 71 19 15 0 1832 85 22 61 0 18.5 27 NA 27 13 85
54 61 92 74 18 15 0 1844 88 23 62 0 17.5 20 NA 20 21 88
55 71 95 77 18 16 0 1870 89 24 63 0 17 19.5 NA 19.5 14 89
56 80 94 76 18 17 0 1864 109 24 64 0 18 20 NA 20 18 109
57 71 94 75 19 16 0 1868 92 23 66 0 19 19.5 NA 19.5 17 92
58 72 95 75 20 17 0 1874 94 27 65 0 19 20 NA 20 18 94
59 69 99 80 19 16 0 1852 95 25 66 0 19 19.5 NA 19.5 19 95
60 82 99 80 19 16 0 1853 84 25 67 0 20 19.5 NA 19.5 9 84
61 124 100 80 20 16 0 1830 87 25 66 0 20.5 19.5 NA 19.5 10 87
62 80 99 79 20 16 0 1842 82 25 69 0 20 17.5 NA 17.5 13 82
63 67 100 80 20 15 0 1822 96 24 69 0 20.5 19 NA 19 21 96
64 63 100 83 17 15 0 1817 94 25 68 0 21 19 NA 19 17 94
65 76 99 80 19 15 0 1825 75 26 67 0 21 19 NA 19 14 75
66 57 96 78 18 19 0 1831 87 33 68 0 21.5 19 NA 19 24 87
67 69 95 76 19 17 0 1839 85 32 71 0 22 20 NA 20 16 85
68 82 95 73 22 15 0 1828 86 30 66 0 20 16 NA 16 12 86
69 58 98 75 23 15 0 1825 100 29 67 0 19 16 NA 16 16 100
70 65 97 74 23 14 0 1831 95 28 68 0 20 16 NA 16 15 95
71 60 98 74 24 13 0 1817 102 27 70 0 20.5 16 NA 16 17 102
72 75 100 76 24 13 0 1820 77 28 70 0 20.5 16 NA 16 8 77
73 109 100 74 26 14 0 1803 88 29 72 0 21.5 22 NA 22 14 88
74 76 101 74 27 14 0 1826 75 29 74 0 21 22 NA 22 11 75
75 82 103 77 26 12 0 1822 100 27 72 0 20 22 NA 22 10 100
76 66 101 76 25 12 0 1819 95 26 72 0 21 22 NA 22 20 95
77 71 102 77 25 12 0 1814 89 26 74 0 22 22 NA 22 12 89
78 58 103 77 26 14 0 1834 80 28 72 0 21 23.5 NA 23.5 15 80
79 79 102 76 26 12 0 1833 81 25 69 0 20.5 22 NA 22 14 81
80 84 101 76 25 13 0 1843 70 24 73 0 22 28 NA 28 12 70
81 78 99 74 25 15 0 1857 83 25 74 0 22 28 NA 28 21 83
82 61 98 74 24 14 0 1861 95 25 72 0 23 30 NA 30 15 95
83 66 95 70 25 16 0 1906 68 27 69 0 22 30.5 NA 30.5 17 68
84 59 94 69 25 16 0 1913 93 27 69 0 23 30.5 NA 30.5 24 93
85 104 95 71 24 16 0 1883 103 27 68 0 23 33 NA 33 18 103
86 70 96 73 23 16 0 1898 89 26 69 0 22.5 33 NA 33 14 89
87 78 99 76 23 16 0 1899 92 28 75 0 23 33 NA 33 14 92
88 80 101 79 22 16 0 1918 94 28 75 0 23 33 NA 33 20 94
89 57 98 77 21 15 0 1923 88 28 73 0 24 34 NA 34 10 88
90 62 101 79 22 15 0 1912 100 29 74 0 23 33 NA 33 15 100
91 76 105 81 24 15 0 1937 77 30 77 0 23 33 NA 33 19 77
92 66 100 76 24 16 0 1929 97 31 72 0 23 33.5 NA 33.5 16 97
93 67 100 77 23 14 0 1911 97 29 68 0 20.5 33.5 NA 33.5 15 97
94 62 103 79 24 14 0 1910 90 30 69 0 20 33.5 NA 33.5 15 90
95 80 103 79 24 14 0 1903 90 31 68 0 20 33.5 NA 33.5 17 90
96 73 106 82 24 15 0 1894 74 32 69 0 21 34 NA 34 8 74
97 109 104 80 24 15 0 1866 103 31 67 0 21.5 34 NA 34 22 103
98 69 102 78 24 16 0 1867 87 32 66 0 21 33.5 NA 33.5 11 87
99 69 103 77 26 16 0 1869 91 33 67 0 21 33.5 NA 33.5 18 91
100 93 101 76 25 16 0 1857 91 34 69 0 21 33.5 NA 33.5 20 91
101 71 102 74 28 16 0 1872 83 35 69 0 22 32.5 NA 32.5 11 83
102 62 101 73 28 16 0 1875 94 32 72 0 21 32 NA 32 12 94
103 62 103 75 28 16 0 1862 94 32 77 0 21 32 NA 32 21 94
104 75 103 76 27 17 0 1870 98 34 76 0 21 32 NA 32 12 98
105 64 103 76 27 17 0 1895 81 33 81 0 21 32 NA 32 15 81
106 57 103 76 27 17 0 1891 89 33 84 0 22 32 NA 32 18 89
107 82 103 76 27 18 0 1875 90 34 82 0 21 32 NA 32 12 90
108 69 103 77 26 19 0 1863 100 35 84 0 21 32 NA 32 18 100
109 110 100 73 27 18 0 1859 78 34 82 0 21.5 32 NA 32 9 78
110 61 103 75 28 17 0 1869 80 32 80 0 22 32 NA 32 10 80
111 73 106 78 28 16 0 1873 90 30 81 0 22 32 NA 32 19 90
112 70 105 77 28 16 0 1877 87 30 81 0 23 32 NA 32 13 87
113 77 109 81 28 18 0 1912 76 31 84 0 23 32.5 NA 32.5 16 76
114 79 105 78 27 16 0 1913 85 28 82 0 24 32.5 NA 32.5 10 85
115 62 104 78 26 15 0 1930 91 27 80 0 24.5 32 NA 32 17 91
116 73 107 79 28 15 0 1929 94 27 80 0 25 32 NA 32 14 94
117 68 108 79 29 15 0 1919 105 27 80 0 26 32 NA 32 20 105
118 71 108 79 29 16 0 1905 96 28 79 0 25 31 NA 31 20 96
119 80 111 81 30 17 0 1849 105 28 80 0 26 29 NA 29 15 105
120 71 115 82 33 18 0 1837 93 29 81 0 26 28.5 NA 28.5 14 93
121 90 113 82 31 18 0 1849 85 30 80 0 27 28.5 NA 28.5 17 85
122 64 113 83 30 17 0 1837 98 29 82 0 26 28 NA 28 17 98
123 60 115 84 31 17 0 1847 81 29 83 0 26 28 NA 28 11 81
124 68 117 85 32 16 0 1844 94 27 83 0 25 27.5 NA 27.5 21 94
125 68 120 87 33 18 0 1858 76 29 86 0 24.5 27.5 NA 27.5 14 76
126 76 122 90 32 18 0 1852 92 29 85 0 25 27.5 NA 27.5 19 92
127 64 122 89 33 18 0 1844 103 31 81 0 24.5 27.5 NA 27.5 20 103
128 80 125 90 35 19 0 1865 76 32 84 0 24 28 NA 28 10 76
129 70 124 89 35 20 0 1878 90 34 83 0 22.5 30 NA 30 25 90
130 77 124 90 34 20 0 1842 116 33 84 0 22.5 32.5 NA 32.5 18 116
131 76 123 89 34 19 0 1831 86 34 84 0 22 33 NA 33 15 86
132 69 128 93 35 20 0 1821 101 35 88 0 22 34 NA 34 23 101
133 91 126 93 33 19 0 1817 95 34 86 0 23 28 NA 28 17 95
134 76 125 94 31 18 0 1830 87 33 87 0 23 27.5 NA 27.5 8 87
135 71 125 95 30 19 0 1843 74 34 90 0 22 27 NA 27 17 74
136 63 126 95 31 20 0 1843 87 34 91 0 23 27.5 NA 27.5 17 87
137 68 127 98 29 21 0 1880 80 35 93 0 21 28 NA 28 17 80
138 65 123 96 27 20 0 1870 90 34 92 0 22 28 NA 28 25 90
139 59 124 98 26 21 0 1885 87 35 95 0 22.5 28 NA 28 16 87
140 73 125 99 26 21 0 1883 95 35 96 0 22 28 NA 28 19 95
141 74 123 97 26 18 0 1889 94 32 95 0 22 27.5 NA 27.5 11 94
142 69 125 97 28 19 0 1875 103 31 93 0 22 27 NA 27 22 103
143 82 123 97 26 20 0 1873 94 32 93 0 23 27.5 NA 27.5 17 94
144 85 117 92 25 19 0 1862 94 31 93 0 23 28 NA 28 11 94
145 96 119 93 26 19 0 1835 86 31 94 0 23 28 NA 28 13 86
146 63 122 97 25 19 0 1826 98 30 95 0 23.5 28 NA 28 17 98
147 82 119 95 24 18 0 1807 94 28 93 0 24 27.5 NA 27.5 18 94
148 86 114 92 22 18 0 1835 81 29 91 0 24 26 NA 26 17 81
149 69 116 93 23 18 0 1847 81 28 94 0 25 26 NA 26 13 81
150 70 117 94 23 21 0 1871 79 31 93 0 26 27 NA 27 25 79
151 91 118 96 22 21 0 1845 97 34 94 0 26 27 NA 27 16 97
152 77 112 90 22 19 0 1835 104 32 91 0 27 27 NA 27 18 104
153 62 113 91 22 19 0 1847 89 33 90 0 27 27 NA 27 8 89
154 69 115 94 21 18 0 1862 81 33 94 0 28 27.5 NA 27.5 20 81
155 65 117 97 20 17 0 1872 82 32 92 0 28 28 NA 28 17 82
156 71 115 94 21 18 0 1888 83 34 91 0 29 30 NA 30 13 83
157 101 114 92 22 17 0 1873 87 33 90 0 29.5 32 NA 32 18 87
158 86 118 95 23 18 0 1853 105 34 90 0 27.5 32.5 NA 32.5 19 105
159 77 112 90 22 20 0 1860 93 37 84 0 27 32.5 NA 32.5 12 93
160 86 108 86 22 20 0 1837 90 37 81 0 28 32.5 NA 32.5 20 90
161 69 110 86 24 20 0 1838 88 37 81 0 28 32.5 NA 32.5 20 88
162 96 108 86 22 18 0 1839 87 34 79 0 28 32.5 NA 32.5 21 87
163 74 106 84 22 18 0 1842 96 34 80 0 28 32.5 NA 32.5 16 96
164 77 103 82 21 17 0 1842 94 34 76 0 28 32 NA 32 20 94
165 75 104 82 22 17 0 1824 97 34 77 0 28 28 NA 28 13 97
166 81 101 79 22 16 0 1836 79 33 76 0 27 24.5 NA 24.5 14 79
167 77 96 76 20 18 0 1843 90 35 75 0 26.5 30 NA 30 11 90
168 74 96 75 21 18 0 1865 83 35 74 0 26 30 NA 30 11 83
169 82 96 74 22 17 0 1856 89 36 73 0 27 28 NA 28 20 89
170 80 94 72 22 17 0 1855 100 35 75 0 28 28 NA 28 15 100
171 82 94 71 23 19 0 1876 77 37 73 0 29 28 NA 28 17 77
172 71 89 67 22 17 0 1855 96 35 68 0 30 32 NA 32 14 96
173 76 88 67 21 17 0 1847 87 35 70 0 31 32 NA 32 8 87
174 59 85 64 21 15 0 1874 79 32 69 0 29 28 NA 28 15 79
175 80 87 65 22 15 0 1878 96 31 68 0 29 28 NA 28 17 96
176 73 88 66 22 16 0 1862 107 34 68 0 28 30.5 NA 30.5 24 107
177 75 91 69 22 16 0 1862 82 34 70 0 26 30.5 NA 30.5 11 82
178 64 94 70 24 17 0 1859 89 36 71 0 26.5 33 NA 33 18 89
179 86 97 72 25 18 0 1882 76 35 70 0 25 33.5 NA 33.5 12 76
180 73 94 69 25 17 0 1867 88 35 68 0 25.5 34 NA 34 14 88
181 78 93 69 24 18 0 1869 82 34 68 0 27 33.5 NA 33.5 15 82
182 72 92 69 23 18 0 1872 98 34 67 0 28.5 33.5 NA 33.5 13 98
183 76 93 70 23 18 0 1881 75 34 66 0 28 33.5 NA 33.5 14 75
184 89 89 67 22 19 0 1858 110 35 63 0 28 33 NA 33 19 110
185 78 86 65 21 19 0 1852 79 36 59 0 24 33 NA 33 17 79
186 82 90 69 21 20 0 1826 99 38 58 0 21.5 33.5 NA 33.5 20 99
187 76 87 67 20 20 0 1840 79 39 59 0 23 33.5 NA 33.5 13 79
188 63 89 66 23 19 0 1847 91 38 61 0 23 34 NA 34 15 91
189 70 88 66 22 18 0 1843 102 37 62 0 23 38 NA 38 17 102
190 76 89 67 22 18 0 1821 96 36 64 0 23 38 NA 38 16 96
191 84 92 68 24 18 0 1817 106 36 69 0 22.5 38 NA 38 21 106
192 68 91 67 24 17 0 1834 95 35 67 0 22 31 NA 31 18 95
193 110 92 69 23 17 0 1821 97 35 65 0 20.5 34 NA 34 16 97
194 76 92 69 23 17 0 1840 75 35 63 0 19.5 31 NA 31 13 75
195 78 98 73 25 16 0 1834 83 34 66 0 19 32.5 NA 32.5 15 83
196 59 97 71 26 16 0 1815 104 34 65 0 20 30.5 NA 30.5 22 104
197 68 97 71 26 15 0 1811 105 33 65 0 20 31 NA 31 15 105
198 78 97 72 25 15 0 1801 82 32 68 0 21 31 NA 31 13 82
199 77 99 75 24 14 0 1790 109 31 66 0 21 30.5 NA 30.5 20 109
200 78 98 75 23 15 0 1819 75 32 68 0 21.5 31 NA 31 6 75
201 74 102 80 22 13 0 1831 90 30 68 0 21.5 31 NA 31 14 90
202 84 103 82 21 11 0 1819 108 28 65 0 19 34 NA 34 21 108
203 70 102 81 21 11 0 1830 68 28 64 0 17.5 34 NA 34 9 68
204 84 104 83 21 11 0 1808 99 28 65 0 18 34 NA 34 10 99
205 97 105 85 20 12 0 1811 89 29 68 0 19 33 NA 33 22 89
206 74 105 84 21 11 0 1800 83 27 68 0 18 34 NA 34 15 83
207 79 105 84 21 12 0 1785 85 27 73 0 19 38 NA 38 7 85
208 70 102 82 20 12 0 1794 97 26 69 0 19.5 37 NA 37 15 97
209 75 98 78 20 12 0 1825 85 26 67 0 20 31.5 NA 31.5 13 85
210 86 101 81 20 12 0 1811 81 26 67 0 19 31.5 NA 31.5 13 81
211 69 102 82 20 12 0 1833 95 27 68 0 19.5 31.5 NA 31.5 20 95
212 70 104 84 20 12 0 1871 84 28 68 0 19.5 31.5 NA 31.5 15 84
213 64 102 82 20 10 0 1877 86 26 71 0 20 28.5 NA 28.5 9 86
214 71 101 80 21 8 0 1873 78 24 72 0 20 22 NA 22 10 78
215 74 100 79 21 8 0 1871 88 24 75 0 21.5 22 NA 22 21 88
216 86 97 77 20 8 0 1876 88 25 76 0 22 22 NA 22 17 88
217 80 92 72 20 9 0 1853 88 26 76 0 22.5 18 NA 18 17 88
218 75 92 73 19 10 0 1827 94 28 75 0 23 22 NA 22 21 94
219 80 91 73 18 10 0 1811 84 27 74 0 24 22 NA 22 15 84
220 68 90 72 18 10 0 1824 77 27 73 0 23 22 NA 22 11 77
221 88 93 75 18 11 0 1836 89 30 72 0 22 26 NA 26 22 89
222 89 90 72 18 12 0 1819 99 31 73 0 23 26 NA 26 23 99
223 70 91 72 19 13 0 1806 102 32 73 0 22 26 NA 26 14 102
224 79 91 74 17 13 0 1809 87 34 74 0 23 29 NA 29 16 87
225 69 95 76 19 14 0 1813 75 36 74 0 24 30 NA 30 15 75
226 75 92 74 18 15 0 1820 86 38 74 0 24.5 31 NA 31 16 86
227 70 93 75 18 15 0 1833 79 39 74 0 25 31 NA 31 15 79
228 80 94 75 19 15 0 1824 75 38 71 0 25.5 31 NA 31 18 75
229 79 93 74 19 15 0 1821 92 39 68 0 27 31 NA 31 11 92
230 87 93 75 18 16 0 1816 85 39 69 0 27 34 NA 34 19 85
231 87 94 77 17 18 0 1835 79 41 71 0 28 32 NA 32 12 79
232 82 90 73 17 15 0 1835 87 36 65 0 28 32 NA 32 10 87
233 74 91 73 18 16 0 1838 89 36 66 0 28 32 NA 32 14 89
234 68 91 74 17 15 0 1875 80 36 63 0 28 37 NA 37 14 80
235 88 89 73 16 13 0 1843 99 34 61 0 28 32 NA 32 14 99
236 85 90 74 16 13 0 1872 72 34 61 0 24 32 NA 32 10 72
237 94 96 79 17 12 0 1869 94 33 63 0 21 34.5 NA 34.5 15 94
238 63 98 81 17 12 0 1894 67 32 63 0 20 34.5 NA 34.5 10 67
239 69 99 81 18 11 0 1899 81 32 63 0 20 37 NA 37 10 81
240 95 100 83 17 10 0 1872 99 30 62 0 19 38 NA 38 21 99
241 94 100 84 16 11 0 1845 91 33 64 0 20 39 NA 39 19 91
242 74 98 82 16 11 0 1854 87 34 63 0 20 39 NA 39 11 87
243 79 97 81 16 10 0 1861 81 32 61 0 20 42.5 NA 42.5 14 81
244 76 98 82 16 10 0 1855 90 33 61 0 19.5 42.5 NA 42.5 18 90
245 102 93 79 14 9 0 1856 76 32 59 0 20 38 NA 38 11 76
246 74 93 77 16 7 0 1844 93 31 60 0 18 38 NA 38 14 93
247 80 90 73 17 8 0 1850 68 32 60 0 18 50.5 NA 50.5 9 68
248 72 92 75 17 9 0 1883 73 34 62 0 18.5 38 NA 38 9 73
249 89 94 77 17 9 0 1856 101 34 67 0 18 37 NA 37 19 101
250 73 97 80 17 9 0 1871 77 33 68 0 18 37 NA 37 16 77
251 82 97 78 19 8 0 1847 96 32 68 0 18 50 NA 50 19 96
252 78 96 79 17 9 0 1850 88 32 68 0 18 37 NA 37 11 88
253 79 100 83 17 10 0 1851 97 35 69 0 18 33.5 NA 33.5 13 97
254 75 101 85 16 11 0 1846 87 36 68 0 18 37 NA 37 10 87
255 80 102 86 16 10 0 1861 89 34 70 0 19 44 NA 44 16 89
256 70 103 87 16 10 0 1853 98 34 70 0 19 44 NA 44 17 98
257 69 102 86 16 11 0 1873 80 34 67 0 20 37 NA 37 16 80
258 81 100 84 16 10 0 1897 75 33 66 0 20.5 44 NA 44 9 75
259 72 99 83 16 10 0 1920 85 33 67 0 21 44 NA 44 17 85
260 68 101 85 16 12 0 1918 89 35 69 0 21 33 NA 33 20 89
261 72 101 86 15 12 0 1893 117 35 69 0 21 32.5 NA 32.5 16 117
262 81 99 85 14 11 0 1900 88 33 70 0 21 29 NA 29 17 88
263 84 100 85 15 12 0 1914 91 33 70 0 21.5 29 NA 29 20 91
264 74 100 83 17 12 0 1904 84 32 70 0 21 29 NA 29 12 84
265 82 97 79 18 13 0 1907 90 33 70 0 19 28 NA 28 16 90
266 66 96 78 18 13 0 1894 87 33 72 0 20 28 NA 28 15 87
267 71 94 78 16 13 0 1873 100 33 70 0 21 28 NA 28 18 100
268 72 94 78 16 12 0 1865 93 31 72 0 21.5 27.5 NA 27.5 16 93
269 70 97 81 16 12 0 1873 85 29 74 0 21 27.5 NA 27.5 10 85
270 84 95 79 16 11 0 1849 102 27 74 0 22 27 NA 27 18 102
271 76 96 79 17 12 0 1837 102 27 74 0 23 27.5 NA 27.5 20 102
272 86 95 78 17 10 0 1832 98 25 75 0 24 26.5 NA 26.5 19 98
273 82 95 77 18 11 0 1831 84 27 76 0 24 27 NA 27 15 84
274 74 94 76 18 12 0 1830 78 27 74 0 25 27.5 NA 27.5 19 78
275 74 94 76 18 11 0 1789 107 26 75 0 26 27 NA 27 14 107
276 65 95 77 18 10 0 1790 81 25 77 0 26 26.5 NA 26.5 13 81
277 77 93 75 18 12 0 1784 79 25 77 0 27 27 NA 27 19 79
278 81 92 75 17 11 0 1782 93 24 74 0 26 27 NA 27 9 93
279 75 97 79 18 12 0 1802 86 25 74 0 26 29 NA 29 13 86
280 78 95 77 18 12 0 1829 75 25 74 0 27 29 NA 29 15 75
281 85 96 78 18 10 0 1822 87 23 76 0 27 27 NA 27 13 87
282 79 92 74 18 9 0 1853 79 22 72 0 26.5 27 NA 27 18 79
283 78 91 73 18 8 0 1857 97 22 69 0 27 29 NA 29 14 97
284 75 88 72 16 7 0 1852 87 20 66 0 27 27 NA 27 11 87
285 63 84 68 16 7 0 1877 82 20 63 0 26 27 NA 27 23 82
286 75 84 68 16 7 0 1861 95 20 63 0 26 27 NA 27 9 95
287 87 84 68 16 8 0 1836 97 22 63 0 26.5 28.5 NA 28.5 20 97
288 101 79 66 13 9 0 1815 91 23 59 0 24 30 NA 30 18 91
289 96 84 71 13 9 0 1832 79 24 59 0 24.5 30 NA 30 10 79
290 80 85 72 13 9 0 1824 95 25 59 0 22 30 NA 30 15 95
291 85 85 71 14 9 0 1837 78 25 62 0 23 27 NA 27 18 78
292 76 86 71 15 9 0 1853 73 25 63 0 23.5 27 NA 27 14 73
293 77 84 69 15 9 0 1858 86 26 62 0 24 30 NA 30 12 86
294 65 86 71 15 11 0 1851 100 28 63 0 25 31 NA 31 13 100
295 79 85 69 16 10 0 1846 79 27 61 0 23 30.5 NA 30.5 16 79
296 74 89 73 16 10 0 1828 99 29 62 0 22 30.5 NA 30.5 18 99
297 65 88 72 16 9 0 1828 90 28 61 0 21.5 30 NA 30 18 90
298 78 89 73 16 9 0 1832 85 28 63 0 22 30 NA 30 17 85
299 82 93 77 16 10 0 1825 98 28 63 0 21 30.5 NA 30.5 19 98
300 76 95 78 17 10 0 1819 83 27 63 0 21 30.5 NA 30.5 11 83
301 81 98 81 17 11 0 1804 85 27 65 0 22 30 NA 30 23 85
302 73 99 82 17 11 0 1818 96 27 67 0 21 31 NA 31 19 96
303 77 98 79 19 13 0 1833 86 29 68 0 21 30 NA 30 20 86
304 85 97 78 19 13 0 1821 94 30 70 0 22 30 NA 30 16 94
305 66 97 78 19 13 0 1836 81 32 70 0 23 30 NA 30 14 81
306 70 98 79 19 13 0 1846 88 32 71 0 24 30 NA 30 13 88
307 73 101 82 19 13 0 1841 98 32 73 0 24 30 NA 30 12 98
308 65 102 84 18 12 0 1838 101 32 74 0 23.5 29.5 NA 29.5 26 101
309 80 104 85 19 13 0 1862 91 33 74 0 23 30 NA 30 17 91
310 88 102 84 18 12 0 1877 78 32 73 0 23.5 29.5 NA 29.5 16 78
311 77 104 86 18 15 0 1871 79 33 77 0 23.5 30 NA 30 20 79
312 70 102 83 19 15 0 1862 98 33 77 0 23 30 NA 30 17 98
313 82 102 85 17 15 0 1845 80 32 77 0 23.5 30 NA 30 14 80
314 74 101 84 17 16 0 1855 85 32 76 0 24 30.5 NA 30.5 14 85
315 68 101 85 16 17 0 1845 97 33 75 0 23 31 NA 31 20 97
316 66 102 86 16 17 0 1855 87 33 73 0 21.5 30 NA 30 13 87
317 80 103 87 16 17 0 1839 105 34 73 0 22 30 NA 30 19 105
318 70 103 87 16 17 0 1842 77 34 74 0 23 30 NA 30 10 77
319 65 101 86 15 18 0 1840 86 35 75 0 24 29.5 NA 29.5 12 86
320 77 95 83 12 16 0 1850 82 33 73 0 24 30.5 NA 30.5 12 82
321 86 89 79 10 15 0 1842 92 32 69 0 25 32 NA 32 16 92
322 78 91 80 11 14 0 1845 94 32 69 0 25 31.5 NA 31.5 19 94
323 80 91 80 11 13 0 1860 94 30 66 0 24 32 NA 32 11 94
324 73 94 81 13 13 0 1860 81 30 67 0 25 32 NA 32 16 81
325 77 93 79 14 13 0 1848 91 31 68 0 25 32 NA 32 20 91
326 88 93 79 14 13 0 1848 82 31 71 0 26 32 NA 32 7 82
327 85 93 79 14 13 0 1841 83 32 73 0 26 32 NA 32 21 83
328 76 92 78 14 15 0 1825 83 34 74 0 27 32 NA 32 8 83
329 83 93 79 14 15 0 1816 100 34 75 0 28 32 NA 32 21 100
330 101 91 76 15 16 0 1819 91 35 69 0 26 32.5 NA 32.5 13 91
331 75 92 77 15 16 0 1823 91 35 69 0 26 32.5 NA 32.5 17 91
332 75 88 73 15 16 0 1840 88 35 65 0 29 38 NA 38 14 88
333 81 88 73 15 16 0 1854 88 35 64 0 27.5 38 NA 38 14 88
334 75 91 76 15 16 0 1871 81 35 67 0 26 38 NA 38 8 81
335 62 93 78 15 15 0 1880 90 36 69 0 24 43 NA 43 21 90
336 72 91 76 15 15 0 1863 86 36 69 0 25 32 NA 32 13 86
337 68 93 77 16 18 0 1851 98 38 70 0 24 35 NA 35 18 98
338 73 89 73 16 18 0 1866 82 38 67 0 25 35 NA 35 18 82
339 76 86 71 15 17 0 1884 83 37 65 0 26 32 NA 32 9 83
340 61 88 73 15 17 0 1914 69 39 66 0 27 31 NA 31 12 69
341 68 91 76 15 17 0 1907 87 40 68 0 27 31 NA 31 15 87
342 74 93 77 16 17 0 1903 78 40 72 0 28 31 NA 31 7 78
343 82 91 75 16 17 0 1904 95 40 71 0 29 31 NA 31 10 95
344 69 93 77 16 16 0 1882 109 39 69 0 29 31.5 NA 31.5 21 109
345 78 96 76 20 16 0 1911 72 38 68 0 25.5 37.5 NA 37.5 13 72
346 65 98 76 22 16 0 1913 98 38 67 0 24 37.5 NA 37.5 16 98
347 64 98 75 23 15 0 1898 104 37 68 0 24 43 NA 43 17 104
348 80 97 74 23 16 0 1893 92 37 69 0 25 37 NA 37 9 92
349 87 97 73 24 15 0 1894 78 36 68 0 25 31 NA 31 17 78
350 96 100 77 23 15 0 1860 101 37 66 0 22.5 29 NA 29 15 101
351 69 99 76 23 15 0 1865 84 37 61 0 21 29 NA 29 8 84
352 64 98 75 23 14 0 1873 101 36 63 0 22 35.5 NA 35.5 13 101
353 83 96 73 23 13 0 1851 103 35 63 0 21.5 28 NA 28 12 103
354 67 93 70 23 13 0 1868 91 35 62 0 20 28 NA 28 13 91
355 83 90 70 20 12 0 1888 74 34 58 0 20 28 NA 28 9 74
356 67 90 70 20 13 0 1887 80 36 62 0 21 28 NA 28 11 80
357 68 92 70 22 13 0 1864 110 37 66 0 21.5 28 NA 28 19 110
358 85 87 66 21 12 0 1867 83 37 63 0 18 26.5 NA 26.5 7 83
359 66 86 65 21 14 0 1879 88 39 64 0 19 26.5 NA 26.5 14 88
360 70 85 66 19 13 0 1887 92 38 62 0 20 25 NA 25 13 92
