1 61 2 2 0 0 1 200 14 0 0 0 0 NA NA NA NA 1 14 0 0 0 0 0 0 0 0 0 0 0 0 0 0 0 0
2 65 7 6 1 0 3 358 23 0 0 0 0 NA NA NA NA 2 23 0 0 0 0 0 0 0 0 0 0 0 0 0 0 0 0
3 56 7 6 1 0 4 510 23 0 0 0 1 NA NA NA NA 1 23 0 0 0 0 0 0 0 0 0 0 0 0 0 0 0 0
4 62 13 12 1 0 7 638 34 1 0 0 2 NA NA NA NA 4 34 0 0 0 0 0 0 0 0 0 0 0 0 0 0 0 0
5 72 16 15 1 0 9 749 39 1 0 0 1 NA NA NA NA 2 39 0 0 0 0 0 0 0 0 0 0 0 0 0 0 0 0
6 57 16 15 1 0 14 870 35 1 0 0 2 NA NA NA NA 5 35 0 0 0 0 0 0 0 0 0 0 0 0 0 0 0 0
7 58 19 18 1 0 16 980 55 3 0 0 3 NA NA NA NA 4 55 0 0 0 0 0 0 0 0 0 0 0 0 0 0 0 0
8 73 25 23 2 0 20 1076 60 6 0 0 4 NA NA NA NA 7 60 0 0 0 0 0 0 0 0 0 0 0 0 0 0 0 0
9 69 25 23 2 0 23 1162 54 8 0 0 5 NA NA NA NA 6 54 0 0 0 0 0 0 0 0 0 0 0 0 0 0 0 0
10 58 28 26 2 0 27 1227 57 8 0 0 5 NA NA NA NA 5 57 0 0 0 0 0 0 0 0 0 0 0 0 0 0 0 0
11 56 29 25 4 0 36 1285 79 9 0 0 6 NA NA NA NA 10 79 0 0 0 0 0 0 0 0 0 0 0 0 0 0 0 0
12 61 31 26 5 0 41 1373 54 9 0 0 7 NA NA NA NA 5 54 0 0 0 0 0 0 0 0 0 0 0 0 0 0 0 0
13 216 32 27 5 0 44 1386 71 13 2 0 5 NA NA NA NA 7 71 0 0 0 0 0 0 0 0 0 0 0 0 0 0 0 0
14 73 35 30 5 1 52 1400 81 16 7 0 6 6 NA 6 NA 12 81 1 0 0 0 0 0 0 0 1 0 0 0 0 0 0 0
15 63 37 32 5 1 57 1454 76 21 7 0 7 6 NA 6 NA 11 76 1 0 0 0 0 0 0 0 1 0 0 0 0 0 0 0
16 61 39 34 5 1 63 1483 77 27 11 0 8 6 NA 6 NA 13 77 1 0 0 0 0 0 0 0 1 0 0 0 0 0 0 0
17 62 40 36 4 1 69 1513 67 29 13 0 7 6 NA 6 NA 9 67 1 0 0 0 0 0 0 0 1 0 0 0 0 0 0 0
18 66 43 38 5 1 75 1542 73 30 13 0 8 6 NA 6 NA 10 73 1 0 0 0 0 0 0 0 1 0 0 0 0 0 0 0
19 61 42 36 6 1 76 1558 74 32 13 0 8.5 6 NA 6 NA 3 74 1 0 0 0 0 0 0 0 1 0 0 0 0 0 0 0
20 63 42 36 6 1 81 1592 83 32 18 0 9.5 6 NA 6 NA 8 83 0 1 0 0 0 0 0 0 0 1 0 0 0 0 0 0
21 47 46 40 6 2 88 1616 76 35 18 0 9.5 12.5 NA 12.5 NA 10 76 0 2 0 0 0 0 0 0 0 2 0 0 0 0 0 0
22 72 47 40 7 2 93 1647 80 37 21 0 10 12.5 NA 12.5 NA 8 80 0 2 0 0 0 0 0 0 0 2 0 0 0 0 0 0
23 67 47 40 7 2 93 1675 68 38 21 0 10 12.5 NA 12.5 NA 5 68 0 2 0 0 0 0 0 0 0 2 0 0 0 0 0 0
24 65 48 41 7 2 101 1726 64 37 22 0 11 12.5 NA 12.5 NA 8 64 0 2 0 0 0 0 0 0 0 2 0 0 0 0 0 0
25 159 55 48 7 4 98 1681 95 45 25 0 11 19.5 NA 19.5 NA 9 95 0 4 0 0 0 0 0 0 0 4 0 0 0 0 0 0
26 67 54 47 7 6 93 1691 91 56 26 0 10.5 17.5 NA 17.5 NA 7 91 1 4 1 0 0 0 0 0 1 4 1 0 0 0 0 0
27 71 56 49 7 6 101 1701 76 59 25 0 10 17.5 NA 17.5 NA 12 76 1 4 1 0 0 0 0 0 1 4 1 0 0 0 0 0
28 46 58 51 7 8 107 1711 85 64 26 0 10.5 19.5 NA 19.5 NA 12 85 1 5 2 0 0 0 0 0 1 5 2 0 0 0 0 0
29 50 60 53 7 11 107 1736 89 71 28 0 11 20 NA 20 NA 8 89 2 3 6 0 0 0 0 0 2 3 6 0 0 0 0 0
30 56 62 53 9 11 113 1720 93 80 30 0 10 20 NA 20 NA 15 93 2 3 6 0 0 0 0 0 2 3 6 0 0 0 0 0
31 64 65 56 9 12 111 1732 87 87 31 0 10 19.5 NA 19.5 NA 8 87 1 5 6 0 0 0 0 0 1 5 6 0 0 0 0 0
32 65 68 59 9 13 115 1711 92 90 31 0 11 20 NA 20 NA 11 92 1 4 8 0 0 0 0 0 1 4 8 0 0 0 0 0
33 61 74 65 9 14 116 1715 91 99 35 0 10 20 NA 20 NA 12 91 1 4 9 0 0 0 0 0 1 4 9 0 0 0 0 0
34 64 76 67 9 16 117 1720 94 108 35 0 10 20 NA 20 NA 12 94 2 3 11 0 0 0 0 0 2 3 11 0 0 0 0 0
35 56 79 68 11 16 121 1734 89 115 37 0 10 20 NA 20 NA 12 89 2 2 12 0 0 0 0 0 2 2 12 0 0 0 0 0
36 70 80 70 10 17 123 1720 90 119 39 0 11 20 NA 20 NA 9 90 1 3 13 0 0 0 0 0 1 3 13 0 0 0 0 0
37 151 81 71 10 19 122 1717 74 118 46 0 12 20 NA 20 NA 12 74 0 5 14 0 0 0 0 0 0 5 14 0 0 0 0 0
38 67 82 72 10 21 123 1729 60 122 45 0 13 20 NA 20 NA 8 60 1 4 12 4 0 0 0 0 1 4 12 4 0 0 0 0
39 68 80 70 10 23 122 1738 88 128 47 0 14 20 NA 20 NA 6 88 2 4 13 4 0 0 0 0 2 4 13 4 0 0 0 0
40 79 82 72 10 23 117 1736 97 139 48 0 15 20 NA 20 NA 12 97 2 4 11 6 0 0 0 0 2 4 11 6 0 0 0 0
41 62 83 73 10 24 118 1772 71 143 51 0 16 20 NA 20 NA 8 71 2 4 9 9 0 0 0 0 2 4 9 9 0 0 0 0
42 65 86 75 11 25 130 1765 91 148 54 0 15 20 NA 20 NA 20 91 2 5 9 9 0 0 0 0 2 5 9 9 0 0 0 0
43 72 83 73 10 25 131 1763 80 156 53 0 16 20 NA 20 NA 12 80 2 5 9 9 0 0 0 0 2 5 9 9 0 0 0 0
44 61 79 71 8 25 134 1750 104 161 51 0 17 20 NA 20 NA 15 104 2 5 6 12 0 0 0 0 2 5 6 12 0 0 0 0
45 65 79 71 8 25 128 1779 75 163 56 0 18 20 NA 20 NA 6 75 1 7 6 11 0 0 0 0 1 7 6 11 0 0 0 0
46 60 77 69 8 28 134 1804 75 164 57 0 19 20 NA 20 NA 10 75 1 9 5 13 0 0 0 0 1 9 5 13 0 0 0 0
47 76 80 72 8 30 139 1801 78 167 58 0 19 20.5 NA 20.5 NA 13 78 1 9 5 15 0 0 0 0 1 9 5 15 0 0 0 0
48 70 81 73 8 29 144 1798 84 169 59 0 19 21 NA 21 NA 11 84 1 7 6 15 0 0 0 0 1 7 6 15 0 0 0 0
49 113 78 70 8 30 139 1769 71 175 59 0 20.5 21 NA 21 NA 13 71 1 6 8 15 0 0 0 0 1 6 8 15 0 0 0 0
50 75 79 69 10 32 152 1755 108 175 61 0 21 23 NA 23 NA 20 108 0 7 10 15 0 0 0 0 0 7 10 15 0 0 0 0
51 65 82 71 11 34 154 1750 98 180 61 0 21.5 23 NA 23 NA 12 98 0 7 12 15 0 0 0 0 0 7 12 15 0 0 0 0
52 57 79 69 10 36 146 1760 74 191 63 0 22 23.5 NA 23.5 NA 7 74 0 7 14 15 0 0 0 0 0 7 14 15 0 0 0 0
53 66 80 69 11 37 145 1784 86 197 63 0 22 23 NA 23 NA 10 86 0 8 14 15 0 0 0 0 0 8 14 15 0 0 0 0
54 62 79 68 11 36 141 1802 76 200 62 0 22 23.5 NA 23.5 NA 5 76 0 8 14 14 0 0 0 0 0 8 14 14 0 0 0 0
55 77 78 66 12 35 149 1801 84 199 60 0 23.5 24 NA 24 NA 15 84 0 6 15 14 0 0 0 0 0 6 15 14 0 0 0 0
56 68 79 67 12 35 156 1798 82 199 60 0 23 24 NA 24 NA 15 82 0 6 16 13 0 0 0 0 0 6 16 13 0 0 0 0
57 61 82 69 13 37 155 1799 84 206 61 0 24 24 NA 24 NA 9 84 0 5 17 15 0 0 0 0 0 5 17 15 0 0 0 0
58 57 82 69 13 36 156 1785 87 210 59 0 24 24.5 NA 24.5 NA 11 87 0 6 15 15 0 0 0 0 0 6 15 15 0 0 0 0
59 62 82 67 15 35 157 1782 88 213 59 0 23 24 NA 24 NA 11 88 0 7 14 14 0 0 0 0 0 7 14 14 0 0 0 0
60 81 87 72 15 35 163 1741 108 219 62 0 23 24 NA 24 NA 14 108 0 5 15 15 0 0 0 0 0 5 15 15 0 0 0 0
61 128 87 73 14 31 156 1734 73 222 57 0 23 21 NA 21 NA 7 73 0 5 7 19 0 0 0 0 0 5 7 19 0 0 0 0
62 83 88 74 14 32 155 1734 76 226 58 0 23 22.5 NA 22.5 NA 8 76 0 3 9 20 0 0 0 0 0 3 9 20 0 0 0 0
63 61 89 74 15 33 152 1749 78 233 60 0 23 24 NA 24 NA 13 78 0 3 8 22 0 0 0 0 0 3 8 22 0 0 0 0
64 77 92 76 16 33 151 1761 88 235 58 0 21 24 NA 24 NA 9 88 0 2 8 23 0 0 0 0 0 2 8 23 0 0 0 0
65 62 93 76 17 34 144 1763 89 241 58 0 18 24.5 NA 24.5 NA 5 89 0 3 7 24 0 0 0 0 0 3 7 24 0 0 0 0
66 64 94 77 17 34 141 1782 75 241 58 0 18.5 25 NA 25 NA 7 75 0 2 9 23 0 0 0 0 0 2 9 23 0 0 0 0
67 65 94 77 17 34 139 1781 86 244 59 0 19.5 25 NA 25 NA 8 86 0 2 9 23 0 0 0 0 0 2 9 23 0 0 0 0
68 82 95 78 17 32 138 1776 75 245 58 0 18 25 NA 25 NA 7 75 0 1 8 23 0 0 0 0 0 1 8 23 0 0 0 0
69 67 92 75 17 27 145 1809 76 240 56 0 17 25 NA 25 NA 12 76 0 1 6 20 0 0 0 0 0 1 6 20 0 0 0 0
70 58 92 75 17 27 143 1820 66 242 57 0 17 25 NA 25 NA 10 66 0 1 5 21 0 0 0 0 0 1 5 21 0 0 0 0
71 74 95 78 17 25 149 1814 84 239 58 0 16 25 NA 25 NA 12 84 0 0 6 19 0 0 0 0 0 0 6 19 0 0 0 0
72 80 95 77 18 25 147 1793 93 242 61 0 16 24 NA 24 NA 10 93 0 2 5 18 0 0 0 0 0 2 5 18 0 0 0 0
73 119 93 76 17 27 142 1768 86 243 63 0 16 22 NA 22 NA 10 86 0 5 5 17 0 0 0 0 0 5 5 17 0 0 0 0
74 70 93 75 18 29 138 1769 81 247 64 0 17 22 NA 22 NA 6 81 0 6 5 18 0 0 0 0 0 6 5 18 0 0 0 0
75 74 94 76 18 28 142 1781 83 245 65 0 17.5 21.5 NA 21.5 NA 11 83 0 4 7 17 0 0 0 0 0 4 7 17 0 0 0 0
76 74 95 77 18 30 135 1769 98 256 69 0 18 20.5 NA 20.5 NA 11 98 0 6 6 18 0 0 0 0 0 6 6 18 0 0 0 0
77 75 97 79 18 32 131 1782 74 261 70 0 18 20 NA 20 NA 3 74 1 6 7 18 0 0 0 0 1 6 7 18 0 0 0 0
78 73 98 79 19 31 139 1783 81 261 72 0 19 20 NA 20 NA 13 81 1 6 6 18 0 0 0 0 1 6 6 18 0 0 0 0
79 63 100 80 20 31 145 1789 78 263 70 0 19 20 NA 20 NA 14 78 1 6 7 17 0 0 0 0 1 6 7 17 0 0 0 0
80 80 98 80 18 29 145 1775 84 263 70 0 20 20 NA 20 NA 7 84 1 4 7 17 0 0 0 0 1 4 7 17 0 0 0 0
81 73 100 82 18 29 148 1778 86 267 72 0 20.5 20 NA 20 NA 9 86 1 4 7 17 0 0 0 0 1 4 7 17 0 0 0 0
82 64 99 81 18 29 152 1778 80 269 70 0 21 20 NA 20 NA 13 80 1 4 7 17 0 0 0 0 1 4 7 17 0 0 0 0
83 54 97 79 18 30 149 1771 93 278 74 0 22 22.5 NA 22.5 NA 10 93 0 4 9 17 0 0 0 0 0 4 9 17 0 0 0 0
84 85 96 79 17 32 135 1762 82 286 73 0 23 24 NA 24 NA 3 82 0 3 11 18 0 0 0 0 0 3 11 18 0 0 0 0
85 122 96 80 16 31 139 1764 68 280 70 0 22.5 24 NA 24 NA 8 68 0 3 12 16 0 0 0 0 0 3 12 16 0 0 0 0
86 83 93 78 15 30 137 1782 65 277 68 0 24 24 NA 24 NA 6 65 0 3 11 16 0 0 0 0 0 3 11 16 0 0 0 0
87 79 93 78 15 28 138 1769 92 269 67 0 23 24 NA 24 NA 5 92 0 2 9 17 0 0 0 0 0 2 9 17 0 0 0 0
88 76 95 80 15 27 135 1790 80 276 67 0 23 24 NA 24 NA 10 80 0 1 11 15 0 0 0 0 0 1 11 15 0 0 0 0
89 76 96 79 17 26 138 1781 80 278 69 0 23 24 NA 24 NA 12 80 0 1 10 15 0 0 0 0 0 1 10 15 0 0 0 0
90 62 94 78 16 25 140 1804 78 275 69 0 23 24 NA 24 NA 10 78 0 2 9 14 0 0 0 0 0 2 9 14 0 0 0 0
91 70 94 78 16 25 136 1803 87 276 69 0 22.5 24 NA 24 NA 5 87 0 2 9 14 0 0 0 0 0 2 9 14 0 0 0 0
92 79 97 81 16 26 136 1812 75 278 71 0 22 22.5 NA 22.5 NA 9 75 1 2 9 14 0 0 0 0 1 2 9 14 0 0 0 0
93 77 97 80 17 26 138 1782 98 281 72 0 22 22.5 NA 22.5 NA 11 98 1 3 7 15 0 0 0 0 1 3 7 15 0 0 0 0
94 76 95 78 17 23 146 1788 77 277 70 0 23 21 NA 21 NA 13 77 1 3 6 13 0 0 0 0 1 3 6 13 0 0 0 0
95 79 96 80 16 23 148 1773 94 272 68 0 23.5 21 NA 21 NA 9 94 1 1 7 14 0 0 0 0 1 1 7 14 0 0 0 0
96 63 96 78 18 25 155 1760 89 275 69 0 24.5 20 NA 20 NA 14 89 1 3 4 17 0 0 0 0 1 3 4 17 0 0 0 0
97 99 96 78 18 25 161 1746 96 275 72 0 25 20 NA 20 NA 17 96 1 4 4 16 0 0 0 0 1 4 4 16 0 0 0 0
98 72 98 80 18 30 153 1755 89 286 72 0 26 20.5 NA 20.5 NA 8 89 3 4 5 18 0 0 0 0 3 4 5 18 0 0 0 0
99 74 97 78 19 33 147 1747 72 293 73 0 25 21 NA 21 NA 6 72 2 6 7 18 0 0 0 0 2 6 7 18 0 0 0 0
100 53 99 80 19 35 148 1748 75 297 74 0 25 24 NA 24 NA 10 75 2 5 7 21 0 0 0 0 2 5 7 21 0 0 0 0
101 77 100 80 20 35 154 1755 101 293 74 0 24.5 24 NA 24 NA 14 101 1 5 8 21 0 0 0 0 1 5 8 21 0 0 0 0
102 68 101 81 20 37 149 1761 63 298 73 0 25 24 NA 24 NA 6 63 1 6 8 22 0 0 0 0 1 6 8 22 0 0 0 0
103 72 103 82 21 39 154 1756 85 302 74 0 24 24 NA 24 NA 13 85 1 6 9 23 0 0 0 0 1 6 9 23 0 0 0 0
104 60 104 82 22 38 158 1789 79 304 74 0 24.5 24 NA 24 NA 11 79 1 5 10 22 0 0 0 0 1 5 10 22 0 0 0 0
105 70 103 82 21 38 157 1802 69 308 74 0 25 24.5 NA 24.5 NA 5 69 0 6 11 21 0 0 0 0 0 6 11 21 0 0 0 0
106 68 100 81 19 37 166 1789 82 306 72 0 25 25 NA 25 NA 17 82 0 4 11 22 0 0 0 0 0 4 11 22 0 0 0 0
107 56 98 78 20 35 161 1825 59 307 71 0 22.5 25 NA 25 NA 3 59 0 5 7 23 0 0 0 0 0 5 7 23 0 0 0 0
108 76 98 78 20 34 156 1820 81 315 73 0 23 25 NA 25 NA 12 81 0 5 7 22 0 0 0 0 0 5 7 22 0 0 0 0
109 107 100 79 21 35 150 1820 78 314 72 0 23 25 NA 25 NA 11 78 1 5 8 21 0 0 0 0 1 5 8 21 0 0 0 0
110 72 99 78 21 35 150 1786 98 315 73 0 23 25 NA 25 NA 9 98 1 5 8 21 0 0 0 0 1 5 8 21 0 0 0 0
111 71 101 79 22 36 153 1792 86 322 72 0 24 25 NA 25 NA 19 86 1 5 8 22 0 0 0 0 1 5 8 22 0 0 0 0
112 69 101 79 22 36 154 1798 84 317 73 0 24 25 NA 25 NA 9 84 1 5 6 24 0 0 0 0 1 5 6 24 0 0 0 0
113 70 101 79 22 36 155 1785 82 322 74 0 25 25 NA 25 NA 15 82 0 4 8 24 0 0 0 0 0 4 8 24 0 0 0 0
114 88 101 80 21 36 153 1752 86 330 73 0 25 25 NA 25 NA 12 86 0 4 8 24 0 0 0 0 0 4 8 24 0 0 0 0
115 86 99 79 20 34 149 1749 70 328 76 0 26 25 NA 25 NA 5 70 0 4 7 23 0 0 0 0 0 4 7 23 0 0 0 0
116 64 101 81 20 32 149 1750 75 328 75 0 25 25.5 NA 25.5 NA 7 75 0 4 6 22 0 0 0 0 0 4 6 22 0 0 0 0
117 83 100 81 19 31 153 1762 83 327 73 0 24.5 25 NA 25 NA 10 83 0 3 7 21 0 0 0 0 0 3 7 21 0 0 0 0
118 80 102 83 19 30 152 1778 71 328 71 0 23.5 25 NA 25 NA 9 71 0 3 6 21 0 0 0 0 0 3 6 21 0 0 0 0
119 82 101 81 20 30 154 1764 85 326 73 0 24 26.5 NA 26.5 NA 12 85 0 2 7 21 0 0 0 0 0 2 7 21 0 0 0 0
120 71 101 80 21 28 166 1753 91 324 73 0 24 25 NA 25 NA 17 91 0 2 7 19 0 0 0 0 0 2 7 19 0 0 0 0
121 87 99 78 21 29 165 1721 95 321 74 0 24 25 NA 25 NA 11 95 0 1 7 21 0 0 0 0 0 1 7 21 0 0 0 0
122 75 98 75 23 29 164 1752 75 324 71 0 22.5 25 NA 25 NA 7 75 0 3 6 20 0 0 0 0 0 3 6 20 0 0 0 0
123 67 99 77 22 29 163 1765 65 326 73 0 23 25 NA 25 NA 9 65 0 3 6 20 0 0 0 0 0 3 6 20 0 0 0 0
124 73 99 76 23 30 163 1778 67 326 73 0 23 24.5 NA 24.5 NA 8 67 1 3 7 19 0 0 0 0 1 3 7 19 0 0 0 0
125 59 100 77 23 32 164 1784 70 331 74 0 23 24.5 NA 24.5 NA 11 70 0 4 6 22 0 0 0 0 0 4 6 22 0 0 0 0
126 69 97 74 23 30 157 1787 85 331 74 0 23 24 NA 24 NA 5 85 0 4 6 20 0 0 0 0 0 4 6 20 0 0 0 0
127 70 97 77 20 30 152 1812 68 335 70 0 24 24 NA 24 NA 9 68 0 2 9 19 0 0 0 0 0 2 9 19 0 0 0 0
128 76 97 76 21 30 157 1799 98 337 70 0 21 24 NA 24 NA 11 98 0 2 9 19 0 0 0 0 0 2 9 19 0 0 0 0
129 77 96 76 20 30 161 1779 85 337 67 0 22 24 NA 24 NA 11 85 0 2 8 20 0 0 0 0 0 2 8 20 0 0 0 0
130 73 98 78 20 33 163 1798 72 338 68 0 22 24 NA 24 NA 11 72 0 3 9 21 0 0 0 0 0 3 9 21 0 0 0 0
131 69 102 82 20 35 165 1799 91 341 69 0 22.5 24 NA 24 NA 10 91 0 3 10 22 0 0 0 0 0 3 10 22 0 0 0 0
132 93 100 80 20 32 165 1802 80 338 68 0 23 26 NA 26 NA 7 80 0 2 11 19 0 0 0 0 0 2 11 19 0 0 0 0
133 79 98 78 20 33 162 1795 91 335 67 0 24 24 NA 24 NA 8 91 0 3 11 19 0 0 0 0 0 3 11 19 0 0 0 0
134 80 98 78 20 30 166 1793 80 330 67 0 22.5 24 NA 24 NA 10 80 0 3 10 17 0 0 0 0 0 3 10 17 0 0 0 0
135 79 97 78 19 30 165 1778 91 333 66 0 22 26 NA 26 NA 13 91 0 3 10 17 0 0 0 0 0 3 10 17 0 0 0 0
136 93 96 76 20 32 157 1777 77 340 65 0 23 27 NA 27 NA 12 77 0 3 9 20 0 0 0 0 0 3 9 20 0 0 0 0
137 70 95 74 21 32 149 1788 75 346 66 0 23 25.5 NA 25.5 NA 6 75 0 4 8 20 0 0 0 0 0 4 8 20 0 0 0 0
138 75 95 75 20 31 143 1809 76 355 66 0 23 24 NA 24 NA 12 76 0 3 8 20 0 0 0 0 0 3 8 20 0 0 0 0
139 67 95 75 20 31 138 1803 84 361 67 0 23 27 NA 27 NA 7 84 0 3 5 23 0 0 0 0 0 3 5 23 0 0 0 0
140 81 95 75 20 31 140 1793 92 369 68 0 21 28 NA 28 NA 20 92 0 3 6 22 0 0 0 0 0 3 6 22 0 0 0 0
141 73 94 76 18 33 138 1807 72 375 67 0 21.5 28 NA 28 NA 10 72 0 3 7 23 0 0 0 0 0 3 7 23 0 0 0 0
142 67 97 76 21 33 137 1823 71 377 69 0 22 28 NA 28 NA 8 71 0 3 8 22 0 0 0 0 0 3 8 22 0 0 0 0
143 64 96 76 20 33 133 1847 69 378 71 0 22.5 28 NA 28 NA 7 69 0 4 6 23 0 0 0 0 0 4 6 23 0 0 0 0
144 83 97 75 22 33 138 1810 98 375 70 0 21 28 NA 28 NA 13 98 0 3 7 23 0 0 0 0 0 3 7 23 0 0 0 0
145 93 97 74 23 35 138 1808 77 369 70 0 22 28 NA 28 NA 6 77 0 3 6 26 0 0 0 0 0 3 6 26 0 0 0 0
146 77 99 76 23 39 137 1790 89 372 73 0 23 29 NA 29 NA 11 89 0 3 7 29 0 0 0 0 0 3 7 29 0 0 0 0
147 73 96 74 22 36 140 1772 97 369 73 0 22.5 28.5 NA 28.5 NA 10 97 0 3 6 27 0 0 0 0 0 3 6 27 0 0 0 0
148 84 100 77 23 37 137 1766 79 368 73 0 23 28 NA 28 NA 9 79 0 3 7 27 0 0 0 0 0 3 7 27 0 0 0 0
149 69 100 78 22 41 134 1778 72 371 74 0 23.5 28 NA 28 NA 8 72 1 3 9 28 0 0 0 0 1 3 9 28 0 0 0 0
150 66 101 80 21 41 140 1787 74 371 73 0 24 28 NA 28 NA 13 74 2 3 8 28 0 0 0 0 2 3 8 28 0 0 0 0
151 74 104 83 21 41 139 1796 63 372 74 0 24 28 NA 28 NA 9 63 3 3 7 28 0 0 0 0 3 3 7 28 0 0 0 0
152 66 103 82 21 40 139 1805 64 375 74 0 24 27.5 NA 27.5 NA 5 64 3 3 6 28 0 0 0 0 3 3 6 28 0 0 0 0
153 81 103 82 21 37 134 1802 83 376 74 0 24 28 NA 28 NA 8 83 2 2 7 26 0 0 0 0 2 2 7 26 0 0 0 0
154 73 108 87 21 37 134 1801 71 373 77 0 24 28 NA 28 NA 9 71 2 2 6 27 0 0 0 0 2 2 6 27 0 0 0 0
155 81 110 90 20 36 136 1787 95 375 75 0 22.5 27.5 NA 27.5 NA 15 95 2 2 5 27 0 0 0 0 2 2 5 27 0 0 0 0
156 73 111 91 20 38 138 1784 75 373 75 0 21 27.5 NA 27.5 NA 11 75 2 4 4 28 0 0 0 0 2 4 4 28 0 0 0 0
157 99 114 94 20 38 145 1768 95 370 75 0 21.5 26.5 NA 26.5 NA 15 95 2 5 4 27 0 0 0 0 2 5 4 27 0 0 0 0
158 74 113 94 19 39 140 1770 83 375 75 0 22 28 NA 28 NA 8 83 2 4 6 27 0 0 0 0 2 4 6 27 0 0 0 0
159 76 114 96 18 39 135 1761 80 376 71 0 20.5 28 NA 28 NA 8 80 2 4 6 27 0 0 0 0 2 4 6 27 0 0 0 0
160 67 114 97 17 40 145 1753 80 372 71 0 20.5 28 NA 28 NA 15 80 2 4 8 26 0 0 0 0 2 4 8 26 0 0 0 0
161 68 114 97 17 41 141 1763 78 373 72 0 21.5 28 NA 28 NA 8 78 2 3 9 27 0 0 0 0 2 3 9 27 0 0 0 0
162 75 117 100 17 40 143 1771 71 373 74 0 21 28 NA 28 NA 11 71 1 3 9 27 0 0 0 0 1 3 9 27 0 0 0 0
163 82 118 101 17 41 148 1787 82 376 78 0 21.5 28 NA 28 NA 14 82 0 4 8 29 0 0 0 0 0 4 8 29 0 0 0 0
164 78 117 101 16 43 145 1781 77 383 76 0 22 28 NA 28 NA 14 77 0 5 9 29 0 0 0 0 0 5 9 29 0 0 0 0
165 75 113 97 16 45 134 1784 83 389 74 0 21 28 NA 28 NA 6 83 1 5 9 30 0 0 0 0 1 5 9 30 0 0 0 0
166 69 119 102 17 45 137 1778 77 384 78 0 20 28 NA 28 NA 7 77 1 4 9 31 0 0 0 0 1 4 9 31 0 0 0 0
167 79 123 106 17 46 134 1777 77 385 82 0 19 28 NA 28 NA 7 77 1 4 9 32 0 0 0 0 1 4 9 32 0 0 0 0
168 73 125 105 20 46 133 1774 91 387 85 0 19 28 NA 28 NA 10 91 1 4 8 33 0 0 0 0 1 4 8 33 0 0 0 0
169 84 124 104 20 44 134 1778 81 385 85 0 19 28 NA 28 NA 10 81 1 3 9 31 0 0 0 0 1 3 9 31 0 0 0 0
170 83 126 107 19 44 136 1780 72 382 84 0 17 28 NA 28 NA 12 72 1 5 8 30 0 0 0 0 1 5 8 30 0 0 0 0
171 84 128 108 20 46 139 1764 98 381 86 0 18 28 NA 28 NA 16 98 1 6 8 31 0 0 0 0 1 6 8 31 0 0 0 0
172 86 130 110 20 48 137 1757 84 385 89 0 18.5 28 NA 28 NA 10 84 1 7 9 31 0 0 0 0 1 7 9 31 0 0 0 0
173 73 131 112 19 47 139 1771 74 384 89 0 19 28 NA 28 NA 13 74 1 6 8 32 0 0 0 0 1 6 8 32 0 0 0 0
174 70 133 114 19 49 137 1769 77 388 93 0 19 28 NA 28 NA 10 77 1 7 8 33 0 0 0 0 1 7 8 33 0 0 0 0
175 78 134 115 19 48 139 1799 77 388 94 0 20 28 NA 28 NA 14 77 1 5 10 32 0 0 0 0 1 5 10 32 0 0 0 0
176 68 135 117 18 49 145 1794 77 379 94 0 20 27 NA 27 NA 15 77 1 8 9 31 0 0 0 0 1 8 9 31 0 0 0 0
177 77 136 117 19 48 149 1786 78 383 95 0 21 27 NA 27 NA 14 78 0 7 10 31 0 0 0 0 0 7 10 31 0 0 0 0
178 89 132 113 19 49 147 1760 81 377 96 0 21.5 24 NA 24 NA 7 81 0 8 9 32 0 0 0 0 0 8 9 32 0 0 0 0
179 58 131 113 18 49 147 1747 95 376 97 0 22 27 NA 27 NA 6 95 0 7 10 32 0 0 0 0 0 7 10 32 0 0 0 0
180 68 130 111 19 49 150 1762 73 372 98 0 23 24 NA 24 NA 11 73 0 7 10 32 0 0 0 0 0 7 10 32 0 0 0 0
181 76 132 111 21 49 148 1747 96 373 100 0 23 23 NA 23 NA 10 96 0 6 12 31 0 0 0 0 0 6 12 31 0 0 0 0
182 80 132 112 20 48 153 1731 94 367 101 0 22.5 23.5 NA 23.5 NA 14 94 1 5 13 29 0 0 0 0 1 5 13 29 0 0 0 0
183 86 132 111 21 48 154 1734 70 370 103 0 23 24 NA 24 NA 12 70 1 4 13 30 0 0 0 0 1 4 13 30 0 0 0 0
184 75 125 106 19 44 162 1743 72 366 99 0 24 23 NA 23 NA 15 72 1 3 14 26 0 0 0 0 1 3 14 26 0 0 0 0
185 79 124 105 19 44 162 1733 79 365 99 0 23 23 NA 23 NA 8 79 2 3 15 24 0 0 0 0 2 3 15 24 0 0 0 0
186 83 125 104 21 45 160 1741 75 366 98 0 24 24 NA 24 NA 11 75 1 4 17 23 0 0 0 0 1 4 17 23 0 0 0 0
187 83 121 102 19 45 159 1748 85 368 98 0 25 26 NA 26 NA 11 85 1 4 16 24 0 0 0 0 1 4 16 24 0 0 0 0
188 76 116 96 20 44 158 1740 88 371 95 0 25.5 23.5 NA 23.5 NA 18 88 0 5 17 22 0 0 0 0 0 5 17 22 0 0 0 0
189 77 117 97 20 43 156 1762 83 371 94 0 25 23 NA 23 NA 10 83 0 4 16 23 0 0 0 0 0 4 16 23 0 0 0 0
190 77 115 95 20 41 154 1781 59 367 90 0 24 24 NA 24 NA 4 59 0 3 16 22 0 0 0 0 0 3 16 22 0 0 0 0
191 65 116 95 21 41 148 1792 78 373 89 0 25 24 NA 24 NA 7 78 0 3 15 23 0 0 0 0 0 3 15 23 0 0 0 0
192 72 120 96 24 41 156 1784 87 371 90 0 25 24 NA 24 NA 12 87 0 3 13 25 0 0 0 0 0 3 13 25 0 0 0 0
193 79 122 98 24 44 157 1773 85 372 91 0 25.5 23.5 NA 23.5 NA 17 85 0 5 10 29 0 0 0 0 0 5 10 29 0 0 0 0
194 82 121 97 24 42 162 1760 87 370 91 0 25 25 NA 25 NA 12 87 0 5 9 28 0 0 0 0 0 5 9 28 0 0 0 0
195 83 123 96 27 43 166 1780 73 367 91 0 26 24 NA 24 NA 11 73 0 6 7 30 0 0 0 0 0 6 7 30 0 0 0 0
196 65 122 96 26 42 173 1766 103 362 88 0 26.5 25 NA 25 NA 12 103 0 5 6 31 0 0 0 0 0 5 6 31 0 0 0 0
197 78 121 96 25 42 178 1776 80 363 89 0 28 25 NA 25 NA 13 80 0 5 6 31 0 0 0 0 0 5 6 31 0 0 0 0
198 65 122 97 25 44 178 1796 98 366 91 0 28 25 NA 25 NA 15 98 0 5 8 31 0 0 0 0 0 5 8 31 0 0 0 0
199 68 123 99 24 44 165 1792 65 373 88 0 28 23.5 NA 23.5 NA 5 65 0 6 8 30 0 0 0 0 0 6 8 30 0 0 0 0
200 71 123 98 25 42 168 1789 77 371 86 0 27 23.5 NA 23.5 NA 11 77 0 3 9 30 0 0 0 0 0 3 9 30 0 0 0 0
201 77 121 96 25 41 175 1775 87 365 86 0 27 24 NA 24 NA 17 87 0 3 9 29 0 0 0 0 0 3 9 29 0 0 0 0
202 74 121 96 25 42 174 1768 90 369 89 0 28 25 NA 25 NA 11 90 0 3 7 32 0 0 0 0 0 3 7 32 0 0 0 0
203 76 123 97 26 44 171 1775 68 368 91 0 28 25 NA 25 NA 9 68 0 4 8 32 0 0 0 0 0 4 8 32 0 0 0 0
204 58 124 99 25 43 171 1811 80 366 92 0 28 23 NA 23 NA 10 80 0 5 7 31 0 0 0 0 0 5 7 31 0 0 0 0
205 88 121 97 24 41 173 1807 93 362 90 0 29 24 NA 24 NA 12 93 0 5 6 30 0 0 0 0 0 5 6 30 0 0 0 0
206 80 121 96 25 41 168 1791 84 363 89 0 27 24 NA 24 NA 4 84 0 3 8 30 0 0 0 0 0 3 8 30 0 0 0 0
207 81 122 97 25 42 160 1798 72 374 90 0 25.5 23.5 NA 23.5 NA 9 72 0 4 8 30 0 0 0 0 0 4 8 30 0 0 0 0
208 100 122 96 26 46 159 1783 102 374 90 0 26 25 NA 25 NA 9 102 1 4 10 31 0 0 0 0 1 4 10 31 0 0 0 0
209 57 119 92 27 44 163 1806 75 374 87 0 27 25 NA 25 NA 15 75 1 4 9 30 0 0 0 0 1 4 9 30 0 0 0 0
210 71 121 94 27 44 165 1797 76 374 88 0 27 26 NA 26 NA 13 76 1 1 11 31 0 0 0 0 1 1 11 31 0 0 0 0
211 59 120 93 27 45 167 1812 78 376 91 0 27 26 NA 26 NA 11 78 0 3 9 33 0 0 0 0 0 3 9 33 0 0 0 0
212 68 117 91 26 42 178 1819 86 373 90 0 26 23.5 NA 23.5 NA 14 86 0 3 6 33 0 0 0 0 0 3 6 33 0 0 0 0
213 81 115 90 25 42 181 1794 93 369 89 0 27 23.5 NA 23.5 NA 12 93 0 3 6 33 0 0 0 0 0 3 6 33 0 0 0 0
214 68 114 89 25 43 184 1791 80 370 88 0 25.5 23 NA 23 NA 16 80 0 3 7 33 0 0 0 0 0 3 7 33 0 0 0 0
215 68 111 86 25 42 187 1784 89 371 87 0 26 23.5 NA 23.5 NA 12 89 0 3 7 32 0 0 0 0 0 3 7 32 0 0 0 0
216 86 113 88 25 43 174 1787 90 380 86 0 25 24 NA 24 NA 8 90 0 3 9 31 0 0 0 0 0 3 9 31 0 0 0 0
217 71 110 87 23 42 172 1781 74 382 87 0 25.5 23.5 NA 23.5 NA 10 74 0 4 9 29 0 0 0 0 0 4 9 29 0 0 0 0
218 74 114 86 28 45 170 1767 82 386 90 0 25 23 NA 23 NA 12 82 0 6 6 33 0 0 0 0 0 6 6 33 0 0 0 0
219 89 116 86 30 46 169 1757 80 381 90 0 25.5 22.5 NA 22.5 NA 9 80 0 6 7 33 0 0 0 0 0 6 7 33 0 0 0 0
220 61 116 86 30 43 162 1771 78 384 88 0 25 22 NA 22 NA 10 78 0 6 8 29 0 0 0 0 0 6 8 29 0 0 0 0
221 72 115 84 31 41 164 1762 87 385 87 0 26 22 NA 22 NA 10 87 0 5 8 28 0 0 0 0 0 5 8 28 0 0 0 0
222 90 115 85 30 40 164 1770 83 382 86 0 26 22 NA 22 NA 5 83 0 5 5 30 0 0 0 0 0 5 5 30 0 0 0 0
223 72 114 86 28 41 165 1764 87 384 83 0 26 22 NA 22 NA 15 87 0 5 7 29 0 0 0 0 0 5 7 29 0 0 0 0
224 79 115 88 27 42 164 1761 83 392 81 0 25 23 NA 23 NA 14 83 0 6 7 29 0 0 0 0 0 6 7 29 0 0 0 0
225 75 119 87 32 42 164 1779 70 386 81 0 25 22 NA 22 NA 8 70 1 6 7 28 0 0 0 0 1 6 7 28 0 0 0 0
226 86 117 86 31 43 167 1761 87 387 79 0 25 22 NA 22 NA 18 87 1 6 8 28 0 0 0 0 1 6 8 28 0 0 0 0
227 69 117 86 31 42 167 1768 72 386 77 0 26 23 NA 23 NA 5 72 1 5 8 28 0 0 0 0 1 5 8 28 0 0 0 0
228 70 113 84 29 42 173 1774 74 382 77 0 25 23 NA 23 NA 15 74 0 6 8 28 0 0 0 0 0 6 8 28 0 0 0 0
229 75 111 83 28 40 170 1771 76 382 75 0 24 21.5 NA 21.5 NA 10 76 0 5 9 26 0 0 0 0 0 5 9 26 0 0 0 0
230 78 111 83 28 41 163 1782 68 388 78 0 25 21 NA 21 NA 9 68 1 5 9 26 0 0 0 0 1 5 9 26 0 0 0 0
231 83 116 83 33 41 165 1802 70 390 82 0 24.5 21 NA 21 NA 10 70 0 5 8 28 0 0 0 0 0 5 8 28 0 0 0 0
232 90 117 83 34 42 170 1797 79 382 86 0 25 21.5 NA 21.5 NA 9 79 0 3 11 28 0 0 0 0 0 3 11 28 0 0 0 0
233 73 121 88 33 41 172 1810 76 386 86 0 25 22 NA 22 NA 15 76 0 3 11 27 0 0 0 0 0 3 11 27 0 0 0 0
234 75 125 91 34 41 170 1835 77 387 88 0 22 22 NA 22 NA 10 77 0 3 11 27 0 0 0 0 0 3 11 27 0 0 0 0
235 77 125 91 34 44 169 1827 78 394 88 0 22 23.5 NA 23.5 NA 16 78 0 4 8 32 0 0 0 0 0 4 8 32 0 0 0 0
236 68 123 89 34 43 168 1831 87 399 87 0 23 26 NA 26 NA 12 87 0 4 8 31 0 0 0 0 0 4 8 31 0 0 0 0
237 74 121 88 33 42 169 1836 77 398 87 0 21 26.5 NA 26.5 NA 11 77 0 4 9 29 0 0 0 0 0 4 9 29 0 0 0 0
238 63 122 91 31 42 172 1838 81 400 88 0 21.5 26.5 NA 26.5 NA 12 81 0 4 9 29 0 0 0 0 0 4 9 29 0 0 0 0
239 90 120 92 28 39 174 1845 80 389 83 0 20.5 23 NA 23 NA 10 80 0 5 8 26 0 0 0 0 0 5 8 26 0 0 0 0
240 82 119 91 28 38 181 1817 92 387 81 0 21 22.5 NA 22.5 NA 16 92 0 4 9 25 0 0 0 0 0 4 9 25 0 0 0 0
241 67 118 90 28 39 173 1810 95 388 82 0 21.5 22 NA 22 NA 10 95 0 5 8 26 0 0 0 0 0 5 8 26 0 0 0 0
242 85 116 90 26 38 169 1810 77 385 81 0 22 22 NA 22 NA 9 77 0 4 7 27 0 0 0 0 0 4 7 27 0 0 0 0
243 65 118 94 24 39 173 1789 98 379 83 0 22 22 NA 22 NA 12 98 0 6 6 27 0 0 0 0 0 6 6 27 0 0 0 0
244 68 116 92 24 40 177 1779 77 383 84 0 23 22 NA 22 NA 15 77 0 6 4 30 0 0 0 0 0 6 4 30 0 0 0 0
245 75 119 94 25 41 177 1785 83 386 90 0 23 22 NA 22 NA 13 83 0 5 6 30 0 0 0 0 0 5 6 30 0 0 0 0
246 81 116 91 25 41 175 1806 79 385 91 0 23.5 22 NA 22 NA 14 79 0 4 8 29 0 0 0 0 0 4 8 29 0 0 0 0
247 80 115 92 23 40 173 1773 93 388 89 0 23 21.5 NA 21.5 NA 10 93 0 4 9 27 0 0 0 0 0 4 9 27 0 0 0 0
248 68 115 92 23 37 172 1767 88 385 84 0 22 22 NA 22 NA 11 88 0 3 9 25 0 0 0 0 0 3 9 25 0 0 0 0
249 85 114 91 23 39 168 1761 79 387 86 0 23 22 NA 22 NA 15 79 0 4 10 25 0 0 0 0 0 4 10 25 0 0 0 0
250 69 113 90 23 40 164 1756 83 391 87 0 24 22.5 NA 22.5 NA 10 83 0 4 10 26 0 0 0 0 0 4 10 26 0 0 0 0
251 86 117 94 23 44 161 1760 71 397 88 0 22 22.5 NA 22.5 NA 12 71 0 6 11 27 0 0 0 0 0 6 11 27 0 0 0 0
252 81 118 95 23 45 159 1760 76 395 91 0 23 22 NA 22 NA 10 76 0 6 11 28 0 0 0 0 0 6 11 28 0 0 0 0
253 90 115 93 22 44 158 1764 77 389 89 0 24 22 NA 22 NA 5 77 0 6 11 27 0 0 0 0 0 6 11 27 0 0 0 0
254 92 117 95 22 44 157 1734 85 389 90 0 24 22.5 NA 22.5 NA 8 85 0 6 12 26 0 0 0 0 0 6 12 26 0 0 0 0
255 80 117 95 22 45 161 1723 78 385 92 0 24 23 NA 23 NA 9 78 0 5 14 26 0 0 0 0 0 5 14 26 0 0 0 0
256 81 117 96 21 44 165 1712 94 384 91 0 25 22.5 NA 22.5 NA 14 94 0 4 13 27 0 0 0 0 0 4 13 27 0 0 0 0
257 63 121 101 20 47 154 1709 78 393 92 0 25 23 NA 23 NA 7 78 0 2 16 29 0 0 0 0 0 2 16 29 0 0 0 0
258 87 122 101 21 46 145 1688 89 403 92 0 25 23 NA 23 NA 8 89 0 0 16 30 0 0 0 0 0 0 16 30 0 0 0 0
259 69 120 99 21 49 143 1698 76 404 90 0 26 23 NA 23 NA 9 76 2 1 16 30 0 0 0 0 2 1 16 30 0 0 0 0
260 70 118 98 20 47 144 1712 76 405 93 0 27 23 NA 23 NA 12 76 1 2 15 29 0 0 0 0 1 2 15 29 0 0 0 0
261 72 118 98 20 48 141 1742 60 409 93 0 28 23.5 NA 23.5 NA 12 60 1 2 12 33 0 0 0 0 1 2 12 33 0 0 0 0
262 78 114 95 19 46 144 1750 86 407 90 0 29 23.5 NA 23.5 NA 12 86 1 1 13 31 0 0 0 0 1 1 13 31 0 0 0 0
263 64 114 95 19 47 148 1740 83 405 94 0 29.5 24 NA 24 NA 15 83 1 1 14 31 0 0 0 0 1 1 14 31 0 0 0 0
264 86 112 92 20 47 155 1739 76 400 90 0 30 24 NA 24 NA 14 76 1 2 14 30 0 0 0 0 1 2 14 30 0 0 0 0
265 72 115 95 20 46 157 1730 95 397 86 0 27 24 NA 24 NA 14 95 2 2 12 30 0 0 0 0 2 2 12 30 0 0 0 0
266 85 118 98 20 46 154 1727 73 398 87 0 27 24 NA 24 NA 14 73 1 3 12 30 0 0 0 0 1 3 12 30 0 0 0 0
267 69 115 97 18 46 159 1728 102 400 86 0 27 24 NA 24 NA 17 102 1 3 11 31 0 0 0 0 1 3 11 31 0 0 0 0
268 77 116 98 18 47 156 1704 84 406 87 0 27.5 24 NA 24 NA 12 84 1 3 10 33 0 0 0 0 1 3 10 33 0 0 0 0
269 64 115 98 17 41 158 1731 72 398 86 0 26 25 NA 25 NA 9 72 1 3 4 33 0 0 0 0 1 3 4 33 0 0 0 0
270 77 119 101 18 42 159 1729 78 396 89 0 25 25.5 NA 25.5 NA 9 78 0 4 1 37 0 0 0 0 0 4 1 37 0 0 0 0
271 79 118 100 18 41 162 1688 93 392 86 0 24 26 NA 26 NA 9 93 0 4 1 36 0 0 0 0 0 4 1 36 0 0 0 0
272 79 120 103 17 41 162 1703 85 394 83 0 24 25 NA 25 NA 10 85 0 4 3 34 0 0 0 0 0 4 3 34 0 0 0 0
273 89 118 101 17 41 159 1697 74 387 78 0 22 25 NA 25 NA 5 74 0 6 3 32 0 0 0 0 0 6 3 32 0 0 0 0
274 75 116 100 16 39 161 1704 84 383 73 0 20 25 NA 25 NA 11 84 0 7 4 28 0 0 0 0 0 7 4 28 0 0 0 0
275 92 113 97 16 37 162 1725 82 377 71 0 21 23 NA 23 NA 9 82 1 5 6 25 0 0 0 0 1 5 6 25 0 0 0 0
276 71 112 98 14 34 159 1734 67 378 71 0 20.5 23 NA 23 NA 8 67 1 5 6 22 0 0 0 0 1 5 6 22 0 0 0 0
277 82 110 98 12 34 161 1725 81 370 75 0 20.5 22.5 NA 22.5 NA 11 81 1 6 7 20 0 0 0 0 1 6 7 20 0 0 0 0
278 75 113 97 16 35 163 1748 71 367 80 0 21 23 NA 23 NA 11 71 1 5 8 21 0 0 0 0 1 5 8 21 0 0 0 0
279 76 112 96 16 35 157 1742 83 371 78 0 22 22 NA 22 NA 7 83 1 4 9 21 0 0 0 0 1 4 9 21 0 0 0 0
280 75 112 95 17 35 164 1740 74 365 78 0 23 22 NA 22 NA 12 74 1 4 9 21 0 0 0 0 1 4 9 21 0 0 0 0
281 72 114 96 18 37 166 1738 85 363 82 0 23.5 22 NA 22 NA 10 85 0 4 11 22 0 0 0 0 0 4 11 22 0 0 0 0
282 73 114 95 19 38 163 1753 77 363 83 0 20.5 22 NA 22 NA 12 77 1 4 12 21 0 0 0 0 1 4 12 21 0 0 0 0
283 78 108 91 17 36 163 1771 69 363 80 0 19.5 22 NA 22 NA 13 69 1 3 12 20 0 0 0 0 1 3 12 20 0 0 0 0
284 79 108 93 15 38 162 1756 93 366 82 0 20.5 22 NA 22 NA 11 93 1 4 9 24 0 0 0 0 1 4 9 24 0 0 0 0
285 86 106 91 15 38 154 1761 84 370 82 0 20.5 22 NA 22 NA 8 84 1 5 9 23 0 0 0 0 1 5 9 23 0 0 0 0
286 66 108 93 15 39 151 1742 96 373 86 0 21 22 NA 22 NA 7 96 1 6 9 23 0 0 0 0 1 6 9 23 0 0 0 0
287 76 112 98 14 40 153 1766 68 367 87 0 22 21.5 NA 21.5 NA 9 68 1 7 6 26 0 0 0 0 1 7 6 26 0 0 0 0
288 74 116 101 15 40 158 1783 83 365 88 0 22.5 21.5 NA 21.5 NA 14 83 1 6 7 26 0 0 0 0 1 6 7 26 0 0 0 0
289 84 116 101 15 45 157 1767 98 364 89 0 23 21 NA 21 NA 8 98 1 8 9 27 0 0 0 0 1 8 9 27 0 0 0 0
290 68 116 99 17 44 163 1781 87 360 91 0 24 21 NA 21 NA 12 87 0 6 10 28 0 0 0 0 0 6 10 28 0 0 0 0
291 85 113 95 18 42 163 1793 80 360 87 0 23 21.5 NA 21.5 NA 11 80 0 6 7 29 0 0 0 0 0 6 7 29 0 0 0 0
292 90 114 95 19 44 155 1811 72 366 89 0 24 21.5 NA 21.5 NA 5 72 0 6 9 29 0 0 0 0 0 6 9 29 0 0 0 0
293 69 113 93 20 45 159 1809 84 368 89 0 24 21 NA 21 NA 15 84 0 7 7 31 0 0 0 0 0 7 7 31 0 0 0 0
294 89 115 95 20 45 152 1789 78 369 91 0 25 21 NA 21 NA 5 78 0 8 6 31 0 0 0 0 0 8 6 31 0 0 0 0
295 70 112 92 20 45 152 1797 88 377 89 0 25.5 21 NA 21 NA 15 88 0 8 7 30 0 0 0 0 0 8 7 30 0 0 0 0
296 65 106 86 20 42 161 1792 80 376 85 0 26 21 NA 21 NA 16 80 0 6 10 26 0 0 0 0 0 6 10 26 0 0 0 0
297 68 107 87 20 45 154 1793 87 384 86 0 27 21 NA 21 NA 7 87 0 6 13 26 0 0 0 0 0 6 13 26 0 0 0 0
298 86 109 90 19 46 155 1798 69 387 86 0 27 21.5 NA 21.5 NA 9 69 0 4 16 26 0 0 0 0 0 4 16 26 0 0 0 0
299 70 111 92 19 49 156 1813 67 384 90 0 28 22 NA 22 NA 12 67 0 3 19 27 0 0 0 0 0 3 19 27 0 0 0 0
300 78 108 88 20 47 157 1804 96 388 90 0 28.5 22 NA 22 NA 16 96 1 3 16 27 0 0 0 0 1 3 16 27 0 0 0 0
301 73 107 88 19 46 154 1821 81 387 87 0 29 23 NA 23 NA 7 81 1 3 16 26 0 0 0 0 1 3 16 26 0 0 0 0
302 80 111 91 20 46 158 1820 87 385 89 0 29 23 NA 23 NA 11 87 1 1 16 28 0 0 0 0 1 1 16 28 0 0 0 0
303 71 110 91 19 48 153 1810 79 390 88 0 30 23 NA 23 NA 9 79 2 2 16 28 0 0 0 0 2 2 16 28 0 0 0 0
304 77 109 91 18 50 155 1788 88 391 87 0 30 22.5 NA 22.5 NA 15 88 2 3 15 30 0 0 0 0 2 3 15 30 0 0 0 0
305 72 110 92 18 50 158 1768 95 398 88 0 31 22.5 NA 22.5 NA 15 95 2 3 13 32 0 0 0 0 2 3 13 32 0 0 0 0
306 92 112 92 20 50 167 1761 85 391 88 0 32 22.5 NA 22.5 NA 15 85 2 3 13 32 0 0 0 0 2 3 13 32 0 0 0 0
307 92 113 94 19 49 162 1752 73 393 85 0 31 24 NA 24 NA 7 73 3 3 11 32 0 0 0 0 3 3 11 32 0 0 0 0
308 70 117 95 22 50 161 1773 68 396 85 0 30 24 NA 24 NA 10 68 3 3 9 35 0 0 0 0 3 3 9 35 0 0 0 0
309 67 118 97 21 52 162 1789 85 399 83 0 29.5 24.5 NA 24.5 NA 13 85 3 4 9 36 0 0 0 0 3 4 9 36 0 0 0 0
310 80 117 96 21 52 168 1781 74 395 85 0 30 24.5 NA 24.5 NA 15 74 3 4 8 37 0 0 0 0 3 4 8 37 0 0 0 0
311 53 116 95 21 53 171 1765 94 400 86 0 30 24 NA 24 NA 14 94 3 5 8 37 0 0 0 0 3 5 8 37 0 0 0 0
312 93 117 96 21 52 171 1754 76 400 84 0 28 24 NA 24 NA 9 76 3 3 9 37 0 0 0 0 3 3 9 37 0 0 0 0
313 63 116 95 21 52 163 1739 105 405 85 0 29 24 NA 24 NA 8 105 2 4 9 37 0 0 0 0 2 4 9 37 0 0 0 0
314 76 118 96 22 51 162 1736 87 404 83 0 26.5 24 NA 24 NA 7 87 2 3 8 38 0 0 0 0 2 3 8 38 0 0 0 0
315 74 120 97 23 53 155 1741 64 404 82 0 26 24 NA 24 NA 5 64 2 4 10 37 0 0 0 0 2 4 10 37 0 0 0 0
316 52 118 95 23 52 164 1756 83 405 82 0 26 24 NA 24 NA 18 83 1 5 8 38 0 0 0 0 1 5 8 38 0 0 0 0
317 73 119 97 22 53 161 1756 74 405 82 0 26 24 NA 24 NA 7 74 1 6 8 38 0 0 0 0 1 6 8 38 0 0 0 0
318 73 113 92 21 53 154 1745 90 411 82 0 25 24 NA 24 NA 8 90 1 7 8 37 0 0 0 0 1 7 8 37 0 0 0 0
319 93 112 92 20 54 154 1753 85 413 82 0 25.5 24.5 NA 24.5 NA 12 85 1 8 7 38 0 0 0 0 1 8 7 38 0 0 0 0
320 65 114 93 21 52 155 1725 94 409 84 0 22.5 24 NA 24 NA 8 94 0 9 6 37 0 0 0 0 0 9 6 37 0 0 0 0
321 74 115 94 21 51 161 1727 89 399 86 0 23 24 NA 24 NA 12 89 0 10 6 35 0 0 0 0 0 10 6 35 0 0 0 0
322 64 111 91 20 53 166 1731 81 400 83 0 23 23 NA 23 NA 12 81 1 9 8 35 0 0 0 0 1 9 8 35 0 0 0 0
323 78 109 90 19 54 162 1720 89 402 82 0 24 23.5 NA 23.5 NA 9 89 0 9 9 36 0 0 0 0 0 9 9 36 0 0 0 0
324 63 107 88 19 52 160 1731 79 405 81 0 25 23 NA 23 NA 9 79 0 9 6 37 0 0 0 0 0 9 6 37 0 0 0 0
325 85 106 88 18 50 164 1724 85 401 79 0 23.5 22 NA 22 NA 13 85 0 9 7 34 0 0 0 0 0 9 7 34 0 0 0 0
326 75 104 87 17 48 164 1731 71 402 80 0 23.5 22 NA 22 NA 7 71 0 8 9 31 0 0 0 0 0 8 9 31 0 0 0 0
327 79 105 88 17 49 168 1741 74 396 82 0 22 23 NA 23 NA 15 74 0 7 9 33 0 0 0 0 0 7 9 33 0 0 0 0
328 79 110 90 20 49 171 1729 85 399 80 0 22 23 NA 23 NA 14 85 0 8 9 32 0 0 0 0 0 8 9 32 0 0 0 0
329 57 108 89 19 47 175 1729 81 396 79 0 22 23 NA 23 NA 12 81 0 7 9 31 0 0 0 0 0 7 9 31 0 0 0 0
330 81 107 89 18 46 171 1738 75 399 77 0 22 23.5 NA 23.5 NA 12 75 0 5 11 30 0 0 0 0 0 5 11 30 0 0 0 0
331 81 105 87 18 50 161 1755 62 406 77 0 23 23 NA 23 NA 6 62 0 7 14 29 0 0 0 0 0 7 14 29 0 0 0 0
332 76 102 85 17 50 163 1773 62 405 78 0 24 23 NA 23 NA 11 62 1 6 16 27 0 0 0 0 1 6 16 27 0 0 0 0
333 68 100 83 17 50 167 1768 92 404 78 0 24.5 23 NA 23 NA 13 92 1 5 18 26 0 0 0 0 1 5 18 26 0 0 0 0
334 69 104 87 17 52 167 1769 87 403 77 0 24 22 NA 22 NA 8 87 1 8 15 28 0 0 0 0 1 8 15 28 0 0 0 0
335 76 109 91 18 57 167 1761 80 406 78 0 23 21 NA 21 NA 15 80 3 7 16 31 0 0 0 0 3 7 16 31 0 0 0 0
336 73 107 90 17 56 162 1741 81 413 78 0 24 21 NA 21 NA 9 81 3 7 16 30 0 0 0 0 3 7 16 30 0 0 0 0
337 71 107 89 18 55 165 1751 69 412 79 0 25 21 NA 21 NA 12 69 3 6 15 31 0 0 0 0 3 6 15 31 0 0 0 0
338 87 107 90 17 55 162 1737 73 408 78 0 25 21 NA 21 NA 7 73 3 4 16 32 0 0 0 0 3 4 16 32 0 0 0 0
339 76 104 88 16 53 157 1748 75 407 76 0 25 21 NA 21 NA 9 75 3 3 17 30 0 0 0 0 3 3 17 30 0 0 0 0
340 80 104 88 16 52 151 1750 75 406 78 0 26 20 NA 20 NA 8 75 2 5 17 28 0 0 0 0 2 5 17 28 0 0 0 0
341 81 102 87 15 52 159 1741 88 404 78 0 27 20 NA 20 NA 15 88 2 5 16 29 0 0 0 0 2 5 16 29 0 0 0 0
342 81 98 83 15 51 158 1754 92 402 76 0 28 20 NA 20 NA 14 92 2 6 14 29 0 0 0 0 2 6 14 29 0 0 0 0
343 77 94 79 15 48 148 1766 69 403 70 0 29 21 NA 21 NA 3 69 2 5 14 27 0 0 0 0 2 5 14 27 0 0 0 0
344 78 92 77 15 47 147 1749 82 399 69 0 29.5 20 NA 20 NA 5 82 2 4 13 28 0 0 0 0 2 4 13 28 0 0 0 0
345 84 93 79 14 47 145 1760 77 402 68 0 28 21 NA 21 NA 9 77 1 4 13 29 0 0 0 0 1 4 13 29 0 0 0 0
346 82 89 75 14 47 149 1749 74 399 69 0 29 21 NA 21 NA 10 74 0 6 13 28 0 0 0 0 0 6 13 28 0 0 0 0
347 84 87 74 13 46 144 1740 90 395 71 0 28 20.5 NA 20.5 NA 5 90 0 7 11 28 0 0 0 0 0 7 11 28 0 0 0 0
348 94 88 75 13 50 133 1734 82 401 70 0 28 20.5 NA 20.5 NA 10 82 0 9 13 28 0 0 0 0 0 9 13 28 0 0 0 0
349 81 91 79 12 51 127 1775 62 407 68 0 28 20 NA 20 NA 8 62 0 8 14 29 0 0 0 0 0 8 14 29 0 0 0 0
350 68 92 79 13 51 128 1785 75 404 68 0 27.5 21 NA 21 NA 9 75 0 8 10 33 0 0 0 0 0 8 10 33 0 0 0 0
351 67 93 80 13 49 128 1792 88 403 67 0 26 20 NA 20 NA 11 88 0 8 9 32 0 0 0 0 0 8 9 32 0 0 0 0
352 80 95 80 15 50 134 1804 77 400 70 0 25 20.5 NA 20.5 NA 13 77 0 7 10 33 0 0 0 0 0 7 10 33 0 0 0 0
353 79 97 82 15 49 140 1782 89 399 68 0 25 21 NA 21 NA 15 89 0 6 8 35 0 0 0 0 0 6 8 35 0 0 0 0
354 77 97 82 15 49 142 1776 88 393 67 0 26 20 NA 20 NA 10 88 0 6 9 34 0 0 0 0 0 6 9 34 0 0 0 0
355 84 101 86 15 49 146 1760 92 387 71 0 24 20 NA 20 NA 12 92 0 5 9 35 0 0 0 0 0 5 9 35 0 0 0 0
356 77 101 86 15 51 148 1762 83 385 72 0 25 20 NA 20 NA 11 83 0 6 8 37 0 0 0 0 0 6 8 37 0 0 0 0
357 81 99 85 14 53 147 1758 74 385 74 0 25 20 NA 20 NA 7 74 0 8 7 38 0 0 0 0 0 8 7 38 0 0 0 0
358 63 103 89 14 53 144 1767 80 386 73 0 24 20 NA 20 NA 5 80 0 5 10 38 0 0 0 0 0 5 10 38 0 0 0 0
359 89 100 87 13 51 146 1749 86 384 71 0 25 20 NA 20 NA 12 86 0 3 12 36 0 0 0 0 0 3 12 36 0 0 0 0
360 68 100 88 12 48 148 1760 84 379 68 0 25 20 NA 20 NA 12 84 0 4 11 33 0 0 0 0 0 4 11 33 0 0 0 0
