1 71 1 1 0 0 1 190 6 0 0 0 0 NA NA NA NA 1 6 0 0 0 0 0 0 0 0 0 0 0 0 0 0 0 0
2 56 9 9 0 0 2 363 19 1 0 0 0 NA NA NA NA 2 19 0 0 0 0 0 0 0 0 0 0 0 0 0 0 0 0
3 60 14 14 0 0 6 522 28 1 0 0 1 NA NA NA NA 4 28 0 0 0 0 0 0 0 0 0 0 0 0 0 0 0 0
4 56 16 16 0 0 8 659 35 2 0 0 2 NA NA NA NA 3 35 0 0 0 0 0 0 0 0 0 0 0 0 0 0 0 0
5 58 18 18 0 0 13 797 45 2 0 0 2.5 NA NA NA NA 5 45 0 0 0 0 0 0 0 0 0 0 0 0 0 0 0 0
6 58 19 19 0 0 13 922 35 3 0 0 3 NA NA NA NA 1 35 0 0 0 0 0 0 0 0 0 0 0 0 0 0 0 0
7 59 18 18 0 0 15 1034 47 5 0 0 4.5 NA NA NA NA 4 47 0 0 0 0 0 0 0 0 0 0 0 0 0 0 0 0
8 66 18 18 0 0 24 1131 53 7 0 0 5.5 NA NA NA NA 12 53 0 0 0 0 0 0 0 0 0 0 0 0 0 0 0 0
9 65 20 20 0 0 32 1224 57 9 0 0 6 NA NA NA NA 10 57 0 0 0 0 0 0 0 0 0 0 0 0 0 0 0 0
10 60 21 21 0 0 35 1283 68 12 0 0 7 NA NA NA NA 7 68 0 0 0 0 0 0 0 0 0 0 0 0 0 0 0 0
11 59 24 24 0 1 35 1328 59 12 0 0 7.5 9 NA 9 NA 1 59 1 0 0 0 0 0 0 0 1 0 0 0 0 0 0 0
12 61 27 26 1 1 37 1384 58 13 0 0 8 9 NA 9 NA 3 58 1 0 0 0 0 0 0 0 1 0 0 0 0 0 0 0
13 238 30 29 1 1 41 1385 66 15 1 0 4.5 9 NA 9 NA 8 66 1 0 0 0 0 0 0 0 1 0 0 0 0 0 0 0
14 51 35 33 2 1 42 1462 54 17 7 0 5 9 NA 9 NA 3 54 0 1 0 0 0 0 0 0 0 1 0 0 0 0 0 0
15 79 35 33 2 1 47 1499 69 18 11 0 6 9 NA 9 NA 7 69 0 1 0 0 0 0 0 0 0 1 0 0 0 0 0 0
16 67 37 34 3 1 48 1519 69 21 13 0 5 9 NA 9 NA 7 69 0 1 0 0 0 0 0 0 0 1 0 0 0 0 0 0
17 65 40 37 3 1 50 1546 60 25 13 0 6 9 NA 9 NA 6 60 0 1 0 0 0 0 0 0 0 1 0 0 0 0 0 0
18 68 45 41 4 1 58 1582 70 29 14 0 6 9 NA 9 NA 13 70 0 1 0 0 0 0 0 0 0 1 0 0 0 0 0 0
19 72 47 43 4 1 68 1615 69 30 14 0 6 9 NA 9 NA 13 69 0 1 0 0 0 0 0 0 0 1 0 0 0 0 0 0
20 56 47 43 4 1 77 1652 76 32 14 0 7 9 NA 9 NA 13 76 0 1 0 0 0 0 0 0 0 1 0 0 0 0 0 0
21 68 50 46 4 2 79 1681 70 35 15 0 7.5 14.5 NA 14.5 NA 7 70 0 2 0 0 0 0 0 0 0 2 0 0 0 0 0 0
22 55 52 48 4 3 82 1706 84 41 16 0 8 19 NA 19 NA 10 84 0 3 0 0 0 0 0 0 0 3 0 0 0 0 0 0
23 74 54 50 4 3 88 1705 77 43 19 0 9 19 NA 19 NA 11 77 0 3 0 0 0 0 0 0 0 3 0 0 0 0 0 0
24 66 57 53 4 6 89 1711 83 50 21 0 10 11.5 NA 11.5 NA 9 83 2 4 0 0 0 0 0 0 2 4 0 0 0 0 0 0
25 178 57 52 5 6 85 1691 79 56 24 0 11 11.5 NA 11.5 NA 7 79 2 3 1 0 0 0 0 0 2 3 1 0 0 0 0 0
26 74 60 53 7 6 91 1686 81 62 29 0 11 11.5 NA 11.5 NA 13 81 1 3 2 0 0 0 0 0 1 3 2 0 0 0 0 0
27 56 60 53 7 8 97 1688 86 71 30 0 11.5 13 NA 13 NA 16 86 1 3 4 0 0 0 0 0 1 3 4 0 0 0 0 0
28 69 64 57 7 9 100 1708 93 72 31 0 11 13 NA 13 NA 7 93 2 3 4 0 0 0 0 0 2 3 4 0 0 0 0 0
29 68 63 56 7 10 100 1732 68 73 33 0 12 16 NA 16 NA 8 68 2 3 5 0 0 0 0 0 2 3 5 0 0 0 0 0
30 75 64 57 7 12 107 1759 68 79 38 0 13 19 NA 19 NA 13 68 1 6 5 0 0 0 0 0 1 6 5 0 0 0 0 0
31 65 66 59 7 12 117 1766 93 83 40 0 13 19 NA 19 NA 15 93 1 6 5 0 0 0 0 0 1 6 5 0 0 0 0 0
32 67 66 59 7 12 116 1783 78 89 41 0 14 19 NA 19 NA 11 78 0 7 5 0 0 0 0 0 0 7 5 0 0 0 0 0
33 68 66 58 8 14 121 1789 81 94 43 0 15 19 NA 19 NA 11 81 0 7 7 0 0 0 0 0 0 7 7 0 0 0 0 0
34 63 66 58 8 15 125 1778 95 100 45 0 16 19 NA 19 NA 14 95 1 7 7 0 0 0 0 0 1 7 7 0 0 0 0 0
35 78 67 58 9 16 128 1805 66 107 46 0 17 19 NA 19 NA 10 66 1 5 10 0 0 0 0 0 1 5 10 0 0 0 0 0
36 62 68 58 10 16 125 1796 96 118 46 0 17.5 18 NA 18 NA 12 96 1 7 8 0 0 0 0 0 1 7 8 0 0 0 0 0
37 147 71 59 12 16 121 1736 96 120 45 0 18 19 NA 19 NA 11 96 0 7 8 1 0 0 0 0 0 7 8 1 0 0 0 0
38 78 71 58 13 16 121 1739 95 126 46 0 17 19 NA 19 NA 9 95 0 5 8 3 0 0 0 0 0 5 8 3 0 0 0 0
39 52 74 59 15 17 126 1744 85 135 47 0 17.5 19 NA 19 NA 15 85 0 6 5 6 0 0 0 0 0 6 5 6 0 0 0 0
40 54 75 59 16 18 122 1770 84 144 51 0 18 19 NA 19 NA 10 84 0 7 5 6 0 0 0 0 0 7 5 6 0 0 0 0
41 53 77 59 18 19 126 1779 78 148 50 0 17 19 NA 19 NA 9 78 1 5 7 6 0 0 0 0 1 5 7 6 0 0 0 0
42 52 79 60 19 21 125 1792 96 152 51 0 18 19 NA 19 NA 7 96 1 3 10 7 0 0 0 0 1 3 10 7 0 0 0 0
43 70 82 62 20 22 132 1784 92 157 53 0 17.5 19 NA 19 NA 16 92 1 2 12 7 0 0 0 0 1 2 12 7 0 0 0 0
44 72 85 64 21 22 149 1757 94 157 53 0 18 19 NA 19 NA 21 94 1 1 13 7 0 0 0 0 1 1 13 7 0 0 0 0
45 47 84 62 22 21 153 1788 86 161 54 0 19 19 NA 19 NA 10 86 1 0 12 8 0 0 0 0 1 0 12 8 0 0 0 0
46 66 86 63 23 23 149 1809 85 171 54 0 19.5 19 NA 19 NA 11 85 1 2 12 8 0 0 0 0 1 2 12 8 0 0 0 0
47 59 85 62 23 23 152 1816 76 179 54 0 21 19 NA 19 NA 15 76 1 2 11 9 0 0 0 0 1 2 11 9 0 0 0 0
48 63 85 63 22 23 154 1806 90 182 56 0 21 19 NA 19 NA 12 90 1 2 10 10 0 0 0 0 1 2 10 10 0 0 0 0
49 148 83 61 22 24 154 1779 70 178 61 0 23 19.5 NA 19.5 NA 7 70 0 3 11 10 0 0 0 0 0 3 11 10 0 0 0 0
50 81 79 57 22 24 150 1792 74 179 58 0 22 20 NA 20 NA 6 74 0 2 13 9 0 0 0 0 0 2 13 9 0 0 0 0
51 91 76 54 22 24 151 1792 72 183 58 0 23.5 20 NA 20 NA 12 72 0 2 13 9 0 0 0 0 0 2 13 9 0 0 0 0
52 74 73 52 21 24 145 1797 90 183 55 0 24 20 NA 20 NA 9 90 1 2 13 8 0 0 0 0 1 2 13 8 0 0 0 0
53 58 73 52 21 24 145 1808 80 190 57 0 25 20 NA 20 NA 13 80 1 2 10 11 0 0 0 0 1 2 10 11 0 0 0 0
54 60 75 54 21 23 151 1820 96 196 57 0 26 20 NA 20 NA 16 96 1 2 8 12 0 0 0 0 1 2 8 12 0 0 0 0
55 63 75 55 20 23 158 1820 87 202 58 0 25 20 NA 20 NA 16 87 0 2 7 14 0 0 0 0 0 2 7 14 0 0 0 0
56 59 77 56 21 23 162 1806 88 206 60 0 25 19 NA 19 NA 11 88 0 3 6 14 0 0 0 0 0 3 6 14 0 0 0 0
57 57 77 55 22 24 166 1820 83 208 60 0 24 19 NA 19 NA 13 83 1 3 5 15 0 0 0 0 1 3 5 15 0 0 0 0
58 69 77 55 22 24 174 1778 120 210 61 0 22 19 NA 19 NA 18 120 1 3 5 15 0 0 0 0 1 3 5 15 0 0 0 0
59 62 80 55 25 24 180 1779 90 211 61 0 22 18 NA 18 NA 12 90 1 4 4 15 0 0 0 0 1 4 4 15 0 0 0 0
60 73 82 57 25 25 171 1805 75 225 59 0 23 17 NA 17 NA 10 75 1 5 4 15 0 0 0 0 1 5 4 15 0 0 0 0
61 140 81 56 25 25 166 1760 86 224 57 0 22 17 NA 17 NA 8 86 1 3 5 16 0 0 0 0 1 3 5 16 0 0 0 0
62 81 82 57 25 26 168 1761 87 228 55 0 22.5 19.5 NA 19.5 NA 11 87 1 4 5 16 0 0 0 0 1 4 5 16 0 0 0 0
63 77 82 57 25 27 165 1771 80 235 54 0 23 20 NA 20 NA 7 80 1 3 7 16 0 0 0 0 1 3 7 16 0 0 0 0
64 74 81 56 25 27 164 1782 81 239 55 0 24 20 NA 20 NA 8 81 1 3 6 17 0 0 0 0 1 3 6 17 0 0 0 0
65 75 82 58 24 26 170 1767 86 241 54 0 24 19.5 NA 19.5 NA 15 86 0 4 6 16 0 0 0 0 0 4 6 16 0 0 0 0
66 65 85 59 26 26 178 1763 101 244 56 0 23 19.5 NA 19.5 NA 19 101 0 4 6 16 0 0 0 0 0 4 6 16 0 0 0 0
67 76 86 62 24 27 183 1751 101 246 56 0 23 19 NA 19 NA 13 101 0 4 5 18 0 0 0 0 0 4 5 18 0 0 0 0
68 72 85 61 24 28 182 1736 85 245 57 0 24 18 NA 18 NA 9 85 1 2 8 17 0 0 0 0 1 2 8 17 0 0 0 0
69 60 86 62 24 30 181 1739 88 250 58 0 25 19.5 NA 19.5 NA 11 88 1 2 9 18 0 0 0 0 1 2 9 18 0 0 0 0
70 62 88 64 24 31 176 1748 75 259 59 0 24.5 20 NA 20 NA 13 75 2 2 8 19 0 0 0 0 2 2 8 19 0 0 0 0
71 56 89 65 24 33 183 1753 100 260 62 0 25 20 NA 20 NA 12 100 2 3 8 20 0 0 0 0 2 3 8 20 0 0 0 0
72 72 88 64 24 33 180 1760 89 266 64 0 26.5 20 NA 20 NA 5 89 1 4 8 20 0 0 0 0 1 4 8 20 0 0 0 0
73 121 85 61 24 31 173 1757 72 270 61 0 26 20 NA 20 NA 10 72 0 5 7 19 0 0 0 0 0 5 7 19 0 0 0 0
74 73 83 59 24 30 163 1764 80 278 59 0 20 19.5 NA 19.5 NA 7 80 0 7 7 16 0 0 0 0 0 7 7 16 0 0 0 0
75 69 81 56 25 31 167 1754 94 282 57 0 21 20 NA 20 NA 13 94 0 7 6 18 0 0 0 0 0 7 6 18 0 0 0 0
76 62 82 56 26 32 158 1756 85 288 56 0 21 20 NA 20 NA 5 85 0 7 7 18 0 0 0 0 0 7 7 18 0 0 0 0
77 75 83 57 26 32 154 1744 98 295 58 0 22 20 NA 20 NA 8 98 0 6 6 20 0 0 0 0 0 6 6 20 0 0 0 0
78 96 86 60 26 33 158 1755 75 291 59 0 21.5 20 NA 20 NA 12 75 0 6 7 20 0 0 0 0 0 6 7 20 0 0 0 0
79 68 88 62 26 33 158 1751 83 293 60 0 21 23 NA 23 NA 9 83 0 6 7 20 0 0 0 0 0 6 7 20 0 0 0 0
80 72 86 62 24 32 161 1756 77 293 59 0 21.5 21.5 NA 21.5 NA 12 77 0 6 4 22 0 0 0 0 0 6 4 22 0 0 0 0
81 76 87 63 24 32 157 1750 87 300 58 0 22 21.5 NA 21.5 NA 8 87 0 6 4 22 0 0 0 0 0 6 4 22 0 0 0 0
82 64 87 63 24 32 151 1744 88 302 59 0 22 21.5 NA 21.5 NA 6 88 0 6 4 22 0 0 0 0 0 6 4 22 0 0 0 0
83 78 85 61 24 30 145 1767 72 303 58 0 23 21.5 NA 21.5 NA 4 72 0 4 5 21 0 0 0 0 0 4 5 21 0 0 0 0
84 73 87 64 23 31 146 1765 83 306 58 0 22 19 NA 19 NA 10 83 0 5 7 19 0 0 0 0 0 5 7 19 0 0 0 0
85 109 86 63 23 31 152 1724 87 306 59 0 21 19 NA 19 NA 14 87 0 4 8 19 0 0 0 0 0 4 8 19 0 0 0 0
86 79 85 63 22 30 147 1735 82 310 59 0 20 19.5 NA 19.5 NA 7 82 0 3 9 18 0 0 0 0 0 3 9 18 0 0 0 0
87 62 86 64 22 31 144 1731 98 320 61 0 21 20 NA 20 NA 12 98 0 3 9 19 0 0 0 0 0 3 9 19 0 0 0 0
88 68 83 63 20 31 148 1753 74 321 61 0 22 20 NA 20 NA 11 74 0 3 9 19 0 0 0 0 0 3 9 19 0 0 0 0
89 77 82 62 20 32 146 1730 85 322 60 0 23 23.5 NA 23.5 NA 9 85 0 3 9 20 0 0 0 0 0 3 9 20 0 0 0 0
90 75 81 61 20 34 151 1744 86 323 64 0 24 23 NA 23 NA 12 86 0 4 10 20 0 0 0 0 0 4 10 20 0 0 0 0
91 79 82 63 19 34 148 1753 88 329 67 0 25 23 NA 23 NA 9 88 0 3 11 20 0 0 0 0 0 3 11 20 0 0 0 0
92 79 77 59 18 33 143 1769 63 327 63 0 26 23 NA 23 NA 5 63 0 3 12 18 0 0 0 0 0 3 12 18 0 0 0 0
93 61 75 57 18 32 144 1784 73 328 63 0 26 23 NA 23 NA 12 73 0 4 11 17 0 0 0 0 0 4 11 17 0 0 0 0
94 75 76 57 19 32 146 1784 94 326 64 0 27 23 NA 23 NA 8 94 0 3 11 18 0 0 0 0 0 3 11 18 0 0 0 0
95 75 73 54 19 31 143 1795 86 328 60 0 27 23 NA 23 NA 8 86 0 2 10 19 0 0 0 0 0 2 10 19 0 0 0 0
96 79 75 55 20 33 136 1821 74 335 64 0 27 23 NA 23 NA 10 74 0 3 9 21 0 0 0 0 0 3 9 21 0 0 0 0
97 112 77 56 21 32 139 1816 86 326 63 0 26 22 NA 22 NA 8 86 0 4 8 20 0 0 0 0 0 4 8 20 0 0 0 0
98 88 75 56 19 30 142 1788 100 324 60 0 25 20 NA 20 NA 10 100 0 3 8 19 0 0 0 0 0 3 8 19 0 0 0 0
99 76 77 56 21 30 143 1764 92 329 58 0 24 20 NA 20 NA 9 92 1 2 8 19 0 0 0 0 1 2 8 19 0 0 0 0
100 84 75 54 21 29 143 1760 101 329 56 0 25 21 NA 21 NA 9 101 1 2 8 18 0 0 0 0 1 2 8 18 0 0 0 0
101 63 78 56 22 30 144 1774 78 330 57 0 25.5 20 NA 20 NA 10 78 1 3 7 19 0 0 0 0 1 3 7 19 0 0 0 0
102 74 78 56 22 29 143 1785 69 331 56 0 25.5 19 NA 19 NA 8 69 1 3 5 20 0 0 0 0 1 3 5 20 0 0 0 0
103 82 77 55 22 28 151 1783 85 328 57 0 26 18 NA 18 NA 12 85 1 3 4 20 0 0 0 0 1 3 4 20 0 0 0 0
104 76 75 54 21 26 149 1779 86 332 53 0 26 16.5 NA 16.5 NA 9 86 1 3 4 18 0 0 0 0 1 3 4 18 0 0 0 0
105 66 78 57 21 26 154 1788 80 330 54 0 26.5 16.5 NA 16.5 NA 11 80 1 1 6 18 0 0 0 0 1 1 6 18 0 0 0 0
106 73 78 58 20 26 153 1792 91 334 55 0 27 16.5 NA 16.5 NA 11 91 1 2 5 18 0 0 0 0 1 2 5 18 0 0 0 0
107 65 80 60 20 26 154 1780 82 334 55 0 28 16.5 NA 16.5 NA 7 82 1 2 4 19 0 0 0 0 1 2 4 19 0 0 0 0
108 75 81 61 20 27 157 1762 110 336 57 0 29 16 NA 16 NA 14 110 0 3 5 19 0 0 0 0 0 3 5 19 0 0 0 0
109 83 82 61 21 30 156 1761 67 344 60 0 28 16 NA 16 NA 12 67 1 3 6 20 0 0 0 0 1 3 6 20 0 0 0 0
110 77 84 61 23 30 149 1790 72 351 60 0 28.5 16 NA 16 NA 9 72 1 3 5 21 0 0 0 0 1 3 5 21 0 0 0 0
111 70 87 64 23 32 142 1796 96 360 62 0 27 16.5 NA 16.5 NA 12 96 1 3 6 22 0 0 0 0 1 3 6 22 0 0 0 0
112 75 88 65 23 32 148 1777 93 365 60 0 26.5 19 NA 19 NA 17 93 1 3 6 22 0 0 0 0 1 3 6 22 0 0 0 0
113 62 91 68 23 32 151 1769 79 369 63 0 24 19 NA 19 NA 13 79 1 3 6 22 0 0 0 0 1 3 6 22 0 0 0 0
114 79 94 72 22 33 144 1783 72 380 63 0 23 21 NA 21 NA 10 72 1 3 7 22 0 0 0 0 1 3 7 22 0 0 0 0
115 65 96 73 23 34 145 1793 92 384 62 0 21.5 21 NA 21 NA 10 92 1 3 6 24 0 0 0 0 1 3 6 24 0 0 0 0
116 68 99 74 25 33 152 1807 84 379 64 0 20 21 NA 21 NA 10 84 1 3 6 23 0 0 0 0 1 3 6 23 0 0 0 0
117 74 99 73 26 31 157 1780 104 379 65 0 20 21 NA 21 NA 13 104 0 3 5 23 0 0 0 0 0 3 5 23 0 0 0 0
118 75 102 74 28 29 159 1788 77 374 62 0 19 21 NA 21 NA 11 77 0 3 4 22 0 0 0 0 0 3 4 22 0 0 0 0
119 78 96 70 26 29 160 1786 91 371 57 0 17.5 21 NA 21 NA 11 91 0 5 4 20 0 0 0 0 0 5 4 20 0 0 0 0
120 87 95 69 26 30 159 1759 92 372 57 0 16 19 NA 19 NA 15 92 0 6 4 20 0 0 0 0 0 6 4 20 0 0 0 0
121 96 95 69 26 28 160 1767 96 367 55 0 16 16.5 NA 16.5 NA 12 96 0 4 5 19 0 0 0 0 0 4 5 19 0 0 0 0
122 78 95 70 25 31 155 1791 62 370 55 0 16 17 NA 17 NA 5 62 1 5 5 20 0 0 0 0 1 5 5 20 0 0 0 0
123 77 94 70 24 32 156 1775 90 371 57 0 16 16.5 NA 16.5 NA 12 90 1 4 8 19 0 0 0 0 1 4 8 19 0 0 0 0
124 87 94 69 25 30 153 1784 88 369 59 0 16 16.5 NA 16.5 NA 9 88 0 5 7 18 0 0 0 0 0 5 7 18 0 0 0 0
125 81 92 68 24 30 147 1780 77 371 58 0 15.5 16 NA 16 NA 12 77 0 6 6 18 0 0 0 0 0 6 6 18 0 0 0 0
126 80 95 70 25 29 149 1777 84 372 60 0 15 16 NA 16 NA 9 84 0 5 6 18 0 0 0 0 0 5 6 18 0 0 0 0
127 66 98 73 25 29 151 1777 96 370 63 0 16 16 NA 16 NA 8 96 0 5 5 19 0 0 0 0 0 5 5 19 0 0 0 0
128 75 98 73 25 32 151 1778 78 372 64 0 17 18 NA 18 NA 11 78 0 8 5 19 0 0 0 0 0 8 5 19 0 0 0 0
129 68 97 72 25 32 160 1784 87 375 66 0 18 18 NA 18 NA 18 87 0 7 5 20 0 0 0 0 0 7 5 20 0 0 0 0
130 65 99 74 25 32 162 1801 60 384 72 0 19 18 NA 18 NA 14 60 0 6 6 20 0 0 0 0 0 6 6 20 0 0 0 0
131 69 97 72 25 31 173 1811 95 376 72 0 20 16 NA 16 NA 17 95 0 5 7 19 0 0 0 0 0 5 7 19 0 0 0 0
132 72 97 75 22 29 172 1795 96 373 72 0 20 16 NA 16 NA 10 96 0 4 8 17 0 0 0 0 0 4 8 17 0 0 0 0
133 100 96 73 23 29 169 1776 86 370 73 0 21 18 NA 18 NA 11 86 0 5 7 17 0 0 0 0 0 5 7 17 0 0 0 0
134 102 94 71 23 30 177 1764 90 363 74 0 22 20.5 NA 20.5 NA 14 90 0 5 8 17 0 0 0 0 0 5 8 17 0 0 0 0
135 64 93 72 21 29 184 1758 89 361 72 0 23 20 NA 20 NA 13 89 0 3 7 19 0 0 0 0 0 3 7 19 0 0 0 0
136 61 93 71 22 31 180 1777 74 365 72 0 23 20 NA 20 NA 8 74 0 3 9 19 0 0 0 0 0 3 9 19 0 0 0 0
137 68 92 70 22 31 170 1777 76 367 73 0 23 20 NA 20 NA 4 76 0 5 9 17 0 0 0 0 0 5 9 17 0 0 0 0
138 76 93 71 22 32 168 1763 89 370 75 0 23 20.5 NA 20.5 NA 9 89 0 5 11 16 0 0 0 0 0 5 11 16 0 0 0 0
139 61 97 75 22 34 168 1784 73 374 78 0 23 21 NA 21 NA 13 73 0 4 14 16 0 0 0 0 0 4 14 16 0 0 0 0
140 67 96 75 21 35 174 1804 66 367 77 0 23.5 20 NA 20 NA 10 66 0 5 15 15 0 0 0 0 0 5 15 15 0 0 0 0
141 75 96 77 19 33 170 1803 85 369 72 0 23 20 NA 20 NA 10 85 0 6 13 14 0 0 0 0 0 6 13 14 0 0 0 0
142 73 99 80 19 33 163 1808 75 372 72 0 22 20 NA 20 NA 9 75 0 4 14 15 0 0 0 0 0 4 14 15 0 0 0 0
143 69 103 82 21 34 161 1817 85 374 72 0 23 20 NA 20 NA 9 85 0 4 13 17 0 0 0 0 0 4 13 17 0 0 0 0
144 72 105 82 23 35 160 1812 91 379 73 0 23 20 NA 20 NA 10 91 0 3 14 18 0 0 0 0 0 3 14 18 0 0 0 0
145 90 106 83 23 33 163 1824 75 372 73 0 23 20 NA 20 NA 12 75 0 2 15 16 0 0 0 0 0 2 15 16 0 0 0 0
146 84 107 84 23 35 165 1809 94 375 71 0 22 21 NA 21 NA 16 94 0 3 17 15 0 0 0 0 0 3 17 15 0 0 0 0
147 78 108 84 24 35 164 1797 92 373 72 0 22.5 21 NA 21 NA 8 92 0 4 14 17 0 0 0 0 0 4 14 17 0 0 0 0
148 71 108 84 24 34 162 1767 94 381 73 0 23 20.5 NA 20.5 NA 12 94 0 4 12 18 0 0 0 0 0 4 12 18 0 0 0 0
149 76 111 87 24 37 151 1777 64 392 74 0 24 21 NA 21 NA 6 64 0 3 15 19 0 0 0 0 0 3 15 19 0 0 0 0
150 71 112 88 24 37 139 1770 84 402 74 0 24 20 NA 20 NA 7 84 1 3 14 19 0 0 0 0 1 3 14 19 0 0 0 0
151 76 113 89 24 39 141 1766 81 397 75 0 25 20 NA 20 NA 9 81 2 2 15 20 0 0 0 0 2 2 15 20 0 0 0 0
152 83 114 90 24 43 141 1775 93 402 76 0 25.5 21 NA 21 NA 14 93 2 3 17 21 0 0 0 0 2 3 17 21 0 0 0 0
153 81 115 92 23 42 138 1784 88 402 80 0 26 20.5 NA 20.5 NA 8 88 1 4 14 23 0 0 0 0 1 4 14 23 0 0 0 0
154 66 118 95 23 43 143 1792 87 400 84 0 25.5 21 NA 21 NA 13 87 1 4 13 25 0 0 0 0 1 4 13 25 0 0 0 0
155 70 119 94 25 43 144 1803 73 398 85 0 23 22 NA 22 NA 9 73 1 4 14 24 0 0 0 0 1 4 14 24 0 0 0 0
156 72 120 95 25 45 159 1806 92 395 88 0 23.5 22 NA 22 NA 18 92 1 4 13 27 0 0 0 0 1 4 13 27 0 0 0 0
157 87 122 95 27 44 159 1778 105 395 88 0 22 22 NA 22 NA 8 105 1 3 11 29 0 0 0 0 1 3 11 29 0 0 0 0
158 98 121 95 26 44 161 1765 98 393 88 0 23 22 NA 22 NA 16 98 1 3 11 29 0 0 0 0 1 3 11 29 0 0 0 0
159 102 121 98 23 43 157 1771 77 395 88 0 22 22 NA 22 NA 7 77 2 2 12 27 0 0 0 0 2 2 12 27 0 0 0 0
160 65 119 96 23 43 157 1773 83 401 86 0 23 21 NA 21 NA 10 83 3 2 10 28 0 0 0 0 3 2 10 28 0 0 0 0
161 71 117 95 22 43 150 1773 73 400 86 0 23 21 NA 21 NA 4 73 2 3 8 30 0 0 0 0 2 3 8 30 0 0 0 0
162 75 116 94 22 43 153 1771 90 400 86 0 23.5 20 NA 20 NA 16 90 2 5 7 29 0 0 0 0 2 5 7 29 0 0 0 0
163 71 114 93 21 41 156 1784 83 396 86 0 24 20 NA 20 NA 10 83 1 6 5 29 0 0 0 0 1 6 5 29 0 0 0 0
164 76 111 90 21 41 154 1786 89 400 85 0 24 21 NA 21 NA 7 89 1 8 5 27 0 0 0 0 1 8 5 27 0 0 0 0
165 76 110 89 21 42 155 1767 87 400 86 0 24 21 NA 21 NA 10 87 1 8 7 26 0 0 0 0 1 8 7 26 0 0 0 0
166 79 108 88 20 41 152 1743 89 403 86 0 25 21 NA 21 NA 8 89 0 5 10 26 0 0 0 0 0 5 10 26 0 0 0 0
167 93 109 90 19 46 150 1741 86 410 88 0 25 21.5 NA 21.5 NA 17 86 0 6 13 27 0 0 0 0 0 6 13 27 0 0 0 0
168 71 108 90 18 47 146 1771 71 410 87 0 26 21 NA 21 NA 9 71 0 8 11 28 0 0 0 0 0 8 11 28 0 0 0 0
169 95 109 90 19 47 152 1747 82 406 90 0 27 21 NA 21 NA 12 82 0 6 12 29 0 0 0 0 0 6 12 29 0 0 0 0
170 73 106 88 18 45 152 1750 79 403 90 0 28 20 NA 20 NA 7 79 0 6 12 27 0 0 0 0 0 6 12 27 0 0 0 0
171 84 105 85 20 44 154 1754 84 400 88 0 28 20 NA 20 NA 13 84 0 7 10 27 0 0 0 0 0 7 10 27 0 0 0 0
172 72 103 83 20 45 154 1750 90 404 87 0 29 20 NA 20 NA 13 90 0 8 10 27 0 0 0 0 0 8 10 27 0 0 0 0
173 78 102 83 19 46 155 1755 75 405 86 0 28.5 20 NA 20 NA 12 75 0 8 11 27 0 0 0 0 0 8 11 27 0 0 0 0
174 76 102 84 18 47 146 1762 81 415 85 0 28.5 20 NA 20 NA 5 81 0 7 14 26 0 0 0 0 0 7 14 26 0 0 0 0
175 74 100 80 20 46 144 1768 69 414 81 0 29 20 NA 20 NA 6 69 0 7 15 24 0 0 0 0 0 7 15 24 0 0 0 0
176 85 97 75 22 42 151 1785 86 409 78 0 27 20 NA 20 NA 16 86 0 7 15 20 0 0 0 0 0 7 15 20 0 0 0 0
177 85 95 73 22 47 149 1788 72 405 78 0 30 21 NA 21 NA 9 72 0 7 14 26 0 0 0 0 0 7 14 26 0 0 0 0
178 84 93 73 20 46 149 1768 96 404 76 0 29 20.5 NA 20.5 NA 11 96 0 6 13 27 0 0 0 0 0 6 13 27 0 0 0 0
179 84 91 71 20 44 151 1739 82 400 75 0 29 20 NA 20 NA 11 82 0 5 12 27 0 0 0 0 0 5 12 27 0 0 0 0
180 77 96 75 21 44 154 1732 86 398 76 0 28.5 20 NA 20 NA 12 86 0 3 14 27 0 0 0 0 0 3 14 27 0 0 0 0
181 111 93 68 25 41 156 1702 78 387 68 0 27 21 NA 21 NA 10 78 0 1 15 25 0 0 0 0 0 1 15 25 0 0 0 0
182 63 90 66 24 39 156 1711 80 386 66 0 28 20 NA 20 NA 10 80 0 1 12 26 0 0 0 0 0 1 12 26 0 0 0 0
183 88 88 65 23 38 162 1718 71 390 66 0 29 20.5 NA 20.5 NA 17 71 0 1 11 26 0 0 0 0 0 1 11 26 0 0 0 0
184 90 88 66 22 39 162 1714 75 392 65 0 30 21 NA 21 NA 9 75 0 1 12 26 0 0 0 0 0 1 12 26 0 0 0 0
185 77 88 65 23 40 160 1724 73 398 66 0 31 21.5 NA 21.5 NA 13 73 0 1 11 28 0 0 0 0 0 1 11 28 0 0 0 0
186 69 87 63 24 40 159 1731 70 397 65 0 31 20.5 NA 20.5 NA 7 70 1 1 10 28 0 0 0 0 1 1 10 28 0 0 0 0
187 77 88 64 24 39 159 1742 69 401 64 0 30.5 20 NA 20 NA 8 69 1 1 8 29 0 0 0 0 1 1 8 29 0 0 0 0
188 69 87 63 24 37 162 1759 87 392 64 0 31 20 NA 20 NA 9 87 0 1 9 27 0 0 0 0 0 1 9 27 0 0 0 0
189 83 87 63 24 36 162 1770 84 393 63 0 32 20.5 NA 20.5 NA 10 84 0 1 8 27 0 0 0 0 0 1 8 27 0 0 0 0
190 90 86 61 25 32 167 1757 80 382 61 0 27.5 20.5 NA 20.5 NA 11 80 0 1 7 24 0 0 0 0 0 1 7 24 0 0 0 0
191 81 88 64 24 33 166 1770 82 384 61 0 26.5 22 NA 22 NA 8 82 0 2 6 25 0 0 0 0 0 2 6 25 0 0 0 0
192 73 85 62 23 31 163 1737 91 386 64 0 27 23 NA 23 NA 7 91 0 1 6 24 0 0 0 0 0 1 6 24 0 0 0 0
193 104 83 62 21 29 161 1758 59 375 65 0 26 24 NA 24 NA 7 59 0 1 3 25 0 0 0 0 0 1 3 25 0 0 0 0
194 71 83 61 22 29 159 1769 82 380 64 0 26 25 NA 25 NA 9 82 0 1 4 24 0 0 0 0 0 1 4 24 0 0 0 0
195 66 84 62 22 29 162 1780 79 378 65 0 27 25 NA 25 NA 12 79 0 1 4 24 0 0 0 0 0 1 4 24 0 0 0 0
196 69 82 61 21 27 159 1778 77 374 62 0 25.5 25 NA 25 NA 7 77 0 1 3 23 0 0 0 0 0 1 3 23 0 0 0 0
197 78 83 63 20 28 156 1753 99 375 61 0 24 25 NA 25 NA 8 99 0 1 4 23 0 0 0 0 0 1 4 23 0 0 0 0
198 67 85 65 20 29 158 1730 87 376 62 0 22 25 NA 25 NA 13 87 0 2 4 23 0 0 0 0 0 2 4 23 0 0 0 0
199 87 84 64 20 29 164 1733 78 372 63 0 22 25 NA 25 NA 13 78 0 3 3 23 0 0 0 0 0 3 3 23 0 0 0 0
200 66 81 60 21 27 169 1766 72 368 61 0 22 24 NA 24 NA 10 72 0 3 4 20 0 0 0 0 0 3 4 20 0 0 0 0
201 79 80 60 20 26 169 1770 79 367 59 0 21.5 23.5 NA 23.5 NA 10 79 0 3 3 20 0 0 0 0 0 3 3 20 0 0 0 0
202 84 81 61 20 27 171 1803 78 369 61 0 22 23 NA 23 NA 12 78 0 4 3 20 0 0 0 0 0 4 3 20 0 0 0 0
203 80 84 60 24 26 177 1799 101 369 61 0 23 22.5 NA 22.5 NA 13 101 0 5 2 19 0 0 0 0 0 5 2 19 0 0 0 0
204 71 85 60 25 27 179 1814 84 366 61 0 24 23 NA 23 NA 7 84 0 3 4 20 0 0 0 0 0 3 4 20 0 0 0 0
205 69 82 58 24 27 179 1841 68 365 60 0 24.5 22 NA 22 NA 10 68 0 3 7 17 0 0 0 0 0 3 7 17 0 0 0 0
206 75 82 58 24 28 173 1850 81 366 61 0 25 22 NA 22 NA 7 81 0 3 8 17 0 0 0 0 0 3 8 17 0 0 0 0
207 67 81 57 24 26 177 1871 89 365 59 0 26 21 NA 21 NA 16 89 0 3 6 17 0 0 0 0 0 3 6 17 0 0 0 0
208 84 82 57 25 27 180 1853 92 365 59 0 26 22 NA 22 NA 13 92 0 3 7 17 0 0 0 0 0 3 7 17 0 0 0 0
209 57 81 56 25 29 172 1864 87 374 60 0 26 22 NA 22 NA 10 87 0 4 8 17 0 0 0 0 0 4 8 17 0 0 0 0
210 74 82 57 25 31 175 1846 80 371 62 0 26.5 22 NA 22 NA 12 80 0 4 9 18 0 0 0 0 0 4 9 18 0 0 0 0
211 65 83 57 26 33 185 1839 86 370 64 0 27 22 NA 22 NA 17 86 0 4 10 19 0 0 0 0 0 4 10 19 0 0 0 0
212 90 84 58 26 33 184 1823 85 373 64 0 27 22 NA 22 NA 10 85 0 4 8 21 0 0 0 0 0 4 8 21 0 0 0 0
213 90 85 59 26 35 188 1795 98 368 66 0 27 22 NA 22 NA 13 98 0 5 10 20 0 0 0 0 0 5 10 20 0 0 0 0
214 69 85 60 25 35 186 1787 81 371 65 0 27 20 NA 20 NA 9 81 0 5 11 19 0 0 0 0 0 5 11 19 0 0 0 0
215 77 86 62 24 36 181 1786 78 377 68 0 25.5 21 NA 21 NA 10 78 0 4 13 19 0 0 0 0 0 4 13 19 0 0 0 0
216 60 84 61 23 33 187 1784 89 368 66 0 25.5 20 NA 20 NA 10 89 0 4 11 18 0 0 0 0 0 4 11 18 0 0 0 0
217 81 86 59 27 35 178 1782 82 377 63 0 23.5 20 NA 20 NA 8 82 0 5 8 22 0 0 0 0 0 5 8 22 0 0 0 0
218 88 85 58 27 34 175 1768 80 382 62 0 25 21 NA 21 NA 11 80 0 3 9 22 0 0 0 0 0 3 9 22 0 0 0 0
219 77 85 59 26 33 175 1782 79 382 62 0 25 19 NA 19 NA 9 79 0 4 8 21 0 0 0 0 0 4 8 21 0 0 0 0
220 56 85 58 27 35 175 1778 77 389 62 0 24 19 NA 19 NA 12 77 0 5 7 23 0 0 0 0 0 5 7 23 0 0 0 0
221 85 88 61 27 34 165 1770 86 397 62 0 23 19.5 NA 19.5 NA 10 86 0 4 8 22 0 0 0 0 0 4 8 22 0 0 0 0
222 59 90 64 26 35 160 1756 85 400 62 0 22.5 22 NA 22 NA 6 85 0 2 10 23 0 0 0 0 0 2 10 23 0 0 0 0
223 69 93 68 25 35 159 1762 82 400 61 0 22 22 NA 22 NA 10 82 0 2 9 24 0 0 0 0 0 2 9 24 0 0 0 0
224 68 92 68 24 35 161 1785 72 398 62 0 23 22 NA 22 NA 8 72 0 2 8 25 0 0 0 0 0 2 8 25 0 0 0 0
225 69 92 69 23 34 160 1800 71 398 62 0 22 22 NA 22 NA 7 71 0 1 9 24 0 0 0 0 0 1 9 24 0 0 0 0
226 81 90 66 24 32 166 1785 92 394 62 0 23 22 NA 22 NA 11 92 0 1 8 23 0 0 0 0 0 1 8 23 0 0 0 0
227 92 91 67 24 31 167 1777 92 389 64 0 24 22 NA 22 NA 6 92 0 0 8 23 0 0 0 0 0 0 8 23 0 0 0 0
228 79 92 68 24 32 162 1773 86 383 64 0 25 22 NA 22 NA 9 86 0 0 9 23 0 0 0 0 0 0 9 23 0 0 0 0
229 67 93 70 23 33 161 1784 83 386 65 0 23 22 NA 22 NA 9 83 1 0 9 23 0 0 0 0 1 0 9 23 0 0 0 0
230 81 92 69 23 33 159 1784 83 387 65 0 23.5 22 NA 22 NA 6 83 1 0 8 24 0 0 0 0 1 0 8 24 0 0 0 0
231 82 94 71 23 33 157 1771 83 386 64 0 22.5 19 NA 19 NA 9 83 1 2 7 23 0 0 0 0 1 2 7 23 0 0 0 0
232 74 99 76 23 34 164 1786 59 383 65 0 21 20.5 NA 20.5 NA 12 59 1 2 8 23 0 0 0 0 1 2 8 23 0 0 0 0
233 88 99 75 24 35 167 1765 87 379 69 0 22 19 NA 19 NA 10 87 2 2 7 24 0 0 0 0 2 2 7 24 0 0 0 0
234 62 103 78 25 36 172 1784 76 375 70 0 20 19 NA 19 NA 14 76 2 4 5 25 0 0 0 0 2 4 5 25 0 0 0 0
235 75 107 81 26 37 169 1803 85 375 74 0 20 19 NA 19 NA 10 85 1 6 5 25 0 0 0 0 1 6 5 25 0 0 0 0
236 72 107 78 29 38 171 1810 69 373 71 0 19 19 NA 19 NA 10 69 1 7 5 25 0 0 0 0 1 7 5 25 0 0 0 0
237 83 104 78 26 37 175 1795 79 365 69 0 20 19 NA 19 NA 10 79 0 9 4 24 0 0 0 0 0 9 4 24 0 0 0 0
238 88 101 76 25 35 173 1813 82 357 64 0 19 19 NA 19 NA 11 82 1 9 4 21 0 0 0 0 1 9 4 21 0 0 0 0
239 79 101 77 24 33 176 1807 83 358 65 0 18 19 NA 19 NA 13 83 1 7 3 22 0 0 0 0 1 7 3 22 0 0 0 0
240 79 104 80 24 33 189 1788 93 355 67 0 19 19 NA 19 NA 20 93 1 7 3 22 0 0 0 0 1 7 3 22 0 0 0 0
241 73 104 80 24 31 190 1778 94 361 68 0 19 19 NA 19 NA 13 94 1 3 6 21 0 0 0 0 1 3 6 21 0 0 0 0
242 83 104 79 25 32 189 1760 95 362 65 0 19 19 NA 19 NA 16 95 0 5 6 21 0 0 0 0 0 5 6 21 0 0 0 0
243 71 106 82 24 31 185 1782 95 363 68 0 19 19 NA 19 NA 4 95 0 4 7 20 0 0 0 0 0 4 7 20 0 0 0 0
244 80 105 79 26 33 180 1776 75 362 71 0 19 19 NA 19 NA 10 75 0 4 10 19 0 0 0 0 0 4 10 19 0 0 0 0
245 77 102 77 25 33 179 1771 88 362 66 0 18 19 NA 19 NA 13 88 1 5 10 17 0 0 0 0 1 5 10 17 0 0 0 0
246 65 100 76 24 32 176 1788 71 365 69 0 19 19 NA 19 NA 12 71 0 5 10 17 0 0 0 0 0 5 10 17 0 0 0 0
247 57 100 76 24 35 170 1788 88 370 71 0 20 19 NA 19 NA 8 88 1 3 12 19 0 0 0 0 1 3 12 19 0 0 0 0
248 82 101 77 24 37 171 1783 87 371 73 0 20 19 NA 19 NA 11 87 1 4 11 21 0 0 0 0 1 4 11 21 0 0 0 0
249 84 99 75 24 35 168 1789 76 367 70 0 21 19 NA 19 NA 5 76 1 3 10 21 0 0 0 0 1 3 10 21 0 0 0 0
250 65 99 74 25 36 172 1785 93 374 72 0 21 19 NA 19 NA 17 93 1 4 9 22 0 0 0 0 1 4 9 22 0 0 0 0
251 66 102 78 24 37 165 1804 78 373 74 0 19.5 19 NA 19 NA 9 78 2 5 9 21 0 0 0 0 2 5 9 21 0 0 0 0
252 79 100 77 23 37 166 1800 80 369 72 0 20 19 NA 19 NA 12 80 1 5 11 20 0 0 0 0 1 5 11 20 0 0 0 0
253 75 102 79 23 37 162 1799 91 375 72 0 20 19 NA 19 NA 8 91 1 5 9 22 0 0 0 0 1 5 9 22 0 0 0 0
254 81 100 78 22 34 160 1782 75 370 72 0 20 18 NA 18 NA 8 75 1 5 9 19 0 0 0 0 1 5 9 19 0 0 0 0
255 68 100 78 22 35 160 1772 85 377 74 0 21 18 NA 18 NA 13 85 1 6 8 20 0 0 0 0 1 6 8 20 0 0 0 0
256 65 98 76 22 35 159 1777 76 381 73 0 22 19 NA 19 NA 7 76 1 5 9 20 0 0 0 0 1 5 9 20 0 0 0 0
257 85 101 80 21 34 157 1774 81 380 74 0 22 18.5 NA 18.5 NA 10 81 1 5 9 19 0 0 0 0 1 5 9 19 0 0 0 0
258 66 103 82 21 33 159 1777 83 379 74 0 22 19 NA 19 NA 11 83 1 3 11 18 0 0 0 0 1 3 11 18 0 0 0 0
259 81 102 82 20 31 161 1801 65 379 70 0 21 19 NA 19 NA 11 65 1 3 9 18 0 0 0 0 1 3 9 18 0 0 0 0
260 74 102 82 20 33 165 1806 89 380 72 0 22 19 NA 19 NA 11 89 1 3 11 18 0 0 0 0 1 3 11 18 0 0 0 0
261 73 105 84 21 34 165 1808 95 380 72 0 22 19 NA 19 NA 12 95 1 4 10 19 0 0 0 0 1 4 10 19 0 0 0 0
262 60 105 83 22 35 162 1809 88 380 71 0 22 19 NA 19 NA 8 88 1 5 11 18 0 0 0 0 1 5 11 18 0 0 0 0
263 72 106 84 22 36 162 1803 89 383 74 0 22.5 19 NA 19 NA 9 89 0 6 10 20 0 0 0 0 0 6 10 20 0 0 0 0
264 82 103 84 19 35 167 1785 83 383 72 0 22 21 NA 21 NA 13 83 0 5 10 20 0 0 0 0 0 5 10 20 0 0 0 0
265 85 103 86 17 37 167 1798 80 388 73 0 23 21 NA 21 NA 10 80 0 6 11 20 0 0 0 0 0 6 11 20 0 0 0 0
266 74 102 86 16 35 162 1812 79 390 72 0 23 21 NA 21 NA 6 79 0 4 11 20 0 0 0 0 0 4 11 20 0 0 0 0
267 70 104 87 17 36 169 1804 84 389 73 0 23.5 21.5 NA 21.5 NA 12 84 0 3 13 20 0 0 0 0 0 3 13 20 0 0 0 0
268 65 103 85 18 34 172 1807 88 388 70 0 23 21.5 NA 21.5 NA 14 88 0 2 12 20 0 0 0 0 0 2 12 20 0 0 0 0
269 71 102 84 18 32 172 1822 77 383 72 0 19.5 22 NA 22 NA 7 77 0 2 12 18 0 0 0 0 0 2 12 18 0 0 0 0
270 67 104 85 19 31 172 1813 86 385 73 0 19 22 NA 22 NA 13 86 0 2 10 19 0 0 0 0 0 2 10 19 0 0 0 0
271 79 105 83 22 29 180 1810 92 383 71 0 19 22 NA 22 NA 12 92 0 2 8 19 0 0 0 0 0 2 8 19 0 0 0 0
272 74 108 87 21 30 184 1820 78 376 71 0 19 20.5 NA 20.5 NA 12 78 1 3 7 19 0 0 0 0 1 3 7 19 0 0 0 0
273 69 104 83 21 32 178 1822 75 382 70 0 20 19.5 NA 19.5 NA 9 75 1 4 8 19 0 0 0 0 1 4 8 19 0 0 0 0
274 85 106 85 21 33 176 1819 85 387 71 0 20 19 NA 19 NA 12 85 1 5 8 19 0 0 0 0 1 5 8 19 0 0 0 0
275 84 105 84 21 32 180 1786 104 382 71 0 20 19 NA 19 NA 13 104 1 4 7 20 0 0 0 0 1 4 7 20 0 0 0 0
276 68 108 86 22 33 178 1779 87 387 72 0 19 19 NA 19 NA 9 87 2 4 5 22 0 0 0 0 2 4 5 22 0 0 0 0
277 62 108 87 21 34 175 1789 82 386 73 0 20 18.5 NA 18.5 NA 8 82 2 4 5 23 0 0 0 0 2 4 5 23 0 0 0 0
278 86 106 85 21 33 185 1790 83 382 73 0 21 18 NA 18 NA 16 83 1 5 4 23 0 0 0 0 1 5 4 23 0 0 0 0
279 64 105 83 22 35 184 1773 96 388 71 0 21 19 NA 19 NA 15 96 2 5 6 22 0 0 0 0 2 5 6 22 0 0 0 0
280 76 102 81 21 33 188 1777 74 383 70 0 21.5 19 NA 19 NA 9 74 2 5 5 21 0 0 0 0 2 5 5 21 0 0 0 0
281 79 105 83 22 33 188 1767 86 383 71 0 22 19 NA 19 NA 11 86 2 3 7 21 0 0 0 0 2 3 7 21 0 0 0 0
282 68 110 85 25 35 186 1772 76 383 74 0 21 20 NA 20 NA 8 76 2 3 8 22 0 0 0 0 2 3 8 22 0 0 0 0
283 71 112 87 25 36 180 1782 63 388 79 0 21.5 22 NA 22 NA 9 63 2 1 10 23 0 0 0 0 2 1 10 23 0 0 0 0
284 66 115 89 26 40 173 1769 85 391 82 0 22 23.5 NA 23.5 NA 7 85 1 4 12 23 0 0 0 0 1 4 12 23 0 0 0 0
285 72 115 89 26 40 174 1795 88 392 80 0 22 23.5 NA 23.5 NA 11 88 2 3 13 22 0 0 0 0 2 3 13 22 0 0 0 0
286 75 116 89 27 41 172 1813 65 388 82 0 21.5 23 NA 23 NA 7 65 3 4 13 21 0 0 0 0 3 4 13 21 0 0 0 0
287 75 116 90 26 43 169 1795 96 392 83 0 21.5 24 NA 24 NA 11 96 2 5 13 23 0 0 0 0 2 5 13 23 0 0 0 0
288 72 115 90 25 46 165 1796 72 402 82 0 20 25 NA 25 NA 11 72 1 7 13 25 0 0 0 0 1 7 13 25 0 0 0 0
289 73 115 89 26 47 158 1786 81 406 83 0 21 24 NA 24 NA 7 81 1 7 11 28 0 0 0 0 1 7 11 28 0 0 0 0
290 79 114 88 26 44 152 1798 71 407 80 0 21 24 NA 24 NA 7 71 1 6 10 27 0 0 0 0 1 6 10 27 0 0 0 0
291 70 113 87 26 44 151 1786 84 408 82 0 22 24 NA 24 NA 7 84 0 8 10 26 0 0 0 0 0 8 10 26 0 0 0 0
292 74 114 87 27 43 156 1774 97 405 82 0 22 24 NA 24 NA 14 97 0 8 10 25 0 0 0 0 0 8 10 25 0 0 0 0
293 73 112 86 26 42 156 1799 67 407 86 0 23 24 NA 24 NA 9 67 0 7 9 26 0 0 0 0 0 7 9 26 0 0 0 0
294 77 114 88 26 43 159 1795 87 408 87 0 23.5 24 NA 24 NA 13 87 0 6 9 28 0 0 0 0 0 6 9 28 0 0 0 0
295 67 112 86 26 42 158 1809 76 405 87 0 24.5 24 NA 24 NA 9 76 0 4 8 30 0 0 0 0 0 4 8 30 0 0 0 0
296 83 109 84 25 41 159 1806 78 403 86 0 25 24 NA 24 NA 14 78 0 4 9 28 0 0 0 0 0 4 9 28 0 0 0 0
297 88 112 87 25 41 157 1846 71 404 87 0 26 24 NA 24 NA 7 71 0 5 8 28 0 0 0 0 0 5 8 28 0 0 0 0
298 76 113 88 25 43 159 1852 81 402 90 0 27 24 NA 24 NA 10 81 0 6 9 28 0 0 0 0 0 6 9 28 0 0 0 0
299 63 114 86 28 46 163 1849 102 401 91 0 27.5 24 NA 24 NA 15 102 0 6 11 29 0 0 0 0 0 6 11 29 0 0 0 0
300 77 115 87 28 47 164 1831 90 397 94 0 28 24 NA 24 NA 11 90 0 5 12 30 0 0 0 0 0 5 12 30 0 0 0 0
301 82 119 91 28 46 166 1823 99 394 92 0 26 24 NA 24 NA 12 99 0 6 11 29 0 0 0 0 0 6 11 29 0 0 0 0
302 85 121 92 29 46 168 1844 76 394 93 0 27 24 NA 24 NA 14 76 0 6 11 29 0 0 0 0 0 6 11 29 0 0 0 0
303 80 123 94 29 47 169 1847 93 394 91 0 27 24 NA 24 NA 10 93 0 6 12 29 0 0 0 0 0 6 12 29 0 0 0 0
304 68 121 93 28 48 173 1851 83 389 89 0 27 26 NA 26 NA 11 83 0 6 12 30 0 0 0 0 0 6 12 30 0 0 0 0
305 82 122 94 28 51 167 1843 77 398 87 0 26 26 NA 26 NA 12 77 0 7 11 33 0 0 0 0 0 7 11 33 0 0 0 0
306 78 120 93 27 52 164 1847 67 395 85 0 25.5 25 NA 25 NA 7 67 1 8 8 35 0 0 0 0 1 8 8 35 0 0 0 0
307 81 121 93 28 52 162 1852 90 397 85 0 26 25 NA 25 NA 10 90 1 7 7 37 0 0 0 0 1 7 7 37 0 0 0 0
308 75 121 93 28 50 166 1820 86 393 83 0 26 26 NA 26 NA 13 86 1 6 7 36 0 0 0 0 1 6 7 36 0 0 0 0
309 81 120 93 27 50 161 1808 87 390 83 0 26 26 NA 26 NA 9 87 1 6 7 36 0 0 0 0 1 6 7 36 0 0 0 0
310 67 120 90 30 48 158 1809 73 390 82 0 26 26 NA 26 NA 8 73 1 5 7 35 0 0 0 0 1 5 7 35 0 0 0 0
311 83 121 89 32 49 157 1791 98 390 83 0 25 26 NA 26 NA 8 98 1 4 8 36 0 0 0 0 1 4 8 36 0 0 0 0
312 75 118 87 31 50 160 1794 77 384 84 0 26 26.5 NA 26.5 NA 10 77 0 4 8 38 0 0 0 0 0 4 8 38 0 0 0 0
313 86 114 83 31 49 162 1789 75 380 86 0 26 26 NA 26 NA 15 75 0 4 9 36 0 0 0 0 0 4 9 36 0 0 0 0
314 81 112 83 29 50 166 1773 84 383 88 0 26.5 25 NA 25 NA 17 84 0 6 9 35 0 0 0 0 0 6 9 35 0 0 0 0
315 91 107 79 28 49 165 1768 78 383 86 0 26 24 NA 24 NA 15 78 0 8 8 33 0 0 0 0 0 8 8 33 0 0 0 0
316 70 107 78 29 47 160 1792 71 388 86 0 26 22 NA 22 NA 7 71 0 6 10 31 0 0 0 0 0 6 10 31 0 0 0 0
317 82 106 78 28 49 157 1796 77 395 88 0 26 18 NA 18 NA 11 77 0 8 9 32 0 0 0 0 0 8 9 32 0 0 0 0
318 78 105 77 28 48 151 1798 78 399 88 0 26 20 NA 20 NA 5 78 0 7 9 32 0 0 0 0 0 7 9 32 0 0 0 0
319 66 104 76 28 45 147 1811 101 402 87 0 25 18 NA 18 NA 5 101 0 7 8 30 0 0 0 0 0 7 8 30 0 0 0 0
320 84 103 77 26 42 149 1809 82 395 85 0 23 17.5 NA 17.5 NA 11 82 0 8 5 29 0 0 0 0 0 8 5 29 0 0 0 0
321 92 106 81 25 42 148 1784 90 390 85 0 22 18 NA 18 NA 12 90 0 8 5 29 0 0 0 0 0 8 5 29 0 0 0 0
322 103 105 81 24 42 151 1770 77 389 85 0 22 18 NA 18 NA 13 77 0 8 5 29 0 0 0 0 0 8 5 29 0 0 0 0
323 83 108 84 24 43 152 1763 90 388 86 0 22.5 18 NA 18 NA 12 90 0 6 8 29 0 0 0 0 0 6 8 29 0 0 0 0
324 75 109 85 24 44 158 1756 77 388 86 0 23 18 NA 18 NA 11 77 0 5 9 30 0 0 0 0 0 5 9 30 0 0 0 0
325 86 110 86 24 45 161 1753 62 384 85 0 24 18 NA 18 NA 12 62 0 4 11 30 0 0 0 0 0 4 11 30 0 0 0 0
326 73 107 85 22 44 163 1754 93 386 83 0 25 19 NA 19 NA 10 93 0 4 11 29 0 0 0 0 0 4 11 29 0 0 0 0
327 77 109 88 21 45 171 1750 90 388 83 0 26 20 NA 20 NA 16 90 0 3 14 28 0 0 0 0 0 3 14 28 0 0 0 0
328 83 110 91 19 44 169 1746 81 388 81 0 26 20 NA 20 NA 11 81 0 3 12 29 0 0 0 0 0 3 12 29 0 0 0 0
329 81 114 92 22 44 170 1740 80 385 79 0 26 20 NA 20 NA 12 80 0 1 15 28 0 0 0 0 0 1 15 28 0 0 0 0
330 89 114 90 24 42 171 1745 83 386 77 0 26.5 19 NA 19 NA 16 83 0 1 14 27 0 0 0 0 0 1 14 27 0 0 0 0
331 104 117 92 25 43 174 1726 85 386 78 0 26 20 NA 20 NA 14 85 0 0 15 28 0 0 0 0 0 0 15 28 0 0 0 0
332 79 113 89 24 44 173 1698 91 393 79 0 27 20 NA 20 NA 12 91 0 1 16 27 0 0 0 0 0 1 16 27 0 0 0 0
333 78 118 95 23 45 171 1709 85 396 83 0 27 20 NA 20 NA 9 85 1 2 12 30 0 0 0 0 1 2 12 30 0 0 0 0
334 77 117 94 23 45 166 1707 88 399 83 0 27 20 NA 20 NA 8 88 1 3 12 29 0 0 0 0 1 3 12 29 0 0 0 0
335 75 118 95 23 46 163 1732 70 404 85 0 27.5 20 NA 20 NA 7 70 1 4 12 29 0 0 0 0 1 4 12 29 0 0 0 0
336 68 122 100 22 46 156 1722 81 404 84 0 27.5 20 NA 20 NA 7 81 2 3 12 29 0 0 0 0 2 3 12 29 0 0 0 0
337 87 123 101 22 46 154 1750 81 398 84 0 27 20 NA 20 NA 7 81 2 3 9 32 0 0 0 0 2 3 9 32 0 0 0 0
338 81 124 103 21 48 153 1732 94 393 82 0 23.5 20 NA 20 NA 14 94 3 3 8 34 0 0 0 0 3 3 8 34 0 0 0 0
339 62 122 100 22 47 151 1738 84 396 82 0 23.5 20 NA 20 NA 9 84 3 4 7 33 0 0 0 0 3 4 7 33 0 0 0 0
340 85 119 96 23 44 155 1750 83 390 82 0 21 20 NA 20 NA 9 83 1 6 6 31 0 0 0 0 1 6 6 31 0 0 0 0
341 83 119 96 23 44 156 1741 81 389 84 0 21 20 NA 20 NA 13 81 0 8 4 32 0 0 0 0 0 8 4 32 0 0 0 0
342 79 116 94 22 43 156 1730 86 388 85 0 22 20 NA 20 NA 9 86 0 7 5 31 0 0 0 0 0 7 5 31 0 0 0 0
343 74 115 93 22 45 162 1749 70 387 86 0 23 20 NA 20 NA 15 70 0 7 6 32 0 0 0 0 0 7 6 32 0 0 0 0
344 70 116 96 20 44 159 1749 84 388 84 0 23 20 NA 20 NA 7 84 0 6 5 33 0 0 0 0 0 6 5 33 0 0 0 0
345 66 119 98 21 48 160 1749 86 390 86 0 24 20 NA 20 NA 15 86 0 8 6 34 0 0 0 0 0 8 6 34 0 0 0 0
346 76 117 97 20 47 163 1764 85 390 83 0 23 20 NA 20 NA 10 85 0 8 7 32 0 0 0 0 0 8 7 32 0 0 0 0
347 67 114 95 19 47 165 1773 80 392 82 0 24 20 NA 20 NA 14 80 0 7 8 32 0 0 0 0 0 7 8 32 0 0 0 0
348 78 115 97 18 49 170 1770 84 395 88 0 25 20 NA 20 NA 12 84 0 8 9 32 0 0 0 0 0 8 9 32 0 0 0 0
349 80 119 102 17 51 168 1750 70 393 89 0 22 20 NA 20 NA 9 70 0 8 11 32 0 0 0 0 0 8 11 32 0 0 0 0
350 87 115 99 16 51 172 1744 76 393 89 0 23 20 NA 20 NA 17 76 0 8 10 33 0 0 0 0 0 8 10 33 0 0 0 0
351 85 112 96 16 50 168 1777 76 393 87 0 23.5 20 NA 20 NA 6 76 0 9 10 31 0 0 0 0 0 9 10 31 0 0 0 0
352 76 112 95 17 48 171 1786 105 391 86 0 24 20 NA 20 NA 13 105 0 6 13 29 0 0 0 0 0 6 13 29 0 0 0 0
353 83 114 97 17 50 170 1776 81 394 88 0 24 20 NA 20 NA 12 81 1 4 15 30 0 0 0 0 1 4 15 30 0 0 0 0
354 79 112 94 18 51 169 1767 73 398 86 0 25 20 NA 20 NA 13 73 1 5 15 30 0 0 0 0 1 5 15 30 0 0 0 0
355 75 115 98 17 51 169 1753 90 400 87 0 26 20 NA 20 NA 9 90 1 4 15 31 0 0 0 0 1 4 15 31 0 0 0 0
356 75 117 96 21 51 167 1737 92 398 87 0 26 20 NA 20 NA 7 92 1 4 14 32 0 0 0 0 1 4 14 32 0 0 0 0
357 64 118 98 20 51 169 1773 77 398 90 0 26 21 NA 21 NA 10 77 0 3 15 33 0 0 0 0 0 3 15 33 0 0 0 0
358 80 118 98 20 52 163 1772 83 404 89 0 27 20.5 NA 20.5 NA 11 83 1 4 12 35 0 0 0 0 1 4 12 35 0 0 0 0
359 64 116 96 20 52 163 1777 93 407 87 0 27 20 NA 20 NA 10 93 2 4 9 37 0 0 0 0 2 4 9 37 0 0 0 0
360 75 114 94 20 50 167 1786 90 402 84 0 26.5 20 NA 20 NA 13 90 1 4 10 35 0 0 0 0 1 4 10 35 0 0 0 0
