1 72 6 5 1 0 4 199 8 0 0 0 0 NA NA NA NA 4 8 0 0 0 0 0 0 0 0 0 0 0 0 0 0 0 0
2 63 7 5 2 0 8 362 16 0 0 0 1 NA NA NA NA 4 16 0 0 0 0 0 0 0 0 0 0 0 0 0 0 0 0
3 53 7 5 2 0 10 519 26 0 0 0 2 NA NA NA NA 2 26 0 0 0 0 0 0 0 0 0 0 0 0 0 0 0 0
4 58 13 10 3 0 11 651 34 1 0 0 2 NA NA NA NA 2 34 0 0 0 0 0 0 0 0 0 0 0 0 0 0 0 0
5 56 17 12 5 0 15 793 48 1 0 0 1 NA NA NA NA 4 48 0 0 0 0 0 0 0 0 0 0 0 0 0 0 0 0
6 70 17 12 5 0 18 907 49 3 0 0 2 NA NA NA NA 5 49 0 0 0 0 0 0 0 0 0 0 0 0 0 0 0 0
7 60 22 16 6 0 23 1009 53 4 0 0 3 NA NA NA NA 7 53 0 0 0 0 0 0 0 0 0 0 0 0 0 0 0 0
8 63 22 16 6 0 27 1094 55 4 0 0 4 NA NA NA NA 4 55 0 0 0 0 0 0 0 0 0 0 0 0 0 0 0 0
9 56 25 19 6 0 36 1171 59 5 0 0 5 NA NA NA NA 11 59 0 0 0 0 0 0 0 0 0 0 0 0 0 0 0 0
10 63 25 19 6 0 44 1202 61 5 0 0 6 NA NA NA NA 10 61 0 0 0 0 0 0 0 0 0 0 0 0 0 0 0 0
11 53 28 20 8 0 49 1254 69 8 0 0 6 NA NA NA NA 9 69 0 0 0 0 0 0 0 0 0 0 0 0 0 0 0 0
12 61 29 21 8 0 54 1296 71 10 0 0 7 NA NA NA NA 9 71 0 0 0 0 0 0 0 0 0 0 0 0 0 0 0 0
13 224 28 20 8 0 51 1324 69 16 5 0 8 NA NA NA NA 5 69 0 0 0 0 0 0 0 0 0 0 0 0 0 0 0 0
14 70 35 21 14 0 55 1386 66 20 6 0 7 NA NA NA NA 9 66 0 0 0 0 0 0 0 0 0 0 0 0 0 0 0 0
15 67 37 23 14 0 63 1430 75 20 6 0 8 NA NA NA NA 9 75 0 0 0 0 0 0 0 0 0 0 0 0 0 0 0 0
16 56 40 26 14 0 72 1470 63 23 12 0 9 NA NA NA NA 13 63 0 0 0 0 0 0 0 0 0 0 0 0 0 0 0 0
17 55 39 26 13 0 76 1510 78 26 16 0 10 NA NA NA NA 7 78 0 0 0 0 0 0 0 0 0 0 0 0 0 0 0 0
18 69 40 27 13 0 81 1550 79 32 16 0 11 NA NA NA NA 13 79 0 0 0 0 0 0 0 0 0 0 0 0 0 0 0 0
19 63 39 26 13 0 87 1579 83 33 21 0 12 NA NA NA NA 11 83 0 0 0 0 0 0 0 0 0 0 0 0 0 0 0 0
20 49 40 27 13 1 90 1610 93 38 21 0 13 15 NA 15 NA 9 93 0 1 0 0 0 0 0 0 0 1 0 0 0 0 0 0
21 53 44 30 14 2 95 1669 64 42 24 0 12 16 NA 16 NA 10 64 0 2 0 0 0 0 0 0 0 2 0 0 0 0 0 0
22 71 45 30 15 3 100 1699 81 46 24 0 13 15 NA 15 NA 11 81 0 3 0 0 0 0 0 0 0 3 0 0 0 0 0 0
23 56 46 29 17 4 109 1718 79 50 26 0 14 15 NA 15 NA 14 79 1 3 0 0 0 0 0 0 1 3 0 0 0 0 0 0
24 68 46 30 16 6 113 1753 88 53 25 0 15 16 NA 16 NA 9 88 1 5 0 0 0 0 0 0 1 5 0 0 0 0 0 0
25 179 50 35 15 7 114 1716 82 57 24 0 11 17 NA 17 NA 8 82 1 5 1 0 0 0 0 0 1 5 1 0 0 0 0 0
26 58 54 39 15 7 117 1731 81 61 29 0 12 17 NA 17 NA 8 81 1 5 1 0 0 0 0 0 1 5 1 0 0 0 0 0
27 65 57 41 16 9 124 1740 77 68 30 0 13 17 NA 17 NA 15 77 1 7 1 0 0 0 0 0 1 7 1 0 0 0 0 0
28 51 59 43 16 9 122 1748 87 75 34 0 13 17 NA 17 NA 8 87 1 5 3 0 0 0 0 0 1 5 3 0 0 0 0 0
29 60 61 45 16 9 124 1783 73 83 35 0 13 17 NA 17 NA 10 73 1 4 4 0 0 0 0 0 1 4 4 0 0 0 0 0
30 70 64 48 16 9 136 1771 85 88 36 0 14 17 NA 17 NA 21 85 1 4 4 0 0 0 0 0 1 4 4 0 0 0 0 0
31 79 66 48 18 10 141 1753 99 92 36 0 15 16 NA 16 NA 14 99 1 2 7 0 0 0 0 0 1 2 7 0 0 0 0 0
32 54 67 49 18 11 143 1769 85 97 36 0 16 17 NA 17 NA 10 85 1 2 8 0 0 0 0 0 1 2 8 0 0 0 0 0
33 69 66 48 18 12 144 1762 87 106 36 0 16.5 17 NA 17 NA 15 87 1 3 8 0 0 0 0 0 1 3 8 0 0 0 0 0
34 53 70 52 18 13 151 1777 92 112 38 0 14.5 17 NA 17 NA 15 92 0 5 8 0 0 0 0 0 0 5 8 0 0 0 0 0
35 67 73 55 18 13 154 1776 86 114 40 0 13 17 NA 17 NA 9 86 0 5 8 0 0 0 0 0 0 5 8 0 0 0 0 0
36 69 74 55 19 16 155 1782 88 122 41 0 14 18.5 NA 18.5 NA 11 88 0 6 10 0 0 0 0 0 0 6 10 0 0 0 0 0
37 149 81 57 24 18 156 1770 73 126 46 0 12 20 NA 20 NA 11 73 0 7 10 1 0 0 0 0 0 7 10 1 0 0 0 0
38 89 82 58 24 18 164 1767 87 125 50 0 13 20 NA 20 NA 12 87 0 5 12 1 0 0 0 0 0 5 12 1 0 0 0 0
39 68 83 59 24 20 155 1757 86 138 53 0 14 20 NA 20 NA 8 86 0 5 14 1 0 0 0 0 0 5 14 1 0 0 0 0
40 58 85 61 24 20 158 1752 95 142 54 0 15 20 NA 20 NA 13 95 0 3 13 4 0 0 0 0 0 3 13 4 0 0 0 0
41 78 88 63 25 20 155 1766 85 147 53 0 15 20 NA 20 NA 7 85 0 3 11 6 0 0 0 0 0 3 11 6 0 0 0 0
42 80 89 65 24 20 155 1769 98 154 55 0 16 20.5 NA 20.5 NA 11 98 0 2 11 7 0 0 0 0 0 2 11 7 0 0 0 0
43 60 90 66 24 22 167 1756 108 160 59 0 17 20 NA 20 NA 19 108 0 4 8 10 0 0 0 0 0 4 8 10 0 0 0 0
44 62 89 65 24 23 159 1755 75 169 57 0 17 20 NA 20 NA 6 75 0 4 8 11 0 0 0 0 0 4 8 11 0 0 0 0
45 68 92 66 26 24 160 1768 83 176 57 0 18 20 NA 20 NA 11 83 0 5 7 12 0 0 0 0 0 5 7 12 0 0 0 0
46 65 94 67 27 26 157 1767 87 184 60 0 18.5 20 NA 20 NA 7 87 0 4 9 13 0 0 0 0 0 4 9 13 0 0 0 0
47 57 95 68 27 27 152 1771 83 192 63 0 19 20 NA 20 NA 9 83 0 4 9 14 0 0 0 0 0 4 9 14 0 0 0 0
48 66 94 66 28 27 156 1786 93 195 60 0 18 20 NA 20 NA 10 93 0 5 9 13 0 0 0 0 0 5 9 13 0 0 0 0
49 146 96 66 30 28 147 1738 85 198 68 0 19 20.5 NA 20.5 NA 9 85 0 4 11 13 0 0 0 0 0 4 11 13 0 0 0 0
50 76 98 68 30 29 152 1735 78 204 68 0 19 21 NA 21 NA 15 78 0 4 10 15 0 0 0 0 0 4 10 15 0 0 0 0
51 60 100 70 30 31 154 1736 91 208 69 0 20 20 NA 20 NA 12 91 0 5 10 16 0 0 0 0 0 5 10 16 0 0 0 0
52 69 102 71 31 34 153 1768 66 217 72 0 21 20.5 NA 20.5 NA 15 66 0 5 9 20 0 0 0 0 0 5 9 20 0 0 0 0
53 73 100 70 30 35 154 1754 88 219 74 0 22 21 NA 21 NA 9 88 0 5 10 20 0 0 0 0 0 5 10 20 0 0 0 0
54 77 102 72 30 36 155 1758 80 219 74 0 20 21 NA 21 NA 8 80 0 5 9 22 0 0 0 0 0 5 9 22 0 0 0 0
55 61 101 72 29 37 153 1769 80 224 75 0 21 21 NA 21 NA 6 80 0 4 11 22 0 0 0 0 0 4 11 22 0 0 0 0
56 69 100 72 28 38 150 1745 89 226 75 0 22 21.5 NA 21.5 NA 11 89 0 5 12 21 0 0 0 0 0 5 12 21 0 0 0 0
57 72 100 72 28 38 157 1747 91 229 72 0 22.5 21.5 NA 21.5 NA 16 91 0 6 10 22 0 0 0 0 0 6 10 22 0 0 0 0
58 63 99 73 26 37 164 1774 75 229 72 0 23 21 NA 21 NA 13 75 0 6 9 22 0 0 0 0 0 6 9 22 0 0 0 0
59 68 99 73 26 38 163 1833 74 232 71 0 23 21 NA 21 NA 9 74 0 5 11 22 0 0 0 0 0 5 11 22 0 0 0 0
60 63 98 72 26 39 157 1847 81 242 74 0 23.5 21 NA 21 NA 7 81 0 4 13 22 0 0 0 0 0 4 13 22 0 0 0 0
61 107 96 70 26 40 162 1822 92 244 75 0 24.5 21.5 NA 21.5 NA 15 92 0 4 10 26 0 0 0 0 0 4 10 26 0 0 0 0
62 75 98 72 26 41 163 1830 83 243 75 0 25 22 NA 22 NA 11 83 0 3 12 26 0 0 0 0 0 3 12 26 0 0 0 0
63 66 94 69 25 38 163 1798 111 250 74 0 26 21.5 NA 21.5 NA 13 111 0 3 12 23 0 0 0 0 0 3 12 23 0 0 0 0
64 64 93 68 25 37 163 1814 82 247 74 0 26 22 NA 22 NA 8 82 0 1 12 24 0 0 0 0 0 1 12 24 0 0 0 0
65 73 93 68 25 36 165 1799 88 243 70 0 25 22.5 NA 22.5 NA 10 88 0 1 12 23 0 0 0 0 0 1 12 23 0 0 0 0
66 80 91 66 25 37 165 1779 78 253 72 0 26 22 NA 22 NA 13 78 0 3 11 23 0 0 0 0 0 3 11 23 0 0 0 0
67 76 92 66 26 39 158 1782 90 258 70 0 26.5 21 NA 21 NA 7 90 0 5 9 25 0 0 0 0 0 5 9 25 0 0 0 0
68 67 93 68 25 39 148 1783 81 266 69 0 27 22 NA 22 NA 5 81 0 5 10 24 0 0 0 0 0 5 10 24 0 0 0 0
69 65 90 66 24 37 148 1769 68 265 69 0 27 23 NA 23 NA 8 68 0 3 11 23 0 0 0 0 0 3 11 23 0 0 0 0
70 75 89 66 23 36 145 1761 90 266 68 0 26 21.5 NA 21.5 NA 10 90 0 3 11 22 0 0 0 0 0 3 11 22 0 0 0 0
71 54 88 65 23 35 160 1766 87 267 69 0 26.5 22 NA 22 NA 19 87 0 3 7 25 0 0 0 0 0 3 7 25 0 0 0 0
72 57 92 68 24 36 156 1781 80 274 69 0 26 21.5 NA 21.5 NA 8 80 0 4 6 26 0 0 0 0 0 4 6 26 0 0 0 0
73 132 96 70 26 37 159 1748 91 269 69 0 25 22 NA 22 NA 12 91 0 3 6 28 0 0 0 0 0 3 6 28 0 0 0 0
74 79 93 68 25 35 157 1750 86 268 67 0 25 23 NA 23 NA 10 86 0 3 6 26 0 0 0 0 0 3 6 26 0 0 0 0
75 80 92 67 25 33 159 1763 57 267 64 0 25 22 NA 22 NA 8 57 0 3 6 24 0 0 0 0 0 3 6 24 0 0 0 0
76 73 95 70 25 36 155 1765 91 279 64 0 25 22.5 NA 22.5 NA 13 91 0 5 6 25 0 0 0 0 0 5 6 25 0 0 0 0
77 63 96 71 25 37 149 1791 68 287 65 0 24.5 23 NA 23 NA 7 68 1 5 8 23 0 0 0 0 1 5 8 23 0 0 0 0
78 86 96 69 27 37 146 1771 85 290 63 0 24.5 23 NA 23 NA 7 85 1 4 9 23 0 0 0 0 1 4 9 23 0 0 0 0
79 77 95 68 27 36 148 1775 83 291 64 0 23 22.5 NA 22.5 NA 10 83 1 4 8 23 0 0 0 0 1 4 8 23 0 0 0 0
80 57 99 70 29 37 151 1795 93 292 66 0 23 23 NA 23 NA 7 93 1 4 8 24 0 0 0 0 1 4 8 24 0 0 0 0
81 78 102 72 30 37 154 1787 92 291 68 0 22.5 23 NA 23 NA 12 92 1 3 10 23 0 0 0 0 1 3 10 23 0 0 0 0
82 69 106 75 31 37 155 1795 78 293 70 0 21.5 23 NA 23 NA 10 78 1 2 9 25 0 0 0 0 1 2 9 25 0 0 0 0
83 89 103 71 32 33 153 1795 86 295 65 0 18 22 NA 22 NA 10 86 1 2 9 21 0 0 0 0 1 2 9 21 0 0 0 0
84 65 102 70 32 33 157 1785 92 293 68 0 19 22 NA 22 NA 11 92 1 2 9 21 0 0 0 0 1 2 9 21 0 0 0 0
85 105 98 67 31 32 155 1765 90 292 69 0 20 21.5 NA 21.5 NA 13 90 1 3 7 21 0 0 0 0 1 3 7 21 0 0 0 0
86 80 98 68 30 32 147 1767 80 293 68 0 19 21.5 NA 21.5 NA 1 80 0 4 7 21 0 0 0 0 0 4 7 21 0 0 0 0
87 83 98 69 29 31 145 1762 79 290 67 0 19.5 21 NA 21 NA 9 79 0 4 6 21 0 0 0 0 0 4 6 21 0 0 0 0
88 78 100 72 28 32 146 1761 86 295 69 0 19.5 20.5 NA 20.5 NA 12 86 0 5 6 21 0 0 0 0 0 5 6 21 0 0 0 0
89 77 99 71 28 30 150 1776 75 292 68 0 20 20.5 NA 20.5 NA 11 75 0 5 5 20 0 0 0 0 0 5 5 20 0 0 0 0
90 65 100 72 28 33 150 1742 110 297 69 0 20.5 21 NA 21 NA 11 110 0 6 5 22 0 0 0 0 0 6 5 22 0 0 0 0
91 78 98 71 27 32 151 1759 83 298 69 0 21 21.5 NA 21.5 NA 12 83 0 6 5 21 0 0 0 0 0 6 5 21 0 0 0 0
92 65 95 70 25 31 155 1771 75 296 68 0 22 22 NA 22 NA 13 75 0 6 4 21 0 0 0 0 0 6 4 21 0 0 0 0
93 73 95 70 25 32 157 1765 87 296 72 0 23 22.5 NA 22.5 NA 8 87 0 5 4 23 0 0 0 0 0 5 4 23 0 0 0 0
94 65 92 66 26 28 165 1782 76 296 71 0 21.5 18.5 NA 18.5 NA 16 76 0 4 5 19 0 0 0 0 0 4 5 19 0 0 0 0
95 76 88 64 24 27 155 1777 87 301 69 0 22 18 NA 18 NA 6 87 1 4 6 16 0 0 0 0 1 4 6 16 0 0 0 0
96 77 87 63 24 27 155 1792 96 304 66 0 23 18 NA 18 NA 9 96 0 5 7 15 0 0 0 0 0 5 7 15 0 0 0 0
97 99 87 63 24 29 151 1782 78 302 65 0 23 18 NA 18 NA 9 78 0 4 10 15 0 0 0 0 0 4 10 15 0 0 0 0
98 86 88 63 25 30 155 1790 87 304 68 0 23.5 18 NA 18 NA 10 87 0 4 10 16 0 0 0 0 0 4 10 16 0 0 0 0
99 82 86 61 25 30 149 1808 73 305 68 0 24 18 NA 18 NA 8 73 0 4 10 16 0 0 0 0 0 4 10 16 0 0 0 0
100 75 87 61 26 31 151 1805 80 308 70 0 25 18 NA 18 NA 10 80 0 3 12 16 0 0 0 0 0 3 12 16 0 0 0 0
101 64 88 62 26 31 155 1812 86 307 72 0 25.5 18 NA 18 NA 10 86 0 3 11 17 0 0 0 0 0 3 11 17 0 0 0 0
102 62 90 64 26 31 157 1806 100 309 74 0 25.5 18 NA 18 NA 11 100 0 4 11 16 0 0 0 0 0 4 11 16 0 0 0 0
103 57 89 65 24 33 155 1827 81 316 73 0 25 18 NA 18 NA 11 81 0 5 10 18 0 0 0 0 0 5 10 18 0 0 0 0
104 72 87 64 23 32 158 1822 81 319 72 0 25 18.5 NA 18.5 NA 12 81 0 3 11 18 0 0 0 0 0 3 11 18 0 0 0 0
105 75 86 63 23 31 155 1782 98 319 68 0 25 20 NA 20 NA 11 98 0 3 10 18 0 0 0 0 0 3 10 18 0 0 0 0
106 67 85 62 23 32 153 1775 87 321 67 0 25 19.5 NA 19.5 NA 6 87 0 3 11 18 0 0 0 0 0 3 11 18 0 0 0 0
107 84 86 63 23 33 156 1773 92 320 67 0 26 20 NA 20 NA 11 92 0 3 12 18 0 0 0 0 0 3 12 18 0 0 0 0
108 67 88 65 23 34 147 1793 73 330 67 0 26 20 NA 20 NA 7 73 0 2 11 21 0 0 0 0 0 2 11 21 0 0 0 0
109 82 86 65 21 36 149 1781 77 327 66 0 27 20 NA 20 NA 10 77 0 2 12 22 0 0 0 0 0 2 12 22 0 0 0 0
110 74 88 67 21 37 148 1791 82 328 67 0 27.5 20 NA 20 NA 7 82 1 3 11 22 0 0 0 0 1 3 11 22 0 0 0 0
111 61 88 68 20 37 144 1794 70 331 67 0 28.5 20 NA 20 NA 6 70 1 3 10 23 0 0 0 0 1 3 10 23 0 0 0 0
112 67 89 70 19 37 147 1812 85 334 67 0 28 20 NA 20 NA 13 85 1 3 9 24 0 0 0 0 1 3 9 24 0 0 0 0
113 77 90 71 19 37 150 1834 85 334 67 0 28 20 NA 20 NA 10 85 1 2 10 24 0 0 0 0 1 2 10 24 0 0 0 0
114 75 86 69 17 36 147 1834 78 336 67 0 28 20 NA 20 NA 9 78 1 2 10 23 0 0 0 0 1 2 10 23 0 0 0 0
115 65 89 72 17 37 148 1824 85 340 69 0 28 20 NA 20 NA 13 85 0 2 11 24 0 0 0 0 0 2 11 24 0 0 0 0
116 74 92 74 18 37 154 1820 76 345 69 0 28.5 20 NA 20 NA 13 76 0 1 10 26 0 0 0 0 0 1 10 26 0 0 0 0
117 74 94 74 20 39 150 1845 69 348 71 0 29 20 NA 20 NA 9 69 0 2 8 29 0 0 0 0 0 2 8 29 0 0 0 0
118 72 95 75 20 40 148 1834 87 352 72 0 29 19.5 NA 19.5 NA 11 87 0 4 7 29 0 0 0 0 0 4 7 29 0 0 0 0
119 62 98 77 21 40 150 1814 98 359 72 0 29.5 19.5 NA 19.5 NA 16 98 0 4 6 30 0 0 0 0 0 4 6 30 0 0 0 0
120 59 100 79 21 42 151 1815 81 363 75 0 30 20 NA 20 NA 12 81 0 4 6 32 0 0 0 0 0 4 6 32 0 0 0 0
121 100 98 78 20 44 141 1806 75 362 72 0 30 19.5 NA 19.5 NA 5 75 0 6 7 31 0 0 0 0 0 6 7 31 0 0 0 0
122 85 98 76 22 44 143 1783 89 361 72 0 28 19 NA 19 NA 9 89 0 8 5 31 0 0 0 0 0 8 5 31 0 0 0 0
123 67 98 76 22 44 155 1775 86 356 72 0 29 19 NA 19 NA 15 86 0 7 5 32 0 0 0 0 0 7 5 32 0 0 0 0
124 68 100 78 22 44 152 1807 77 360 72 0 27.5 19 NA 19 NA 10 77 0 7 5 32 0 0 0 0 0 7 5 32 0 0 0 0
125 82 106 84 22 45 158 1809 77 358 73 0 25.5 19 NA 19 NA 12 77 0 6 5 34 0 0 0 0 0 6 5 34 0 0 0 0
126 73 105 83 22 46 159 1793 76 358 72 0 26 19.5 NA 19.5 NA 9 76 0 6 6 34 0 0 0 0 0 6 6 34 0 0 0 0
127 62 106 83 23 46 153 1790 88 367 73 0 25 19.5 NA 19.5 NA 9 88 1 5 7 33 0 0 0 0 1 5 7 33 0 0 0 0
128 61 108 85 23 46 148 1804 74 369 75 0 25.5 19 NA 19 NA 6 74 2 5 6 33 0 0 0 0 2 5 6 33 0 0 0 0
129 81 108 85 23 45 148 1811 94 370 77 0 25 19 NA 19 NA 12 94 2 4 7 32 0 0 0 0 2 4 7 32 0 0 0 0
130 68 111 88 23 46 144 1792 98 372 78 0 25 19 NA 19 NA 9 98 2 4 8 32 0 0 0 0 2 4 8 32 0 0 0 0
131 83 114 91 23 48 138 1794 82 383 81 0 23.5 19 NA 19 NA 11 82 1 8 8 31 0 0 0 0 1 8 8 31 0 0 0 0
132 66 117 94 23 47 141 1776 80 385 80 0 23 19 NA 19 NA 10 80 1 6 9 31 0 0 0 0 1 6 9 31 0 0 0 0
133 85 117 94 23 48 141 1760 93 385 80 0 23 19 NA 19 NA 13 93 0 8 9 31 0 0 0 0 0 8 9 31 0 0 0 0
134 87 120 95 25 50 147 1757 86 385 82 0 21.5 19 NA 19 NA 16 86 1 7 11 31 0 0 0 0 1 7 11 31 0 0 0 0
135 82 119 95 24 48 146 1771 72 383 79 0 20 19 NA 19 NA 8 72 1 7 9 31 0 0 0 0 1 7 9 31 0 0 0 0
136 70 118 94 24 45 149 1766 79 383 79 0 20 19 NA 19 NA 14 79 1 8 9 27 0 0 0 0 1 8 9 27 0 0 0 0
137 76 114 91 23 43 145 1770 81 382 82 0 21 19 NA 19 NA 7 81 1 8 7 27 0 0 0 0 1 8 7 27 0 0 0 0
138 86 113 90 23 46 142 1760 95 387 80 0 21 18.5 NA 18.5 NA 8 95 1 10 7 28 0 0 0 0 1 10 7 28 0 0 0 0
139 81 116 92 24 49 147 1780 74 388 82 0 21 18 NA 18 NA 14 74 1 11 7 30 0 0 0 0 1 11 7 30 0 0 0 0
140 69 117 93 24 48 145 1785 76 390 83 0 22 18.5 NA 18.5 NA 9 76 1 8 9 30 0 0 0 0 1 8 9 30 0 0 0 0
141 71 116 93 23 51 150 1768 99 388 84 0 22.5 20 NA 20 NA 17 99 0 9 10 32 0 0 0 0 0 9 10 32 0 0 0 0
142 62 114 91 23 53 155 1768 80 391 86 0 23 20 NA 20 NA 13 80 0 8 11 34 0 0 0 0 0 8 11 34 0 0 0 0
143 75 116 92 24 55 155 1759 85 396 89 0 24 20 NA 20 NA 15 85 0 8 14 33 0 0 0 0 0 8 14 33 0 0 0 0
144 73 114 88 26 54 145 1772 70 403 89 0 24.5 21 NA 21 NA 5 70 0 7 14 33 0 0 0 0 0 7 14 33 0 0 0 0
145 83 116 90 26 52 154 1783 90 394 89 0 23.5 22.5 NA 22.5 NA 16 90 1 4 15 32 0 0 0 0 1 4 15 32 0 0 0 0
146 88 117 90 27 52 155 1760 78 396 91 0 24 22.5 NA 22.5 NA 12 78 1 2 15 34 0 0 0 0 1 2 15 34 0 0 0 0
147 81 117 90 27 51 150 1763 81 398 90 0 23 23 NA 23 NA 8 81 1 2 16 32 0 0 0 0 1 2 16 32 0 0 0 0
148 82 118 91 27 47 158 1769 81 392 88 0 22.5 22 NA 22 NA 13 81 1 2 16 28 0 0 0 0 1 2 16 28 0 0 0 0
149 50 119 91 28 46 163 1783 85 396 87 0 22 22.5 NA 22.5 NA 14 85 1 2 15 28 0 0 0 0 1 2 15 28 0 0 0 0
150 75 119 90 29 45 171 1765 94 387 88 0 23 23 NA 23 NA 10 94 1 2 14 28 0 0 0 0 1 2 14 28 0 0 0 0
151 73 120 91 29 49 172 1792 71 390 90 0 23.5 23 NA 23 NA 9 71 0 6 14 29 0 0 0 0 0 6 14 29 0 0 0 0
152 65 118 89 29 48 162 1781 86 400 87 0 23.5 22.5 NA 22.5 NA 7 86 0 6 12 30 0 0 0 0 0 6 12 30 0 0 0 0
153 73 117 88 29 51 159 1782 85 410 87 0 25 23 NA 23 NA 10 85 0 7 12 32 0 0 0 0 0 7 12 32 0 0 0 0
154 85 118 88 30 50 167 1777 86 406 86 0 24.5 22 NA 22 NA 12 86 0 7 11 32 0 0 0 0 0 7 11 32 0 0 0 0
155 75 120 89 31 51 164 1757 87 405 85 0 25 22 NA 22 NA 10 87 0 6 12 33 0 0 0 0 0 6 12 33 0 0 0 0
156 76 121 89 32 51 161 1747 93 406 87 0 26 22 NA 22 NA 10 93 0 6 11 34 0 0 0 0 0 6 11 34 0 0 0 0
157 95 114 83 31 48 161 1742 71 399 86 0 26.5 22 NA 22 NA 10 71 0 4 10 34 0 0 0 0 0 4 10 34 0 0 0 0
158 76 114 84 30 48 150 1777 63 403 87 0 27 22.5 NA 22.5 NA 4 63 0 3 9 36 0 0 0 0 0 3 9 36 0 0 0 0
159 76 113 83 30 47 147 1784 70 400 86 0 27 22 NA 22 NA 5 70 0 3 9 35 0 0 0 0 0 3 9 35 0 0 0 0
160 64 112 85 27 44 138 1773 90 405 89 0 27 23 NA 23 NA 10 90 0 1 11 32 0 0 0 0 0 1 11 32 0 0 0 0
161 74 110 84 26 41 143 1750 101 402 87 0 27 23 NA 23 NA 14 101 0 1 9 31 0 0 0 0 0 1 9 31 0 0 0 0
162 70 111 85 26 43 139 1770 71 403 88 0 27 22 NA 22 NA 10 71 0 4 9 30 0 0 0 0 0 4 9 30 0 0 0 0
163 69 112 87 25 41 135 1796 80 408 87 0 27 22 NA 22 NA 13 80 0 3 9 29 0 0 0 0 0 3 9 29 0 0 0 0
164 77 115 90 25 41 132 1800 78 407 86 0 25 22 NA 22 NA 6 78 0 3 9 29 0 0 0 0 0 3 9 29 0 0 0 0
165 75 114 89 25 42 139 1806 84 413 85 0 26.5 21 NA 21 NA 17 84 0 4 8 30 0 0 0 0 0 4 8 30 0 0 0 0
166 69 117 90 27 43 136 1799 76 413 86 0 27 23 NA 23 NA 9 76 0 3 8 32 0 0 0 0 0 3 8 32 0 0 0 0
167 65 118 92 26 44 135 1819 87 408 88 0 24.5 22.5 NA 22.5 NA 9 87 0 4 6 34 0 0 0 0 0 4 6 34 0 0 0 0
168 72 117 92 25 45 139 1802 88 410 85 0 26 23 NA 23 NA 12 88 0 4 6 35 0 0 0 0 0 4 6 35 0 0 0 0
169 92 113 89 24 43 147 1778 81 396 81 0 27 23 NA 23 NA 13 81 0 4 5 34 0 0 0 0 0 4 5 34 0 0 0 0
170 66 115 90 25 43 146 1763 96 391 81 0 25 23 NA 23 NA 8 96 0 4 5 34 0 0 0 0 0 4 5 34 0 0 0 0
171 74 116 91 25 44 145 1745 98 395 82 0 26 22.5 NA 22.5 NA 12 98 0 5 5 34 0 0 0 0 0 5 5 34 0 0 0 0
172 78 115 90 25 43 148 1749 80 396 84 0 27 23 NA 23 NA 13 80 0 4 5 34 0 0 0 0 0 4 5 34 0 0 0 0
173 75 118 90 28 44 142 1762 67 398 87 0 27 23 NA 23 NA 6 67 0 2 8 34 0 0 0 0 0 2 8 34 0 0 0 0
174 75 121 91 30 43 145 1771 65 399 87 0 27 23 NA 23 NA 10 65 0 2 8 33 0 0 0 0 0 2 8 33 0 0 0 0
175 81 119 91 28 43 145 1768 93 390 87 0 28 23 NA 23 NA 6 93 0 1 9 33 0 0 0 0 0 1 9 33 0 0 0 0
176 73 123 94 29 45 149 1749 88 385 92 0 28 23 NA 23 NA 9 88 0 2 9 34 0 0 0 0 0 2 9 34 0 0 0 0
177 67 121 91 30 44 151 1740 85 384 89 0 29 23 NA 23 NA 11 85 0 2 9 33 0 0 0 0 0 2 9 33 0 0 0 0
178 90 117 89 28 43 140 1731 80 392 87 0 29 23 NA 23 NA 7 80 0 1 9 33 0 0 0 0 0 1 9 33 0 0 0 0
179 80 119 92 27 43 145 1735 78 390 90 0 29 23 NA 23 NA 13 78 0 1 10 32 0 0 0 0 0 1 10 32 0 0 0 0
180 72 120 93 27 43 155 1697 111 388 89 0 26 23 NA 23 NA 17 111 0 1 10 32 0 0 0 0 0 1 10 32 0 0 0 0
181 91 119 92 27 46 160 1694 83 384 87 0 27 23 NA 23 NA 14 83 0 5 8 33 0 0 0 0 0 5 8 33 0 0 0 0
182 94 113 89 24 42 161 1709 79 377 85 0 24 23 NA 23 NA 11 79 0 5 7 30 0 0 0 0 0 5 7 30 0 0 0 0
183 76 112 90 22 41 161 1746 70 379 81 0 23 23 NA 23 NA 11 70 0 4 8 29 0 0 0 0 0 4 8 29 0 0 0 0
184 78 113 91 22 42 160 1728 101 381 81 0 23 22.5 NA 22.5 NA 10 101 1 3 7 31 0 0 0 0 1 3 7 31 0 0 0 0
185 76 113 92 21 42 160 1731 83 383 80 0 23 22.5 NA 22.5 NA 11 83 1 3 7 31 0 0 0 0 1 3 7 31 0 0 0 0
186 68 113 93 20 39 163 1740 81 377 81 0 22 22 NA 22 NA 8 81 1 3 6 29 0 0 0 0 1 3 6 29 0 0 0 0
187 75 110 91 19 39 161 1763 78 374 77 0 23 23 NA 23 NA 6 78 1 3 5 30 0 0 0 0 1 3 5 30 0 0 0 0
188 82 107 86 21 36 163 1755 95 370 77 0 22 23 NA 23 NA 12 95 1 3 5 27 0 0 0 0 1 3 5 27 0 0 0 0
189 78 114 93 21 42 168 1749 84 377 79 0 22 22 NA 22 NA 18 84 3 6 6 27 0 0 0 0 3 6 6 27 0 0 0 0
190 75 115 94 21 40 168 1764 84 375 78 0 22 21.5 NA 21.5 NA 8 84 3 5 7 25 0 0 0 0 3 5 7 25 0 0 0 0
191 78 116 94 22 42 164 1770 87 378 80 0 21 22 NA 22 NA 13 87 3 4 9 26 0 0 0 0 3 4 9 26 0 0 0 0
192 71 115 93 22 43 161 1781 76 382 80 0 22 21 NA 21 NA 9 76 3 5 10 25 0 0 0 0 3 5 10 25 0 0 0 0
193 96 115 93 22 42 166 1788 74 375 79 0 22 19.5 NA 19.5 NA 10 74 2 7 10 23 0 0 0 0 2 7 10 23 0 0 0 0
194 64 117 95 22 42 167 1785 87 374 78 0 21 19.5 NA 19.5 NA 10 87 2 6 10 24 0 0 0 0 2 6 10 24 0 0 0 0
195 74 121 99 22 43 167 1797 79 374 83 0 21 20 NA 20 NA 10 79 1 7 8 27 0 0 0 0 1 7 8 27 0 0 0 0
196 84 119 97 22 43 165 1786 82 380 86 0 22 20 NA 20 NA 14 82 1 8 7 27 0 0 0 0 1 8 7 27 0 0 0 0
197 82 119 97 22 45 167 1762 99 377 89 0 23 21 NA 21 NA 14 99 0 11 8 26 0 0 0 0 0 11 8 26 0 0 0 0
198 80 118 96 22 47 165 1775 75 374 91 0 23 22 NA 22 NA 11 75 0 9 11 27 0 0 0 0 0 9 11 27 0 0 0 0
199 61 119 96 23 47 171 1763 95 370 91 0 23 23 NA 23 NA 15 95 0 9 10 28 0 0 0 0 0 9 10 28 0 0 0 0
200 67 119 96 23 47 170 1787 63 373 92 0 24 23 NA 23 NA 8 63 0 6 11 30 0 0 0 0 0 6 11 30 0 0 0 0
201 77 118 96 22 48 166 1816 66 374 96 0 25 23 NA 23 NA 6 66 0 5 14 29 0 0 0 0 0 5 14 29 0 0 0 0
202 65 120 95 25 47 168 1823 91 374 95 0 25.5 23 NA 23 NA 13 91 0 3 13 31 0 0 0 0 0 3 13 31 0 0 0 0
203 80 120 96 24 46 170 1816 89 367 96 0 26 23 NA 23 NA 10 89 0 3 13 30 0 0 0 0 0 3 13 30 0 0 0 0
204 77 124 100 24 47 172 1807 86 368 96 0 25 23 NA 23 NA 11 86 0 2 13 32 0 0 0 0 0 2 13 32 0 0 0 0
205 86 128 103 25 50 171 1794 80 362 97 0 25 24 NA 24 NA 9 80 0 3 14 33 0 0 0 0 0 3 14 33 0 0 0 0
206 82 129 104 25 51 165 1798 86 371 100 0 24 23 NA 23 NA 10 86 0 4 13 34 0 0 0 0 0 4 13 34 0 0 0 0
207 73 130 105 25 52 165 1805 85 377 101 0 24 23 NA 23 NA 13 85 1 2 15 34 0 0 0 0 1 2 15 34 0 0 0 0
208 75 127 102 25 54 167 1811 67 378 96 0 25 23.5 NA 23.5 NA 10 67 1 3 15 35 0 0 0 0 1 3 15 35 0 0 0 0
209 81 122 97 25 51 169 1816 86 373 93 0 26 23 NA 23 NA 10 86 1 2 14 34 0 0 0 0 1 2 14 34 0 0 0 0
210 69 122 97 25 54 165 1817 69 378 95 0 27 23 NA 23 NA 8 69 2 3 13 36 0 0 0 0 2 3 13 36 0 0 0 0
211 80 122 97 25 53 164 1816 83 380 93 0 27 23 NA 23 NA 12 83 1 4 13 35 0 0 0 0 1 4 13 35 0 0 0 0
212 76 120 96 24 50 158 1802 85 376 90 0 27 24.5 NA 24.5 NA 4 85 1 4 9 36 0 0 0 0 1 4 9 36 0 0 0 0
213 76 120 96 24 52 156 1808 75 378 91 0 28 24.5 NA 24.5 NA 13 75 1 4 10 37 0 0 0 0 1 4 10 37 0 0 0 0
214 66 121 96 25 52 168 1811 93 378 94 0 28 24 NA 24 NA 21 93 0 6 10 36 0 0 0 0 0 6 10 36 0 0 0 0
215 73 118 94 24 51 164 1811 86 383 90 0 28.5 26 NA 26 NA 10 86 0 6 12 33 0 0 0 0 0 6 12 33 0 0 0 0
216 77 119 94 25 50 166 1824 81 387 93 0 28 25.5 NA 25.5 NA 10 81 0 6 11 33 0 0 0 0 0 6 11 33 0 0 0 0
217 98 118 93 25 51 165 1794 91 390 93 0 28 26 NA 26 NA 14 91 0 6 15 30 0 0 0 0 0 6 15 30 0 0 0 0
218 84 116 91 25 48 169 1808 84 390 90 0 28 25 NA 25 NA 16 84 0 5 16 27 0 0 0 0 0 5 16 27 0 0 0 0
219 75 117 92 25 48 171 1780 85 388 91 0 28 24 NA 24 NA 12 85 0 5 15 28 0 0 0 0 0 5 15 28 0 0 0 0
220 73 120 95 25 52 160 1773 84 393 94 0 28.5 25 NA 25 NA 6 84 0 6 16 30 0 0 0 0 0 6 16 30 0 0 0 0
221 69 121 96 25 55 159 1796 74 399 94 0 29 26 NA 26 NA 9 74 0 5 17 33 0 0 0 0 0 5 17 33 0 0 0 0
222 82 118 94 24 55 168 1774 96 398 91 0 29.5 26 NA 26 NA 18 96 0 4 15 36 0 0 0 0 0 4 15 36 0 0 0 0
223 72 119 95 24 57 168 1765 92 398 93 0 30 26 NA 26 NA 13 92 0 4 15 38 0 0 0 0 0 4 15 38 0 0 0 0
224 77 116 92 24 56 161 1767 86 393 92 0 31 26 NA 26 NA 6 86 0 5 13 38 0 0 0 0 0 5 13 38 0 0 0 0
225 73 114 90 24 55 165 1760 88 395 91 0 31 26 NA 26 NA 15 88 0 5 11 39 0 0 0 0 0 5 11 39 0 0 0 0
226 78 114 90 24 55 153 1764 78 401 91 0 31 26 NA 26 NA 8 78 0 3 13 39 0 0 0 0 0 3 13 39 0 0 0 0
227 77 116 93 23 54 149 1795 74 402 92 0 29.5 26 NA 26 NA 9 74 0 3 12 39 0 0 0 0 0 3 12 39 0 0 0 0
228 76 114 93 21 51 147 1806 88 405 89 0 29 26 NA 26 NA 10 88 0 2 12 37 0 0 0 0 0 2 12 37 0 0 0 0
229 73 110 89 21 49 150 1815 75 402 89 0 29 26 NA 26 NA 11 75 0 0 13 36 0 0 0 0 0 0 13 36 0 0 0 0
230 97 110 89 21 47 152 1795 85 394 91 0 28.5 26 NA 26 NA 10 85 0 0 11 36 0 0 0 0 0 0 11 36 0 0 0 0
231 76 109 89 20 47 153 1796 85 396 90 0 29 26 NA 26 NA 13 85 0 1 9 37 0 0 0 0 0 1 9 37 0 0 0 0
232 77 110 89 21 48 161 1782 84 390 92 0 30 26 NA 26 NA 11 84 0 1 9 38 0 0 0 0 0 1 9 38 0 0 0 0
233 82 112 91 21 48 156 1760 91 393 92 0 31 26 NA 26 NA 6 91 0 1 8 39 0 0 0 0 0 1 8 39 0 0 0 0
234 67 111 92 19 46 158 1745 96 396 89 0 32 26 NA 26 NA 14 96 0 1 7 38 0 0 0 0 0 1 7 38 0 0 0 0
235 93 109 91 18 45 152 1746 82 390 87 0 31 26 NA 26 NA 7 82 0 1 8 36 0 0 0 0 0 1 8 36 0 0 0 0
236 74 108 90 18 44 159 1745 89 387 85 0 31.5 26 NA 26 NA 15 89 0 1 7 36 0 0 0 0 0 1 7 36 0 0 0 0
237 70 111 92 19 43 164 1763 81 387 85 0 32 26 NA 26 NA 13 81 0 1 6 36 0 0 0 0 0 1 6 36 0 0 0 0
238 76 111 91 20 42 160 1780 78 388 86 0 31 26 NA 26 NA 10 78 0 1 4 37 0 0 0 0 0 1 4 37 0 0 0 0
239 80 107 87 20 40 163 1781 92 385 85 0 31 26 NA 26 NA 9 92 0 2 4 34 0 0 0 0 0 2 4 34 0 0 0 0
240 77 110 88 22 39 164 1772 77 387 86 0 29 26 NA 26 NA 15 77 0 2 2 35 0 0 0 0 0 2 2 35 0 0 0 0
241 91 107 85 22 36 167 1772 78 378 82 0 29 26.5 NA 26.5 NA 14 78 0 1 2 33 0 0 0 0 0 1 2 33 0 0 0 0
242 76 106 84 22 38 162 1786 77 385 84 0 30 26.5 NA 26.5 NA 5 77 0 1 4 33 0 0 0 0 0 1 4 33 0 0 0 0
243 64 104 82 22 39 160 1794 80 391 83 0 30.5 26 NA 26 NA 10 80 0 2 4 33 0 0 0 0 0 2 4 33 0 0 0 0
244 79 104 83 21 41 152 1812 72 393 83 0 31.5 27 NA 27 NA 7 72 0 2 4 35 0 0 0 0 0 2 4 35 0 0 0 0
245 81 104 83 21 42 153 1829 66 393 82 0 31.5 27.5 NA 27.5 NA 15 66 0 2 5 35 0 0 0 0 0 2 5 35 0 0 0 0
246 78 104 84 20 41 142 1817 76 392 82 0 31.5 27 NA 27 NA 2 76 0 3 5 33 0 0 0 0 0 3 5 33 0 0 0 0
247 85 102 81 21 41 140 1797 91 389 80 0 32 27 NA 27 NA 9 91 0 3 5 33 0 0 0 0 0 3 5 33 0 0 0 0
248 63 104 81 23 41 148 1810 99 386 80 0 31 27 NA 27 NA 10 99 0 2 5 34 0 0 0 0 0 2 5 34 0 0 0 0
249 71 103 80 23 37 156 1817 75 381 79 0 31 28 NA 28 NA 15 75 0 2 5 30 0 0 0 0 0 2 5 30 0 0 0 0
250 74 101 79 22 37 155 1816 87 379 78 0 32 28 NA 28 NA 6 87 0 1 6 30 0 0 0 0 0 1 6 30 0 0 0 0
251 63 101 80 21 39 149 1809 82 382 79 0 33 28 NA 28 NA 6 82 0 1 7 31 0 0 0 0 0 1 7 31 0 0 0 0
252 80 98 78 20 40 141 1822 81 383 78 0 32.5 27 NA 27 NA 10 81 1 2 7 30 0 0 0 0 1 2 7 30 0 0 0 0
253 94 99 79 20 41 139 1806 85 381 77 0 32 28 NA 28 NA 11 85 1 2 7 31 0 0 0 0 1 2 7 31 0 0 0 0
254 68 99 79 20 41 143 1816 80 380 76 0 31 28 NA 28 NA 11 80 1 2 5 33 0 0 0 0 1 2 5 33 0 0 0 0
255 75 97 75 22 40 139 1813 74 382 74 0 31 28 NA 28 NA 7 74 1 2 4 33 0 0 0 0 1 2 4 33 0 0 0 0
256 83 98 76 22 41 142 1810 82 379 74 0 30.5 26 NA 26 NA 15 82 1 2 6 32 0 0 0 0 1 2 6 32 0 0 0 0
257 68 101 79 22 41 143 1809 82 377 74 0 29 26 NA 26 NA 9 82 1 2 6 32 0 0 0 0 1 2 6 32 0 0 0 0
258 76 99 78 21 38 134 1815 68 381 72 0 27 26 NA 26 NA 5 68 0 2 7 29 0 0 0 0 0 2 7 29 0 0 0 0
259 68 98 79 19 36 137 1831 83 372 71 0 27 26 NA 26 NA 8 83 0 2 6 28 0 0 0 0 0 2 6 28 0 0 0 0
260 98 102 84 18 38 136 1816 81 364 74 0 26 26 NA 26 NA 10 81 0 2 7 29 0 0 0 0 0 2 7 29 0 0 0 0
261 63 101 83 18 41 141 1808 85 363 75 0 27 26 NA 26 NA 13 85 0 4 8 29 0 0 0 0 0 4 8 29 0 0 0 0
262 75 103 83 20 39 139 1802 90 359 74 0 26 26 NA 26 NA 10 90 0 3 8 28 0 0 0 0 0 3 8 28 0 0 0 0
263 76 105 84 21 38 141 1806 82 361 74 0 26 26 NA 26 NA 11 82 0 3 7 28 0 0 0 0 0 3 7 28 0 0 0 0
264 69 106 86 20 36 139 1818 72 367 72 0 26 26 NA 26 NA 9 72 0 2 8 26 0 0 0 0 0 2 8 26 0 0 0 0
265 80 108 87 21 39 138 1811 104 367 75 0 25.5 26 NA 26 NA 13 104 0 4 9 26 0 0 0 0 0 4 9 26 0 0 0 0
266 78 110 87 23 40 142 1816 82 369 76 0 26 26 NA 26 NA 12 82 0 4 9 27 0 0 0 0 0 4 9 27 0 0 0 0
267 80 111 86 25 41 148 1777 109 365 76 0 26 26 NA 26 NA 14 109 0 5 10 26 0 0 0 0 0 5 10 26 0 0 0 0
268 71 110 85 25 42 148 1785 73 365 77 0 24 26 NA 26 NA 9 73 0 4 10 28 0 0 0 0 0 4 10 28 0 0 0 0
269 92 110 84 26 42 144 1782 83 367 80 0 24.5 25.5 NA 25.5 NA 11 83 0 4 10 28 0 0 0 0 0 4 10 28 0 0 0 0
270 76 113 87 26 41 145 1816 64 369 81 0 24 25 NA 25 NA 9 64 0 3 10 28 0 0 0 0 0 3 10 28 0 0 0 0
271 81 113 87 26 41 146 1813 84 366 79 0 23 24 NA 24 NA 10 84 0 3 10 28 0 0 0 0 0 3 10 28 0 0 0 0
272 86 111 86 25 44 154 1779 90 368 82 0 24 24 NA 24 NA 19 90 0 5 10 29 0 0 0 0 0 5 10 29 0 0 0 0
273 71 112 85 27 45 152 1795 77 370 81 0 24.5 24 NA 24 NA 12 77 0 6 9 30 0 0 0 0 0 6 9 30 0 0 0 0
274 74 112 87 25 43 150 1814 69 366 81 0 21.5 24 NA 24 NA 6 69 0 7 8 28 0 0 0 0 0 7 8 28 0 0 0 0
275 68 109 84 25 42 156 1825 80 363 81 0 22 23.5 NA 23.5 NA 13 80 0 8 7 27 0 0 0 0 0 8 7 27 0 0 0 0
276 82 106 80 26 42 151 1825 73 366 80 0 22 23.5 NA 23.5 NA 7 73 0 9 6 27 0 0 0 0 0 9 6 27 0 0 0 0
277 83 109 83 26 43 150 1831 79 366 80 0 21 24 NA 24 NA 7 79 0 9 8 26 0 0 0 0 0 9 8 26 0 0 0 0
278 90 107 81 26 42 145 1824 72 369 77 0 22 24 NA 24 NA 6 72 0 7 9 26 0 0 0 0 0 7 9 26 0 0 0 0
279 84 109 82 27 41 149 1825 90 366 78 0 23 24 NA 24 NA 12 90 0 6 10 25 0 0 0 0 0 6 10 25 0 0 0 0
280 62 109 81 28 41 147 1845 75 375 78 0 23 24 NA 24 NA 11 75 0 4 11 26 0 0 0 0 0 4 11 26 0 0 0 0
281 76 107 81 26 40 145 1843 88 375 76 0 24 23.5 NA 23.5 NA 7 88 1 4 11 24 0 0 0 0 1 4 11 24 0 0 0 0
282 83 102 79 23 41 148 1839 74 368 76 0 25 23 NA 23 NA 11 74 1 4 12 24 0 0 0 0 1 4 12 24 0 0 0 0
283 84 108 82 26 43 151 1830 86 367 79 0 23.5 23 NA 23 NA 13 86 1 5 11 26 0 0 0 0 1 5 11 26 0 0 0 0
284 76 108 82 26 42 153 1849 70 364 78 0 24 22.5 NA 22.5 NA 12 70 0 5 11 26 0 0 0 0 0 5 11 26 0 0 0 0
285 77 109 81 28 43 149 1843 92 369 77 0 22 22 NA 22 NA 11 92 0 6 12 25 0 0 0 0 0 6 12 25 0 0 0 0
286 74 107 78 29 42 153 1825 84 369 76 0 23 22.5 NA 22.5 NA 12 84 0 5 13 24 0 0 0 0 0 5 13 24 0 0 0 0
287 80 110 79 31 41 152 1831 78 371 74 0 23 22 NA 22 NA 7 78 0 4 13 24 0 0 0 0 0 4 13 24 0 0 0 0
288 95 107 76 31 39 151 1834 87 363 72 0 24 22 NA 22 NA 7 87 0 3 13 23 0 0 0 0 0 3 13 23 0 0 0 0
289 69 105 75 30 38 146 1846 69 365 72 0 24 22 NA 22 NA 6 69 0 3 12 23 0 0 0 0 0 3 12 23 0 0 0 0
290 87 105 75 30 36 158 1825 90 359 74 0 24 22 NA 22 NA 20 90 0 2 12 22 0 0 0 0 0 2 12 22 0 0 0 0
291 76 106 77 29 37 167 1803 97 355 74 0 24 22 NA 22 NA 19 97 1 3 11 22 0 0 0 0 1 3 11 22 0 0 0 0
292 77 106 77 29 39 163 1776 84 353 74 0 25 22 NA 22 NA 8 84 0 5 10 24 0 0 0 0 0 5 10 24 0 0 0 0
293 69 106 75 31 38 167 1784 71 353 75 0 23.5 22 NA 22 NA 11 71 0 5 7 26 0 0 0 0 0 5 7 26 0 0 0 0
294 83 107 76 31 39 162 1788 84 353 76 0 24 22 NA 22 NA 5 84 0 6 8 25 0 0 0 0 0 6 8 25 0 0 0 0
295 68 107 76 31 36 149 1816 74 357 76 0 22 23 NA 23 NA 3 74 0 6 7 23 0 0 0 0 0 6 7 23 0 0 0 0
296 73 106 75 31 36 145 1835 73 358 75 0 21 23 NA 23 NA 10 73 1 6 6 23 0 0 0 0 1 6 6 23 0 0 0 0
297 70 105 75 30 36 151 1831 92 355 78 0 20 24 NA 24 NA 12 92 1 6 7 22 0 0 0 0 1 6 7 22 0 0 0 0
298 73 104 72 32 36 150 1829 88 358 77 0 21 22 NA 22 NA 12 88 2 7 7 20 0 0 0 0 2 7 7 20 0 0 0 0
299 64 108 76 32 35 159 1814 101 351 79 0 21 22 NA 22 NA 11 101 2 7 6 20 0 0 0 0 2 7 6 20 0 0 0 0
300 65 111 78 33 35 156 1772 106 353 78 0 21 24 NA 24 NA 8 106 2 6 5 22 0 0 0 0 2 6 5 22 0 0 0 0
301 77 109 78 31 36 157 1771 84 355 76 0 20 23 NA 23 NA 16 84 2 6 6 22 0 0 0 0 2 6 6 22 0 0 0 0
302 67 104 75 29 38 157 1764 76 355 68 0 19 22 NA 22 NA 12 76 2 7 8 21 0 0 0 0 2 7 8 21 0 0 0 0
303 79 104 76 28 42 161 1745 100 357 70 0 20 24 NA 24 NA 15 100 2 8 9 23 0 0 0 0 2 8 9 23 0 0 0 0
304 66 106 76 30 44 167 1744 89 357 71 0 20.5 24 NA 24 NA 12 89 2 8 10 24 0 0 0 0 2 8 10 24 0 0 0 0
305 76 109 78 31 44 168 1730 80 359 74 0 21 24 NA 24 NA 11 80 2 6 12 24 0 0 0 0 2 6 12 24 0 0 0 0
306 70 104 74 30 42 168 1726 73 357 71 0 21 24 NA 24 NA 8 73 1 7 10 24 0 0 0 0 1 7 10 24 0 0 0 0
307 80 104 73 31 44 166 1726 73 358 72 0 22 24 NA 24 NA 13 73 0 8 13 23 0 0 0 0 0 8 13 23 0 0 0 0
308 75 104 74 30 44 166 1746 86 361 74 0 23 24 NA 24 NA 12 86 0 7 14 23 0 0 0 0 0 7 14 23 0 0 0 0
309 78 104 73 31 47 171 1740 87 366 74 0 23.5 24 NA 24 NA 19 87 1 7 16 23 0 0 0 0 1 7 16 23 0 0 0 0
310 71 103 72 31 47 172 1747 82 368 74 0 24 24 NA 24 NA 12 82 1 6 17 23 0 0 0 0 1 6 17 23 0 0 0 0
311 75 106 75 31 46 177 1743 85 367 76 0 23 24 NA 24 NA 9 85 0 5 18 23 0 0 0 0 0 5 18 23 0 0 0 0
312 78 110 79 31 47 171 1754 77 372 81 0 22.5 24 NA 24 NA 9 77 1 5 17 24 0 0 0 0 1 5 17 24 0 0 0 0
313 68 109 77 32 47 168 1740 90 379 82 0 23 24 NA 24 NA 14 90 0 5 16 26 0 0 0 0 0 5 16 26 0 0 0 0
314 76 113 79 34 48 167 1739 80 374 84 0 23 24 NA 24 NA 12 80 1 5 15 27 0 0 0 0 1 5 15 27 0 0 0 0
315 67 110 76 34 48 177 1761 81 371 82 0 23.5 23 NA 23 NA 14 81 1 6 15 26 0 0 0 0 1 6 15 26 0 0 0 0
316 78 110 78 32 49 172 1761 75 374 82 0 24.5 22 NA 22 NA 4 75 0 8 14 27 0 0 0 0 0 8 14 27 0 0 0 0
317 88 105 74 31 49 174 1756 83 376 81 0 23 22 NA 22 NA 14 83 0 9 13 27 0 0 0 0 0 9 13 27 0 0 0 0
318 83 104 74 30 49 174 1747 89 378 80 0 23 22 NA 22 NA 13 89 0 9 14 26 0 0 0 0 0 9 14 26 0 0 0 0
319 82 103 73 30 47 174 1751 73 383 79 0 23 21 NA 21 NA 13 73 0 7 13 27 0 0 0 0 0 7 13 27 0 0 0 0
320 70 100 71 29 50 170 1758 82 391 77 0 24.5 21.5 NA 21.5 NA 9 82 0 7 13 30 0 0 0 0 0 7 13 30 0 0 0 0
321 69 100 71 29 49 166 1789 66 388 77 0 25 22 NA 22 NA 8 66 0 6 10 33 0 0 0 0 0 6 10 33 0 0 0 0
322 89 96 69 27 49 161 1805 72 389 75 0 26 22 NA 22 NA 10 72 0 5 11 33 0 0 0 0 0 5 11 33 0 0 0 0
323 72 97 70 27 50 163 1804 91 391 79 0 27 24 NA 24 NA 12 91 0 4 11 35 0 0 0 0 0 4 11 35 0 0 0 0
324 70 93 68 25 48 156 1789 92 394 76 0 26 24 NA 24 NA 8 92 0 3 13 32 0 0 0 0 0 3 13 32 0 0 0 0
325 68 93 68 25 49 157 1797 85 391 76 0 26 24 NA 24 NA 8 85 0 3 13 33 0 0 0 0 0 3 13 33 0 0 0 0
326 75 97 72 25 50 153 1792 79 392 81 0 27 24 NA 24 NA 6 79 0 4 12 34 0 0 0 0 0 4 12 34 0 0 0 0
327 82 99 74 25 51 154 1791 87 393 80 0 27 24 NA 24 NA 12 87 1 4 11 35 0 0 0 0 1 4 11 35 0 0 0 0
328 88 99 75 24 49 160 1785 75 390 78 0 28 22 NA 22 NA 11 75 1 4 11 33 0 0 0 0 1 4 11 33 0 0 0 0
329 63 98 75 23 47 164 1802 78 389 76 0 28.5 22 NA 22 NA 10 78 1 3 12 31 0 0 0 0 1 3 12 31 0 0 0 0
330 84 100 77 23 45 158 1802 77 387 75 0 27.5 24 NA 24 NA 8 77 0 4 11 30 0 0 0 0 0 4 11 30 0 0 0 0
331 80 99 78 21 42 156 1776 89 392 74 0 26 24 NA 24 NA 11 89 0 4 8 30 0 0 0 0 0 4 8 30 0 0 0 0
332 69 97 77 20 41 149 1780 82 398 72 0 27 24 NA 24 NA 4 82 0 4 6 31 0 0 0 0 0 4 6 31 0 0 0 0
333 71 97 76 21 42 155 1801 76 391 74 0 28 23 NA 23 NA 13 76 0 5 6 31 0 0 0 0 0 5 6 31 0 0 0 0
334 79 100 79 21 44 156 1790 84 391 75 0 28.5 24 NA 24 NA 7 84 0 5 7 32 0 0 0 0 0 5 7 32 0 0 0 0
335 78 101 81 20 42 154 1794 74 388 73 0 28 23 NA 23 NA 8 74 0 4 6 32 0 0 0 0 0 4 6 32 0 0 0 0
336 72 105 84 21 42 148 1796 84 384 72 0 25 24 NA 24 NA 3 84 0 4 5 33 0 0 0 0 0 4 5 33 0 0 0 0
337 94 104 83 21 43 159 1762 99 381 72 0 26 24 NA 24 NA 17 99 0 3 6 34 0 0 0 0 0 3 6 34 0 0 0 0
338 88 101 80 21 41 157 1776 67 377 70 0 27 26 NA 26 NA 8 67 0 1 8 32 0 0 0 0 0 1 8 32 0 0 0 0
339 84 99 79 20 41 152 1770 84 376 71 0 28 24 NA 24 NA 8 84 0 2 8 31 0 0 0 0 0 2 8 31 0 0 0 0
340 73 103 82 21 41 166 1760 88 376 72 0 26 24 NA 24 NA 20 88 0 2 7 32 0 0 0 0 0 2 7 32 0 0 0 0
341 83 105 82 23 39 167 1761 75 374 70 0 27 26 NA 26 NA 9 75 0 2 4 33 0 0 0 0 0 2 4 33 0 0 0 0
342 73 106 84 22 39 162 1737 93 378 75 0 28 26 NA 26 NA 9 93 0 1 4 34 0 0 0 0 0 1 4 34 0 0 0 0
343 96 106 81 25 38 156 1742 62 373 73 0 24.5 25 NA 25 NA 7 62 0 1 4 33 0 0 0 0 0 1 4 33 0 0 0 0
344 80 103 81 22 37 158 1738 83 371 70 0 23 24 NA 24 NA 15 83 1 2 4 30 0 0 0 0 1 2 4 30 0 0 0 0
345 68 105 84 21 35 163 1775 70 371 67 0 19 24 NA 24 NA 11 70 1 0 6 28 0 0 0 0 1 0 6 28 0 0 0 0
346 79 103 83 20 34 160 1795 77 372 66 0 19 26.5 NA 26.5 NA 9 77 1 0 7 26 0 0 0 0 1 0 7 26 0 0 0 0
347 68 106 86 20 35 163 1793 81 376 68 0 17.5 24 NA 24 NA 14 81 1 2 6 26 0 0 0 0 1 2 6 26 0 0 0 0
348 73 106 86 20 35 170 1778 84 371 72 0 18 24 NA 24 NA 13 84 1 3 6 25 0 0 0 0 1 3 6 25 0 0 0 0
349 70 108 86 22 36 167 1795 76 374 70 0 18.5 22 NA 22 NA 14 76 1 6 6 23 0 0 0 0 1 6 6 23 0 0 0 0
350 86 106 85 21 35 168 1793 82 372 70 0 18.5 22 NA 22 NA 12 82 0 6 3 26 0 0 0 0 0 6 3 26 0 0 0 0
351 81 106 84 22 33 170 1768 101 369 67 0 17 20 NA 20 NA 16 101 0 5 5 23 0 0 0 0 0 5 5 23 0 0 0 0
352 78 103 80 23 32 165 1760 81 371 68 0 18 23.5 NA 23.5 NA 7 81 0 4 5 23 0 0 0 0 0 4 5 23 0 0 0 0
353 84 102 80 22 31 177 1738 88 363 71 0 19 24 NA 24 NA 16 88 0 4 4 23 0 0 0 0 0 4 4 23 0 0 0 0
354 84 103 80 23 31 179 1739 85 363 71 0 19 24 NA 24 NA 11 85 0 2 6 23 0 0 0 0 0 2 6 23 0 0 0 0
355 83 104 81 23 31 176 1755 70 362 72 0 19 24 NA 24 NA 4 70 0 3 5 23 0 0 0 0 0 3 5 23 0 0 0 0
356 75 107 82 25 31 181 1778 68 356 72 0 20 24 NA 24 NA 13 68 0 3 5 23 0 0 0 0 0 3 5 23 0 0 0 0
357 86 107 82 25 32 174 1782 89 359 78 0 21 24 NA 24 NA 9 89 0 4 4 24 0 0 0 0 0 4 4 24 0 0 0 0
358 94 108 83 25 34 172 1771 86 361 79 0 21 23 NA 23 NA 11 86 1 6 4 23 0 0 0 0 1 6 4 23 0 0 0 0
359 73 108 83 25 35 181 1747 87 355 80 0 21 22 NA 22 NA 12 87 2 5 6 22 0 0 0 0 2 5 6 22 0 0 0 0
360 71 112 87 25 38 182 1761 73 356 81 0 20 22.5 NA 22.5 NA 7 73 2 6 9 21 0 0 0 0 2 6 9 21 0 0 0 0
