1 68 2 2 0 0 0 175 4 0 0 0 0 NA NA NA NA 0 4 0 0 0 0 0 0 0 0 0 0 0 0 0 0 0 0
2 75 2 2 0 0 5 334 16 1 0 0 1 NA NA NA NA 6 16 0 0 0 0 0 0 0 0 0 0 0 0 0 0 0 0
3 56 4 4 0 0 7 479 27 1 0 0 1 NA NA NA NA 2 27 0 0 0 0 0 0 0 0 0 0 0 0 0 0 0 0
4 65 8 8 0 0 12 620 32 2 0 0 0.5 NA NA NA NA 6 32 0 0 0 0 0 0 0 0 0 0 0 0 0 0 0 0
5 60 10 8 2 0 13 743 45 3 0 0 1 NA NA NA NA 2 45 0 0 0 0 0 0 0 0 0 0 0 0 0 0 0 0
6 58 10 8 2 0 16 848 49 2 0 0 2 NA NA NA NA 3 49 0 0 0 0 0 0 0 0 0 0 0 0 0 0 0 0
7 43 12 8 4 0 21 953 63 2 0 0 3 NA NA NA NA 5 63 0 0 0 0 0 0 0 0 0 0 0 0 0 0 0 0
8 52 15 9 6 0 26 1035 54 2 0 0 3 NA NA NA NA 5 54 0 0 0 0 0 0 0 0 0 0 0 0 0 0 0 0
9 58 19 12 7 0 27 1086 60 5 0 0 4 NA NA NA NA 6 60 0 0 0 0 0 0 0 0 0 0 0 0 0 0 0 0
10 56 20 12 8 0 35 1156 69 7 0 0 4 NA NA NA NA 10 69 0 0 0 0 0 0 0 0 0 0 0 0 0 0 0 0
11 60 24 16 8 0 35 1222 57 10 0 0 3.5 NA NA NA NA 4 57 0 0 0 0 0 0 0 0 0 0 0 0 0 0 0 0
12 51 26 17 9 0 39 1273 69 11 0 0 4 NA NA NA NA 5 69 0 0 0 0 0 0 0 0 0 0 0 0 0 0 0 0
13 203 28 17 11 0 47 1292 69 11 2 0 5 NA NA NA NA 9 69 0 0 0 0 0 0 0 0 0 0 0 0 0 0 0 0
14 70 33 18 15 0 54 1348 69 12 2 0 5 NA NA NA NA 8 69 0 0 0 0 0 0 0 0 0 0 0 0 0 0 0 0
15 56 35 20 15 0 60 1419 70 15 4 0 6 NA NA NA NA 9 70 0 0 0 0 0 0 0 0 0 0 0 0 0 0 0 0
16 64 37 21 16 0 62 1431 68 16 7 0 7 NA NA NA NA 3 68 0 0 0 0 0 0 0 0 0 0 0 0 0 0 0 0
17 61 39 23 16 0 67 1498 65 18 10 0 7 NA NA NA NA 7 65 0 0 0 0 0 0 0 0 0 0 0 0 0 0 0 0
18 66 42 26 16 0 72 1529 81 21 10 0 7 NA NA NA NA 11 81 0 0 0 0 0 0 0 0 0 0 0 0 0 0 0 0
19 69 47 28 19 0 76 1561 74 24 12 0 8 NA NA NA NA 9 74 0 0 0 0 0 0 0 0 0 0 0 0 0 0 0 0
20 53 47 28 19 0 82 1585 80 29 14 0 8 NA NA NA NA 11 80 0 0 0 0 0 0 0 0 0 0 0 0 0 0 0 0
21 65 46 27 19 0 85 1616 69 31 18 0 9.5 NA NA NA NA 9 69 0 0 0 0 0 0 0 0 0 0 0 0 0 0 0 0
22 60 50 31 19 0 91 1637 83 33 19 0 9.5 NA NA NA NA 9 83 0 0 0 0 0 0 0 0 0 0 0 0 0 0 0 0
23 67 52 33 19 1 107 1649 96 37 23 0 10 11 NA 11 NA 20 96 1 0 0 0 0 0 0 0 1 0 0 0 0 0 0 0
24 55 57 37 20 3 111 1652 92 43 25 0 10 19 NA 19 NA 11 92 0 3 0 0 0 0 0 0 0 3 0 0 0 0 0 0
25 180 57 39 18 5 106 1603 75 47 27 0 11 18 NA 18 NA 5 75 1 4 0 0 0 0 0 0 1 4 0 0 0 0 0 0
26 65 56 38 18 6 111 1622 79 50 32 0 12 17.5 NA 17.5 NA 8 79 1 5 0 0 0 0 0 0 1 5 0 0 0 0 0 0
27 65 56 38 18 7 112 1640 78 55 33 0 13 17 NA 17 NA 9 78 1 6 0 0 0 0 0 0 1 6 0 0 0 0 0 0
28 54 60 41 19 10 112 1672 72 64 32 0 13.5 16.5 NA 16.5 NA 10 72 1 8 1 0 0 0 0 0 1 8 1 0 0 0 0 0
29 59 64 45 19 11 116 1681 76 68 33 0 13 17 NA 17 NA 11 76 1 8 2 0 0 0 0 0 1 8 2 0 0 0 0 0
30 59 65 46 19 11 117 1719 69 77 36 0 13 17 NA 17 NA 11 69 1 8 2 0 0 0 0 0 1 8 2 0 0 0 0 0
31 61 67 48 19 14 118 1704 88 84 42 0 13 17 NA 17 NA 10 88 1 10 3 0 0 0 0 0 1 10 3 0 0 0 0 0
32 58 68 49 19 15 124 1719 83 88 42 0 14 17 NA 17 NA 14 83 1 11 3 0 0 0 0 0 1 11 3 0 0 0 0 0
33 58 71 52 19 16 134 1722 90 95 42 0 14 17 NA 17 NA 17 90 2 8 6 0 0 0 0 0 2 8 6 0 0 0 0 0
34 42 70 51 19 16 146 1721 91 98 45 0 15.5 17 NA 17 NA 18 91 2 8 6 0 0 0 0 0 2 8 6 0 0 0 0 0
35 60 73 54 19 16 152 1719 103 104 47 0 16 17 NA 17 NA 14 103 2 7 7 0 0 0 0 0 2 7 7 0 0 0 0 0
36 59 72 53 19 19 145 1743 79 115 50 0 17 17 NA 17 NA 7 79 1 9 9 0 0 0 0 0 1 9 9 0 0 0 0 0
37 139 77 59 18 18 135 1725 83 115 48 0 15 17 NA 17 NA 4 83 1 8 9 0 0 0 0 0 1 8 9 0 0 0 0 0
38 76 78 60 18 18 131 1743 72 120 47 0 16 16.5 NA 16.5 NA 7 72 2 5 11 0 0 0 0 0 2 5 11 0 0 0 0 0
39 59 81 62 19 20 131 1754 76 126 48 0 16 17 NA 17 NA 11 76 2 4 14 0 0 0 0 0 2 4 14 0 0 0 0 0
40 55 79 61 18 20 135 1739 91 131 50 0 17 16.5 NA 16.5 NA 15 91 1 6 12 1 0 0 0 0 1 6 12 1 0 0 0 0
41 67 78 60 18 19 141 1745 85 134 53 0 18 17 NA 17 NA 12 85 0 5 12 2 0 0 0 0 0 5 12 2 0 0 0 0
42 57 83 63 20 21 142 1743 83 135 54 0 18 17 NA 17 NA 5 83 1 4 14 2 0 0 0 0 1 4 14 2 0 0 0 0
43 66 84 64 20 22 143 1746 84 140 54 0 18.5 17 NA 17 NA 9 84 1 4 13 4 0 0 0 0 1 4 13 4 0 0 0 0
44 58 84 64 20 21 143 1765 81 140 55 0 19.5 17 NA 17 NA 10 81 1 3 12 5 0 0 0 0 1 3 12 5 0 0 0 0
45 61 87 66 21 21 147 1782 76 143 56 0 17 17 NA 17 NA 11 76 1 3 11 6 0 0 0 0 1 3 11 6 0 0 0 0
46 59 86 65 21 21 152 1798 69 145 54 0 18 17 NA 17 NA 9 69 1 3 12 5 0 0 0 0 1 3 12 5 0 0 0 0
47 72 86 66 20 21 154 1842 70 146 56 0 19 18 NA 18 NA 10 70 1 3 10 7 0 0 0 0 1 3 10 7 0 0 0 0
48 55 86 66 20 23 156 1837 90 154 55 0 20 18 NA 18 NA 14 90 1 5 9 8 0 0 0 0 1 5 9 8 0 0 0 0
49 126 87 67 20 26 155 1785 100 156 61 0 21 18 NA 18 NA 13 100 0 5 11 10 0 0 0 0 0 5 11 10 0 0 0 0
50 75 87 67 20 26 162 1786 75 155 61 0 21 18 NA 18 NA 11 75 0 5 8 13 0 0 0 0 0 5 8 13 0 0 0 0
51 58 87 67 20 30 158 1773 88 169 63 0 22 18.5 NA 18.5 NA 13 88 0 6 9 15 0 0 0 0 0 6 9 15 0 0 0 0
52 71 87 67 20 32 163 1775 91 172 63 0 23 20 NA 20 NA 11 91 0 5 12 15 0 0 0 0 0 5 12 15 0 0 0 0
53 71 87 68 19 33 163 1759 95 174 62 0 22 21 NA 21 NA 10 95 1 4 12 16 0 0 0 0 1 4 12 16 0 0 0 0
54 72 88 69 19 37 160 1758 79 177 68 0 22.5 21 NA 21 NA 8 79 2 4 14 17 0 0 0 0 2 4 14 17 0 0 0 0
55 78 90 70 20 39 160 1755 89 179 68 0 21 21 NA 21 NA 10 89 2 4 13 20 0 0 0 0 2 4 13 20 0 0 0 0
56 63 91 72 19 40 158 1775 69 183 69 0 21 20 NA 20 NA 11 69 2 5 12 21 0 0 0 0 2 5 12 21 0 0 0 0
57 68 96 76 20 42 157 1760 91 189 72 0 20 20 NA 20 NA 9 91 1 7 13 21 0 0 0 0 1 7 13 21 0 0 0 0
58 55 95 76 19 39 164 1758 91 188 69 0 21 21 NA 21 NA 10 91 1 7 11 20 0 0 0 0 1 7 11 20 0 0 0 0
59 65 98 77 21 40 161 1761 95 196 71 0 22 21.5 NA 21.5 NA 10 95 1 6 12 21 0 0 0 0 1 6 12 21 0 0 0 0
60 73 98 76 22 42 156 1758 86 203 71 0 23 21.5 NA 21.5 NA 7 86 1 7 10 24 0 0 0 0 1 7 10 24 0 0 0 0
61 117 100 78 22 42 155 1750 82 207 72 0 22.5 21.5 NA 21.5 NA 13 82 0 6 12 24 0 0 0 0 0 6 12 24 0 0 0 0
62 75 99 78 21 41 154 1746 95 212 70 0 23 22 NA 22 NA 12 95 0 5 12 24 0 0 0 0 0 5 12 24 0 0 0 0
63 66 100 79 21 42 155 1767 70 217 72 0 24 21.5 NA 21.5 NA 13 70 0 5 13 24 0 0 0 0 0 5 13 24 0 0 0 0
64 58 101 80 21 42 147 1781 80 223 72 0 25 21.5 NA 21.5 NA 6 80 0 6 10 26 0 0 0 0 0 6 10 26 0 0 0 0
65 66 98 77 21 42 147 1817 66 229 71 0 25 19.5 NA 19.5 NA 10 66 1 7 9 25 0 0 0 0 1 7 9 25 0 0 0 0
66 66 98 78 20 41 150 1800 94 233 70 0 24.5 18 NA 18 NA 16 94 1 6 9 25 0 0 0 0 1 6 9 25 0 0 0 0
67 62 99 80 19 42 153 1774 99 239 71 0 25 18 NA 18 NA 12 99 1 7 9 25 0 0 0 0 1 7 9 25 0 0 0 0
68 70 97 79 18 41 156 1749 86 245 70 0 26 18 NA 18 NA 13 86 0 7 10 24 0 0 0 0 0 7 10 24 0 0 0 0
69 81 96 79 17 41 156 1745 87 247 71 0 27 21 NA 21 NA 12 87 0 5 12 24 0 0 0 0 0 5 12 24 0 0 0 0
70 66 96 80 16 42 153 1763 79 250 73 0 28 21.5 NA 21.5 NA 7 79 0 6 13 23 0 0 0 0 0 6 13 23 0 0 0 0
71 78 97 80 17 42 161 1747 110 254 73 0 27 22 NA 22 NA 18 110 0 5 12 25 0 0 0 0 0 5 12 25 0 0 0 0
72 58 94 76 18 41 173 1757 86 256 73 0 28.5 22 NA 22 NA 16 86 0 4 12 25 0 0 0 0 0 4 12 25 0 0 0 0
73 105 91 74 17 38 165 1756 74 259 71 0 28 22.5 NA 22.5 NA 9 74 0 4 8 26 0 0 0 0 0 4 8 26 0 0 0 0
74 89 90 74 16 39 162 1736 87 264 72 0 29 22 NA 22 NA 8 87 1 3 9 26 0 0 0 0 1 3 9 26 0 0 0 0
75 47 91 75 16 40 158 1771 83 269 73 0 30 21.5 NA 21.5 NA 6 83 0 5 8 27 0 0 0 0 0 5 8 27 0 0 0 0
76 77 87 73 14 37 159 1774 82 268 71 0 30 23 NA 23 NA 11 82 0 5 7 25 0 0 0 0 0 5 7 25 0 0 0 0
77 74 89 74 15 36 159 1752 97 273 71 0 30 23.5 NA 23.5 NA 12 97 0 5 6 25 0 0 0 0 0 5 6 25 0 0 0 0
78 70 88 74 14 38 151 1762 84 282 69 0 30 23.5 NA 23.5 NA 9 84 0 5 6 27 0 0 0 0 0 5 6 27 0 0 0 0
79 61 87 75 12 37 143 1765 85 288 63 0 26 22 NA 22 NA 6 85 0 7 5 25 0 0 0 0 0 7 5 25 0 0 0 0
80 84 87 74 13 36 142 1763 93 292 62 0 25 20 NA 20 NA 10 93 0 7 5 24 0 0 0 0 0 7 5 24 0 0 0 0
81 80 90 78 12 37 146 1761 90 296 63 0 24 18 NA 18 NA 14 90 1 6 6 24 0 0 0 0 1 6 6 24 0 0 0 0
82 82 86 75 11 35 149 1751 91 295 58 0 23.5 18 NA 18 NA 14 91 1 7 7 20 0 0 0 0 1 7 7 20 0 0 0 0
83 53 88 77 11 34 154 1748 92 298 58 0 21.5 17.5 NA 17.5 NA 14 92 0 7 6 21 0 0 0 0 0 7 6 21 0 0 0 0
84 82 91 79 12 34 151 1779 73 301 59 0 22 17.5 NA 17.5 NA 8 73 0 7 6 21 0 0 0 0 0 7 6 21 0 0 0 0
85 114 91 80 11 34 147 1787 58 301 58 0 22 17.5 NA 17.5 NA 8 58 0 7 6 21 0 0 0 0 0 7 6 21 0 0 0 0
86 79 93 82 11 34 143 1769 89 304 59 0 23 17.5 NA 17.5 NA 8 89 0 5 7 22 0 0 0 0 0 5 7 22 0 0 0 0
87 65 95 83 12 34 146 1765 96 309 62 0 23 17.5 NA 17.5 NA 10 96 0 3 8 23 0 0 0 0 0 3 8 23 0 0 0 0
88 75 94 82 12 36 143 1756 82 312 61 0 22.5 18.5 NA 18.5 NA 7 82 1 3 10 22 0 0 0 0 1 3 10 22 0 0 0 0
89 67 94 80 14 34 149 1753 85 311 62 0 20.5 18.5 NA 18.5 NA 13 85 1 3 9 21 0 0 0 0 1 3 9 21 0 0 0 0
90 53 92 78 14 34 146 1770 87 313 61 0 21 20.5 NA 20.5 NA 6 87 1 3 8 22 0 0 0 0 1 3 8 22 0 0 0 0
91 80 95 81 14 34 140 1758 96 318 65 0 20 22.5 NA 22.5 NA 8 96 0 4 8 22 0 0 0 0 0 4 8 22 0 0 0 0
92 85 96 81 15 35 140 1766 96 326 65 0 20 23 NA 23 NA 10 96 0 4 9 22 0 0 0 0 0 4 9 22 0 0 0 0
93 80 92 77 15 33 149 1744 89 327 65 0 18.5 22 NA 22 NA 16 89 1 3 9 20 0 0 0 0 1 3 9 20 0 0 0 0
94 67 90 75 15 35 156 1740 91 327 64 0 19.5 21 NA 21 NA 13 91 1 5 9 20 0 0 0 0 1 5 9 20 0 0 0 0
95 58 91 75 16 36 159 1746 82 334 66 0 20 20 NA 20 NA 15 82 1 4 10 21 0 0 0 0 1 4 10 21 0 0 0 0
96 78 93 77 16 36 160 1739 83 334 69 0 20 20 NA 20 NA 11 83 1 5 10 20 0 0 0 0 1 5 10 20 0 0 0 0
97 99 93 77 16 36 163 1726 78 334 69 0 20 19 NA 19 NA 12 78 0 7 10 19 0 0 0 0 0 7 10 19 0 0 0 0
98 87 95 79 16 35 163 1753 74 333 70 0 20 19 NA 19 NA 9 74 0 7 7 21 0 0 0 0 0 7 7 21 0 0 0 0
99 71 93 77 16 37 166 1736 88 332 70 0 21 19 NA 19 NA 14 88 0 9 6 22 0 0 0 0 0 9 6 22 0 0 0 0
100 74 93 78 15 36 164 1745 82 332 70 0 21 19.5 NA 19.5 NA 12 82 0 9 5 22 0 0 0 0 0 9 5 22 0 0 0 0
101 82 92 77 15 37 161 1750 87 332 68 0 21.5 22 NA 22 NA 11 87 0 7 7 23 0 0 0 0 0 7 7 23 0 0 0 0
102 74 96 77 19 35 159 1765 81 336 66 0 20.5 20 NA 20 NA 11 81 0 7 7 21 0 0 0 0 0 7 7 21 0 0 0 0
103 65 97 79 18 35 160 1790 78 336 67 0 20 20 NA 20 NA 7 78 0 6 9 20 0 0 0 0 0 6 9 20 0 0 0 0
104 63 100 79 21 37 158 1790 89 341 69 0 21 21 NA 21 NA 8 89 0 8 9 20 0 0 0 0 0 8 9 20 0 0 0 0
105 70 100 78 22 35 159 1813 73 340 67 0 21 20 NA 20 NA 7 73 0 5 11 19 0 0 0 0 0 5 11 19 0 0 0 0
106 74 101 79 22 36 156 1786 93 343 68 0 22 20.5 NA 20.5 NA 6 93 0 6 11 19 0 0 0 0 0 6 11 19 0 0 0 0
107 72 99 77 22 36 155 1769 87 341 66 0 22 20.5 NA 20.5 NA 8 87 0 3 16 17 0 0 0 0 0 3 16 17 0 0 0 0
108 65 98 76 22 36 151 1773 84 347 69 0 23.5 20.5 NA 20.5 NA 8 84 0 2 16 18 0 0 0 0 0 2 16 18 0 0 0 0
109 99 99 77 22 35 154 1748 79 341 68 0 24 21 NA 21 NA 10 79 0 0 17 18 0 0 0 0 0 0 17 18 0 0 0 0
110 78 103 80 23 35 152 1739 87 341 70 0 23 21 NA 21 NA 8 87 0 1 16 18 0 0 0 0 0 1 16 18 0 0 0 0
111 55 105 82 23 37 159 1734 96 344 70 0 23 21 NA 21 NA 18 96 0 2 16 19 0 0 0 0 0 2 16 19 0 0 0 0
112 74 105 83 22 38 160 1747 77 349 71 0 23 20.5 NA 20.5 NA 13 77 0 2 17 19 0 0 0 0 0 2 17 19 0 0 0 0
113 63 104 81 23 40 149 1773 69 361 72 0 23.5 19.5 NA 19.5 NA 8 69 1 4 14 21 0 0 0 0 1 4 14 21 0 0 0 0
114 77 107 83 24 41 150 1774 89 367 79 0 23 20 NA 20 NA 10 89 1 4 15 21 0 0 0 0 1 4 15 21 0 0 0 0
115 74 103 79 24 41 155 1772 93 366 76 0 24 21 NA 21 NA 16 93 1 4 12 24 0 0 0 0 1 4 12 24 0 0 0 0
116 73 99 75 24 40 159 1776 91 364 75 0 24 20.5 NA 20.5 NA 14 91 1 3 13 23 0 0 0 0 1 3 13 23 0 0 0 0
117 85 100 75 25 39 162 1792 77 362 75 0 23.5 20 NA 20 NA 10 77 1 3 11 24 0 0 0 0 1 3 11 24 0 0 0 0
118 72 98 74 24 39 160 1794 96 365 74 0 23 20 NA 20 NA 13 96 1 4 11 23 0 0 0 0 1 4 11 23 0 0 0 0
119 75 98 74 24 39 158 1799 65 365 73 0 22.5 20 NA 20 NA 12 65 1 4 9 25 0 0 0 0 1 4 9 25 0 0 0 0
120 70 99 77 22 40 154 1801 82 367 70 0 21 20.5 NA 20.5 NA 8 82 1 5 8 26 0 0 0 0 1 5 8 26 0 0 0 0
121 108 101 78 23 41 156 1776 91 362 72 0 21 21 NA 21 NA 13 91 1 5 8 27 0 0 0 0 1 5 8 27 0 0 0 0
122 75 102 80 22 40 157 1771 90 364 75 0 21.5 20.5 NA 20.5 NA 10 90 0 6 6 28 0 0 0 0 0 6 6 28 0 0 0 0
123 64 100 77 23 39 156 1777 91 368 75 0 21.5 21 NA 21 NA 15 91 0 6 8 25 0 0 0 0 0 6 8 25 0 0 0 0
124 68 100 78 22 38 151 1792 65 369 74 0 22 21 NA 21 NA 5 65 0 4 8 26 0 0 0 0 0 4 8 26 0 0 0 0
125 65 101 78 23 39 152 1790 98 374 73 0 23 21 NA 21 NA 12 98 0 4 9 26 0 0 0 0 0 4 9 26 0 0 0 0
126 80 95 74 21 37 151 1783 72 372 72 0 24 21 NA 21 NA 10 72 0 2 10 25 0 0 0 0 0 2 10 25 0 0 0 0
127 64 95 74 21 35 157 1785 83 366 71 0 24 22 NA 22 NA 12 83 0 2 9 24 0 0 0 0 0 2 9 24 0 0 0 0
128 96 98 76 22 37 160 1764 82 369 72 0 25 22 NA 22 NA 14 82 0 2 9 26 0 0 0 0 0 2 9 26 0 0 0 0
129 64 99 76 23 35 157 1781 86 367 71 0 25 22 NA 22 NA 6 86 0 2 10 23 0 0 0 0 0 2 10 23 0 0 0 0
130 85 99 76 23 34 157 1773 85 371 68 0 23 21.5 NA 21.5 NA 13 85 0 3 10 21 0 0 0 0 0 3 10 21 0 0 0 0
131 85 96 75 21 34 154 1775 70 377 68 0 25 22 NA 22 NA 6 70 0 3 9 22 0 0 0 0 0 3 9 22 0 0 0 0
132 79 94 75 19 34 162 1768 83 376 69 0 24 22 NA 22 NA 15 83 0 4 8 22 0 0 0 0 0 4 8 22 0 0 0 0
133 83 94 75 19 36 166 1755 74 379 70 0 24 21.5 NA 21.5 NA 14 74 2 4 7 23 0 0 0 0 2 4 7 23 0 0 0 0
134 61 96 77 19 38 160 1776 94 387 72 0 24 21.5 NA 21.5 NA 11 94 1 5 8 24 0 0 0 0 1 5 8 24 0 0 0 0
135 79 95 76 19 40 153 1781 72 392 71 0 25 22 NA 22 NA 8 72 1 5 11 23 0 0 0 0 1 5 11 23 0 0 0 0
136 81 93 74 19 40 154 1773 93 386 71 0 26 22.5 NA 22.5 NA 10 93 1 5 9 25 0 0 0 0 1 5 9 25 0 0 0 0
137 70 95 76 19 41 154 1753 78 384 73 0 26 23 NA 23 NA 8 78 2 4 8 27 0 0 0 0 2 4 8 27 0 0 0 0
138 75 90 72 18 38 154 1782 77 382 68 0 26 21.5 NA 21.5 NA 14 77 2 5 7 24 0 0 0 0 2 5 7 24 0 0 0 0
139 76 85 67 18 39 147 1791 66 382 63 0 24 22 NA 22 NA 7 66 2 5 10 22 0 0 0 0 2 5 10 22 0 0 0 0
140 64 87 69 18 37 152 1806 82 385 64 0 23 22 NA 22 NA 13 82 2 4 9 22 0 0 0 0 2 4 9 22 0 0 0 0
141 63 88 71 17 39 152 1806 94 385 66 0 23 22 NA 22 NA 9 94 1 5 9 24 0 0 0 0 1 5 9 24 0 0 0 0
142 64 88 71 17 41 152 1826 65 385 69 0 24 22 NA 22 NA 10 65 0 6 10 25 0 0 0 0 0 6 10 25 0 0 0 0
143 78 89 73 16 41 147 1817 92 388 68 0 23 24 NA 24 NA 5 92 0 6 12 23 0 0 0 0 0 6 12 23 0 0 0 0
144 62 87 72 15 40 145 1839 82 388 66 0 24 22 NA 22 NA 8 82 0 6 12 22 0 0 0 0 0 6 12 22 0 0 0 0
145 105 86 69 17 35 147 1820 81 376 62 0 21.5 24 NA 24 NA 12 81 0 6 11 18 0 0 0 0 0 6 11 18 0 0 0 0
146 77 83 68 15 35 151 1814 72 372 63 0 23 24 NA 24 NA 12 72 0 5 10 20 0 0 0 0 0 5 10 20 0 0 0 0
147 103 82 67 15 37 147 1794 100 378 60 0 23 24 NA 24 NA 12 100 0 5 8 24 0 0 0 0 0 5 8 24 0 0 0 0
148 69 85 70 15 36 150 1769 98 382 59 0 23 23 NA 23 NA 12 98 0 5 8 23 0 0 0 0 0 5 8 23 0 0 0 0
149 70 85 70 15 35 152 1766 89 383 61 0 22 22 NA 22 NA 12 89 0 5 7 23 0 0 0 0 0 5 7 23 0 0 0 0
150 92 85 70 15 35 142 1792 72 385 59 0 22 22 NA 22 NA 8 72 0 6 6 23 0 0 0 0 0 6 6 23 0 0 0 0
151 72 86 71 15 36 149 1791 86 378 58 0 23 22 NA 22 NA 13 86 0 5 7 24 0 0 0 0 0 5 7 24 0 0 0 0
152 68 87 70 17 35 158 1787 89 372 59 0 23 22 NA 22 NA 16 89 0 4 8 23 0 0 0 0 0 4 8 23 0 0 0 0
153 67 90 74 16 34 156 1794 74 376 61 0 23.5 22 NA 22 NA 11 74 0 3 7 24 0 0 0 0 0 3 7 24 0 0 0 0
154 76 92 76 16 33 164 1779 83 374 61 0 24 22 NA 22 NA 13 83 0 1 9 23 0 0 0 0 0 1 9 23 0 0 0 0
155 64 91 74 17 34 163 1803 75 373 61 0 25 23 NA 23 NA 8 75 0 0 11 23 0 0 0 0 0 0 11 23 0 0 0 0
156 62 91 73 18 33 156 1817 71 378 59 0 24 22 NA 22 NA 8 71 0 1 9 23 0 0 0 0 0 1 9 23 0 0 0 0
157 89 88 70 18 32 164 1800 88 369 60 0 23.5 23 NA 23 NA 20 88 0 2 10 20 0 0 0 0 0 2 10 20 0 0 0 0
158 70 86 68 18 30 157 1786 77 367 58 0 22.5 22 NA 22 NA 4 77 0 2 9 19 0 0 0 0 0 2 9 19 0 0 0 0
159 96 87 70 17 27 151 1763 95 365 58 0 19 22 NA 22 NA 9 95 0 2 8 17 0 0 0 0 0 2 8 17 0 0 0 0
160 72 89 72 17 29 143 1785 84 376 62 0 20 21 NA 21 NA 7 84 0 4 7 18 0 0 0 0 0 4 7 18 0 0 0 0
161 82 88 71 17 28 142 1779 83 369 62 0 20.5 20 NA 20 NA 8 83 0 3 8 17 0 0 0 0 0 3 8 17 0 0 0 0
162 63 84 68 16 25 138 1798 87 368 60 0 20.5 21 NA 21 NA 8 87 0 3 8 14 0 0 0 0 0 3 8 14 0 0 0 0
163 80 85 68 17 24 148 1803 89 370 60 0 20 20 NA 20 NA 20 89 0 3 7 14 0 0 0 0 0 3 7 14 0 0 0 0
164 61 89 72 17 23 147 1799 81 367 61 0 19 19 NA 19 NA 5 81 0 2 7 14 0 0 0 0 0 2 7 14 0 0 0 0
165 85 91 74 17 23 153 1782 90 362 62 0 18 19 NA 19 NA 15 90 0 2 6 15 0 0 0 0 0 2 6 15 0 0 0 0
166 88 87 74 13 22 149 1760 86 359 59 0 19 18 NA 18 NA 9 86 0 2 4 16 0 0 0 0 0 2 4 16 0 0 0 0
167 83 88 75 13 22 141 1783 79 360 58 0 19 18 NA 18 NA 6 79 0 1 4 17 0 0 0 0 0 1 4 17 0 0 0 0
168 64 91 78 13 26 142 1786 81 361 60 0 20 18.5 NA 18.5 NA 11 81 0 5 3 18 0 0 0 0 0 5 3 18 0 0 0 0
169 91 89 76 13 27 147 1783 80 353 59 0 20 18 NA 18 NA 13 80 1 6 4 16 0 0 0 0 1 6 4 16 0 0 0 0
170 82 87 73 14 27 153 1773 88 351 58 0 21 19 NA 19 NA 13 88 1 6 4 16 0 0 0 0 1 6 4 16 0 0 0 0
171 61 88 74 14 28 153 1792 77 357 60 0 21 19 NA 19 NA 13 77 1 5 5 17 0 0 0 0 1 5 5 17 0 0 0 0
172 80 90 75 15 28 159 1771 92 352 61 0 21 19 NA 19 NA 12 92 1 5 5 17 0 0 0 0 1 5 5 17 0 0 0 0
173 87 94 74 20 27 155 1765 80 349 60 0 20 19 NA 19 NA 7 80 1 4 5 17 0 0 0 0 1 4 5 17 0 0 0 0
174 73 96 75 21 29 146 1773 74 354 60 0 20.5 19 NA 19 NA 7 74 1 3 8 17 0 0 0 0 1 3 8 17 0 0 0 0
175 70 94 73 21 27 144 1783 80 354 61 0 20.5 19 NA 19 NA 3 80 1 2 9 15 0 0 0 0 1 2 9 15 0 0 0 0
176 60 97 76 21 27 134 1807 79 359 63 0 20 19 NA 19 NA 4 79 1 1 8 17 0 0 0 0 1 1 8 17 0 0 0 0
177 78 97 76 21 29 137 1808 77 356 66 0 21 19 NA 19 NA 11 77 1 2 9 17 0 0 0 0 1 2 9 17 0 0 0 0
178 66 95 75 20 26 143 1828 79 354 63 0 20 19.5 NA 19.5 NA 12 79 1 1 9 15 0 0 0 0 1 1 9 15 0 0 0 0
179 71 96 73 23 26 142 1830 83 354 62 0 19.5 20.5 NA 20.5 NA 11 83 0 2 8 16 0 0 0 0 0 2 8 16 0 0 0 0
180 77 92 71 21 24 144 1843 72 353 62 0 20 21 NA 21 NA 9 72 0 1 9 14 0 0 0 0 0 1 9 14 0 0 0 0
181 79 93 72 21 25 141 1817 95 350 63 0 21 21 NA 21 NA 9 95 1 1 8 15 0 0 0 0 1 1 8 15 0 0 0 0
182 66 95 72 23 23 145 1815 77 348 60 0 18 21 NA 21 NA 14 77 1 1 7 14 0 0 0 0 1 1 7 14 0 0 0 0
183 81 98 73 25 24 149 1808 97 347 61 0 18 21 NA 21 NA 10 97 1 1 6 16 0 0 0 0 1 1 6 16 0 0 0 0
184 70 99 75 24 23 155 1826 83 346 61 0 16 21 NA 21 NA 15 83 1 1 4 17 0 0 0 0 1 1 4 17 0 0 0 0
185 69 100 76 24 24 156 1818 76 352 65 0 17 21.5 NA 21.5 NA 13 76 1 1 4 18 0 0 0 0 1 1 4 18 0 0 0 0
186 83 99 77 22 25 158 1809 84 352 66 0 17 21 NA 21 NA 13 84 2 1 5 17 0 0 0 0 2 1 5 17 0 0 0 0
187 71 101 78 23 28 156 1804 66 359 67 0 18 21.5 NA 21.5 NA 10 66 2 3 5 18 0 0 0 0 2 3 5 18 0 0 0 0
188 67 98 77 21 28 147 1818 63 362 70 0 18 21.5 NA 21.5 NA 4 63 1 4 5 18 0 0 0 0 1 4 5 18 0 0 0 0
189 69 99 77 22 27 152 1815 96 366 70 0 18 22 NA 22 NA 16 96 0 4 4 19 0 0 0 0 0 4 4 19 0 0 0 0
190 75 100 77 23 28 157 1805 93 360 69 0 18 22.5 NA 22.5 NA 11 93 0 5 5 18 0 0 0 0 0 5 5 18 0 0 0 0
191 63 97 76 21 29 149 1804 67 367 67 0 19 23 NA 23 NA 6 67 0 4 7 18 0 0 0 0 0 4 7 18 0 0 0 0
192 102 97 78 19 29 153 1780 94 366 65 0 19 23 NA 23 NA 15 94 0 3 7 19 0 0 0 0 0 3 7 19 0 0 0 0
193 74 97 78 19 29 154 1775 75 364 65 0 20 23 NA 23 NA 11 75 0 3 8 18 0 0 0 0 0 3 8 18 0 0 0 0
194 70 99 80 19 28 160 1761 83 361 66 0 20 22.5 NA 22.5 NA 12 83 0 3 8 17 0 0 0 0 0 3 8 17 0 0 0 0
195 72 101 81 20 29 152 1780 80 369 70 0 21 23 NA 23 NA 7 80 0 4 5 20 0 0 0 0 0 4 5 20 0 0 0 0
196 68 99 79 20 29 149 1796 65 368 71 0 21 23 NA 23 NA 7 65 0 4 5 20 0 0 0 0 0 4 5 20 0 0 0 0
197 79 101 82 19 28 148 1787 83 370 71 0 21 22.5 NA 22.5 NA 10 83 0 3 6 19 0 0 0 0 0 3 6 19 0 0 0 0
198 93 105 83 22 32 143 1798 68 378 73 0 22 22.5 NA 22.5 NA 7 68 0 4 8 20 0 0 0 0 0 4 8 20 0 0 0 0
199 77 101 78 23 29 146 1815 68 373 70 0 20 23 NA 23 NA 10 68 0 4 9 16 0 0 0 0 0 4 9 16 0 0 0 0
200 80 101 78 23 30 155 1821 97 373 69 0 21 23 NA 23 NA 21 97 0 3 11 16 0 0 0 0 0 3 11 16 0 0 0 0
201 69 103 79 24 30 156 1805 97 377 71 0 21 23 NA 23 NA 12 97 0 3 9 18 0 0 0 0 0 3 9 18 0 0 0 0
202 66 104 80 24 30 153 1805 94 381 74 0 21.5 23 NA 23 NA 6 94 0 2 10 18 0 0 0 0 0 2 10 18 0 0 0 0
203 70 104 80 24 28 151 1789 97 378 74 0 21 23 NA 23 NA 9 97 0 2 9 17 0 0 0 0 0 2 9 17 0 0 0 0
204 82 106 82 24 28 160 1766 88 378 76 0 21.5 23 NA 23 NA 16 88 0 2 8 18 0 0 0 0 0 2 8 18 0 0 0 0
205 85 102 80 22 26 156 1753 77 376 72 0 21 23 NA 23 NA 8 77 0 2 8 16 0 0 0 0 0 2 8 16 0 0 0 0
206 90 104 82 22 30 156 1758 71 372 75 0 21.5 24 NA 24 NA 8 71 0 2 12 16 0 0 0 0 0 2 12 16 0 0 0 0
207 65 108 85 23 32 146 1742 88 382 76 0 20.5 24 NA 24 NA 7 88 1 2 13 16 0 0 0 0 1 2 13 16 0 0 0 0
208 75 111 88 23 34 142 1752 80 386 77 0 21 23.5 NA 23.5 NA 8 80 1 2 14 17 0 0 0 0 1 2 14 17 0 0 0 0
209 74 112 91 21 35 137 1773 60 387 76 0 19 24 NA 24 NA 6 60 1 4 12 18 0 0 0 0 1 4 12 18 0 0 0 0
210 82 111 93 18 34 140 1774 87 382 78 0 20 24.5 NA 24.5 NA 9 87 1 4 10 19 0 0 0 0 1 4 10 19 0 0 0 0
211 66 109 92 17 34 140 1790 82 385 78 0 21 24.5 NA 24.5 NA 14 82 1 5 8 20 0 0 0 0 1 5 8 20 0 0 0 0
212 71 110 93 17 35 134 1806 70 392 78 0 21 25 NA 25 NA 9 70 1 5 9 20 0 0 0 0 1 5 9 20 0 0 0 0
213 84 104 87 17 30 141 1803 84 385 74 0 21.5 25 NA 25 NA 11 84 1 3 8 18 0 0 0 0 1 3 8 18 0 0 0 0
214 70 106 90 16 29 140 1798 77 390 75 0 22 25 NA 25 NA 8 77 1 3 7 18 0 0 0 0 1 3 7 18 0 0 0 0
215 79 108 91 17 29 141 1795 84 390 77 0 22 25 NA 25 NA 11 84 1 2 8 18 0 0 0 0 1 2 8 18 0 0 0 0
216 82 105 88 17 29 143 1831 67 390 77 0 23 25 NA 25 NA 10 67 1 1 10 17 0 0 0 0 1 1 10 17 0 0 0 0
217 90 109 92 17 29 148 1828 74 389 80 0 23 25 NA 25 NA 14 74 1 1 10 17 0 0 0 0 1 1 10 17 0 0 0 0
218 71 110 91 19 31 144 1817 89 392 78 0 22.5 25 NA 25 NA 9 89 0 2 11 18 0 0 0 0 0 2 11 18 0 0 0 0
219 69 110 91 19 32 140 1835 70 390 80 0 22.5 25 NA 25 NA 7 70 0 3 11 18 0 0 0 0 0 3 11 18 0 0 0 0
220 80 106 86 20 34 138 1829 72 392 76 0 22 25 NA 25 NA 10 72 0 5 10 19 0 0 0 0 0 5 10 19 0 0 0 0
221 85 108 88 20 38 139 1806 97 397 79 0 22.5 25 NA 25 NA 14 97 0 5 12 21 0 0 0 0 0 5 12 21 0 0 0 0
222 78 112 93 19 39 144 1788 79 395 80 0 21 25 NA 25 NA 11 79 0 4 12 23 0 0 0 0 0 4 12 23 0 0 0 0
223 77 107 87 20 41 149 1765 104 393 76 0 22 25 NA 25 NA 13 104 0 6 12 23 0 0 0 0 0 6 12 23 0 0 0 0
224 69 108 88 20 40 154 1786 74 392 76 0 21.5 25 NA 25 NA 14 74 0 6 12 22 0 0 0 0 0 6 12 22 0 0 0 0
225 65 109 89 20 41 156 1781 94 394 77 0 22 25 NA 25 NA 11 94 0 6 12 23 0 0 0 0 0 6 12 23 0 0 0 0
226 80 109 89 20 41 158 1781 72 391 77 0 23 25 NA 25 NA 16 72 0 7 11 23 0 0 0 0 0 7 11 23 0 0 0 0
227 70 111 88 23 42 157 1768 93 399 79 0 23 25 NA 25 NA 14 93 0 5 12 25 0 0 0 0 0 5 12 25 0 0 0 0
228 81 109 88 21 41 159 1774 80 397 77 0 23 25 NA 25 NA 12 80 0 4 13 24 0 0 0 0 0 4 13 24 0 0 0 0
229 93 102 81 21 39 158 1778 87 389 75 0 23 25 NA 25 NA 13 87 1 6 11 21 0 0 0 0 1 6 11 21 0 0 0 0
230 81 102 80 22 42 157 1779 80 389 77 0 24 23.5 NA 23.5 NA 11 80 1 8 10 23 0 0 0 0 1 8 10 23 0 0 0 0
231 68 102 80 22 44 164 1787 82 388 77 0 24.5 23.5 NA 23.5 NA 13 82 2 5 12 25 0 0 0 0 2 5 12 25 0 0 0 0
232 63 103 81 22 47 164 1813 80 390 79 0 25 23 NA 23 NA 11 80 1 8 13 25 0 0 0 0 1 8 13 25 0 0 0 0
233 78 106 85 21 46 168 1815 85 381 79 0 25 24 NA 24 NA 9 85 1 7 14 24 0 0 0 0 1 7 14 24 0 0 0 0
234 84 106 84 22 48 172 1812 84 385 81 0 25.5 24 NA 24 NA 15 84 1 8 14 25 0 0 0 0 1 8 14 25 0 0 0 0
235 79 109 87 22 49 164 1828 77 389 81 0 26 24 NA 24 NA 9 77 2 8 14 25 0 0 0 0 2 8 14 25 0 0 0 0
236 84 109 87 22 47 160 1845 82 391 81 0 24 23 NA 23 NA 7 82 1 8 14 24 0 0 0 0 1 8 14 24 0 0 0 0
237 88 102 80 22 46 152 1841 79 393 76 0 24.5 23 NA 23 NA 7 79 1 8 13 24 0 0 0 0 1 8 13 24 0 0 0 0
238 89 99 78 21 46 154 1835 84 394 74 0 26 24 NA 24 NA 14 84 1 5 14 26 0 0 0 0 1 5 14 26 0 0 0 0
239 66 100 78 22 47 150 1828 83 391 76 0 26.5 24 NA 24 NA 8 83 1 3 15 28 0 0 0 0 1 3 15 28 0 0 0 0
240 71 98 75 23 46 149 1823 68 393 75 0 26 23.5 NA 23.5 NA 11 68 0 5 15 26 0 0 0 0 0 5 15 26 0 0 0 0
241 80 97 74 23 44 152 1827 71 391 72 0 26 23.5 NA 23.5 NA 8 71 0 4 14 26 0 0 0 0 0 4 14 26 0 0 0 0
242 71 96 74 22 43 156 1835 91 388 70 0 25.5 23 NA 23 NA 13 91 1 4 12 26 0 0 0 0 1 4 12 26 0 0 0 0
243 75 97 75 22 41 153 1814 81 391 66 0 24 23 NA 23 NA 10 81 1 4 9 27 0 0 0 0 1 4 9 27 0 0 0 0
244 67 97 74 23 43 149 1807 90 392 66 0 24 24 NA 24 NA 9 90 1 3 9 30 0 0 0 0 1 3 9 30 0 0 0 0
245 90 96 73 23 39 153 1776 93 382 67 0 21.5 25 NA 25 NA 10 93 0 4 6 29 0 0 0 0 0 4 6 29 0 0 0 0
246 82 96 73 23 37 155 1773 98 378 66 0 21.5 25 NA 25 NA 11 98 0 2 7 28 0 0 0 0 0 2 7 28 0 0 0 0
247 88 97 73 24 38 152 1765 91 376 67 0 22 24.5 NA 24.5 NA 6 91 1 2 8 27 0 0 0 0 1 2 8 27 0 0 0 0
248 56 96 72 24 38 149 1766 74 380 68 0 21.5 25 NA 25 NA 11 74 1 2 8 27 0 0 0 0 1 2 8 27 0 0 0 0
249 88 93 69 24 37 147 1778 74 382 67 0 22 25 NA 25 NA 15 74 0 2 8 27 0 0 0 0 0 2 8 27 0 0 0 0
250 84 88 68 20 36 155 1759 96 379 63 0 23.5 25 NA 25 NA 13 96 0 2 9 25 0 0 0 0 0 2 9 25 0 0 0 0
251 79 89 68 21 35 157 1752 78 379 65 0 24 25 NA 25 NA 12 78 0 2 6 27 0 0 0 0 0 2 6 27 0 0 0 0
252 75 89 68 21 34 155 1757 74 376 65 0 24 24.5 NA 24.5 NA 8 74 0 1 6 27 0 0 0 0 0 1 6 27 0 0 0 0
253 75 90 69 21 33 154 1742 84 376 66 0 23.5 24 NA 24 NA 9 84 0 1 6 26 0 0 0 0 0 1 6 26 0 0 0 0
254 78 91 71 20 33 157 1723 87 373 66 0 23 24 NA 24 NA 9 87 0 1 6 26 0 0 0 0 0 1 6 26 0 0 0 0
255 81 93 72 21 35 158 1742 78 372 72 0 23 24 NA 24 NA 11 78 0 2 6 27 0 0 0 0 0 2 6 27 0 0 0 0
256 61 93 72 21 35 162 1735 88 378 74 0 24 24 NA 24 NA 18 88 0 1 6 28 0 0 0 0 0 1 6 28 0 0 0 0
257 77 93 73 20 35 167 1723 89 375 74 0 25 24 NA 24 NA 13 89 0 0 7 28 0 0 0 0 0 0 7 28 0 0 0 0
258 81 93 74 19 35 166 1738 82 375 74 0 25 24 NA 24 NA 8 82 0 0 7 28 0 0 0 0 0 0 7 28 0 0 0 0
259 85 88 70 18 35 168 1737 75 368 73 0 26 24 NA 24 NA 12 75 0 3 6 26 0 0 0 0 0 3 6 26 0 0 0 0
260 74 91 73 18 36 157 1725 85 376 72 0 26 24 NA 24 NA 6 85 0 4 6 26 0 0 0 0 0 4 6 26 0 0 0 0
261 72 88 70 18 35 152 1733 80 377 70 0 26 23 NA 23 NA 8 80 0 6 5 24 0 0 0 0 0 6 5 24 0 0 0 0
262 60 90 72 18 36 158 1735 88 376 70 0 26 23 NA 23 NA 15 88 0 8 5 23 0 0 0 0 0 8 5 23 0 0 0 0
263 74 90 72 18 36 154 1721 94 375 71 0 27 21 NA 21 NA 8 94 0 9 5 22 0 0 0 0 0 9 5 22 0 0 0 0
264 77 91 72 19 38 157 1718 78 378 70 0 27 23 NA 23 NA 14 78 0 9 7 22 0 0 0 0 0 9 7 22 0 0 0 0
265 64 92 73 19 37 150 1746 70 378 70 0 26 23 NA 23 NA 6 70 0 8 7 22 0 0 0 0 0 8 7 22 0 0 0 0
266 77 93 74 19 38 150 1753 86 375 74 0 27 23 NA 23 NA 8 86 0 8 7 23 0 0 0 0 0 8 7 23 0 0 0 0
267 74 93 73 20 39 147 1754 92 381 74 0 28 23 NA 23 NA 9 92 1 5 10 23 0 0 0 0 1 5 10 23 0 0 0 0
268 76 89 70 19 37 146 1748 97 382 71 0 29 19 NA 19 NA 8 97 0 6 10 21 0 0 0 0 0 6 10 21 0 0 0 0
269 68 88 70 18 36 144 1762 71 388 68 0 27.5 19 NA 19 NA 14 71 0 6 9 21 0 0 0 0 0 6 9 21 0 0 0 0
270 72 91 73 18 35 152 1761 100 387 68 0 27 19 NA 19 NA 14 100 0 5 9 21 0 0 0 0 0 5 9 21 0 0 0 0
271 62 91 73 18 35 149 1788 74 389 67 0 28 19 NA 19 NA 8 74 0 4 8 23 0 0 0 0 0 4 8 23 0 0 0 0
272 83 94 76 18 36 147 1798 74 383 72 0 29 19 NA 19 NA 3 74 0 3 10 23 0 0 0 0 0 3 10 23 0 0 0 0
273 62 91 75 16 35 145 1808 74 381 69 0 30 19 NA 19 NA 7 74 0 2 10 23 0 0 0 0 0 2 10 23 0 0 0 0
274 79 91 75 16 36 154 1807 84 378 71 0 31 21 NA 21 NA 14 84 0 2 11 23 0 0 0 0 0 2 11 23 0 0 0 0
275 83 88 73 15 35 152 1787 90 379 69 0 31 23 NA 23 NA 14 90 0 2 10 23 0 0 0 0 0 2 10 23 0 0 0 0
276 75 87 72 15 34 154 1793 89 385 68 0 31 23 NA 23 NA 17 89 0 3 9 22 0 0 0 0 0 3 9 22 0 0 0 0
277 85 83 68 15 32 150 1796 76 382 63 0 30 23 NA 23 NA 8 76 0 4 7 21 0 0 0 0 0 4 7 21 0 0 0 0
278 71 91 76 15 33 154 1792 81 380 64 0 24 23 NA 23 NA 11 81 0 2 8 23 0 0 0 0 0 2 8 23 0 0 0 0
279 74 94 76 18 34 151 1783 93 384 64 0 25 23.5 NA 23.5 NA 14 93 0 2 7 25 0 0 0 0 0 2 7 25 0 0 0 0
280 98 98 80 18 34 151 1780 75 390 62 0 20 24 NA 24 NA 13 75 0 2 6 26 0 0 0 0 0 2 6 26 0 0 0 0
281 92 98 79 19 32 153 1745 86 387 63 0 21 24 NA 24 NA 11 86 0 2 5 25 0 0 0 0 0 2 5 25 0 0 0 0
282 71 97 80 17 33 148 1757 76 391 65 0 22 24 NA 24 NA 5 76 0 3 3 27 0 0 0 0 0 3 3 27 0 0 0 0
283 80 99 82 17 32 149 1759 86 390 64 0 21 24 NA 24 NA 11 86 0 3 3 26 0 0 0 0 0 3 3 26 0 0 0 0
284 77 99 82 17 32 153 1757 86 389 63 0 20 23.5 NA 23.5 NA 14 86 1 2 4 25 0 0 0 0 1 2 4 25 0 0 0 0
285 71 97 80 17 31 157 1773 76 382 63 0 21 24 NA 24 NA 9 76 1 2 4 24 0 0 0 0 1 2 4 24 0 0 0 0
286 73 97 80 17 33 158 1763 82 386 64 0 22 24 NA 24 NA 12 82 1 2 5 25 0 0 0 0 1 2 5 25 0 0 0 0
287 71 94 79 15 31 156 1751 91 385 62 0 21.5 24 NA 24 NA 7 91 1 2 6 22 0 0 0 0 1 2 6 22 0 0 0 0
288 86 95 81 14 33 157 1722 102 379 61 0 20 24 NA 24 NA 11 102 3 2 6 22 0 0 0 0 3 2 6 22 0 0 0 0
289 83 98 83 15 35 157 1720 86 381 63 0 20 24 NA 24 NA 12 86 3 3 7 22 0 0 0 0 3 3 7 22 0 0 0 0
290 76 94 79 15 36 162 1734 80 383 67 0 21 24 NA 24 NA 14 80 3 3 6 24 0 0 0 0 3 3 6 24 0 0 0 0
291 81 94 79 15 35 165 1732 81 383 70 0 21.5 24 NA 24 NA 15 81 1 5 5 24 0 0 0 0 1 5 5 24 0 0 0 0
292 79 95 79 16 37 167 1716 85 384 73 0 22 24 NA 24 NA 12 85 0 7 5 25 0 0 0 0 0 7 5 25 0 0 0 0
293 75 92 78 14 40 163 1733 87 390 71 0 23 23.5 NA 23.5 NA 12 87 0 8 5 27 0 0 0 0 0 8 5 27 0 0 0 0
294 66 92 79 13 39 159 1773 72 390 69 0 23 23 NA 23 NA 7 72 0 8 5 26 0 0 0 0 0 8 5 26 0 0 0 0
295 74 91 78 13 40 152 1768 102 393 70 0 23 23 NA 23 NA 8 102 0 9 6 25 0 0 0 0 0 9 6 25 0 0 0 0
296 70 92 79 13 41 146 1775 74 396 73 0 24 24 NA 24 NA 6 74 0 8 5 28 0 0 0 0 0 8 5 28 0 0 0 0
297 76 91 78 13 40 147 1750 92 397 70 0 25 25.5 NA 25.5 NA 10 92 0 7 5 28 0 0 0 0 0 7 5 28 0 0 0 0
298 66 96 79 17 40 154 1752 82 395 72 0 22.5 25.5 NA 25.5 NA 13 82 0 6 5 29 0 0 0 0 0 6 5 29 0 0 0 0
299 74 97 81 16 41 158 1756 77 394 71 0 22 24 NA 24 NA 12 77 0 8 5 28 0 0 0 0 0 8 5 28 0 0 0 0
300 66 99 82 17 41 154 1749 95 400 71 0 22 25 NA 25 NA 13 95 0 7 6 28 0 0 0 0 0 7 6 28 0 0 0 0
301 95 97 80 17 40 157 1752 78 396 70 0 23 25.5 NA 25.5 NA 15 78 0 6 7 27 0 0 0 0 0 6 7 27 0 0 0 0
302 79 98 81 17 39 157 1770 85 394 68 0 23 26 NA 26 NA 11 85 0 7 7 25 0 0 0 0 0 7 7 25 0 0 0 0
303 74 100 81 19 37 160 1777 83 392 67 0 23 25 NA 25 NA 16 83 0 5 8 24 0 0 0 0 0 5 8 24 0 0 0 0
304 80 101 83 18 37 156 1775 84 389 66 0 23 26 NA 26 NA 7 84 0 4 11 22 0 0 0 0 0 4 11 22 0 0 0 0
305 75 106 88 18 35 155 1765 83 383 65 0 21 25 NA 25 NA 8 83 0 4 10 21 0 0 0 0 0 4 10 21 0 0 0 0
306 79 107 88 19 35 158 1742 86 380 66 0 20 24 NA 24 NA 12 86 0 5 9 21 0 0 0 0 0 5 9 21 0 0 0 0
307 71 107 90 17 35 160 1749 89 382 67 0 19 24 NA 24 NA 14 89 0 4 10 21 0 0 0 0 0 4 10 21 0 0 0 0
308 73 103 83 20 38 152 1743 86 388 65 0 20 24 NA 24 NA 10 86 1 5 11 21 0 0 0 0 1 5 11 21 0 0 0 0
309 76 105 84 21 38 143 1744 70 392 65 0 20 24.5 NA 24.5 NA 5 70 0 6 11 21 0 0 0 0 0 6 11 21 0 0 0 0
310 93 105 84 21 38 149 1723 78 392 67 0 18 24.5 NA 24.5 NA 13 78 0 4 12 22 0 0 0 0 0 4 12 22 0 0 0 0
311 86 104 83 21 38 151 1716 90 394 66 0 19 24.5 NA 24.5 NA 11 90 0 4 12 22 0 0 0 0 0 4 12 22 0 0 0 0
312 75 102 80 22 33 147 1710 84 393 64 0 17.5 26 NA 26 NA 6 84 0 3 11 19 0 0 0 0 0 3 11 19 0 0 0 0
313 80 98 76 22 36 148 1715 100 391 64 0 18.5 26.5 NA 26.5 NA 13 100 1 3 12 20 0 0 0 0 1 3 12 20 0 0 0 0
314 77 94 73 21 32 155 1710 97 384 62 0 18.5 26.5 NA 26.5 NA 13 97 1 2 10 19 0 0 0 0 1 2 10 19 0 0 0 0
315 67 93 72 21 32 157 1709 82 384 61 0 19 23 NA 23 NA 13 82 1 4 9 18 0 0 0 0 1 4 9 18 0 0 0 0
316 84 93 73 20 32 154 1712 75 380 64 0 18 23 NA 23 NA 5 75 1 5 8 18 0 0 0 0 1 5 8 18 0 0 0 0
317 61 97 76 21 32 156 1729 86 381 68 0 18 23 NA 23 NA 11 86 1 6 7 18 0 0 0 0 1 6 7 18 0 0 0 0
318 78 97 76 21 33 156 1723 84 379 68 0 18 24 NA 24 NA 11 84 1 6 8 18 0 0 0 0 1 6 8 18 0 0 0 0
319 97 96 72 24 32 154 1738 73 374 67 0 19 22 NA 22 NA 8 73 0 7 7 18 0 0 0 0 0 7 7 18 0 0 0 0
320 72 95 71 24 32 144 1746 71 380 67 0 19 21.5 NA 21.5 NA 8 71 0 7 6 19 0 0 0 0 0 7 6 19 0 0 0 0
321 65 97 73 24 35 141 1746 71 389 70 0 19 21 NA 21 NA 8 71 1 8 7 19 0 0 0 0 1 8 7 19 0 0 0 0
322 83 99 75 24 34 143 1741 90 379 70 0 19 20 NA 20 NA 7 90 1 8 5 20 0 0 0 0 1 8 5 20 0 0 0 0
323 73 103 76 27 37 146 1757 75 382 72 0 19 19 NA 19 NA 14 75 1 10 5 21 0 0 0 0 1 10 5 21 0 0 0 0
324 78 105 78 27 39 145 1767 80 384 75 0 20 19 NA 19 NA 9 80 0 10 7 22 0 0 0 0 0 10 7 22 0 0 0 0
325 84 100 75 25 39 146 1772 72 389 74 0 21 22 NA 22 NA 12 72 0 12 5 22 0 0 0 0 0 12 5 22 0 0 0 0
326 69 96 72 24 39 143 1776 76 390 72 0 22 21 NA 21 NA 7 76 0 11 6 22 0 0 0 0 0 11 6 22 0 0 0 0
327 70 95 68 27 38 149 1786 92 390 68 0 23 22.5 NA 22.5 NA 15 92 0 12 6 20 0 0 0 0 0 12 6 20 0 0 0 0
328 68 98 70 28 41 144 1794 84 395 69 0 23.5 23 NA 23 NA 9 84 0 9 10 22 0 0 0 0 0 9 10 22 0 0 0 0
329 70 95 67 28 39 140 1794 84 399 70 0 24 23 NA 23 NA 8 84 0 6 13 20 0 0 0 0 0 6 13 20 0 0 0 0
330 66 91 64 27 37 147 1815 84 398 67 0 25 22 NA 22 NA 13 84 0 5 13 19 0 0 0 0 0 5 13 19 0 0 0 0
331 96 97 69 28 37 146 1805 78 401 69 0 23 21 NA 21 NA 11 78 1 4 13 19 0 0 0 0 1 4 13 19 0 0 0 0
332 79 98 70 28 36 143 1788 66 400 69 0 23.5 20 NA 20 NA 8 66 1 3 14 18 0 0 0 0 1 3 14 18 0 0 0 0
333 63 98 71 27 37 142 1791 78 394 68 0 24 21 NA 21 NA 6 78 1 2 15 19 0 0 0 0 1 2 15 19 0 0 0 0
334 79 97 70 27 36 144 1778 88 392 70 0 25 20 NA 20 NA 13 88 0 3 14 19 0 0 0 0 0 3 14 19 0 0 0 0
335 71 97 69 28 41 134 1756 88 398 69 0 24 19 NA 19 NA 6 88 0 7 15 19 0 0 0 0 0 7 15 19 0 0 0 0
336 76 96 67 29 41 137 1762 80 400 68 0 24.5 19 NA 19 NA 14 80 0 5 14 22 0 0 0 0 0 5 14 22 0 0 0 0
337 85 98 66 32 41 137 1747 96 398 68 0 24 19 NA 19 NA 13 96 1 5 13 22 0 0 0 0 1 5 13 22 0 0 0 0
338 76 98 67 31 39 138 1722 85 397 67 0 22 19 NA 19 NA 12 85 1 4 13 21 0 0 0 0 1 4 13 21 0 0 0 0
339 80 97 66 31 39 135 1730 78 399 66 0 22 19 NA 19 NA 9 78 1 5 12 21 0 0 0 0 1 5 12 21 0 0 0 0
340 79 98 66 32 40 134 1719 88 397 69 0 22.5 18.5 NA 18.5 NA 6 88 2 5 9 24 0 0 0 0 2 5 9 24 0 0 0 0
341 100 96 65 31 42 136 1730 80 390 67 0 23.5 18 NA 18 NA 11 80 2 6 8 26 0 0 0 0 2 6 8 26 0 0 0 0
342 76 97 65 32 42 140 1745 67 385 69 0 24 18 NA 18 NA 9 67 2 6 7 27 0 0 0 0 2 6 7 27 0 0 0 0
343 66 96 64 32 43 137 1743 86 384 73 0 24.5 18 NA 18 NA 8 86 2 6 9 26 0 0 0 0 2 6 9 26 0 0 0 0
344 85 97 66 31 44 135 1731 80 382 75 0 25 18 NA 18 NA 9 80 1 6 9 28 0 0 0 0 1 6 9 28 0 0 0 0
345 72 96 66 30 41 137 1738 85 378 72 0 25.5 18 NA 18 NA 9 85 1 6 8 26 0 0 0 0 1 6 8 26 0 0 0 0
346 69 96 65 31 40 136 1742 84 378 72 0 26.5 18 NA 18 NA 8 84 1 4 9 26 0 0 0 0 1 4 9 26 0 0 0 0
347 75 96 64 32 41 133 1765 80 381 73 0 27.5 18 NA 18 NA 7 80 1 5 9 26 0 0 0 0 1 5 9 26 0 0 0 0
348 75 94 63 31 40 126 1779 80 384 71 0 28 18 NA 18 NA 5 80 0 5 8 27 0 0 0 0 0 5 8 27 0 0 0 0
349 71 100 69 31 39 130 1764 98 384 72 0 26.5 18 NA 18 NA 13 98 0 4 9 26 0 0 0 0 0 4 9 26 0 0 0 0
350 77 96 67 29 35 137 1762 81 375 69 0 23 18 NA 18 NA 12 81 1 3 7 24 0 0 0 0 1 3 7 24 0 0 0 0
351 69 96 67 29 34 140 1766 89 377 67 0 22 18.5 NA 18.5 NA 13 89 1 4 7 22 0 0 0 0 1 4 7 22 0 0 0 0
352 86 93 65 28 33 144 1781 86 371 68 0 21 19 NA 19 NA 14 86 1 5 5 22 0 0 0 0 1 5 5 22 0 0 0 0
353 91 92 67 25 32 146 1780 75 374 64 0 21 19 NA 19 NA 13 75 1 6 5 20 0 0 0 0 1 6 5 20 0 0 0 0
354 71 89 66 23 32 153 1761 97 374 62 0 22 19 NA 19 NA 15 97 1 6 7 18 0 0 0 0 1 6 7 18 0 0 0 0
355 79 90 66 24 33 149 1770 85 378 62 0 22.5 19 NA 19 NA 11 85 1 6 6 20 0 0 0 0 1 6 6 20 0 0 0 0
356 81 88 65 23 32 149 1764 93 374 62 0 21 19 NA 19 NA 10 93 0 6 8 18 0 0 0 0 0 6 8 18 0 0 0 0
357 89 89 65 24 30 156 1722 86 368 62 0 20 18.5 NA 18.5 NA 11 86 0 5 9 16 0 0 0 0 0 5 9 16 0 0 0 0
358 64 91 65 26 31 157 1714 91 373 63 0 21 18 NA 18 NA 12 91 0 6 8 17 0 0 0 0 0 6 8 17 0 0 0 0
359 70 94 67 27 32 152 1734 78 376 64 0 21 18 NA 18 NA 9 78 0 7 7 18 0 0 0 0 0 7 7 18 0 0 0 0
360 73 94 67 27 32 147 1750 83 378 65 0 22 18 NA 18 NA 7 83 0 6 8 18 0 0 0 0 0 6 8 18 0 0 0 0
