1 79 109 84 25 49 156 1706 80 6 80 22 24 21 NA 21 NA 8 80 4 2 8 35 0 0 0 0 4 2 8 35 0 0 0 0 2 115
2 86 112 85 27 51 155 1720 76 9 81 43 23.5 21 NA 21 NA 10 76 2 6 8 35 0 0 0 0 2 6 8 35 0 0 0 0 2 121
3 88 108 82 26 48 159 1713 93 6 80 55 23.5 19.5 NA 19.5 NA 10 93 1 7 7 33 0 0 0 0 1 7 7 33 0 0 0 0 0 117
4 79 109 81 28 48 149 1698 100 12 80 72 24 19.5 NA 19.5 NA 6 100 0 8 7 33 0 0 0 0 0 8 7 33 0 0 0 0 0 114
5 62 109 81 28 50 150 1721 77 7 80 91 25 21 NA 21 NA 10 77 0 8 8 34 0 0 0 0 0 8 8 34 0 0 0 0 3 117
6 79 105 79 26 47 146 1751 82 8 78 114 26 22 NA 22 NA 9 82 0 7 7 33 0 0 0 0 0 7 7 33 0 0 0 0 1 137
7 81 103 77 26 44 144 1744 72 7 75 136 26 21 NA 21 NA 6 72 0 6 7 31 0 0 0 0 0 6 7 31 0 0 0 0 0 97
8 81 101 76 25 43 150 1722 96 5 75 159 25 21 NA 21 NA 15 96 0 6 7 30 0 0 0 0 0 6 7 30 0 0 0 0 0 105
9 83 102 77 25 42 151 1746 82 8 76 175 25 21 NA 21 NA 12 82 0 6 5 31 0 0 0 0 0 6 5 31 0 0 0 0 2 135
10 80 102 76 26 45 138 1721 94 16 76 193 26 22 NA 22 NA 6 94 0 8 7 30 0 0 0 0 0 8 7 30 0 0 0 0 2 99
11 83 103 78 25 45 131 1695 89 13 76 208 26 22 NA 22 NA 8 89 0 5 11 29 0 0 0 0 0 5 11 29 0 0 0 0 2 96
12 78 103 78 25 44 135 1724 84 4 75 230 25 22 NA 22 NA 12 84 0 4 11 29 0 0 0 0 0 4 11 29 0 0 0 0 1 138
13 83 103 77 26 43 126 1708 96 12 78 240 25 22 NA 22 NA 7 96 0 4 9 30 0 0 0 0 0 4 9 30 0 0 0 0 1 118
14 73 108 81 27 44 127 1714 94 7 81 258 24 21.5 NA 21.5 NA 14 94 0 3 11 30 0 0 0 0 0 3 11 30 0 0 0 0 4 127
15 77 108 81 27 42 133 1710 90 3 78 278 24 21.5 NA 21.5 NA 11 90 0 2 11 29 0 0 0 0 0 2 11 29 0 0 0 0 3 115
16 85 110 83 27 42 133 1716 92 3 81 287 24.5 21.5 NA 21.5 NA 6 92 0 1 12 29 0 0 0 0 0 1 12 29 0 0 0 0 1 128
17 65 109 83 26 42 132 1710 92 9 80 300 25 22 NA 22 NA 10 92 0 1 11 30 0 0 0 0 0 1 11 30 0 0 0 0 0 115
18 68 108 82 26 43 131 1737 104 9 80 321 25.5 22 NA 22 NA 10 104 0 1 12 30 0 0 0 0 0 1 12 30 0 0 0 0 0 157
19 84 109 83 26 44 139 1731 114 13 79 343 23 22 20 22 NA 22 114 0 4 11 29 0 1 0 0 0 3 11 29 0 0 0 0 1 145
20 93 112 85 27 44 149 1721 108 6 77 365 23 22 20 22 NA 18 108 0 4 10 30 0 1 0 0 0 3 10 30 0 0 0 0 3 135
21 73 112 85 27 42 145 1728 110 14 75 386 22.5 21.5 20 22 NA 14 110 0 3 11 28 0 1 0 0 0 2 11 28 0 0 0 0 2 139
22 71 111 85 26 40 138 1744 112 11 76 402 23 22 20 22 NA 7 112 0 3 11 26 0 1 0 0 0 2 11 26 0 0 0 0 1 155
23 81 112 84 28 39 144 1734 115 8 77 426 22 22 20 22 NA 16 115 0 2 8 29 0 0 1 0 0 2 7 29 0 0 0 0 3 130
24 66 116 87 29 39 152 1734 102 10 77 444 22 22 20 22 NA 18 102 0 2 6 31 0 0 1 0 0 2 5 31 0 0 0 0 5 123
25 77 115 86 29 40 149 1751 107 14 75 459 21 22 22.5 22 NA 11 107 0 2 8 30 0 0 2 0 0 2 6 30 0 0 0 0 2 155
26 81 117 87 30 39 151 1733 120 8 79 469 19 22 25 22 NA 11 120 0 2 8 29 0 0 3 0 0 2 5 29 0 0 0 0 2 137
27 74 115 88 27 41 146 1744 113 11 80 484 18 23 26.5 22 NA 6 113 0 3 10 28 0 0 3 1 0 3 7 27 0 0 0 0 1 155
28 58 114 87 27 42 147 1730 115 8 80 492 18 24 26.5 23 17 10 115 0 4 11 27 0 0 3 1 0 3 8 26 0 1 0 0 1 122
29 80 114 88 26 40 156 1735 120 5 78 505 18 22.5 26.5 22 17 14 120 0 3 12 25 0 0 3 1 0 2 9 24 0 1 0 0 4 150
30 76 117 90 27 41 162 1740 109 9 78 516 19 22 26.5 22 17 16 109 0 4 11 26 0 0 3 1 0 3 8 25 0 1 0 0 3 148
31 64 118 90 28 41 166 1740 109 11 81 531 19.5 22 26.5 22 17 16 109 0 5 10 26 0 0 3 1 0 4 7 25 0 1 0 0 1 137
32 76 116 89 27 40 173 1744 115 5 84 559 20.5 22.5 26.5 22 17 12 115 0 5 9 26 0 0 3 1 0 4 6 25 0 1 0 0 1 151
33 85 112 85 27 37 174 1742 108 10 82 569 21 22 26.5 22 17 13 108 0 4 7 26 0 0 3 1 0 3 4 25 0 1 0 0 0 138
34 80 110 83 27 35 175 1755 110 11 80 575 21 22 25 22 17 16 110 1 4 5 25 1 0 2 2 0 3 3 23 0 1 0 0 2 154
35 80 107 80 27 34 174 1735 119 12 79 584 21 22 25 22 17 11 119 1 2 6 25 1 0 1 3 0 2 4 22 0 0 1 0 2 132
36 71 109 82 27 33 183 1750 112 6 84 595 22 22 25 22 17 14 112 1 1 5 26 1 0 0 4 0 1 4 22 0 0 1 0 2 156
37 66 110 84 26 35 176 1735 129 18 85 615 23 22 22.5 22 17 13 129 2 1 5 27 2 0 0 4 0 1 4 23 0 0 1 0 1 148
38 74 112 84 28 34 179 1755 111 9 86 630 23 22 22.5 22 17 14 111 2 0 6 26 2 0 0 4 0 0 5 22 0 0 1 0 4 158
39 75 110 81 29 34 177 1712 129 11 83 636 23.5 22 25 22 17 12 129 2 2 5 25 2 0 0 3 0 2 4 22 0 0 1 0 3 119
40 64 111 82 29 35 180 1719 122 11 84 651 24 22 25 22 27 14 122 2 2 6 25 2 0 0 3 0 2 5 21 0 0 1 1 0 156
41 103 112 84 28 35 177 1722 118 10 87 667 24.5 22 25 21.5 27 15 118 1 3 7 24 1 1 0 3 0 2 6 20 0 0 1 1 0 153
42 85 115 87 28 37 171 1731 114 13 88 685 23 22 25 21.5 27 12 114 1 4 7 25 1 2 1 3 0 2 5 21 0 0 1 1 4 154
43 75 119 90 29 36 175 1709 129 13 84 697 22 21.5 25 21 28 19 129 1 4 8 23 1 2 1 3 0 2 5 19 0 0 2 1 6 141
44 82 120 92 28 34 175 1717 126 13 80 713 20.5 21.5 25 21 22.5 17 126 1 5 7 21 1 2 1 3 0 3 4 18 0 0 2 0 2 161
45 76 118 91 27 35 176 1700 131 12 79 723 21 22 25 21.5 22.5 16 131 1 6 8 20 1 2 1 3 0 4 5 17 0 0 2 0 0 144
46 79 119 93 26 34 178 1733 110 6 78 737 22 22 25 22 22.5 12 110 1 6 7 20 1 2 1 3 0 4 4 17 0 0 2 0 1 170
47 63 118 93 25 36 178 1730 124 11 77 741 23 22 25.5 22 28 16 124 0 6 9 21 0 3 2 3 0 3 6 18 0 0 1 0 2 140
48 77 116 91 25 37 174 1707 121 12 78 746 24 22 26 22 28 12 121 0 4 10 23 0 2 2 3 0 2 7 20 0 0 1 0 0 129
49 105 114 91 23 34 175 1695 134 12 75 752 23 22 26 22 28 16 134 0 4 10 20 0 2 2 3 0 2 7 17 0 0 1 0 1 162
50 64 117 94 23 36 176 1680 142 10 80 762 24 22 26 22 28 17 142 0 5 11 20 0 2 2 3 0 3 8 17 0 0 1 0 3 149
51 75 119 98 21 37 180 1683 107 11 79 773 22 22 25.5 22 28 18 107 0 6 10 21 0 3 2 3 0 3 8 17 0 0 0 1 6 135
52 83 116 93 23 35 181 1682 119 10 76 779 22.5 22 25.5 22 NA 15 119 0 6 8 21 0 3 0 5 0 3 8 16 0 0 0 0 0 154
53 63 116 94 22 34 173 1687 111 13 75 788 21 22 25.5 21.5 NA 7 111 0 5 9 20 0 2 1 5 0 3 8 15 0 0 0 0 2 135
54 75 117 95 22 33 175 1699 128 12 77 810 20 22 25.5 21 NA 17 128 0 3 11 19 0 1 2 5 0 2 9 14 0 0 0 0 2 167
55 78 114 94 20 32 174 1708 116 16 79 816 20 22 27 21.5 NA 19 116 0 2 10 20 0 0 1 5 0 2 9 15 0 0 0 0 2 159
56 79 113 92 21 33 173 1714 112 12 80 819 20 22 27 21.5 5 16 112 1 2 9 21 0 0 1 5 0 2 8 16 1 0 0 0 2 151
57 78 109 88 21 35 166 1715 117 18 75 831 19 22 26 22 5 13 117 3 2 8 22 1 0 1 5 1 2 7 17 1 0 0 0 0 144
58 82 108 87 21 35 167 1720 111 10 77 836 20 22 25.5 21.5 5 11 111 4 2 7 22 1 1 1 5 2 1 6 17 1 0 0 0 1 153
59 78 106 85 21 33 176 1713 139 9 79 833 21 21 25 21 5 18 139 4 2 5 22 1 1 1 4 2 1 4 18 1 0 0 0 0 159
60 75 110 89 21 35 183 1721 132 9 77 847 19.5 18 21 19.5 5 17 132 5 4 4 22 2 1 1 4 2 3 3 18 1 0 0 0 2 166
61 75 112 88 24 37 168 1735 120 19 78 853 19.5 21 17 22 5 10 120 5 4 5 23 2 1 1 3 2 3 4 20 1 0 0 0 0 161
62 78 110 85 25 37 177 1725 129 5 78 865 20 21 17 22 5 15 129 5 3 7 22 2 1 1 3 2 2 6 19 1 0 0 0 1 154
63 69 111 86 25 41 174 1722 136 16 83 869 21 21 17 22 12 12 136 2 8 8 23 2 1 1 3 0 5 7 20 0 2 0 0 1 164
64 81 109 85 24 43 183 1703 149 12 83 866 22 21 17 22 12 24 149 1 10 8 24 1 3 1 3 0 5 7 21 0 2 0 0 1 156
65 66 107 82 25 47 184 1723 112 13 84 874 23 21 17 22 12 16 112 2 10 8 27 1 2 2 3 1 6 6 24 0 2 0 0 1 159
66 76 108 83 25 48 188 1712 131 8 89 883 23.5 20 17 22 12 14 131 2 11 6 29 1 3 1 4 1 6 5 25 0 2 0 0 1 152
67 70 107 82 25 48 191 1685 125 14 88 889 24 21.5 15.5 23 12 18 125 2 11 6 29 1 4 1 4 1 5 5 25 0 2 0 0 2 130
68 80 105 81 24 50 194 1672 133 8 88 893 25 22 17 23 12 14 133 1 11 10 28 1 4 2 3 0 6 7 25 0 1 1 0 1 152
69 72 108 84 24 51 190 1669 138 16 87 897 26 22 17 23 12 14 138 1 11 10 29 1 4 2 3 0 6 7 26 0 1 1 0 3 163
70 72 106 83 23 51 188 1685 121 10 85 904 27 22 17 23 12 13 121 0 13 8 30 0 6 2 3 0 6 5 27 0 1 1 0 0 162
71 89 105 82 23 50 190 1663 136 11 82 908 27 22 17 23 12 12 136 0 11 10 29 0 5 3 4 0 5 6 25 0 1 1 0 2 145
72 70 106 82 24 52 183 1668 127 23 86 915 28 21.5 17 22.5 12 19 127 0 13 10 29 0 5 3 4 0 7 6 25 0 1 1 0 1 151
73 70 106 83 23 53 181 1692 115 17 87 921 28 22 17 23 12 18 115 0 13 11 29 0 5 3 4 0 7 7 25 0 1 1 0 2 170
74 78 105 82 23 54 177 1686 137 13 87 928 28 22.5 17 23 12 13 137 0 14 10 30 0 5 3 4 0 8 6 26 0 1 1 0 0 163
75 89 105 82 23 53 173 1687 118 15 85 931 28 23 17 24 12 12 118 0 11 13 29 0 5 3 4 0 6 8 25 0 0 2 0 2 158
76 74 103 81 22 53 176 1691 130 10 84 936 29 23 17 24 12 14 130 0 9 15 29 0 4 4 4 0 5 9 25 0 0 2 0 0 164
77 56 103 81 22 51 172 1712 120 13 83 941 28 24 17 26 12 14 120 0 5 17 29 0 2 5 5 0 3 10 24 0 0 2 0 3 163
78 75 100 79 21 48 176 1732 132 11 80 953 28 24.5 17 27.5 12 15 132 0 2 19 27 0 1 6 5 0 1 11 22 0 0 2 0 0 181
79 76 97 75 22 45 171 1718 150 11 77 961 28 25 17 27.5 12 10 150 0 2 17 26 0 1 4 6 0 1 11 20 0 0 2 0 1 161
80 61 100 78 22 44 190 1726 131 3 77 969 29 25.5 17 27.5 19 21 131 0 1 16 27 0 1 4 6 0 0 11 19 0 0 1 2 1 163
81 81 100 77 23 43 192 1718 123 8 77 975 28.5 25 21 26.5 19 11 123 0 1 17 25 0 1 5 6 0 0 11 17 0 0 1 2 2 149
82 80 103 78 25 43 193 1738 124 12 77 980 29 24 21 25 19 16 124 0 1 17 25 0 0 5 7 0 1 11 16 0 0 1 2 1 173
83 75 102 77 25 43 185 1730 146 25 74 987 28.5 25 21.5 26.5 19 19 146 0 3 16 24 0 1 4 7 0 2 11 15 0 0 1 2 1 164
84 58 101 75 26 42 181 1740 115 9 72 989 28 25.5 21.5 26.5 29 9 115 0 3 15 24 0 1 4 7 0 2 11 15 0 0 0 2 1 149
85 87 97 72 25 40 181 1738 134 16 71 1003 29 24.5 21.5 26 19 22 134 0 3 14 23 0 1 4 7 0 2 10 15 0 0 0 1 0 168
86 85 100 73 27 40 178 1707 133 11 69 999 26 25.5 21.5 27 19 14 133 0 3 12 25 0 1 4 7 0 2 8 17 0 0 0 1 4 140
87 87 99 72 27 42 185 1716 112 8 72 994 27 25.5 18 27 19 17 112 0 3 11 28 0 2 4 7 0 1 7 20 0 0 0 1 1 153
88 82 98 72 26 41 182 1709 167 14 68 996 27 27 25 28 19 12 167 0 2 9 30 0 1 2 8 0 1 7 21 0 0 0 1 2 189
89 81 95 69 26 42 173 1707 129 18 66 996 27 27 21 27 19 10 129 1 3 9 29 0 1 1 8 1 2 8 20 0 0 0 1 1 159
90 97 94 68 26 39 181 1724 131 10 65 990 25.5 27 25 27 19 20 131 1 2 8 28 0 1 1 7 1 1 7 20 0 0 0 1 1 179
91 75 96 70 26 39 178 1727 130 17 64 995 24 27 22.5 27.5 19 14 130 1 2 8 28 0 1 1 6 1 1 7 21 0 0 0 1 3 157
92 76 97 71 26 40 173 1717 126 18 64 992 23 27.5 22.5 28 19 15 126 1 2 8 29 0 1 1 6 1 1 7 22 0 0 0 1 2 141
93 89 95 69 26 39 174 1701 147 13 65 993 24 27 22.5 27.5 19 16 147 1 1 9 28 0 1 1 6 1 0 8 21 0 0 0 1 0 166
94 75 96 67 29 37 173 1711 143 18 65 1005 22.5 27 22.5 27.5 19 19 143 1 1 8 27 0 1 0 7 1 0 8 19 0 0 0 1 3 180
95 83 95 67 28 33 179 1737 126 7 64 1001 20 27 24 27.5 19 15 126 1 1 8 23 0 1 0 5 1 0 8 17 0 0 0 1 2 180
96 74 97 68 29 33 186 1738 149 8 66 1010 21 27 24 27.5 19 19 149 1 0 8 24 0 0 1 5 1 0 7 18 0 0 0 1 2 179
97 82 98 69 29 32 190 1739 133 11 65 1010 18.5 27.5 24 28 19 18 133 1 0 6 25 0 0 1 5 1 0 5 19 0 0 0 1 2 165
98 75 95 68 27 31 189 1730 141 14 67 1006 18 27 24 27.5 19 14 141 0 2 5 24 0 0 1 5 0 2 4 18 0 0 0 1 0 156
99 60 94 68 26 30 190 1718 153 13 65 1014 18 26.5 24 27 19 16 153 0 3 4 23 0 0 1 5 0 3 3 17 0 0 0 1 1 164
100 73 95 69 26 29 202 1697 144 8 66 1018 19 26 24 26.5 19 21 144 0 3 3 23 0 0 1 5 0 3 2 17 0 0 0 1 1 151
101 76 96 70 26 33 199 1674 147 19 68 1011 19.5 24 28 23.5 36 19 147 0 6 4 23 0 0 2 5 0 6 2 16 0 0 0 2 1 153
102 73 97 71 26 33 191 1682 132 15 68 1007 20 23 17 24.5 36 11 132 0 7 4 22 0 1 2 4 0 6 2 16 0 0 0 2 3 163
103 82 95 68 27 33 193 1683 138 12 67 1012 20 21 16 22 36 16 138 0 9 4 20 0 1 2 3 0 8 2 15 0 0 0 2 1 172
104 82 94 67 27 33 189 1694 121 19 66 1012 20.5 19 15 20.5 36 16 121 1 10 4 18 1 1 2 3 0 9 2 13 0 0 0 2 1 163
105 64 94 67 27 33 181 1707 143 15 66 1017 21 19 15 20.5 36 13 143 1 8 5 19 1 1 2 3 0 7 3 14 0 0 0 2 1 181
106 85 90 64 26 35 167 1682 146 29 67 1014 21.5 21 15 22.5 36 18 146 1 6 8 20 1 1 2 3 0 5 6 15 0 0 0 2 0 153
107 82 89 63 26 36 168 1668 152 13 67 1017 21 20 15 22.5 19 19 152 1 5 12 18 1 2 3 3 0 3 9 14 0 0 0 1 0 172
108 79 93 64 29 36 175 1673 126 8 70 1012 22 20 15 22.5 19 17 126 1 5 11 19 1 2 2 4 0 3 9 14 0 0 0 1 2 165
109 79 89 62 27 33 175 1696 121 18 67 1006 22 19 14 21.5 19 20 121 1 4 11 17 1 2 2 3 0 2 9 13 0 0 0 1 0 165
110 57 90 63 27 33 172 1685 148 12 66 1008 22 21 15 22 19 11 148 2 2 12 17 1 1 2 3 1 1 10 13 0 0 0 1 3 155
111 86 88 61 27 31 175 1678 117 11 65 1009 22 21 19 21.5 19 18 117 2 2 10 17 1 1 1 3 1 1 9 13 0 0 0 1 1 144
112 69 87 62 25 31 186 1685 147 9 65 1017 23 19 19 21 10.5 20 147 2 3 10 16 0 2 1 3 1 1 9 12 1 0 0 1 1 172
113 76 90 65 25 32 182 1716 106 13 67 1017 22.5 20 19 21.5 10.5 12 106 2 2 12 16 0 2 1 3 1 0 11 12 1 0 0 1 2 168
114 81 92 67 25 33 182 1693 157 11 67 1021 23 21 19 22 10.5 15 157 2 1 14 16 0 1 2 3 1 0 12 12 1 0 0 1 1 166
115 96 94 69 25 34 178 1716 118 10 67 1012 23 20 19 21.5 10.5 9 118 2 2 14 16 0 1 2 3 1 1 12 12 1 0 0 1 2 178
116 74 96 69 27 34 175 1705 139 13 69 1018 23.5 20 19 21.5 10.5 13 139 2 2 13 17 0 1 1 4 1 1 12 12 1 0 0 1 2 159
117 73 96 69 27 34 182 1668 149 11 69 1016 23.5 20 19 21.5 10.5 21 149 2 3 11 18 0 1 1 4 1 2 10 13 1 0 0 1 1 143
118 89 97 68 29 34 191 1694 115 7 68 1019 24 20 19 21.5 10.5 18 115 1 4 8 21 0 1 1 4 0 3 7 16 1 0 0 1 1 176
119 86 99 71 28 35 194 1700 136 11 67 1023 23 22 19 23 10.5 17 136 1 4 7 23 0 1 1 4 0 3 6 18 1 0 0 1 1 167
120 82 97 69 28 34 195 1680 161 12 69 1020 24 22.5 19 23.5 10.5 16 161 1 4 7 22 0 1 1 4 0 3 6 17 1 0 0 1 0 163
121 75 101 73 28 34 213 1693 132 4 71 1023 24 22.5 19 23.5 10.5 22 132 1 4 7 22 0 1 1 4 0 3 6 17 1 0 0 1 2 170
122 92 100 72 28 35 208 1713 122 11 71 1026 23.5 21 15 22.5 19 9 122 1 6 5 23 1 2 1 4 0 3 4 17 0 1 0 2 2 176
123 78 100 72 28 35 211 1694 168 15 71 1026 23 21 18 22 19 21 168 1 7 5 22 1 3 1 4 0 3 4 16 0 1 0 2 1 173
124 76 99 71 28 36 215 1704 120 10 69 1036 23 21 18 22.5 19 16 120 1 6 8 21 1 2 2 4 0 3 6 15 0 1 0 2 0 170
125 55 103 76 27 38 214 1708 142 16 72 1052 22 21 18 22.5 19 17 142 1 6 8 23 1 3 3 4 0 2 5 17 0 1 0 2 1 167
126 88 103 77 26 37 210 1731 115 18 72 1054 22 21 18 23 19 15 115 1 5 8 23 1 2 3 5 0 2 5 16 0 1 0 2 2 164
127 78 103 77 26 38 194 1738 134 21 75 1060 23 21.5 19.5 23 19 9 134 1 4 8 25 1 2 3 6 0 1 5 17 0 1 0 2 1 169
128 64 106 80 26 37 207 1741 139 3 76 1063 21.5 22 21 23 19 16 139 0 4 6 27 0 2 3 6 0 1 3 19 0 1 0 2 1 172
129 57 106 80 26 39 210 1743 141 14 77 1066 22.5 23 23.5 23.5 19 19 141 0 4 8 27 0 2 4 6 0 1 4 19 0 1 0 2 0 161
130 75 105 78 27 36 214 1738 139 14 77 1071 22 23.5 26 23.5 19 20 139 0 3 6 27 0 2 3 6 0 0 3 19 0 1 0 2 1 165
131 63 103 77 26 37 218 1736 145 12 78 1080 23 23 26 23 19 16 145 0 4 6 27 0 2 3 6 0 1 3 19 0 1 0 2 1 169
132 66 101 76 25 36 226 1730 148 13 75 1078 23 22.5 23.5 23 19 26 148 0 4 6 26 0 2 3 5 0 1 3 19 0 1 0 2 0 165
133 71 100 78 22 35 223 1759 123 17 76 1088 23.5 22 23.5 23 10.5 17 123 0 3 8 24 0 2 3 5 0 0 5 18 0 1 0 1 2 179
134 78 99 76 23 38 215 1768 125 19 74 1100 23 22.5 21 23.5 2 14 125 0 5 11 22 0 3 4 4 0 2 6 18 0 0 1 0 3 162
135 68 104 80 24 39 212 1760 140 10 75 1094 22 22 21 23.5 2 12 140 1 5 11 22 1 3 4 4 0 2 6 18 0 0 1 0 2 157
136 83 104 80 24 40 210 1755 132 15 75 1096 23 22.5 21 24 2 17 132 1 5 10 24 1 3 4 4 0 2 5 20 0 0 1 0 1 161
137 75 105 82 23 44 197 1758 141 20 77 1101 23 21.5 21 23 2 10 141 1 8 11 24 1 3 5 4 0 5 5 20 0 0 1 0 2 168
138 83 100 81 19 41 194 1742 137 19 75 1092 23 21 21 22.5 2 16 137 1 6 11 23 1 2 4 5 0 4 6 18 0 0 1 0 1 158
139 86 99 80 19 42 196 1729 132 17 75 1078 24 21 21 22 2 21 132 2 6 10 24 1 1 4 6 1 5 5 18 0 0 1 0 0 152
140 89 96 78 18 42 200 1742 136 15 75 1079 25 21 21 21.5 2 20 136 2 7 10 23 1 1 3 6 1 6 6 17 0 0 1 0 0 181
141 64 97 80 17 42 198 1723 134 18 74 1068 24 21 21 22 2 17 134 2 8 10 22 1 2 3 6 1 6 6 16 0 0 1 0 0 144
142 79 99 82 17 41 204 1725 123 9 74 1065 24 21 21 22.5 2 18 123 1 10 9 21 1 2 3 6 0 8 5 15 0 0 1 0 3 151
143 64 103 88 15 41 198 1738 138 17 72 1066 24 21 21 22.5 2 16 138 1 6 12 22 1 2 3 6 0 4 8 16 0 0 1 0 4 180
144 69 104 89 15 43 192 1703 145 16 73 1064 24 22 21 23 2 15 145 1 6 11 25 1 2 3 6 0 4 7 19 0 0 1 0 0 137
145 80 104 90 14 43 193 1705 148 10 75 1067 24 23 21 23.5 2 13 148 1 5 12 25 1 2 3 6 0 3 8 19 0 0 1 0 2 186
146 79 106 90 16 44 185 1702 142 12 78 1059 25 22.5 20 24 2 8 142 0 6 12 26 0 3 3 6 0 3 9 19 0 0 0 1 3 166
147 87 104 88 16 44 183 1716 130 16 80 1051 26 23 21 24 2 16 130 0 6 11 27 0 2 2 6 0 4 9 20 0 0 0 1 0 179
148 74 108 92 16 44 185 1688 144 13 79 1055 23.5 23 21 24 2 20 144 0 6 12 26 0 2 2 6 0 4 10 19 0 0 0 1 1 148
149 74 108 91 17 43 178 1694 129 14 80 1049 24 23 21 24 2 11 129 0 4 12 27 0 1 2 7 0 3 10 19 0 0 0 1 1 163
150 77 103 87 16 41 182 1692 138 14 77 1052 25 23 21 24 NA 21 138 0 3 12 26 0 1 2 7 0 2 10 19 0 0 0 0 0 163
151 72 104 88 16 43 181 1706 134 15 77 1056 26 23 21 24 NA 17 134 0 4 11 28 0 1 1 8 0 3 10 20 0 0 0 0 2 175
152 101 104 88 16 42 177 1692 116 15 74 1048 26 23 21 23.5 NA 18 116 0 3 12 27 0 1 1 8 0 2 11 19 0 0 0 0 1 144
153 79 104 88 16 43 184 1673 135 11 75 1043 26.5 23 21 23 NA 18 135 1 3 12 27 0 1 1 8 1 2 11 19 0 0 0 0 1 147
154 72 106 90 16 44 184 1687 139 11 76 1051 26 23 21 23.5 19 16 139 0 4 14 26 0 1 1 7 0 2 13 19 0 1 0 0 1 177
155 99 103 88 15 41 179 1672 138 11 78 1056 25 23 21 23.5 19 10 138 0 4 11 26 0 1 1 6 0 2 10 20 0 1 0 0 0 162
156 90 105 89 16 39 176 1680 138 12 76 1052 23 23 21 23 19 13 138 0 4 11 24 0 1 1 5 0 2 10 19 0 1 0 0 2 186
157 71 107 91 16 42 175 1697 126 11 78 1059 24 23 20.5 24 19 12 126 0 4 11 27 0 1 2 5 0 2 9 22 0 1 0 0 1 161
158 68 106 89 17 43 174 1708 118 12 79 1065 24 22 20.5 23 19 13 118 0 5 12 26 0 1 2 5 0 3 10 21 0 1 0 0 1 158
159 75 105 88 17 42 176 1703 142 11 76 1070 24 21.5 20 23 19 12 142 0 4 12 26 0 1 2 4 0 3 9 22 0 0 1 0 1 164
160 79 104 87 17 41 178 1713 140 14 80 1070 25 21 19.5 23 NA 18 140 1 4 10 26 1 1 2 4 0 3 8 22 0 0 0 0 1 188
161 77 102 85 17 41 173 1719 119 12 78 1065 26 21 19.5 23 NA 12 119 1 3 8 29 1 0 2 5 0 3 6 24 0 0 0 0 2 155
162 66 101 84 17 41 176 1725 138 16 76 1066 27 22 19 23 NA 18 138 1 4 7 29 1 0 2 4 0 4 5 25 0 0 0 0 1 170
163 68 95 77 18 36 185 1720 138 5 71 1061 26 21 16 23 NA 16 138 1 4 6 25 1 0 2 3 0 4 4 22 0 0 0 0 1 155
164 62 94 77 17 38 178 1702 152 17 72 1060 26.5 20.5 16 22 NA 11 152 1 6 5 26 1 0 2 3 0 6 3 23 0 0 0 0 0 156
165 94 97 81 16 37 183 1698 145 8 71 1062 24 20 16 21 NA 19 145 1 5 6 25 1 0 2 3 0 5 4 22 0 0 0 0 4 176
166 72 95 79 16 37 177 1693 137 12 71 1065 24 20 13 21 NA 9 137 1 4 7 25 1 1 2 3 0 3 5 22 0 0 0 0 0 160
167 76 91 75 16 34 185 1680 146 7 68 1068 25 19.5 13 21 NA 17 146 0 3 8 23 0 2 2 2 0 1 6 21 0 0 0 0 0 157
168 75 94 75 19 35 183 1699 140 14 69 1075 25 19 13 21 17 13 140 0 4 9 22 0 2 3 2 0 1 6 20 0 1 0 0 2 181
169 67 98 79 19 37 184 1699 157 12 70 1084 23.5 20 16 21 NA 15 157 0 6 8 23 0 3 2 3 0 3 6 20 0 0 0 0 2 184
170 67 98 80 18 37 182 1714 138 15 70 1081 24 21 19 21 NA 21 138 0 5 9 23 0 3 2 2 0 2 7 21 0 0 0 0 2 171
171 73 99 81 18 40 181 1707 137 13 71 1073 23 21 19 21 41 12 137 1 5 9 25 0 3 2 2 1 2 7 22 0 0 0 1 1 157
172 82 104 85 19 40 186 1710 136 14 69 1082 23.5 21 19.5 21 41 19 136 1 2 13 24 0 1 3 2 1 1 10 21 0 0 0 1 5 175
173 79 104 86 18 41 188 1705 139 14 69 1080 22.5 21 19.5 22 41 18 139 2 2 11 26 0 1 2 3 2 1 9 22 0 0 0 1 0 163
174 63 101 83 18 40 195 1702 140 7 66 1077 22 21 19.5 23 41 17 140 3 2 11 24 0 1 2 3 3 1 9 20 0 0 0 1 2 159
175 84 101 83 18 42 190 1707 126 19 67 1077 22 21 19 23 41 16 126 2 5 12 23 0 2 2 3 2 3 10 19 0 0 0 1 1 165
176 68 101 83 18 43 184 1723 132 17 65 1089 22 21 19 23 30.5 15 132 2 7 11 23 0 2 2 3 2 4 9 19 0 1 0 1 1 171
177 64 100 82 18 42 182 1719 149 15 69 1091 22 22 19.5 24.5 30.5 18 149 0 8 11 23 0 1 3 2 0 6 8 20 0 1 0 1 1 173
178 83 96 80 16 43 185 1676 148 16 68 1085 23 21 18.5 26 30.5 19 148 1 9 9 24 1 2 3 2 0 6 6 21 0 1 0 1 1 138
179 73 94 78 16 42 192 1678 139 8 66 1088 23 21 18.5 24.5 30.5 17 139 1 9 7 25 1 2 2 3 0 6 5 21 0 1 0 1 1 166
180 73 92 76 16 45 181 1699 107 19 68 1096 23.5 21 18 24.5 30.5 12 107 2 8 10 25 2 3 3 3 0 5 6 21 0 0 1 1 0 149
181 71 95 77 18 49 167 1702 130 21 72 1112 24 21 18 24.5 30.5 10 130 1 11 10 27 1 5 4 3 0 6 5 23 0 0 1 1 2 169
182 105 95 77 18 48 169 1699 144 11 70 1117 23 20.5 18 23 30.5 15 144 1 11 8 28 1 5 4 3 0 6 3 24 0 0 1 1 0 186
183 71 95 77 18 47 167 1730 133 10 70 1123 22 20 17.5 23 30.5 12 133 1 9 9 28 1 5 3 3 0 4 5 24 0 0 1 1 1 189
184 79 96 78 18 46 170 1737 132 12 74 1121 22.5 20.5 17 24.5 20 16 132 1 9 6 30 1 5 2 3 0 4 2 26 0 0 2 1 1 166
185 81 98 81 17 47 173 1742 132 17 75 1116 22 20 16 23 20 20 132 3 7 8 29 3 4 3 3 0 3 3 25 0 0 2 1 2 166
186 71 97 79 18 47 172 1719 144 11 74 1120 21 20 16 23 20 14 144 3 7 8 29 3 4 3 3 0 3 3 25 0 0 2 1 0 157
187 72 98 81 17 47 174 1716 146 15 75 1114 22 20 15.5 23 16.5 18 146 3 6 10 28 3 4 4 3 0 2 4 25 0 0 2 0 2 172
188 63 98 81 17 46 181 1689 164 8 75 1121 23 20 15 23 16.5 16 164 2 8 10 26 2 5 4 2 0 3 4 24 0 0 2 0 0 160
189 75 98 81 17 46 180 1674 152 16 73 1122 24 20 15 23 16.5 18 152 2 3 14 27 2 3 5 3 0 0 7 24 0 0 2 0 1 167
190 76 100 84 16 48 175 1671 136 13 74 1117 24.5 19.5 15 23 16.5 11 136 3 4 14 27 2 3 5 3 1 1 7 24 0 0 2 0 2 159
191 75 101 85 16 47 171 1675 136 11 75 1122 25 20 15 23 16.5 14 136 3 4 14 26 2 3 5 3 1 1 7 23 0 0 2 0 1 166
192 76 103 86 17 48 180 1691 136 11 76 1130 24 19.5 15 23 16.5 22 136 3 5 12 28 2 4 5 3 1 1 6 24 0 0 1 1 2 178
193 82 103 86 17 49 180 1735 103 11 77 1129 25 20 15 23 16.5 13 103 3 5 12 29 2 3 5 4 1 2 6 24 0 0 1 1 0 179
194 82 99 83 16 47 178 1754 134 15 78 1122 26 19 15 21 16.5 16 134 3 5 11 28 2 3 4 5 1 2 6 22 0 0 1 1 0 188
195 76 101 85 16 48 180 1733 149 20 78 1128 27 19.5 15 22 16.5 23 149 2 6 10 30 1 4 4 5 1 2 6 23 0 0 0 2 2 156
196 82 101 85 16 48 178 1749 130 13 79 1122 27 20 15 23 16.5 12 130 1 4 14 29 0 4 5 5 1 0 9 22 0 0 0 2 0 180
197 66 105 87 18 48 177 1745 126 18 80 1123 27 20 15 23 16.5 20 126 1 4 13 30 0 4 5 5 1 0 8 23 0 0 0 2 3 148
198 72 102 85 17 46 179 1719 146 14 77 1125 28 19.5 15 22 16.5 16 146 1 4 13 28 0 4 5 5 1 0 8 21 0 0 0 2 1 153
199 85 103 85 18 46 181 1709 133 18 77 1133 27 19.5 15 22 16.5 21 133 1 5 11 29 0 4 4 6 1 1 7 21 0 0 0 2 3 158
200 60 103 85 18 47 178 1701 140 16 77 1133 28 20 14.5 23 16.5 15 140 2 3 14 28 1 3 5 5 1 0 9 21 0 0 0 2 1 153
201 65 101 84 17 46 178 1700 135 14 79 1139 29 19.5 14.5 22 16.5 16 135 2 3 9 32 1 3 3 7 1 0 6 23 0 0 0 2 0 151
202 78 107 89 18 45 183 1688 147 14 80 1144 26 20 14.5 23 16.5 19 147 1 3 10 31 1 2 4 7 0 1 6 22 0 0 0 2 4 158
203 75 106 88 18 47 181 1694 134 19 82 1151 27.5 20 14 23 16.5 19 134 2 3 11 31 2 2 4 7 0 1 7 22 0 0 0 2 0 171
204 95 106 88 18 46 179 1703 120 14 80 1139 25.5 19.5 14 22 20 13 120 2 5 10 29 2 2 4 7 0 3 6 21 0 0 0 1 2 169
205 75 103 84 19 42 179 1692 147 14 76 1140 24 19 14 21 NA 16 147 2 5 8 27 2 2 3 8 0 3 5 19 0 0 0 0 1 160
206 82 102 84 18 41 191 1719 141 6 74 1140 24 19 14 22 NA 18 141 2 5 7 27 2 2 3 8 0 3 4 19 0 0 0 0 0 196
207 73 99 81 18 43 196 1721 138 16 74 1145 25 20 14.5 23 NA 23 138 2 6 8 27 2 2 4 8 0 4 4 19 0 0 0 0 0 167
208 87 96 79 17 43 200 1738 135 16 74 1142 26 20 14 23 NA 22 135 2 4 9 28 2 0 5 8 0 4 4 20 0 0 0 0 0 177
209 77 96 79 17 43 200 1730 141 12 77 1141 27 20 14.5 23 NA 12 141 1 5 8 29 1 1 4 8 0 4 4 21 0 0 0 0 2 167
210 81 93 76 17 45 194 1733 131 15 75 1142 28 20 14 22 NA 12 131 2 6 8 29 2 1 4 8 0 5 4 21 0 0 0 0 0 170
211 62 95 77 18 45 193 1741 141 8 75 1147 28 20 14 21 NA 10 141 2 6 9 28 2 2 4 8 0 4 5 20 0 0 0 0 3 178
212 72 97 77 20 45 201 1707 168 13 74 1147 28 20 14 21 NA 22 168 2 7 7 29 2 2 3 8 0 5 4 21 0 0 0 0 3 169
213 72 99 79 20 46 209 1712 135 6 74 1146 28 19.5 14 21 NA 14 135 2 6 9 29 2 2 3 8 0 4 6 21 0 0 0 0 1 170
214 76 97 77 20 45 208 1715 137 12 76 1141 28 20 13 21 NA 16 137 2 6 10 27 2 3 2 8 0 3 8 19 0 0 0 0 2 167
215 94 95 75 20 46 205 1693 145 15 72 1133 27 19.5 13 22 10 17 145 3 6 12 25 2 4 2 7 0 2 10 18 1 0 0 0 0 158
216 69 96 73 23 48 202 1691 144 15 74 1143 27 20.5 13 25.5 10 13 144 3 6 15 24 2 4 2 7 0 2 13 17 1 0 0 0 1 167
217 81 93 72 21 47 190 1706 131 15 72 1149 27 21 12 26 12.5 9 131 2 8 14 23 2 4 2 6 0 2 12 17 0 2 0 0 1 171
218 65 91 70 21 45 194 1697 139 16 70 1150 28 21 12 26 12.5 26 139 2 8 12 23 2 4 2 6 0 2 10 17 0 2 0 0 0 155
219 79 95 73 22 46 196 1695 136 13 68 1151 26 21 13 26 12.5 16 136 2 8 12 24 2 4 1 6 0 2 11 18 0 2 0 0 4 168
220 66 94 72 22 46 199 1697 130 12 68 1155 26 21 13 26 12.5 16 130 2 8 10 26 2 4 0 7 0 2 10 19 0 2 0 0 0 161
221 74 96 74 22 47 198 1685 128 19 70 1154 25.5 21 13 26 12.5 18 128 1 7 11 28 0 4 2 7 1 1 9 21 0 2 0 0 2 141
222 76 97 75 22 47 195 1700 132 14 70 1149 26 21 13 26 12.5 12 132 1 6 12 28 0 4 2 7 1 0 10 21 0 2 0 0 0 178
223 76 100 77 23 47 184 1700 138 22 72 1155 26 21 13 26 12.5 12 138 0 6 12 29 0 3 3 7 0 1 9 22 0 2 0 0 3 177
224 63 102 77 25 48 179 1705 147 14 75 1150 27 21 13 26 12.5 10 147 0 6 12 30 0 3 3 7 0 1 9 23 0 2 0 0 2 171
225 79 101 76 25 48 176 1718 147 13 74 1154 27 21 13 26 12.5 14 147 1 6 12 29 0 3 3 7 1 1 9 22 0 2 0 0 2 187
226 77 102 75 27 49 180 1695 151 7 73 1157 25.5 21 13 26 12.5 12 151 1 5 11 32 0 2 4 7 1 2 6 25 0 1 1 0 2 166
227 65 103 77 26 48 180 1696 149 14 71 1160 25 22 9 26 12.5 18 149 1 5 11 31 0 2 3 7 1 2 7 24 0 1 1 0 2 169
228 63 104 75 29 48 182 1710 131 12 74 1151 24 21 9 26 12.5 16 131 1 6 10 31 0 2 3 7 1 3 6 24 0 1 1 0 0 169
229 81 105 76 29 48 178 1709 135 12 74 1136 25 21 9 25.5 12.5 11 135 1 5 11 31 0 2 3 7 1 3 6 24 0 0 2 0 1 168
230 83 109 80 29 49 182 1698 139 17 75 1130 25 21 9 25 12.5 22 139 0 7 11 31 0 2 3 7 0 5 6 24 0 0 2 0 2 164
231 74 109 81 28 48 179 1708 126 13 80 1135 26 21 9 25 12.5 13 126 0 7 9 32 0 2 3 7 0 5 4 25 0 0 2 0 2 162
232 70 111 82 29 51 177 1687 139 16 79 1134 26 21 9 25 13 16 139 1 8 10 32 0 2 3 7 1 5 5 25 0 1 2 0 2 147
233 68 111 83 28 52 172 1679 145 17 78 1139 25 21 14 25 14 13 145 1 7 8 36 0 1 3 9 1 5 3 26 0 1 2 1 2 167
234 78 111 84 27 52 176 1702 130 11 76 1147 23 21 13 25 14 17 130 2 7 7 36 1 1 3 8 1 5 2 27 0 1 2 1 3 183
235 79 111 83 28 54 176 1711 130 15 79 1147 24 19 13 25 14 19 130 1 9 9 35 0 4 3 8 1 4 4 26 0 1 2 1 0 168
236 78 114 86 28 53 175 1712 147 15 80 1145 24 19 13 25 14 16 147 1 9 9 34 0 4 3 8 1 4 4 25 0 1 2 1 2 182
237 80 110 83 27 50 177 1722 128 8 76 1151 22.5 16.5 12.5 24 14 12 128 1 9 9 31 0 4 3 7 1 4 4 23 0 1 2 1 1 164
238 62 110 84 26 47 180 1740 125 12 74 1163 22 17 13 25 14 15 125 1 7 8 31 0 4 3 8 1 2 4 21 0 1 1 2 4 168
239 77 107 82 25 47 183 1732 147 20 76 1161 22 19 12.5 22 14 25 147 1 9 8 29 0 4 3 7 1 4 4 20 0 1 1 2 0 174
240 73 107 82 25 46 175 1730 144 15 78 1163 22 19 13 22 14 9 144 0 9 7 30 0 4 3 6 0 4 3 22 0 1 1 2 1 163
241 67 100 76 24 43 174 1744 128 12 74 1163 22.5 17 13 21 14 15 128 0 9 7 27 0 5 3 5 0 3 4 19 0 1 0 3 0 165
242 76 98 74 24 42 179 1725 154 14 75 1167 23 16 13 20 14 21 154 0 9 8 25 0 5 3 5 0 3 5 17 0 1 0 3 1 165
243 81 99 74 25 44 176 1704 130 15 76 1163 24 16.5 12.5 21 15 14 130 0 6 12 26 0 3 4 5 0 3 7 17 0 0 1 4 1 148
244 71 101 75 26 44 175 1695 151 12 77 1167 23 17 12.5 21 15 14 151 0 6 11 27 0 3 3 6 0 3 7 17 0 0 1 4 3 170
245 68 98 73 25 42 175 1696 134 13 75 1170 22 16.5 13 20 15 15 134 1 5 11 25 0 2 2 7 1 3 8 14 0 0 1 4 1 158
246 66 98 73 25 43 179 1709 137 14 78 1172 22.5 16 13 19 15 23 137 1 7 11 24 0 2 2 7 1 5 8 13 0 0 1 4 1 167
247 79 98 72 26 43 181 1707 148 16 78 1183 23 16 12.5 18 15 19 148 1 7 9 26 0 1 2 7 1 6 6 15 0 0 1 4 1 173
248 69 101 72 29 44 183 1698 153 15 80 1181 22 17 13.5 19 15 16 153 1 6 11 26 0 0 3 7 1 6 7 15 0 0 1 4 2 169
249 95 103 74 29 44 187 1667 170 12 81 1179 22 17 13 18.5 15 22 170 1 6 12 25 0 0 3 6 1 6 8 15 0 0 1 4 2 173
250 73 100 71 29 43 185 1676 154 14 79 1188 23 17 13.5 19.5 15 16 154 1 5 14 23 0 0 4 6 1 5 9 13 0 0 1 4 2 188
251 65 104 76 28 44 179 1711 138 13 78 1189 23.5 17 14 20 14 12 138 2 4 16 22 0 0 4 5 1 4 11 13 1 0 1 4 2 200
252 75 105 75 30 47 196 1706 151 11 76 1189 24 18 14 20 14 28 151 3 5 15 24 1 1 4 5 1 4 10 15 1 0 1 4 1 173
253 90 104 77 27 44 197 1677 167 18 72 1193 23 19 15.5 20 15 18 167 3 5 13 23 1 1 3 5 1 4 9 15 1 0 1 3 1 179
254 79 105 78 27 45 193 1658 151 21 73 1189 24 19 14 20 15 20 151 4 3 14 24 2 1 3 5 1 2 10 16 1 0 1 3 1 154
255 87 109 81 28 44 189 1681 123 10 73 1180 23 18.5 14 20 15 7 123 4 3 11 26 2 1 2 6 1 2 9 16 1 0 0 4 1 182
256 67 110 82 28 43 190 1703 127 8 75 1191 23.5 19 14 20 15 11 127 2 4 12 25 1 2 2 6 0 2 10 15 1 0 0 4 1 178
257 77 114 86 28 44 187 1693 130 16 76 1194 23.5 19 14 20 15 16 130 1 6 11 26 1 2 2 6 0 3 9 16 0 1 0 4 3 149
258 78 115 87 28 43 185 1702 152 12 75 1199 24 19 15.5 21 15 12 152 1 4 13 25 1 1 3 5 0 2 10 16 0 1 0 4 1 194
259 77 117 90 27 47 187 1687 157 17 76 1195 24 20 17.5 22 15 20 157 1 4 14 28 1 1 4 6 0 2 10 18 0 1 0 4 1 171
260 86 114 89 25 46 185 1674 150 15 77 1192 24.5 20 17 22 15 16 150 1 4 12 29 1 1 2 7 0 2 10 18 0 1 0 4 0 160
261 76 114 89 25 46 190 1680 138 18 79 1189 25 20 17 22 15 24 138 0 6 11 29 0 2 2 7 0 3 9 18 0 1 0 4 1 176
262 62 116 91 25 46 181 1695 141 17 79 1190 25.5 20 17 22 15 12 141 0 5 11 30 0 2 2 7 0 2 9 19 0 1 0 4 2 180
263 67 114 88 26 45 190 1707 139 14 81 1188 25.5 20 17 22 15 23 139 0 6 8 31 0 2 2 7 0 3 6 20 0 1 0 4 1 183
264 67 116 88 28 45 198 1701 147 11 80 1182 20.5 19 15.5 21 15 18 147 0 7 6 32 0 2 1 7 0 4 5 21 0 1 0 4 2 166
265 81 116 89 27 46 196 1704 138 19 80 1185 20.5 19 15.5 22 15 19 138 0 8 7 31 0 2 1 7 0 5 6 20 0 1 0 4 0 164
266 90 115 88 27 41 200 1703 135 12 76 1175 19 19 15.5 21 15 18 135 0 8 5 28 0 2 1 7 0 5 4 17 0 1 0 4 2 164
267 94 111 86 25 42 195 1706 122 18 79 1175 20 18.5 15.5 20 15 14 122 0 8 6 28 0 2 1 7 0 5 5 17 0 1 0 4 0 165
268 89 109 84 25 41 203 1708 149 14 80 1175 21 18 15.5 20 15 21 149 0 7 5 29 0 1 2 7 0 5 3 18 0 1 0 4 1 181
269 82 107 82 25 40 204 1725 141 18 80 1181 21 17.5 15.5 19.5 27 21 141 0 7 6 27 0 1 2 7 0 6 3 17 0 0 1 3 2 180
270 78 110 85 25 42 201 1719 135 17 83 1180 21.5 17.5 15.5 19.5 27 14 135 0 8 4 30 0 1 1 8 0 7 2 19 0 0 1 3 1 158
271 71 110 85 25 42 202 1720 142 19 83 1176 22 18 14 20 27 21 142 0 8 5 29 0 1 1 7 0 7 3 19 0 0 1 3 0 166
272 77 107 80 27 38 202 1716 135 13 78 1168 21 19.5 17 20 27 18 135 0 6 5 27 0 1 0 6 0 5 4 18 0 0 1 3 1 171
273 67 108 79 29 40 200 1709 144 18 77 1166 22 19.5 17 21 27 21 144 0 5 8 27 0 1 1 6 0 4 6 18 0 0 1 3 0 165
274 84 107 78 29 41 204 1719 126 12 79 1170 23 19 17 21 27 16 126 1 5 9 26 1 1 1 6 0 4 7 17 0 0 1 3 0 166
275 99 108 79 29 40 195 1747 139 15 80 1161 23 18.5 17 19.5 27 10 139 0 4 11 25 0 2 1 7 0 2 9 15 0 0 1 3 2 197
276 91 107 78 29 43 192 1724 159 17 81 1162 24 18 17 19 27 16 159 1 6 11 25 0 2 1 7 1 4 9 15 0 0 1 3 0 170
277 86 101 76 25 38 191 1715 144 12 78 1152 23 17 17 18.5 15 15 144 1 5 11 21 0 2 1 6 1 3 9 13 0 0 1 2 0 168
278 83 104 79 25 42 180 1739 120 17 80 1150 23 17.5 17 18.5 15 12 120 0 9 11 22 0 2 1 6 0 7 9 14 0 0 1 2 3 175
279 90 103 78 25 40 178 1749 135 17 78 1150 24 17 17 18 15 21 135 0 7 12 21 0 2 1 6 0 5 10 13 0 0 1 2 0 180
280 66 103 77 26 40 185 1771 131 9 77 1155 24 17 17 18 15 17 131 0 6 14 20 0 2 2 6 0 4 11 12 0 0 1 2 2 183
281 62 103 77 26 42 179 1751 152 19 80 1153 25 17.5 17 18 15 15 152 0 6 14 22 0 2 2 6 0 4 12 13 0 0 0 3 0 154
282 62 102 76 26 42 180 1730 150 9 81 1142 25.5 18 17 19 15 14 150 0 6 16 20 0 2 2 6 0 4 14 11 0 0 0 3 1 157
283 82 104 79 25 43 176 1732 121 19 81 1135 26 18 17 20 15 17 121 0 7 16 20 0 2 3 6 0 5 13 11 0 0 0 3 1 160
284 76 106 82 24 43 176 1730 141 15 83 1136 26.5 18 17 20 15 19 141 0 6 14 23 0 2 3 6 0 4 11 14 0 0 0 3 1 169
285 68 105 81 24 42 173 1762 124 12 83 1140 27 18 17 21 15 11 124 0 6 13 23 0 2 2 6 0 4 11 14 0 0 0 3 1 184
286 80 108 84 24 42 185 1755 151 13 83 1146 26.5 18 17 23 15 26 151 0 3 16 23 0 1 3 6 0 2 13 14 0 0 0 3 1 175
287 79 108 84 24 43 184 1741 136 14 86 1142 27.5 18 17 22 15 17 136 0 2 16 25 0 0 4 6 0 2 12 16 0 0 0 3 0 156
288 65 108 85 23 43 198 1724 156 9 83 1150 26 21 18 22 28 23 156 0 3 17 23 0 1 5 5 0 2 12 16 0 0 0 2 1 161
289 86 110 87 23 43 205 1708 148 18 83 1151 26.5 21 18 22 28 24 148 0 2 16 25 0 0 5 6 0 2 11 17 0 0 0 2 2 171
290 65 115 91 24 44 201 1706 144 19 88 1151 27 22 18 23 28 15 144 0 0 19 25 0 0 5 6 0 0 14 17 0 0 0 2 3 167
291 79 118 93 25 44 193 1684 137 20 87 1152 25.5 21 18 21 28 14 137 0 1 15 28 0 0 5 6 0 1 10 20 0 0 0 2 2 145
292 73 120 93 27 47 187 1690 133 16 90 1154 26 21 18 22 28 11 133 0 2 13 32 0 0 4 7 0 2 9 23 0 0 0 2 0 172
293 69 120 89 31 46 183 1704 137 19 86 1153 24.5 21 17.5 21 41 14 137 1 2 13 30 1 0 4 7 0 2 9 22 0 0 0 1 0 177
294 71 118 88 30 46 190 1694 145 16 85 1157 25.5 21 18 21 41 24 145 2 1 12 31 1 0 4 6 1 1 8 24 0 0 0 1 0 163
295 67 117 87 30 47 190 1716 122 13 87 1158 26 21 18 21 41 15 122 2 1 12 32 1 0 3 7 1 1 9 24 0 0 0 1 0 168
296 76 114 87 27 46 192 1718 134 12 86 1154 27 22 20.5 21 41 15 134 2 1 12 31 1 0 3 6 1 1 9 24 0 0 0 1 1 159
297 80 109 83 26 43 191 1710 137 12 82 1154 28 23 23 21 41 12 137 2 1 11 29 1 0 3 5 1 1 8 23 0 0 0 1 0 163
298 65 113 86 27 45 195 1707 140 13 84 1160 28 23 23 21 41 19 140 2 2 8 33 1 0 2 6 1 2 6 26 0 0 0 1 2 166
299 81 114 87 27 46 201 1666 178 20 82 1165 28.5 23 23.5 21 41 27 178 2 2 8 34 1 0 2 7 1 2 6 26 0 0 0 1 2 169
300 64 115 88 27 46 199 1666 141 20 82 1163 28 23 20.5 23 41 21 141 2 3 7 34 1 1 1 7 1 2 6 26 0 0 0 1 3 160
301 79 114 87 27 43 189 1667 134 24 81 1162 26.5 23 23 22 41 17 134 2 4 6 31 1 2 0 7 1 2 6 23 0 0 0 1 1 160
302 76 113 86 27 45 190 1691 133 14 84 1165 27 23 23 23 37 15 133 1 2 7 35 0 2 1 7 1 0 5 27 0 0 1 1 1 182
303 73 113 86 27 43 189 1661 138 15 86 1164 25 23 23 21 37 17 138 0 3 7 33 0 2 1 7 0 1 5 25 0 0 1 1 0 134
304 81 115 88 27 45 187 1669 148 14 86 1159 26 24 23 24 37 13 148 0 3 8 34 0 2 1 7 0 1 6 26 0 0 1 1 2 191
305 75 113 87 26 44 185 1660 125 12 86 1161 26 24 23 25 37 12 125 0 3 6 35 0 2 1 6 0 1 5 27 0 0 0 2 1 148
306 88 113 87 26 44 177 1650 155 21 83 1161 26 24.5 23 25 33 15 155 1 3 5 35 0 1 1 4 0 2 4 29 1 0 0 2 0 184
307 90 112 88 24 46 175 1665 140 14 80 1158 24.5 25 23 25 32.5 15 140 1 3 8 34 0 0 3 4 0 3 4 28 1 0 1 2 2 186
308 83 119 93 26 46 175 1666 145 12 80 1160 20 24.5 23 24.5 32.5 15 145 1 3 8 34 0 0 3 3 1 2 4 29 0 1 1 2 7 172
309 66 120 93 27 47 169 1685 137 18 80 1158 21 24 23 25 32 15 137 1 4 7 35 0 0 2 3 1 2 4 30 0 2 1 2 3 177
310 78 119 92 27 46 167 1680 135 19 82 1146 21 23 23 23 32 20 135 0 6 7 33 0 0 2 3 0 4 4 28 0 2 1 2 1 165
311 73 115 88 27 48 175 1689 138 11 82 1139 22 22.5 23 22 26.5 19 138 1 7 6 34 0 0 2 3 1 5 4 29 0 2 0 2 0 180
312 72 118 90 28 48 179 1672 154 12 84 1144 22 21.5 22 21.5 26.5 19 154 1 7 7 33 0 1 2 3 1 5 4 28 0 1 1 2 3 164
313 84 118 91 27 47 175 1676 134 20 84 1145 22 21 22 21 21 18 134 1 9 7 30 0 1 2 3 1 7 4 26 0 1 1 1 1 166
314 76 116 90 26 46 176 1696 134 13 81 1138 21.5 21 22 21 21 16 134 1 8 4 33 0 1 1 4 1 6 2 28 0 1 1 1 1 180
315 84 116 90 26 48 168 1676 160 18 81 1141 22 21 21 21 21 12 160 2 7 6 33 1 0 2 4 1 6 3 28 0 1 1 1 1 171
316 76 114 88 26 47 166 1693 130 15 80 1138 21.5 21 21 20 21 16 130 2 8 6 31 1 0 2 4 1 7 3 26 0 1 1 1 2 179
317 94 112 86 26 47 164 1682 143 12 79 1135 21 21 21 21 21 15 143 1 8 8 30 1 0 2 4 0 7 5 25 0 1 1 1 2 163
318 79 113 85 28 50 155 1681 124 15 80 1117 22 21 22 21 21 12 124 1 8 11 30 1 0 3 4 0 7 7 25 0 1 1 1 0 157
319 86 110 83 27 47 151 1688 131 14 77 1113 21 21 19.5 21 21 11 131 1 8 10 28 1 0 1 4 0 7 8 23 0 1 1 1 1 161
320 71 109 82 27 46 153 1718 135 12 85 1109 22 21 18 21 21 14 135 1 7 10 28 1 1 1 4 0 6 8 23 0 0 1 1 1 189
321 92 110 84 26 49 154 1718 135 15 86 1120 22 21 17.5 21 21 16 135 1 10 12 26 1 2 1 4 0 8 10 21 0 0 1 1 3 171
322 73 110 83 27 49 157 1709 141 15 82 1118 22.5 19 17 20.5 21 18 141 2 9 12 26 1 2 0 4 1 7 11 21 0 0 1 1 4 163
323 67 112 85 27 51 154 1686 142 17 82 1118 23 19 17 20.5 21 17 142 2 10 13 26 1 2 0 4 1 8 12 21 0 0 1 1 1 148
324 61 115 86 29 51 150 1735 113 10 87 1128 24 19 17 20 32 8 113 2 8 15 26 1 2 0 4 1 6 14 20 0 0 1 2 2 190
325 82 118 88 30 51 152 1733 130 12 89 1125 24 18 17 19 32 16 130 2 8 16 25 1 2 0 4 1 6 15 19 0 0 1 2 4 162
326 83 120 90 30 51 154 1731 143 10 90 1130 25 18 17 19 32 11 143 2 8 12 29 1 2 0 4 1 6 11 23 0 0 1 2 0 176
327 69 122 91 31 50 158 1745 135 13 90 1126 23 18 17 18.5 32 19 135 2 8 11 29 1 2 0 4 1 6 10 23 0 0 1 2 2 176
328 78 120 91 29 51 164 1737 135 15 90 1127 23.5 18 17 18 32 22 135 1 9 13 28 0 2 1 4 1 7 11 22 0 0 1 2 0 154
329 84 117 88 29 51 164 1740 154 20 89 1126 25 18 16 18.5 26 23 154 1 10 11 29 1 2 1 3 0 7 9 24 0 1 1 2 2 182
330 71 115 86 29 53 164 1727 147 16 86 1126 24 17 16 18.5 26 20 147 1 12 11 29 1 4 1 3 0 7 9 24 0 1 1 2 1 162
331 65 116 86 30 52 177 1714 169 10 86 1138 24.5 17 14.5 18.5 26 24 169 1 12 11 28 1 4 1 2 0 7 9 24 0 1 1 2 1 181
332 84 116 86 30 55 170 1716 131 16 86 1137 25 17 13 20 26 13 131 2 8 15 30 2 4 1 2 0 3 14 25 0 1 0 3 2 164
333 79 117 88 29 55 168 1716 141 13 88 1134 25 17 13 20 26 13 141 1 7 17 30 1 4 2 2 0 3 14 25 0 0 1 3 1 170
334 82 115 86 29 55 168 1725 124 14 89 1138 26 17 14.5 19 26 16 124 2 6 13 34 1 3 2 2 1 3 10 29 0 0 1 3 1 165
335 68 113 85 28 54 169 1721 148 18 88 1143 27 17 15 17.5 26 19 148 2 7 12 33 1 5 2 2 1 2 9 28 0 0 1 3 1 169
336 78 113 84 29 55 166 1714 135 14 91 1142 28 17 16 17.5 26 13 135 2 7 11 35 1 6 2 2 1 1 8 30 0 0 1 3 1 156
337 66 110 82 28 54 163 1713 136 14 91 1146 29 17 16 18 26 14 136 1 8 10 35 0 6 3 2 1 2 6 30 0 0 1 3 1 159
338 78 109 80 29 53 169 1723 135 17 90 1140 30 17 16 17 20 22 135 1 9 10 33 0 6 3 2 1 3 6 29 0 0 1 2 1 175
339 85 106 78 28 52 166 1719 140 14 90 1142 31 17 15 17 20 14 140 1 9 11 31 0 6 3 1 1 3 7 28 0 0 1 2 0 174
340 69 108 78 30 52 173 1734 145 13 89 1140 31 17 14 17 27.5 19 145 1 7 13 31 0 4 4 1 1 3 7 28 0 0 2 2 3 195
341 72 106 77 29 50 175 1731 128 13 87 1138 30.5 17 15 17 35 15 128 0 6 14 30 0 3 6 1 0 3 8 26 0 0 0 3 1 156
342 74 108 79 29 50 177 1729 146 13 87 1139 29.5 16.5 14 17 35 18 146 1 5 14 30 1 2 7 1 0 3 7 26 0 0 0 3 3 172
343 77 111 82 29 51 172 1715 146 15 86 1134 28 17 14 17 35 12 146 1 6 14 30 1 2 6 2 0 4 8 25 0 0 0 3 3 158
344 72 111 82 29 50 168 1720 139 19 86 1135 28 17 13.5 18 35 19 139 1 6 9 34 1 2 5 2 0 4 4 29 0 0 0 3 1 176
345 75 109 79 30 53 165 1711 141 16 84 1126 28 17 13.5 18 35 16 141 1 5 10 37 1 1 5 3 0 4 5 31 0 0 0 3 2 159
346 83 112 80 32 54 168 1693 143 11 83 1111 26.5 17 14 18 35 16 143 0 4 13 37 0 2 6 3 0 2 7 31 0 0 0 3 4 156
347 77 115 84 31 55 169 1708 135 10 82 1113 26 17 14 18 35 13 135 2 4 14 35 0 2 7 2 2 2 7 30 0 0 0 3 2 172
348 86 112 81 31 57 171 1722 125 13 79 1113 26 17 14 19 35 20 125 2 6 15 34 1 3 7 2 1 3 8 29 0 0 0 3 0 177
349 82 112 81 31 56 179 1717 150 14 79 1121 26.5 18 14 21 35 26 150 1 6 15 34 0 3 7 3 1 3 8 28 0 0 0 3 2 174
350 83 112 81 31 56 172 1746 138 20 80 1120 26.5 18 15 21 35 15 138 1 6 16 33 0 3 8 3 1 3 8 27 0 0 0 3 0 206
351 65 112 82 30 55 175 1724 160 15 79 1121 27 18 15 21 35 18 160 1 6 15 33 0 3 7 4 1 3 8 26 0 0 0 3 0 166
352 72 107 78 29 52 173 1769 128 16 79 1119 28 18 16 20 35 16 128 1 5 14 32 0 2 6 5 1 3 8 24 0 0 0 3 1 204
353 76 109 80 29 54 174 1744 142 15 81 1129 28 18 16 20 35 15 142 1 5 14 34 0 2 5 6 1 3 9 25 0 0 0 3 2 147
354 75 112 83 29 53 178 1740 148 11 82 1127 28.5 17 15 19 32.5 17 148 1 6 13 33 0 2 4 6 1 4 9 25 0 0 0 2 1 174
355 70 111 81 30 53 179 1747 143 14 85 1131 28 17 15 19 32.5 17 143 1 5 13 34 0 1 5 6 1 4 8 26 0 0 0 2 1 168
356 86 109 80 29 52 187 1715 157 8 83 1119 29 17.5 14 19 32.5 17 157 0 7 11 34 0 2 4 5 0 5 7 27 0 0 0 2 1 155
357 80 111 82 29 54 178 1731 123 20 84 1108 28 18 14 21 32.5 11 123 0 6 13 35 0 2 4 6 0 4 9 27 0 0 0 2 2 176
358 80 109 80 29 52 180 1750 111 11 83 1103 26 18 14 21 32.5 16 111 0 6 9 37 0 1 3 7 0 5 6 28 0 0 0 2 3 155
359 74 107 78 29 52 179 1748 133 12 84 1099 25 17.5 13.5 21 13 14 133 0 7 11 34 0 1 3 6 0 5 8 26 0 1 0 2 1 158
360 83 104 76 28 49 181 1748 138 9 80 1097 22.5 18 14 21 13 14 138 0 7 11 31 0 2 3 4 0 4 8 25 0 1 0 2 0 169
