1 74 110 83 27 50 156 1698 80 9 83 33 24.5 21.5 NA 21.5 NA 10 80 3 2 9 36 0 0 0 0 3 2 9 36 0 0 0 0 1 102
2 71 110 84 26 49 158 1694 74 7 85 47 25 21 NA 21 NA 8 74 2 3 9 35 0 0 0 0 2 3 9 35 0 0 0 0 1 93
3 66 112 84 28 48 165 1720 77 3 84 78 23 21 NA 21 NA 13 77 1 5 8 34 0 0 0 0 1 5 8 34 0 0 0 0 5 126
4 61 107 80 27 50 165 1744 77 9 81 109 24 21 NA 21 NA 11 77 0 7 9 34 0 0 0 0 0 7 9 34 0 0 0 0 1 124
5 84 107 80 27 48 168 1741 87 3 80 132 22 21 NA 21 NA 6 87 0 8 7 33 0 0 0 0 0 8 7 33 0 0 0 0 2 116
6 91 107 80 27 50 161 1738 87 16 80 159 22 21.5 NA 21.5 NA 9 87 0 9 8 33 0 0 0 0 0 9 8 33 0 0 0 0 1 118
7 73 106 80 26 49 160 1752 81 6 77 177 22 21 NA 21 NA 4 81 0 10 8 31 0 0 0 0 0 10 8 31 0 0 0 0 2 119
8 66 108 82 26 49 176 1750 106 5 79 197 23 21 NA 21 NA 22 106 0 10 8 31 0 0 0 0 0 10 8 31 0 0 0 0 0 126
9 79 110 81 29 49 176 1738 111 4 78 218 22 21 NA 21 NA 8 111 0 10 7 32 0 0 0 0 0 10 7 32 0 0 0 0 4 126
10 66 114 85 29 51 169 1754 87 11 80 233 22.5 21 NA 21 NA 7 87 1 10 8 32 0 0 0 0 1 10 8 32 0 0 0 0 4 126
11 90 115 86 29 51 177 1777 88 7 81 258 23 21 NA 21 NA 17 88 1 8 11 31 0 0 0 0 1 8 11 31 0 0 0 0 2 144
12 69 115 86 29 52 180 1776 97 8 83 277 24 21 NA 21 NA 12 97 1 7 12 32 0 0 0 0 1 7 12 32 0 0 0 0 0 125
13 69 116 89 27 52 179 1757 103 11 81 288 24.5 21 13 21 NA 11 103 1 8 10 33 0 1 0 0 1 7 10 33 0 0 0 0 2 106
14 67 119 92 27 52 183 1762 90 6 80 305 24 21 13 21 27 14 90 1 5 14 32 0 1 0 0 1 4 14 31 0 0 0 1 4 122
15 83 118 92 26 50 185 1744 104 10 83 319 24 20 13 21 NA 20 104 0 5 15 30 0 1 0 0 0 4 15 30 0 0 0 0 2 113
16 64 117 91 26 51 181 1745 111 10 84 340 25 21 13 21 NA 8 111 0 3 16 32 0 1 0 0 0 2 16 32 0 0 0 0 0 135
17 70 117 91 26 51 176 1745 90 14 84 354 25 20 13 20.5 NA 13 90 0 4 15 32 0 1 0 0 0 3 15 32 0 0 0 0 2 115
18 81 122 96 26 52 171 1762 96 10 86 372 24.5 19.5 13 20 NA 10 96 0 4 16 32 0 1 0 0 0 3 16 32 0 0 0 0 3 151
19 92 122 97 25 49 173 1745 103 6 84 383 22.5 18 13 18.5 NA 9 103 1 4 15 29 0 1 0 0 1 3 15 29 0 0 0 0 3 112
20 77 125 100 25 50 171 1748 101 11 85 398 22 18.5 13 19 NA 14 101 1 5 14 30 0 1 0 0 1 4 14 30 0 0 0 0 3 136
21 81 125 100 25 52 173 1734 111 10 88 409 23 18.5 13 19 NA 16 111 1 5 15 31 0 1 0 0 1 4 15 31 0 0 0 0 3 127
22 73 128 103 25 54 174 1730 110 15 90 427 22.5 18.5 13 19 NA 17 110 1 7 14 32 0 1 0 0 1 6 14 32 0 0 0 0 4 137
23 61 130 104 26 53 178 1723 103 8 92 441 22.5 18 13 18.5 NA 13 103 1 7 11 34 0 1 0 0 1 6 11 34 0 0 0 0 2 119
24 97 131 105 26 55 178 1707 111 13 91 460 22 19 13 19 NA 15 111 1 6 11 37 0 0 1 0 1 6 10 37 0 0 0 0 1 134
25 91 130 107 23 52 178 1691 106 10 92 459 22 18.5 13 19 NA 15 106 0 7 11 34 0 0 1 0 0 7 10 34 0 0 0 0 1 127
26 71 130 107 23 56 176 1725 111 13 94 484 23 18.5 13 19 4 14 111 1 9 8 38 0 0 1 0 0 9 7 38 1 0 0 0 1 165
27 88 128 103 25 61 176 1721 119 18 93 501 24 18 13 18 4 20 119 2 8 13 38 0 0 1 0 1 8 12 38 1 0 0 0 0 145
28 81 128 103 25 61 175 1744 94 9 93 516 25 18 13 18 4 13 94 2 9 11 39 0 0 1 0 1 9 10 39 1 0 0 0 0 145
29 72 131 106 25 60 178 1750 98 8 94 529 24 18 13 18 4 12 98 2 9 11 38 0 0 1 0 1 9 10 38 1 0 0 0 2 128
30 72 130 105 25 60 173 1768 106 11 97 545 25 18 13 18 4 8 106 2 8 12 38 0 0 1 0 1 8 11 38 1 0 0 0 0 146
31 75 125 100 25 58 170 1764 103 9 95 551 26 18 13 18 4 11 103 2 8 11 37 0 0 1 0 1 8 10 37 1 0 0 0 1 125
32 80 123 98 25 58 169 1750 124 12 97 567 26 18 13.5 18 4 13 124 1 10 11 36 0 1 1 0 0 9 10 36 1 0 0 0 0 151
33 66 124 98 26 58 168 1742 110 6 99 581 26.5 17.5 14 18 4 11 110 1 9 11 37 0 2 1 0 0 7 10 37 1 0 0 0 2 130
34 80 122 97 25 58 161 1739 123 15 102 587 27.5 17 14 17.5 27 11 123 1 10 10 37 0 2 1 0 1 8 9 36 0 0 0 1 0 152
35 71 119 95 24 56 166 1718 145 12 99 601 28 17 14 17.5 27 19 145 1 8 12 35 0 2 1 0 1 6 11 34 0 0 0 1 0 149
36 68 122 96 26 58 175 1723 136 12 101 616 27.5 17.5 14.5 18 27 22 136 1 9 12 36 0 2 1 1 1 7 11 34 0 0 0 1 3 164
37 92 123 99 24 58 173 1730 112 9 100 628 27 18 14.5 18 27 13 112 0 8 15 35 0 2 1 1 0 6 14 33 0 0 0 1 0 149
38 68 126 100 26 59 178 1721 122 11 100 641 26 18 15 18 27 18 122 0 11 14 34 0 3 1 1 0 8 13 32 0 0 0 1 2 140
39 59 124 99 25 60 179 1743 117 13 99 661 26 18.5 15 19 27 17 117 0 10 11 39 0 3 1 1 0 7 10 37 0 0 0 1 1 156
40 67 125 100 25 60 182 1759 122 10 98 671 27 19 18 19 27 14 122 0 8 13 39 0 2 2 1 0 6 11 37 0 0 0 1 2 163
41 70 125 102 23 60 183 1767 130 12 100 687 27 18.5 18 18.5 27 15 130 1 7 12 40 0 2 1 2 1 5 11 37 0 0 0 1 0 159
42 83 121 99 22 58 185 1770 97 10 97 696 27 18.5 18 18.5 27 16 97 1 6 12 39 0 1 2 2 1 5 10 36 0 0 0 1 0 130
43 68 120 98 22 58 188 1741 148 10 95 705 28 19 24 18.5 27 15 148 1 6 13 38 0 1 2 2 1 5 11 35 0 0 0 1 1 142
44 63 119 97 22 56 191 1716 137 10 93 718 29 18.5 24 18 27 14 137 1 3 16 36 0 0 3 2 1 3 13 33 0 0 0 1 0 140
45 88 119 97 22 56 185 1699 132 13 92 718 28 18.5 21 18 46 11 132 2 3 15 36 1 0 3 2 1 3 12 31 0 0 0 3 3 145
46 89 114 92 22 54 188 1679 127 10 87 723 28 18.5 15.5 18 46 14 127 2 2 16 34 1 1 2 2 1 1 14 29 0 0 0 3 0 151
47 75 114 92 22 53 178 1679 125 20 84 741 28 18 13 18.5 36.5 13 125 3 3 14 33 1 1 2 1 2 2 12 30 0 0 0 2 3 150
48 85 115 93 22 52 183 1673 120 8 85 740 28 18 13 18 36.5 18 120 2 4 14 32 1 1 2 1 1 3 12 29 0 0 0 2 2 146
49 86 116 94 22 52 174 1669 117 9 85 749 27 18.5 15.5 18.5 36.5 6 117 1 5 12 34 1 2 2 1 0 3 10 31 0 0 0 2 3 146
50 81 112 92 20 49 169 1690 110 11 85 760 28 19 18 18.5 36.5 8 110 0 4 11 34 0 2 2 1 0 2 9 31 0 0 0 2 0 163
51 72 111 92 19 49 166 1700 109 13 83 775 29 19 18 18.5 36.5 11 109 0 4 11 34 0 2 2 1 0 2 9 31 0 0 0 2 1 147
52 67 111 92 19 48 166 1714 123 8 83 790 30 18.5 18 18 36.5 8 123 0 4 12 32 0 2 2 1 0 2 10 29 0 0 0 2 2 160
53 76 112 93 19 47 174 1694 154 13 83 796 28.5 18 17 18 36.5 22 154 1 3 12 31 1 1 3 1 0 2 9 28 0 0 0 2 1 168
54 65 113 93 20 46 175 1696 125 12 82 801 29 19 18 19 36.5 14 125 1 2 12 31 1 1 4 1 0 1 8 28 0 0 0 2 1 151
55 94 109 89 20 45 171 1691 116 6 79 796 29 19 18 18.5 36.5 9 116 2 2 11 30 1 1 3 2 1 1 8 26 0 0 0 2 0 146
56 79 105 86 19 46 169 1689 138 16 76 813 29 19 18 19 36.5 16 138 2 2 8 34 1 1 2 3 1 1 6 29 0 0 0 2 1 166
57 74 102 85 17 43 168 1695 134 14 73 821 28 19 18 18.5 36.5 16 134 1 4 8 30 1 1 2 3 0 3 6 25 0 0 0 2 1 169
58 75 101 84 17 42 170 1686 134 10 72 834 29 19 18 19 36.5 14 134 1 4 5 32 1 1 2 3 0 3 3 27 0 0 0 2 1 155
59 70 100 85 15 41 169 1703 118 17 70 844 24.5 19 18.5 18 36.5 18 118 1 6 5 29 1 2 2 3 0 4 3 24 0 0 0 2 2 160
60 74 100 86 14 39 175 1726 118 7 70 845 24 19 18 18.5 36.5 16 118 0 5 6 28 0 2 2 3 0 3 4 23 0 0 0 2 2 173
61 51 101 87 14 39 173 1748 123 8 75 865 25 19 18 18.5 36.5 8 123 0 5 5 29 0 2 2 3 0 3 3 24 0 0 0 2 1 164
62 64 101 87 14 41 181 1753 118 10 75 876 25 19 18 19 36.5 19 118 0 7 6 28 0 2 2 3 0 5 4 23 0 0 0 2 2 147
63 81 99 85 14 43 183 1753 132 16 77 880 27 19 18 19 36.5 20 132 1 6 6 30 0 2 2 3 1 4 4 25 0 0 0 2 0 153
64 89 99 85 14 45 183 1721 136 18 78 884 27 19 18 19 36.5 19 136 1 5 9 30 0 1 3 3 1 4 6 25 0 0 0 2 0 144
65 72 101 85 16 44 181 1727 129 16 81 881 28 19 18 19 36.5 15 129 1 5 8 30 0 1 2 4 1 4 6 24 0 0 0 2 2 160
66 85 102 85 17 44 190 1690 149 15 79 883 26 19 18 19 36.5 27 149 1 4 8 31 0 1 2 4 1 3 6 25 0 0 0 2 3 142
67 71 103 86 17 47 181 1715 117 17 79 889 27 19 17 19 36.5 11 117 1 7 8 31 0 2 2 4 1 5 6 25 0 0 0 2 1 166
68 101 101 86 15 48 185 1708 128 11 78 899 28 18 17 18 36.5 16 128 1 9 8 30 0 3 2 4 1 6 6 24 0 0 0 2 1 165
69 72 103 87 16 49 181 1704 120 14 80 909 27 18 17 18.5 36.5 12 120 0 9 9 31 0 3 2 4 0 6 7 25 0 0 0 2 2 147
70 68 103 86 17 48 182 1688 135 16 79 916 25 18.5 17.5 18.5 36.5 17 135 0 10 9 29 0 4 2 4 0 6 7 23 0 0 0 2 1 151
71 75 104 86 18 47 181 1657 146 18 81 927 25 19 17.5 19 36.5 21 146 0 10 8 29 0 4 2 4 0 6 6 23 0 0 0 2 1 141
72 81 103 85 18 46 180 1658 118 13 80 924 24 19 17.5 19 36.5 14 118 0 9 5 32 0 3 2 5 0 6 3 25 0 0 0 2 2 156
73 94 103 87 16 46 172 1657 133 13 77 927 25 19 17.5 19 36.5 10 133 0 7 6 33 0 2 3 5 0 5 3 26 0 0 0 2 3 168
74 79 105 89 16 45 164 1664 112 13 76 930 25 19 18 19 36.5 8 112 0 7 7 31 0 2 4 3 0 5 3 26 0 0 0 2 5 142
75 69 103 90 13 41 160 1684 108 9 72 936 24 19 18 19 36.5 7 108 0 4 9 28 0 1 5 3 0 3 4 23 0 0 0 2 1 152
76 66 103 89 14 43 164 1691 134 10 73 939 24 19 18 20 36.5 16 134 0 4 11 28 0 2 5 4 0 2 6 22 0 0 0 2 1 164
77 70 101 87 14 42 171 1678 130 14 71 948 25 19 19 19 36.5 22 130 0 4 11 27 0 2 5 4 0 2 6 21 0 0 0 2 1 145
78 59 102 88 14 43 172 1686 134 14 75 953 25.5 21 19 21 36.5 15 134 0 3 12 28 0 2 5 4 0 1 7 22 0 0 0 2 2 163
79 73 104 90 14 43 165 1706 143 13 74 965 25.5 21 19 21 36.5 12 143 0 3 11 29 0 2 4 5 0 1 7 22 0 0 0 2 4 189
80 87 102 88 14 42 169 1732 124 13 72 976 25.5 20 19 20 27 18 124 0 3 10 29 0 2 4 5 0 1 6 21 0 0 0 3 1 186
81 78 100 86 14 41 165 1697 130 12 71 973 24.5 19 19 19 27 8 130 1 2 12 26 0 2 4 5 1 0 8 18 0 0 0 3 0 138
82 86 101 87 14 41 163 1691 133 12 71 975 24 19 19 19 27 15 133 1 2 13 25 0 1 5 5 1 1 8 17 0 0 0 3 2 165
83 85 102 86 16 40 163 1691 123 16 71 972 24 19 18.5 19 27 20 123 1 0 15 24 0 0 6 4 1 0 9 17 0 0 0 3 1 156
84 66 100 84 16 39 170 1691 138 9 70 975 25 19 18.5 20 27 16 138 1 0 14 24 0 0 5 5 1 0 9 16 0 0 0 3 0 164
85 81 99 83 16 39 168 1688 145 12 72 978 25 19 18.5 21 24 15 145 1 2 12 24 0 1 4 5 1 0 8 16 0 1 0 3 1 171
86 77 101 84 17 40 162 1691 139 12 77 980 24 19 18 21 24 14 139 1 2 13 24 0 1 5 5 1 0 8 16 0 1 0 3 2 167
87 71 103 86 17 43 170 1668 150 14 79 987 23 19 18.5 19 24 23 150 1 4 11 27 0 1 5 6 1 2 6 18 0 1 0 3 1 154
88 80 100 83 17 43 166 1635 142 13 79 988 24 19 18.5 21 24 12 142 1 4 10 28 0 1 4 7 1 2 6 18 0 1 0 3 0 143
89 75 99 82 17 42 175 1660 134 12 77 997 23 20 19 21 24 22 134 1 5 10 26 0 2 4 7 1 2 6 16 0 1 0 3 1 184
90 68 98 79 19 39 181 1668 133 8 75 1000 23.5 19 18.5 20 21 14 133 1 5 8 25 0 2 4 6 1 2 4 17 0 1 0 2 3 166
91 89 99 80 19 38 189 1670 148 6 79 998 23 19 18.5 19 21 20 148 0 6 8 24 0 2 4 6 0 3 4 16 0 1 0 2 2 177
92 79 100 81 19 40 182 1668 153 20 77 1006 22.5 19 18 19 24.5 19 153 0 6 10 24 0 1 5 5 0 4 4 17 0 1 1 2 0 179
93 71 102 82 20 39 186 1680 134 9 77 1004 22.5 19 17.5 19 24.5 16 134 0 5 9 25 0 0 5 5 0 4 3 18 0 1 1 2 3 179
94 64 103 84 19 42 188 1662 145 15 78 1009 22 19.5 17.5 22 24.5 21 145 1 6 9 26 1 1 4 6 0 5 3 18 0 0 2 2 2 145
95 80 103 85 18 40 193 1663 121 12 79 1010 22 19.5 18 21 24.5 15 121 0 6 7 27 0 1 3 7 0 5 2 18 0 0 2 2 1 155
96 82 103 85 18 39 198 1670 144 12 77 1009 23 20 18.5 22 21 20 144 0 6 7 26 0 1 4 7 0 5 1 18 0 0 2 1 2 179
97 71 104 85 19 43 189 1646 148 21 77 1021 23.5 20 18.5 20.5 21 13 148 0 7 11 25 0 1 4 7 0 6 5 17 0 0 2 1 2 153
98 67 103 84 19 40 194 1675 135 15 77 1035 24 19 18.5 19.5 21.5 21 135 0 6 12 22 0 1 4 7 0 5 6 15 0 0 2 0 2 189
99 85 106 86 20 40 187 1699 117 14 76 1041 24 19 18 20 21.5 11 117 0 7 12 21 0 2 4 7 0 5 6 14 0 0 2 0 4 173
100 63 110 90 20 43 186 1724 126 12 76 1047 24 19 18.5 20 21.5 14 126 0 8 12 23 0 2 5 7 0 6 6 15 0 0 1 1 1 175
101 67 109 89 20 41 189 1720 136 11 76 1048 24 19 19 20 15 17 136 0 7 13 21 0 2 5 6 0 5 7 15 0 0 1 0 1 164
102 86 112 88 24 41 189 1684 150 13 78 1049 24 20 19.5 20.5 15 15 150 0 5 13 23 0 0 5 7 0 5 7 16 0 0 1 0 1 142
103 82 109 84 25 39 184 1674 126 12 76 1044 25 20 20 21 15 11 126 0 3 15 21 0 0 5 6 0 3 9 15 0 0 1 0 2 142
104 82 109 84 25 38 190 1641 149 17 75 1048 25 20 20 21 15 23 149 0 3 14 21 0 0 4 6 0 3 9 15 0 0 1 0 2 149
105 88 109 84 25 39 183 1661 121 16 76 1049 26 20 20 19.5 15 13 121 0 4 13 22 0 0 3 7 0 4 9 15 0 0 1 0 2 174
106 78 109 85 24 42 175 1665 136 16 77 1049 27 20 20 21 13.5 12 136 0 4 14 24 0 1 3 7 0 2 11 16 0 1 0 1 0 172
107 100 110 84 26 43 172 1657 124 12 77 1047 27 20 19.5 21.5 15 12 124 1 3 14 25 1 1 3 7 0 1 10 17 0 1 1 1 1 157
108 65 109 83 26 46 166 1676 125 13 78 1055 29 20 20 22 18 11 125 1 5 15 25 1 2 3 7 0 2 10 17 0 1 2 1 1 168
109 75 106 80 26 44 167 1687 120 10 78 1054 27.5 20 19.5 22.5 18 14 120 1 5 11 27 1 2 2 7 0 2 9 17 0 1 0 3 0 156
110 72 104 79 25 44 171 1669 155 10 78 1066 28 20 19 22 18 14 155 1 4 11 28 1 3 1 8 0 0 10 17 0 1 0 3 0 164
111 81 104 78 26 45 175 1652 138 14 80 1064 28.5 20 19 21 18 21 138 1 4 12 28 1 2 2 8 0 1 10 17 0 1 0 3 1 149
112 80 105 80 25 45 179 1666 113 11 83 1066 29 19 18 20 18 16 113 2 4 11 28 2 2 2 8 0 1 9 17 0 1 0 3 1 160
113 101 110 84 26 47 177 1656 132 15 81 1065 25 20 18 22 18 14 132 2 4 12 29 2 2 2 8 0 1 10 18 0 1 0 3 5 160
114 74 110 85 25 48 176 1646 128 16 83 1076 24.5 19 17 20 18 16 128 3 4 13 28 2 1 2 8 1 2 11 17 0 1 0 3 0 153
115 84 111 87 24 47 176 1643 127 14 84 1063 25 19 17 19.5 18 18 127 3 4 10 30 2 1 2 8 1 2 8 19 0 1 0 3 0 157
116 68 111 87 24 48 190 1655 135 9 86 1074 26 19 17 19 18 25 135 2 6 10 30 1 2 2 8 1 3 8 19 0 1 0 3 1 171
117 82 110 87 23 46 191 1642 136 16 83 1070 23.5 18 18 19 15 18 136 1 7 11 27 0 2 2 8 1 5 8 17 0 0 1 2 0 155
118 75 110 86 24 46 192 1638 139 12 83 1069 23.5 18 18 19 15 14 139 2 7 9 28 1 2 2 7 1 5 6 19 0 0 1 2 1 169
119 66 109 86 23 46 182 1633 131 19 82 1068 22 17 17 18 15 12 131 1 8 9 28 0 3 3 7 1 5 5 19 0 0 1 2 1 148
120 78 111 89 22 47 181 1633 152 17 81 1079 22 18 17 18.5 16.5 22 152 1 9 10 27 0 3 3 7 1 6 6 19 0 0 1 1 2 184
121 73 110 88 22 47 178 1665 139 16 80 1088 23 18 17 18.5 16.5 13 139 1 9 10 27 0 3 3 7 1 6 6 19 0 0 1 1 1 194
122 79 107 85 22 47 172 1650 136 19 78 1095 24 18 17 19 12 16 136 1 8 10 28 0 3 3 7 1 5 6 21 0 0 1 0 0 147
123 72 107 86 21 50 166 1671 133 21 77 1094 24 17.5 17 19 12 19 133 1 8 11 30 0 4 3 8 1 3 7 22 0 1 1 0 2 180
124 68 104 83 21 47 178 1667 141 10 76 1105 24.5 18 18 19 12 24 141 0 9 12 26 0 4 3 7 0 4 8 19 0 1 1 0 0 164
125 89 104 83 21 50 182 1666 144 11 78 1105 25 18.5 17 21 12 18 144 0 10 13 27 0 5 3 7 0 3 9 20 0 2 1 0 2 178
126 61 105 82 23 49 191 1653 145 9 79 1118 25 18 17 20 12 17 145 0 8 13 28 0 4 3 8 0 2 9 20 0 2 1 0 0 161
127 89 103 79 24 48 186 1653 143 15 79 1117 25 18.5 18 20 12 11 143 0 8 13 27 0 4 3 7 0 2 9 20 0 2 1 0 1 182
128 101 105 80 25 49 186 1670 130 11 78 1119 26 18 17 20 12 16 130 0 9 14 26 0 4 3 6 0 3 10 20 0 2 1 0 3 182
129 81 106 81 25 51 185 1648 125 16 81 1119 27 19 18 21 12 17 125 0 7 16 28 0 3 5 6 0 2 11 21 0 2 0 1 0 144
130 96 102 80 22 49 177 1648 143 17 77 1125 27 19 18 21 12 14 143 0 7 15 27 0 3 5 6 0 2 10 20 0 2 0 1 3 186
131 90 101 79 22 47 172 1641 155 9 76 1127 26 19 17 22 12 8 155 0 6 16 25 0 1 6 6 0 3 10 18 0 2 0 1 2 180
132 79 98 77 21 45 165 1670 127 18 73 1135 25 20 18 24.5 17 14 127 0 5 17 23 0 1 6 5 0 4 9 17 0 0 2 1 1 187
133 90 100 79 21 46 166 1663 126 10 73 1134 23.5 20 18 24 17 14 126 0 7 16 23 0 3 6 5 0 4 8 17 0 0 2 1 1 154
134 75 104 83 21 47 163 1663 137 14 73 1130 22 20 18 23 17 14 137 1 7 15 24 0 3 5 6 1 4 8 17 0 0 2 1 3 167
135 80 105 83 22 49 172 1649 160 14 74 1132 22 20 18 24 16 24 160 1 8 15 25 0 3 5 6 1 4 9 17 0 1 1 2 2 178
136 86 107 86 21 48 177 1659 139 13 73 1137 23 20 19 24 16 20 139 1 6 12 29 0 2 5 6 1 3 6 21 0 1 1 2 1 179
137 76 107 87 20 45 172 1677 137 15 71 1142 22 21 19.5 25 16 11 137 1 5 10 29 0 1 5 6 1 3 4 21 0 1 1 2 1 185
138 55 110 90 20 42 173 1676 137 13 70 1148 20.5 20.5 19 26 16 17 137 1 5 8 28 0 1 4 6 1 3 3 20 0 1 1 2 5 155
139 78 108 87 21 41 165 1684 132 13 67 1148 20.5 20 19 26.5 16 11 132 1 3 9 28 0 1 4 6 1 1 4 20 0 1 1 2 1 166
140 80 113 92 21 45 166 1714 122 12 72 1146 20 19 19 26 16 12 122 3 4 10 28 1 1 4 6 2 2 5 20 0 1 1 2 0 185
141 85 114 93 21 44 164 1709 134 14 72 1142 20.5 19 19 26 16 15 134 3 5 8 28 1 1 3 6 2 3 4 20 0 1 1 2 1 159
142 86 109 89 20 43 166 1711 141 18 69 1134 19 19 19 26.5 16 22 141 3 5 9 26 1 1 2 5 2 3 5 20 0 1 2 1 1 165
143 82 104 84 20 42 178 1711 146 11 69 1138 19.5 20 19 27 17 25 146 1 6 9 26 1 1 2 6 0 4 5 20 0 1 2 0 0 183
144 73 101 81 20 39 187 1697 145 9 67 1139 19 21 19 27 21 19 145 1 4 9 25 1 0 3 6 0 4 5 18 0 0 1 1 1 162
145 69 100 79 21 37 189 1671 159 14 66 1140 19 21 19 27 21 17 159 1 3 9 24 1 0 2 6 0 3 6 17 0 0 1 1 1 154
146 49 100 77 23 38 186 1684 121 12 67 1150 19 21 19 27 20 11 121 0 5 9 24 0 1 2 6 0 3 6 17 0 1 1 1 0 149
147 82 102 76 26 39 186 1673 141 16 68 1150 19 21 19 27 20 19 141 1 5 10 23 1 1 3 6 0 3 6 16 0 1 1 1 4 168
148 94 99 75 24 39 191 1681 135 12 71 1145 20 21 19 26.5 22.5 20 135 1 4 9 25 1 1 2 7 0 2 6 16 0 1 1 2 1 177
149 77 99 74 25 41 187 1671 141 13 74 1140 21 21 19 26.5 23 14 141 1 5 8 27 1 1 2 7 0 2 4 18 0 2 2 2 1 161
150 64 101 75 26 43 197 1660 163 11 78 1140 21 21 17.5 27 23 21 163 2 4 9 28 2 1 1 8 0 2 5 18 0 1 3 2 1 172
151 73 98 74 24 42 190 1653 149 20 74 1145 21 21 19 26 23 17 149 2 6 6 28 2 2 1 6 0 2 4 19 0 2 1 3 2 169
152 66 99 74 25 43 181 1651 139 16 78 1146 22 21 19 25.5 23 13 139 1 7 7 28 1 3 1 6 0 3 4 19 0 1 2 3 2 161
153 75 98 73 25 42 173 1663 143 20 79 1148 22 21 19 25 23 16 143 1 7 6 28 1 3 1 6 0 3 4 18 0 1 1 4 0 191
154 78 95 70 25 42 167 1659 131 16 77 1148 23 21 19 25.5 21 13 131 0 6 9 27 0 4 1 6 0 1 7 18 0 1 1 3 0 155
155 80 97 73 24 41 168 1652 153 12 76 1153 23 21 19 25 21 19 153 0 5 10 26 0 4 1 6 0 0 8 17 0 1 1 3 1 175
156 88 96 73 23 41 183 1647 131 12 76 1144 22 21 19 24 21 28 131 1 6 9 25 0 4 0 7 1 1 8 15 0 1 1 3 1 161
157 88 97 74 23 43 185 1628 155 16 75 1141 22 19 16 20 21 19 155 1 9 8 25 0 5 0 6 1 3 7 16 0 1 1 3 2 171
158 72 100 76 24 43 190 1648 146 9 76 1141 23 19 16 20 21 16 146 1 8 9 25 0 4 1 6 1 3 7 16 0 1 1 3 2 189
159 70 101 78 23 44 181 1660 142 20 80 1151 24 19.5 16 20.5 21 15 142 1 8 9 26 0 3 2 6 1 4 6 17 0 1 1 3 2 174
160 84 105 82 23 45 188 1688 147 9 79 1162 24 20 17.5 20.5 21 17 147 1 8 9 27 0 3 3 6 1 4 5 18 0 1 1 3 4 198
161 81 105 84 21 44 193 1659 154 14 73 1163 24 21 20 21 21 19 154 1 5 11 27 0 2 3 5 1 3 6 19 0 0 2 3 2 151
162 89 102 82 20 45 191 1678 123 18 71 1149 25 20 20 20 19 21 123 2 4 12 27 0 2 3 5 2 2 7 20 0 0 2 2 1 179
163 76 104 84 20 45 188 1680 149 12 70 1147 25 20 20 20 19 10 149 2 4 14 25 0 2 3 5 2 2 9 18 0 0 2 2 2 181
164 65 104 84 20 45 186 1670 153 14 71 1156 25.5 19 20 19 19 16 153 2 4 14 25 0 1 4 5 2 3 9 17 0 0 1 3 1 168
165 76 104 82 22 44 193 1700 141 15 71 1154 25 19.5 19 20.5 17 24 141 2 3 15 24 0 0 5 4 2 3 9 16 0 0 1 4 1 195
166 78 107 85 22 45 191 1711 147 12 71 1151 26 19 19 20 17 12 147 2 4 13 26 0 0 5 4 2 4 7 18 0 0 1 4 2 183
167 65 108 85 23 45 206 1695 157 12 72 1154 26 19 16 22.5 17.5 26 157 2 5 12 26 1 0 5 3 1 5 5 19 0 0 2 4 2 172
168 79 106 83 23 43 209 1668 164 14 70 1163 25.5 20 16 24 18 20 164 2 5 12 24 1 0 5 3 1 5 5 18 0 0 2 3 1 163
169 72 103 80 23 41 210 1663 141 18 72 1161 25 20 16 24 17.5 19 141 2 4 13 22 1 0 5 2 1 4 6 18 0 0 2 2 1 164
170 74 101 78 23 42 207 1643 150 13 72 1153 29 19 16 24 17.5 12 150 1 6 12 23 1 1 4 3 0 5 6 18 0 0 2 2 0 159
171 94 103 78 25 43 199 1666 129 14 73 1150 27 18 15 24 17.5 11 129 2 6 10 25 2 1 2 5 0 5 6 18 0 0 2 2 2 184
172 66 103 78 25 44 206 1686 137 10 77 1152 28 19 15 24.5 17.5 17 137 2 6 8 28 2 1 2 5 0 5 4 21 0 0 2 2 0 182
173 81 104 80 24 47 202 1675 144 18 81 1152 28.5 18 14 25 15.5 14 144 3 7 7 30 2 2 2 5 1 4 4 23 0 1 1 2 1 170
174 77 109 84 25 47 205 1691 127 8 81 1155 27 19 14 25 17 14 127 3 7 5 32 2 2 2 5 1 4 3 25 0 1 0 2 6 178
175 70 107 82 25 47 204 1700 153 14 81 1169 28 19 14 24.5 17.5 17 153 2 8 6 31 2 2 2 5 0 5 3 24 0 1 1 2 0 186
176 66 106 81 25 46 203 1703 132 12 80 1171 25.5 19.5 14 25 17.5 14 132 1 8 6 31 1 3 1 6 0 4 5 22 0 1 0 3 1 157
177 75 107 82 25 47 208 1692 137 15 81 1162 25 20 14 25 17.5 21 137 1 7 7 32 1 3 0 7 0 3 7 22 0 1 0 3 2 154
178 73 108 83 25 47 210 1713 143 13 81 1166 25.5 21 15 25 17.5 18 143 0 7 7 33 0 3 0 7 0 3 7 23 0 1 0 3 3 194
179 77 107 82 25 47 204 1670 169 18 82 1158 26 20 14 25 17.5 15 169 1 5 9 32 1 3 0 7 0 1 9 22 0 1 0 3 0 156
180 76 107 81 26 46 204 1649 157 10 82 1156 27 20.5 14 25 18 15 157 1 3 9 33 1 2 1 7 0 1 8 23 0 0 0 3 1 167
181 78 108 84 24 43 196 1663 124 19 81 1158 25.5 20 13.5 25 18 14 124 1 2 8 32 1 2 1 6 0 0 7 23 0 0 0 3 2 166
182 77 108 87 21 43 203 1669 153 16 78 1155 24.5 20 14.5 26 18 23 153 1 3 7 32 1 3 1 7 0 0 6 22 0 0 0 3 2 191
183 72 107 85 22 44 204 1659 151 22 77 1157 24 18.5 14 24 18 24 151 1 6 6 31 1 3 1 6 0 3 5 22 0 0 0 3 2 168
184 78 105 84 21 42 206 1631 151 19 75 1152 25 18.5 15 25 18 22 151 1 4 8 29 0 2 2 6 1 2 6 20 0 0 0 3 2 148
185 84 103 84 19 39 204 1649 142 15 74 1157 25 19 14 25 18 14 142 1 4 8 26 0 2 2 5 1 2 6 18 0 0 0 3 0 198
186 75 101 82 19 41 199 1647 145 19 77 1152 26 18 14 23 18 14 145 0 7 8 26 0 3 3 5 0 4 5 18 0 0 0 3 0 173
187 78 96 78 18 41 198 1648 159 18 73 1150 26 18 14 20 18 21 159 0 8 9 24 0 3 4 4 0 5 5 17 0 0 0 3 0 185
188 86 95 78 17 37 197 1647 128 16 70 1152 25 18 13.5 19.5 18 17 128 0 7 9 21 0 2 5 3 0 5 4 15 0 0 0 3 2 161
189 94 95 78 17 37 192 1619 144 15 71 1147 25 18 13.5 19.5 18 14 144 0 5 10 22 0 1 6 3 0 4 4 16 0 0 0 3 1 157
190 75 93 77 16 36 191 1642 148 15 70 1151 25 18 13.5 19 18 19 148 0 5 9 22 0 1 6 3 0 4 3 16 0 0 0 3 2 196
191 80 93 77 16 38 192 1659 134 13 70 1150 26 18 13 19.5 18 17 134 1 5 8 24 1 1 6 3 0 4 2 18 0 0 0 3 2 177
192 84 95 79 16 41 180 1666 132 12 71 1154 26 18 13 24 18 9 132 1 4 11 25 1 1 5 4 0 3 6 18 0 0 0 3 2 172
193 74 92 78 14 37 177 1677 135 12 71 1172 25.5 18 12.5 22.5 18 12 135 1 4 9 23 1 1 4 4 0 3 5 16 0 0 0 3 1 172
194 100 91 78 13 36 177 1676 152 13 68 1171 23 18 13 22.5 18 16 152 1 4 8 23 1 1 4 3 0 3 4 17 0 0 0 3 1 181
195 72 89 75 14 37 176 1685 139 23 66 1166 24 18 13 20 18 21 139 1 4 10 22 1 1 4 3 0 3 6 16 0 0 0 3 1 178
196 83 89 76 13 34 180 1696 140 10 65 1164 22 18 12.5 20 18 16 140 0 5 7 22 0 2 1 5 0 3 6 14 0 0 0 3 2 183
197 76 89 76 13 34 175 1710 134 13 65 1163 23 18.5 13 20 18 11 134 0 4 5 25 0 2 1 6 0 2 4 16 0 0 0 3 2 176
198 91 89 76 13 35 181 1711 153 13 63 1165 23 19 13 20 18 24 153 0 2 7 26 0 1 2 6 0 1 5 17 0 0 0 3 1 186
199 89 86 74 12 33 177 1711 131 15 59 1164 22 19 13 20 18 14 131 0 2 7 24 0 1 1 5 0 1 6 16 0 0 0 3 1 166
200 88 84 73 11 35 174 1719 140 16 60 1166 23 20 13.5 22 26 16 140 0 3 7 25 0 1 1 6 0 2 6 17 0 0 0 2 0 176
201 87 82 71 11 32 184 1693 151 11 59 1162 22 20 13.5 22 17 23 151 0 1 7 24 0 1 1 6 0 0 6 17 0 0 0 1 0 161
202 74 82 71 11 32 180 1694 137 12 62 1166 23 20 13.5 22 17 11 137 0 1 7 24 0 1 1 6 0 0 6 17 0 0 0 1 0 172
203 95 80 69 11 31 181 1692 160 18 60 1157 22 20 11.5 21 17 21 160 0 2 6 23 0 1 0 5 0 1 6 17 0 0 0 1 2 188
204 74 80 68 12 32 172 1687 127 23 60 1159 23 19.5 14 21 17 15 127 0 4 5 23 0 3 0 4 0 1 5 18 0 0 0 1 0 150
205 72 83 69 14 33 176 1685 130 16 60 1168 23 20 14 22.5 18.5 20 130 0 4 6 23 0 3 0 4 0 1 6 17 0 0 0 2 2 152
206 65 81 67 14 30 182 1691 156 11 62 1170 24 20 14 23 18.5 19 156 0 4 5 21 0 3 0 4 0 1 5 15 0 0 0 2 1 186
207 63 86 72 14 32 177 1707 124 11 64 1165 23 19.5 14 23 18.5 11 124 0 5 5 22 0 5 0 4 0 0 5 16 0 0 0 2 2 164
208 84 84 71 13 31 174 1731 127 17 65 1158 23.5 19 14 22 17 18 127 0 5 6 20 0 4 1 4 0 1 5 15 0 0 0 1 0 184
209 76 83 70 13 33 175 1735 151 17 64 1154 24 19 14 21 17 21 151 0 5 8 20 0 3 3 4 0 2 5 15 0 0 0 1 1 188
210 79 82 70 12 32 179 1712 157 10 64 1151 23.5 19 14 20 17 17 157 0 5 8 19 0 3 3 4 0 2 5 14 0 0 0 1 1 167
211 59 84 71 13 32 187 1721 141 19 63 1153 22.5 18 14 20 17 27 141 0 6 6 20 0 3 3 4 0 3 3 15 0 0 0 1 2 175
212 74 84 72 12 34 186 1717 145 14 61 1147 22.5 18 14 20 17 16 145 1 8 6 19 1 4 3 4 0 4 3 14 0 0 0 1 0 172
213 69 84 72 12 34 188 1738 131 16 61 1147 23 17 14 20 17 18 131 2 7 6 19 2 4 3 4 0 3 3 14 0 0 0 1 0 181
214 64 86 76 10 35 190 1726 151 11 60 1143 23.5 17 13.5 20 17 16 151 2 7 8 18 2 2 5 3 0 5 3 14 0 0 0 1 1 163
215 68 89 78 11 35 183 1724 135 18 62 1149 23 17 13.5 20 17 12 135 1 8 8 18 1 3 5 3 0 5 3 14 0 0 0 1 3 172
216 73 86 75 11 35 188 1716 154 12 61 1153 23 17 13 20 NA 21 154 2 7 9 17 2 2 6 3 0 5 3 14 0 0 0 0 0 174
217 78 84 73 11 33 188 1727 137 10 61 1157 23 17 13.5 20 NA 12 137 1 8 7 17 1 3 6 2 0 5 1 15 0 0 0 0 0 173
218 79 85 72 13 35 176 1723 133 20 62 1156 24 17 13.5 20 NA 10 133 1 7 9 18 1 2 6 3 0 5 3 15 0 0 0 0 3 156
219 79 85 70 15 35 175 1715 145 14 65 1147 25 19 13.5 20 NA 15 145 1 6 10 18 1 2 6 3 0 4 4 15 0 0 0 0 1 166
220 85 84 70 14 34 168 1711 146 13 65 1144 25.5 18 13.5 20 NA 12 146 1 4 11 18 1 2 5 4 0 2 6 14 0 0 0 0 0 177
221 77 85 70 15 35 164 1730 129 9 66 1141 26 19 13.5 20 NA 8 129 1 3 12 19 1 2 4 5 0 1 8 14 0 0 0 0 0 179
222 60 86 71 15 36 151 1725 137 19 66 1150 26.5 18 13.5 20 NA 12 137 1 3 13 19 1 2 4 5 0 1 9 14 0 0 0 0 2 158
223 77 89 71 18 36 150 1733 144 17 66 1151 26 18 13.5 20 NA 20 144 1 4 13 18 1 2 4 5 0 2 9 13 0 0 0 0 2 177
224 84 92 74 18 39 151 1749 149 8 68 1145 26 19 13.5 20 NA 12 149 1 5 13 20 1 2 4 5 0 3 9 15 0 0 0 0 1 193
225 73 92 74 18 39 157 1709 158 11 68 1141 25.5 19 13.5 20 NA 18 158 1 5 13 20 1 2 4 5 0 3 9 15 0 0 0 0 0 153
226 68 92 74 18 39 157 1711 142 12 68 1142 23 19 13.5 20 NA 12 142 1 6 11 21 1 2 2 7 0 4 9 14 0 0 0 0 1 172
227 80 94 76 18 39 157 1719 140 8 69 1138 23.5 19 13.5 20 NA 13 140 0 6 11 22 0 2 3 7 0 4 8 15 0 0 0 0 2 179
228 64 91 74 17 37 157 1753 142 13 66 1138 25 17 13.5 20 NA 18 142 0 5 10 22 0 2 2 8 0 3 8 14 0 0 0 0 0 194
229 76 89 72 17 35 164 1747 150 13 64 1137 24 17 13 19.5 NA 22 150 0 4 12 19 0 1 3 7 0 3 9 12 0 0 0 0 0 173
230 61 90 72 18 36 160 1742 145 15 66 1139 24.5 17 12 20 NA 14 145 1 4 10 21 1 1 2 8 0 3 8 13 0 0 0 0 2 168
231 85 89 71 18 36 164 1718 155 12 67 1136 25 17 12 20 NA 21 155 0 3 10 23 0 2 2 8 0 1 8 15 0 0 0 0 1 171
232 69 89 71 18 35 171 1702 147 11 66 1138 25 17 11 20 NA 19 147 0 2 9 24 0 2 2 7 0 0 7 17 0 0 0 0 3 160
233 84 89 71 18 34 176 1719 114 10 65 1136 26 17 11 20 NA 17 114 0 2 8 24 0 2 2 7 0 0 6 17 0 0 0 0 3 167
234 69 88 72 16 33 174 1707 155 21 64 1134 27 19 13 20 NA 19 155 0 1 7 25 0 1 3 7 0 0 4 18 0 0 0 0 1 167
235 80 90 73 17 31 181 1693 152 6 65 1129 25.5 19 13 20 NA 18 152 0 1 7 23 0 1 3 7 0 0 4 16 0 0 0 0 2 170
236 84 88 72 16 30 183 1720 137 13 64 1133 24 19.5 14 23 NA 17 137 0 2 8 20 0 2 3 6 0 0 5 14 0 0 0 0 1 196
237 85 87 71 16 29 180 1739 128 12 62 1133 25 20 14 23.5 NA 11 128 0 2 8 19 0 2 3 6 0 0 5 13 0 0 0 0 0 174
238 88 88 69 19 30 183 1702 153 17 63 1141 23.5 19.5 14 23 NA 23 153 0 4 8 18 0 2 3 6 0 2 5 12 0 0 0 0 0 151
239 69 88 67 21 32 178 1662 154 17 64 1142 23 20.5 14 23.5 NA 16 154 0 4 8 20 0 2 3 7 0 2 5 13 0 0 0 0 2 142
240 75 90 68 22 32 179 1681 125 16 65 1142 22.5 20.5 14 23.5 NA 19 125 0 4 7 21 0 2 3 7 0 2 4 14 0 0 0 0 1 172
241 83 90 69 21 31 180 1662 132 8 65 1141 23 20 14 23.5 NA 10 132 0 4 5 22 0 2 2 7 0 2 3 15 0 0 0 0 3 151
242 85 92 71 21 31 184 1668 134 17 67 1146 24 20 14 23.5 NA 22 134 0 3 6 22 0 1 3 7 0 2 3 15 0 0 0 0 0 180
243 74 95 74 21 33 189 1697 144 13 67 1148 24 19 14 21.5 NA 20 144 0 4 4 25 0 0 3 8 0 4 1 17 0 0 0 0 2 197
244 75 95 75 20 35 175 1723 134 21 65 1146 25 21 14 23.5 NA 9 134 0 5 4 26 0 2 3 8 0 3 1 18 0 0 0 0 2 181
245 62 94 73 21 35 175 1720 158 14 65 1148 22.5 21 14 23.5 NA 16 158 0 4 6 25 0 2 3 8 0 2 3 17 0 0 0 0 1 179
246 72 97 74 23 36 176 1732 130 11 66 1142 23 20.5 14 23.5 NA 13 130 0 4 7 25 0 2 4 8 0 2 3 17 0 0 0 0 2 166
247 67 98 74 24 35 173 1731 145 16 67 1140 22.5 19 14 23 NA 16 145 0 4 8 23 0 2 5 7 0 2 3 16 0 0 0 0 3 162
248 88 97 74 23 37 186 1717 158 11 66 1128 22 19 14 21.5 NA 27 158 0 6 7 24 0 3 5 7 0 3 2 17 0 0 0 0 2 183
249 71 98 76 22 35 185 1724 146 15 66 1135 22.5 19 14.5 20 NA 19 146 0 4 8 23 0 2 5 7 0 2 3 16 0 0 0 0 2 184
250 87 101 78 23 36 178 1712 149 18 66 1130 20 19 14.5 20 NA 16 149 1 5 8 22 0 2 5 7 1 3 3 15 0 0 0 0 2 166
251 68 101 78 23 38 174 1731 127 17 68 1130 21 19 14.5 20 NA 14 127 1 6 8 23 0 2 4 8 1 4 4 15 0 0 0 0 0 168
252 72 98 75 23 37 180 1740 135 8 68 1129 22 19 14.5 20 NA 16 135 0 6 8 23 0 2 4 8 0 4 4 15 0 0 0 0 0 170
253 74 96 73 23 38 182 1737 139 14 69 1135 23 19 14.5 20 NA 19 139 0 6 8 24 0 2 4 8 0 4 4 16 0 0 0 0 1 166
254 68 97 74 23 37 184 1706 146 10 70 1134 22 19 14 20 NA 14 146 0 4 9 24 0 2 3 8 0 2 6 16 0 0 0 0 0 139
255 65 96 74 22 37 191 1699 151 10 70 1126 23 19 14 21.5 NA 17 151 1 5 8 23 1 2 2 8 0 3 6 15 0 0 0 0 0 170
256 83 94 73 21 36 187 1728 122 12 72 1128 24 19.5 14.5 23 NA 9 122 0 3 10 23 0 1 3 8 0 2 7 15 0 0 0 0 2 182
257 95 95 74 21 37 186 1704 149 18 73 1119 25 20 14.5 23 NA 19 149 0 3 10 24 0 0 4 8 0 3 6 16 0 0 0 0 0 168
258 85 95 74 21 39 183 1697 141 18 73 1119 25 20 15 23 18 17 141 0 5 9 25 0 1 3 9 0 3 6 16 0 1 0 0 1 161
259 84 96 76 20 40 186 1684 138 5 75 1125 24 19.5 14.5 23 15.5 13 138 0 5 8 27 0 1 3 10 0 3 4 17 0 1 1 0 2 161
260 80 99 77 22 42 182 1708 127 13 75 1128 24 19.5 14.5 23 18 9 127 0 5 10 27 0 1 3 10 0 3 5 17 0 1 2 0 5 188
261 84 102 80 22 42 178 1731 126 10 76 1133 23.5 19 14.5 20 18 7 126 1 4 10 27 0 1 3 10 1 2 5 17 0 1 2 0 3 183
262 75 103 81 22 42 179 1703 149 12 79 1135 24 18.5 14.5 20 18 14 149 1 6 10 25 0 1 3 10 1 4 5 15 0 1 2 0 4 158
263 69 99 77 22 39 183 1734 126 10 76 1140 24 19 15 20 18 18 126 0 5 10 24 0 1 3 9 0 3 5 15 0 1 2 0 0 185
264 86 95 73 22 38 176 1708 143 21 71 1125 23 19 15 20 18 15 143 0 6 10 22 0 1 2 8 0 5 5 14 0 0 3 0 1 145
265 82 97 75 22 39 173 1706 141 16 71 1129 24 19 15 20 18 14 141 0 6 9 24 0 1 2 8 0 5 4 16 0 0 3 0 1 165
266 70 97 75 22 42 168 1698 135 19 72 1131 24 19 15 20 18 16 135 0 8 8 26 0 1 2 8 0 7 4 17 0 0 2 1 0 151
267 76 95 72 23 42 170 1675 163 18 70 1134 25 19.5 15 21 18 20 163 0 7 11 24 0 1 3 7 0 6 6 16 0 0 2 1 2 168
268 73 94 71 23 46 168 1676 139 16 71 1125 25.5 20 15 21 20 16 139 0 9 10 27 0 1 1 9 0 7 8 16 0 1 1 2 0 170
269 77 93 69 24 44 172 1667 139 10 70 1132 26 20.5 14 21 22 16 139 0 6 12 26 0 1 0 9 0 5 9 15 0 0 3 2 1 160
270 83 90 66 24 44 169 1662 131 16 68 1118 26 20.5 13.5 23 22 17 131 0 6 14 24 0 2 0 8 0 4 11 14 0 0 3 2 0 150
271 58 90 66 24 45 166 1669 143 19 65 1117 26.5 21 15 22 22.5 18 143 1 3 17 24 0 2 2 7 1 1 11 15 0 0 4 2 2 168
272 73 91 67 24 47 177 1644 141 11 70 1119 27 21 15 21.5 22.5 23 141 1 5 17 24 0 2 2 7 1 3 11 15 0 0 4 2 1 144
273 79 89 65 24 45 175 1664 132 15 70 1121 27 21 14 22.5 22.5 16 132 1 4 16 24 0 1 3 5 1 3 9 17 0 0 4 2 0 173
274 74 90 65 25 46 177 1659 135 15 73 1120 27.5 21 13.5 22.5 22.5 19 135 0 5 16 25 0 2 3 5 0 3 9 18 0 0 4 2 2 161
275 78 94 68 26 48 179 1671 143 14 72 1123 27.5 21 13.5 22 22 20 143 1 6 15 26 0 2 3 5 0 4 8 19 1 0 4 2 4 179
276 88 95 71 24 46 174 1651 139 16 68 1116 22 20 13.5 20.5 20 14 139 1 7 13 25 0 2 3 5 0 5 7 18 1 0 3 2 2 157
277 64 95 72 23 46 177 1678 126 11 68 1123 22 19.5 13 20 20 15 126 1 8 12 25 0 2 2 5 0 6 7 18 1 0 3 2 1 172
278 81 96 73 23 48 181 1666 121 10 69 1117 22.5 19.5 13 20 20 15 121 1 8 13 26 0 2 2 5 0 6 9 18 1 0 2 3 1 147
279 69 95 71 24 50 188 1661 140 14 70 1125 23 19 13 20 20 21 140 1 9 14 26 0 3 2 5 0 6 10 18 1 0 2 3 1 162
280 70 98 73 25 52 188 1660 126 13 71 1130 23.5 19 13 20 18 14 126 1 10 13 28 0 2 3 5 0 7 9 19 1 1 1 4 1 151
281 71 104 79 25 53 183 1651 145 23 73 1125 21.5 19 13 20 18 20 145 2 9 12 30 1 2 3 5 0 6 9 20 1 1 0 5 3 161
282 78 105 79 26 52 190 1634 139 12 70 1125 22 19 12.5 20.5 16.5 22 139 2 9 11 30 1 2 3 4 0 6 8 22 1 1 0 4 3 151
283 90 102 80 22 49 178 1624 137 21 70 1135 22.5 19 12.5 20.5 15 13 137 1 10 8 30 0 3 2 5 0 6 6 22 1 1 0 3 2 164
284 83 103 80 23 48 178 1606 140 12 69 1133 23 19 12.5 21 15 15 140 1 8 9 30 0 3 2 5 0 4 7 22 1 1 0 3 2 155
285 72 105 80 25 47 186 1602 153 15 68 1131 23 19 12.5 21.5 15 25 153 1 6 10 30 0 2 2 6 0 3 8 21 1 1 0 3 1 176
286 79 106 81 25 46 190 1571 151 13 67 1125 21.5 19 13 21 14 19 151 1 6 11 28 0 2 2 5 0 3 9 21 1 1 0 2 4 149
287 67 108 81 27 45 203 1556 168 13 68 1131 20.5 19 13 20 14 28 168 0 7 12 26 0 2 2 5 0 3 10 19 0 2 0 2 2 177
288 66 110 84 26 46 201 1572 139 15 72 1131 21 18.5 13 20 14 19 139 0 8 12 26 0 3 2 5 0 3 10 19 0 2 0 2 2 172
289 75 109 84 25 46 206 1581 126 9 72 1143 21 18.5 13 19 13 15 126 1 7 12 26 0 2 2 5 1 4 10 19 0 1 0 2 2 164
290 82 111 87 24 46 206 1611 133 16 73 1145 19 18 13.5 19 13 19 133 1 7 11 27 0 3 2 5 1 3 9 20 0 1 0 2 1 193
291 67 111 87 24 47 207 1634 127 14 75 1147 20 18 13 19 13 15 127 2 6 11 28 1 3 2 5 1 2 9 21 0 1 0 2 0 179
292 78 110 89 21 46 212 1629 133 12 73 1146 20.5 18 13 19 13 21 133 3 6 11 26 2 3 1 6 1 2 10 18 0 1 0 2 1 160
293 71 111 90 21 46 218 1596 148 19 79 1144 21 18 13 19 13 26 148 1 8 10 27 1 4 1 6 0 3 9 19 0 1 0 2 0 146
294 77 114 93 21 48 217 1582 127 13 81 1137 20 18 13 19 13 15 127 2 9 10 27 1 5 1 6 1 3 9 19 0 1 0 2 3 143
295 76 113 93 20 48 214 1612 117 14 81 1125 21 18 13 19 13 15 117 3 6 12 27 2 4 2 6 1 1 10 19 0 1 0 2 0 175
296 63 115 93 22 50 207 1648 121 18 81 1134 20 18 13 21 13 12 121 3 8 11 28 2 4 2 6 1 3 9 20 0 1 0 2 3 175
297 73 114 92 22 51 212 1629 153 15 81 1128 21 18 13 19 13 22 153 4 9 9 29 3 4 2 7 1 4 7 20 0 1 0 2 2 161
298 80 112 90 22 49 213 1641 127 15 82 1126 21.5 18 14 19 13 15 127 3 10 7 29 3 4 2 6 0 5 5 21 0 1 0 2 0 171
299 86 112 90 22 47 229 1656 136 8 83 1121 21.5 18 14 19 13 25 136 2 9 9 27 2 4 3 5 0 5 5 20 0 0 1 2 1 184
300 61 111 89 22 46 221 1655 141 16 84 1127 22 18 14 19 6.5 12 141 2 9 9 26 2 3 3 6 0 6 5 19 0 0 1 1 2 159
301 79 107 87 20 45 231 1667 146 15 83 1119 23 18 14 20 6.5 26 146 1 9 10 25 1 3 4 5 0 6 5 19 0 0 1 1 0 190
302 70 107 88 19 44 229 1663 141 14 83 1119 22 18 14 19 6.5 15 141 0 9 10 25 0 4 4 5 0 5 5 19 0 0 1 1 2 159
303 71 108 88 20 43 219 1659 144 22 82 1116 22 18 14 20 6.5 13 144 0 10 9 24 0 4 4 5 0 6 4 18 0 0 1 1 3 159
304 84 108 86 22 42 215 1672 142 16 82 1112 23 18 14 20 6.5 20 142 0 9 10 23 0 3 4 4 0 6 5 18 0 0 1 1 2 178
305 72 108 86 22 41 223 1668 140 10 81 1102 23.5 18 14 21 6.5 20 140 0 6 13 22 0 2 5 3 0 4 7 18 0 0 1 1 2 163
306 69 106 86 20 39 215 1653 122 21 82 1104 24 18 14 20 6.5 16 122 1 4 13 21 1 1 5 3 0 3 7 17 0 0 1 1 1 138
307 63 107 87 20 39 220 1638 134 12 81 1109 23 18 14 19.5 6.5 17 134 2 4 10 23 1 1 4 3 1 3 5 19 0 0 1 1 2 148
308 80 106 86 20 42 211 1644 138 15 82 1101 24 18 14 20 6.5 10 138 1 4 13 24 0 2 4 3 1 2 8 20 0 0 1 1 2 171
309 69 107 87 20 43 206 1651 129 19 81 1099 24 18 14 20.5 6.5 18 129 1 5 14 23 0 2 4 3 1 3 9 19 0 0 1 1 3 159
310 74 106 86 20 44 195 1656 138 18 80 1091 24.5 18 14 20 6.5 12 138 1 4 15 24 0 3 5 3 1 1 9 20 0 0 1 1 1 163
311 68 103 83 20 42 191 1695 141 15 77 1098 25 18 14 19.5 6.5 17 141 1 4 12 25 0 3 3 4 1 1 9 19 0 0 0 2 0 200
312 68 110 88 22 46 182 1689 142 23 78 1099 24 17.5 14 19 6.5 15 142 4 4 12 26 1 3 2 5 3 1 10 19 0 0 0 2 4 166
313 73 114 90 24 47 188 1697 145 12 78 1107 24.5 18 14 19 6.5 22 145 4 5 11 27 1 3 1 6 3 2 10 19 0 0 0 2 4 178
314 70 112 88 24 46 181 1723 125 15 79 1102 24.5 18 13.5 19.5 6.5 13 125 3 5 12 26 1 2 2 5 2 3 10 19 0 0 0 2 0 170
315 75 112 88 24 52 175 1723 133 19 81 1095 25 18 13 22 6.5 16 133 3 8 14 27 2 2 2 5 1 6 12 20 0 0 0 2 2 163
316 80 109 87 22 52 176 1694 149 14 82 1086 26 18 13 21 0 16 149 3 9 14 26 2 2 2 5 1 7 12 20 0 0 0 1 0 155
317 69 112 90 22 51 177 1724 108 9 82 1088 24.5 18 13 20 0 14 108 1 11 10 29 1 3 1 6 0 8 9 22 0 0 0 1 3 165
318 80 113 91 22 51 176 1670 157 19 83 1078 25 18 13 20 0 21 157 1 9 11 30 1 3 1 6 0 6 10 23 0 0 0 1 1 131
319 69 110 90 20 51 169 1683 125 15 84 1074 25 18 11.5 21 0 11 125 1 9 11 30 1 3 1 5 0 6 10 24 0 0 0 1 0 163
320 75 112 93 19 51 170 1674 150 14 85 1077 26 18 11.5 21 0 16 150 1 6 12 32 1 1 3 5 0 5 9 26 0 0 0 1 2 167
321 83 113 93 20 51 167 1695 130 20 85 1069 26 18 11.5 21 0 20 130 0 6 12 33 0 2 3 5 0 4 9 27 0 0 0 1 2 178
322 71 115 95 20 51 168 1681 144 13 86 1082 26 18 11.5 19.5 0 16 144 0 7 10 34 0 2 3 5 0 5 7 28 0 0 0 1 2 161
323 75 115 93 22 50 176 1665 133 11 85 1087 26 18 11.5 20 0 19 133 0 7 10 33 0 2 3 5 0 5 7 27 0 0 0 1 1 144
324 65 116 94 22 50 184 1648 165 13 90 1095 25.5 18 11.5 21 0 23 165 0 8 9 33 0 2 3 5 0 6 6 27 0 0 0 1 2 172
325 79 115 93 22 50 183 1659 139 19 92 1091 25 18 10 20.5 0 18 139 0 9 9 32 0 2 3 4 0 7 6 27 0 0 0 1 1 180
326 83 115 94 21 50 183 1680 141 10 89 1084 24 18 13 19.5 0 12 141 0 10 9 31 0 3 2 4 0 7 7 26 0 0 0 1 1 187
327 81 112 91 21 49 174 1669 116 12 89 1080 24.5 18 13 19 0 6 116 0 8 11 30 0 3 2 4 0 5 9 25 0 0 0 1 0 139
328 70 112 91 21 47 176 1691 129 10 86 1081 24.5 18 13 19 0 16 129 0 7 11 29 0 3 2 4 0 4 9 24 0 0 0 1 2 174
329 91 109 87 22 47 168 1691 119 15 84 1071 25 18 13 19 0 9 119 0 5 13 29 0 2 3 4 0 3 10 24 0 0 0 1 0 157
330 51 108 86 22 49 170 1704 136 12 84 1073 26 18 13 20 0 15 136 0 5 13 31 0 2 3 4 0 3 10 26 0 0 0 1 0 163
331 82 108 86 22 50 174 1747 114 8 82 1072 26 18 14 20.5 0 15 114 0 6 14 30 0 3 4 4 0 3 10 25 0 0 0 1 0 186
332 105 104 83 21 50 176 1721 143 14 79 1060 26.5 17.5 14 21.5 0 22 143 1 5 13 31 1 4 2 6 0 1 11 24 0 0 0 1 2 163
333 84 103 80 23 49 168 1691 145 18 77 1061 26 18 15 21 10.5 12 145 1 5 13 30 1 4 3 6 0 0 10 23 0 1 0 1 1 141
334 91 103 81 22 49 174 1689 133 9 78 1065 26 18 15 21 10.5 17 133 1 4 13 31 1 3 4 6 0 0 9 24 0 1 0 1 0 173
335 73 101 78 23 48 182 1698 136 9 78 1068 27 17.5 14 22 10.5 20 136 1 3 12 32 1 2 4 6 0 0 8 25 0 1 0 1 2 165
336 74 101 79 22 48 187 1661 149 10 79 1069 27 17.5 13.5 22.5 10.5 15 149 1 2 13 32 1 2 5 6 0 0 7 25 0 0 1 1 1 151
337 77 102 76 26 47 192 1668 146 10 77 1070 27 17 14 21.5 10.5 19 146 1 3 13 30 1 3 5 6 0 0 7 23 0 0 1 1 4 180
338 88 103 76 27 46 190 1648 134 8 79 1067 27 17 14 22 10.5 9 134 1 3 11 31 1 3 5 6 0 0 5 24 0 0 1 1 2 144
339 82 102 74 28 44 186 1665 131 10 77 1078 27 17 14 21 10.5 10 131 1 2 11 30 1 2 6 6 0 0 4 23 0 0 1 1 0 168
340 81 104 75 29 42 186 1677 120 15 77 1075 27 17 14 25 0 18 120 0 3 9 30 0 3 6 6 0 0 3 23 0 0 0 1 2 168
341 77 103 74 29 43 174 1697 132 19 75 1081 26 17 14.5 25 0 12 132 0 4 8 31 0 4 5 7 0 0 3 23 0 0 0 1 2 181
342 71 106 77 29 42 170 1695 142 13 74 1074 25 17 15 25 0 8 142 0 3 7 32 0 3 4 8 0 0 3 23 0 0 0 1 3 168
343 74 106 77 29 42 167 1693 125 13 74 1070 25.5 17 15.5 22 0 12 125 0 3 7 32 0 3 5 8 0 0 2 23 0 0 0 1 1 157
344 63 107 77 30 43 166 1703 131 13 76 1083 24 17 15.5 21.5 0 14 131 0 5 6 32 0 4 5 7 0 1 1 24 0 0 0 1 2 160
345 82 109 80 29 43 173 1731 120 10 77 1090 24 17 15.5 21.5 0 20 120 0 5 5 33 0 4 5 7 0 1 0 25 0 0 0 1 4 173
346 65 108 79 29 43 165 1743 130 18 76 1098 24 17 15 22 8.5 10 130 0 5 5 33 0 3 5 7 0 2 0 24 0 0 0 2 2 167
347 68 108 77 31 43 169 1766 121 10 76 1089 24 17 14.5 22 8.5 17 121 0 5 7 31 0 3 5 6 0 2 2 23 0 0 0 2 2 175
348 72 106 75 31 41 171 1757 145 12 74 1101 24 17 13.5 24 8.5 18 145 0 4 8 29 0 3 5 6 0 1 3 21 0 0 0 2 1 161
349 74 108 76 32 40 175 1740 144 9 77 1098 23 17 13.5 26 8.5 15 144 0 3 7 30 0 2 5 7 0 1 2 21 0 0 0 2 2 163
350 74 112 78 34 40 180 1732 143 15 78 1096 22 17 13.5 26 8.5 22 143 0 3 7 30 0 2 5 7 0 1 2 21 0 0 0 2 3 165
351 72 108 75 33 41 170 1728 145 19 76 1094 23 17 13 26.5 8.5 13 145 1 3 8 29 1 2 4 8 0 1 4 19 0 0 0 2 0 175
352 75 107 74 33 42 172 1728 154 14 79 1090 24 17 13.5 24.5 8.5 20 154 2 2 9 29 1 1 5 9 1 1 4 18 0 0 0 2 1 180
353 84 107 74 33 44 172 1711 138 15 80 1093 25 17 14 24 8.5 17 138 2 3 10 29 1 2 5 9 1 1 5 18 0 0 0 2 1 158
354 82 105 71 34 42 176 1693 138 13 81 1098 25 17 14 24 8.5 19 138 0 5 10 27 0 3 4 8 0 2 6 17 0 0 0 2 1 157
355 73 108 75 33 42 181 1694 142 11 81 1094 23 17.5 14.5 24.5 8.5 16 142 0 6 10 26 0 4 4 8 0 2 6 16 0 0 0 2 2 169
356 65 107 75 32 40 182 1721 133 16 80 1109 23 17 15 24 8.5 20 133 0 6 10 24 0 3 5 7 0 3 5 15 0 0 0 2 1 181
357 72 105 73 32 42 174 1726 140 16 81 1111 24 16.5 15 21 8.5 9 140 0 8 9 25 0 3 5 7 0 5 4 16 0 0 0 2 0 169
358 80 104 72 32 42 176 1721 157 10 80 1113 23 16 15 19.5 12 17 157 0 9 7 26 0 3 4 8 0 5 3 16 0 1 0 2 1 177
359 72 107 75 32 42 175 1722 131 17 82 1112 23 16 15 19.5 12 18 131 0 7 8 27 0 1 6 8 0 5 2 17 0 1 0 2 1 162
360 58 110 78 32 43 174 1729 161 15 82 1122 23 16 15 18 12 17 161 0 8 7 28 0 1 5 9 0 6 2 17 0 1 0 2 3 191
