1 75 98 83 15 47 29 1232 58 14 75 25 25.5 18 NA 18 NA 9 58 1 6 17 23 0 0 0 0 1 6 17 23 0 0 0 0 2 144 0 0 4925 19 27 29
2 101 99 83 16 46 30 1296 67 9 74 53 26 18 NA 18 NA 9 67 1 5 17 23 0 0 0 0 1 5 17 23 0 0 0 0 2 161 0 0 4926 18 27 29
3 79 100 83 17 45 26 1322 81 9 73 63 26 18 NA 18 NA 4 81 1 5 17 22 0 0 0 0 1 5 17 22 0 0 0 0 2 134 0 0 4927 18 26 29
4 71 101 84 17 44 25 1366 71 7 74 71 27 18 NA 18 NA 6 71 1 5 15 23 0 0 0 0 1 5 15 23 0 0 0 0 2 137 0 0 4926 19 25 30
5 80 100 83 17 43 31 1415 67 3 73 85 26.5 18 NA 18 NA 9 67 1 5 14 23 0 0 0 0 1 5 14 23 0 0 0 0 2 144 0 0 4927 20 23 30
6 91 97 80 17 42 27 1443 76 10 71 92 27 18 NA 18 NA 8 76 0 4 17 21 0 0 0 0 0 4 17 21 0 0 0 0 1 132 0 0 4929 18 24 29
7 70 93 76 17 42 34 1481 78 8 69 104 28 18 NA 18 NA 15 78 0 5 14 23 0 0 0 0 0 5 14 23 0 0 0 0 0 140 0 0 4931 18 21 30
8 78 92 75 17 41 35 1511 84 6 68 119 29 18 NA 18 NA 8 84 0 4 14 23 0 0 0 0 0 4 14 23 0 0 0 0 2 134 0 0 4932 15 22 31
9 78 91 75 16 42 41 1514 94 4 69 118 30 18 NA 18 NA 10 94 0 5 12 25 0 0 0 0 0 5 12 25 0 0 0 0 0 124 0 0 4931 16 20 33
10 67 93 76 17 43 43 1537 77 7 74 124 31 18 NA 18 NA 8 77 0 4 12 27 0 0 0 0 0 4 12 27 0 0 0 0 1 130 0 0 4926 19 21 34
11 76 93 75 18 43 44 1555 80 7 74 124 29 18 NA 18 NA 6 80 0 4 12 27 0 0 0 0 0 4 12 27 0 0 0 0 2 123 0 0 4926 18 21 35
12 58 95 78 17 43 45 1578 98 11 72 129 29 18 NA 18 NA 12 98 0 4 10 29 0 0 0 0 0 4 10 29 0 0 0 0 2 139 0 0 4928 16 18 38
13 59 99 82 17 41 38 1033 58 4 72 137 27 18 NA 18 NA 6 58 0 4 7 30 0 0 0 0 0 4 7 30 0 0 0 0 4 125 8 597 4928 18 15 39
14 55 98 81 17 40 29 1027 60 9 74 137 27.5 18 NA 18 NA 5 60 0 3 7 30 0 0 0 0 0 3 7 30 0 0 0 0 0 140 12 666 4926 20 15 39
15 72 101 83 18 43 31 1054 63 7 78 152 28 18 NA 18 NA 8 63 0 5 8 30 0 0 0 0 0 5 8 30 0 0 0 0 2 170 13 720 4922 23 14 41
16 84 98 79 19 41 29 1037 60 7 74 146 27 18 NA 18 NA 4 60 0 5 8 28 0 0 0 0 0 5 8 28 0 0 0 0 2 118 13 781 4926 21 15 38
17 79 101 81 20 42 31 1026 67 6 75 141 25 18 NA 18 NA 7 67 0 6 9 27 0 0 0 0 0 6 9 27 0 0 0 0 3 150 14 851 4925 23 15 37
18 64 104 84 20 43 33 1029 68 7 75 147 24 18 NA 18 NA 7 68 0 5 9 29 0 0 0 0 0 5 9 29 0 0 0 0 2 137 14 907 4925 22 15 38
19 62 107 84 23 47 31 1033 59 9 74 161 22 18 NA 18 NA 5 59 0 7 12 28 0 0 0 0 0 7 12 28 0 0 0 0 2 140 14 972 4926 22 14 38
20 89 103 81 22 44 29 1064 77 6 71 169 22 18 NA 18 NA 9 77 0 8 11 25 0 0 0 0 0 8 11 25 0 0 0 0 1 166 20 1014 4929 22 13 36
21 79 104 82 22 42 33 1072 70 5 69 173 23 18 NA 18 NA 10 70 0 6 12 24 0 0 0 0 0 6 12 24 0 0 0 0 1 147 22 1063 4931 19 15 35
22 80 100 77 23 41 30 1078 57 7 66 173 22 18 NA 18 NA 5 57 0 7 9 25 0 0 0 0 0 7 9 25 0 0 0 0 1 135 23 1121 4934 18 14 34
23 58 102 80 22 41 34 1095 57 7 67 177 21.5 18 NA 18 NA 10 57 0 6 6 29 0 0 0 0 0 6 6 29 0 0 0 0 0 142 23 1174 4933 17 13 37
24 74 102 79 23 42 40 1085 82 3 69 167 22 19 NA 19 NA 10 82 0 6 7 29 0 0 0 0 0 6 7 29 0 0 0 0 0 148 23 1234 4931 20 12 37
25 81 103 82 21 42 38 1089 73 10 72 161 22 19 NA 19 NA 11 73 0 6 8 28 0 0 0 0 0 6 8 28 0 0 0 0 2 148 27 1285 4928 23 13 36
26 85 102 81 21 44 44 1075 75 7 71 157 23 19.5 NA 19.5 NA 12 75 0 5 10 29 0 0 0 0 0 5 10 29 0 0 0 0 0 133 28 1341 4929 21 14 36
27 76 102 79 23 43 42 1070 63 6 72 155 24 20 NA 20 NA 4 63 0 3 11 29 0 0 0 0 0 3 11 29 0 0 0 0 0 142 28 1407 4928 20 16 36
28 66 104 81 23 44 41 1082 55 6 75 162 24.5 19.5 NA 19.5 NA 5 55 0 4 11 29 0 0 0 0 0 4 11 29 0 0 0 0 1 136 29 1456 4925 22 17 36
29 84 104 81 23 46 50 1086 67 5 78 164 24.5 19.5 NA 19.5 NA 14 67 0 4 13 29 0 0 0 0 0 4 13 29 0 0 0 0 1 160 30 1519 4922 24 19 35
30 77 102 78 24 48 46 1124 57 13 77 176 24.5 19.5 NA 19.5 NA 8 57 0 5 13 30 0 0 0 0 0 5 13 30 0 0 0 0 2 157 31 1565 4923 25 18 34
31 74 103 79 24 51 42 1098 70 12 81 171 25 19 NA 19 NA 9 70 1 7 13 30 0 0 0 0 1 7 13 30 0 0 0 0 0 134 33 1632 4919 29 18 34
32 86 104 81 23 51 40 1100 64 8 80 172 23 19 NA 19 NA 5 64 1 7 14 29 0 0 0 0 1 7 14 29 0 0 0 0 0 148 34 1696 4920 28 19 33
33 58 105 82 23 51 42 1088 77 8 83 163 23 19 NA 19 NA 10 77 0 8 14 29 0 0 0 0 0 8 14 29 0 0 0 0 2 149 35 1766 4917 31 18 34
34 73 104 81 23 51 37 1093 69 11 81 164 23.5 19 NA 19 NA 9 69 0 8 12 31 0 0 0 0 0 8 12 31 0 0 0 0 2 143 39 1821 4919 29 16 36
35 104 101 79 22 48 37 1095 74 8 80 165 23 19 NA 19 NA 8 74 1 8 9 30 0 0 0 0 1 8 9 30 0 0 0 0 0 153 40 1877 4920 31 14 35
36 82 98 77 21 44 40 1075 75 6 75 164 23 19 NA 19 NA 11 75 1 7 10 26 0 0 0 0 1 7 10 26 0 0 0 0 1 142 42 1936 4925 27 17 31
37 81 99 77 22 45 39 1087 67 8 77 174 24 20 NA 20 NA 11 67 1 6 12 26 0 0 0 0 1 6 12 26 0 0 0 0 1 158 46 1992 4923 25 21 31
38 59 98 75 23 46 34 1092 67 7 75 174 25 20 NA 20 NA 5 67 1 6 12 27 0 0 0 0 1 6 12 27 0 0 0 0 0 142 49 2045 4925 24 18 33
39 90 97 73 24 44 30 1125 58 5 74 171 24 20 NA 20 NA 5 58 2 4 11 27 0 0 0 0 2 4 11 27 0 0 0 0 1 160 53 2095 4926 23 17 34
40 70 96 73 23 45 31 1130 80 4 74 173 26 20 NA 20 NA 7 80 3 3 11 28 0 0 0 0 3 3 11 28 0 0 0 0 0 154 54 2145 4926 22 17 35
41 78 98 74 24 45 31 1125 65 9 74 177 26 20 NA 20 NA 9 65 3 2 10 30 0 0 0 0 3 2 10 30 0 0 0 0 2 153 54 2213 4926 18 19 37
42 90 98 74 24 46 30 1120 76 8 74 167 26.5 21 NA 21 NA 8 76 3 3 10 30 0 0 0 0 3 3 10 30 0 0 0 0 2 154 56 2276 4926 18 20 36
43 69 98 74 24 44 26 1122 64 10 72 172 26 21 NA 21 NA 7 64 2 3 11 28 0 0 0 0 2 3 11 28 0 0 0 0 1 132 57 2327 4928 15 23 34
44 79 99 76 23 45 31 1121 60 6 73 178 26 20 NA 20 NA 9 60 0 5 13 27 0 0 0 0 0 5 13 27 0 0 0 0 2 139 57 2387 4927 17 22 34
45 73 98 75 23 47 26 1124 67 11 74 176 27 22 NA 22 NA 7 67 0 5 15 27 0 0 0 0 0 5 15 27 0 0 0 0 0 151 57 2448 4926 17 24 33
46 74 98 75 23 46 27 1131 82 7 76 176 27.5 22.5 NA 22.5 NA 9 82 0 5 14 27 0 0 0 0 0 5 14 27 0 0 0 0 0 168 58 2514 4924 19 24 33
47 54 96 73 23 47 23 1153 57 10 74 175 28.5 23 NA 23 NA 6 57 0 4 15 28 0 0 0 0 0 4 15 28 0 0 0 0 1 153 59 2577 4926 16 25 33
48 91 97 76 21 45 25 1143 85 3 74 176 29 23 NA 23 NA 6 85 0 4 13 28 0 0 0 0 0 4 13 28 0 0 0 0 1 149 61 2631 4926 18 23 33
49 69 96 74 22 44 28 1135 60 5 74 172 28.5 23 NA 23 NA 10 60 0 4 11 29 0 0 0 0 0 4 11 29 0 0 0 0 1 133 63 2695 4926 18 21 35
50 86 97 74 23 42 23 1149 63 8 71 164 27 22 NA 22 NA 5 63 1 5 10 26 0 0 0 0 1 5 10 26 0 0 0 0 5 151 65 2742 4929 19 20 32
51 66 95 74 21 42 22 1141 75 4 69 165 28 22 NA 22 NA 5 75 1 5 9 27 0 0 0 0 1 5 9 27 0 0 0 0 0 151 66 2808 4931 18 19 32
52 88 92 72 20 41 22 1147 67 5 66 164 27.5 20 NA 20 NA 6 67 2 4 8 27 0 0 0 0 2 4 8 27 0 0 0 0 0 156 67 2868 4934 16 18 32
53 82 89 70 19 40 32 1124 70 3 64 153 25 21 NA 21 NA 13 70 2 5 7 26 0 0 0 0 2 5 7 26 0 0 0 0 2 134 67 2932 4936 18 14 32
54 76 89 70 19 39 35 1110 66 8 65 164 26 22 NA 22 NA 11 66 1 5 6 27 0 0 0 0 1 5 6 27 0 0 0 0 1 139 67 3004 4935 18 14 33
55 79 90 70 20 38 33 1107 67 9 67 158 25 22 NA 22 NA 8 67 1 4 6 27 0 0 0 0 1 4 6 27 0 0 0 0 2 138 68 3055 4933 20 12 35
56 81 93 73 20 40 33 1115 58 7 69 171 24 22.5 NA 22.5 NA 8 58 0 4 8 28 0 0 0 0 0 4 8 28 0 0 0 0 5 139 70 3108 4931 21 14 34
57 70 94 73 21 40 31 1117 58 6 68 156 24.5 22.5 NA 22.5 NA 6 58 0 4 8 28 0 0 0 0 0 4 8 28 0 0 0 0 0 140 71 3167 4932 20 13 35
58 77 95 75 20 41 41 1102 72 5 68 159 24 24 NA 24 NA 14 72 0 3 9 29 0 0 0 0 0 3 9 29 0 0 0 0 0 145 72 3233 4932 18 15 35
59 71 92 72 20 38 40 1117 67 7 65 156 24.5 24 NA 24 NA 6 67 0 3 8 27 0 0 0 0 0 3 8 27 0 0 0 0 1 160 72 3296 4935 18 14 33
60 70 92 72 20 39 39 1105 77 8 68 157 24.5 24 NA 24 NA 10 77 0 2 10 27 0 0 0 0 0 2 10 27 0 0 0 0 1 152 75 3363 4932 19 16 33
61 76 92 71 21 41 39 1105 56 4 68 164 25.5 24 NA 24 NA 5 56 0 4 10 27 0 0 0 0 0 4 10 27 0 0 0 0 0 130 76 3417 4932 18 16 34
62 81 92 70 22 41 38 1088 66 9 68 163 25.5 24 NA 24 NA 9 66 1 4 10 26 0 0 0 0 1 4 10 26 0 0 0 0 4 133 77 3482 4932 21 15 32
63 57 92 70 22 43 37 1096 74 7 66 161 24.5 23 NA 23 NA 5 74 1 6 10 26 0 0 0 0 1 6 10 26 0 0 0 0 0 153 78 3544 4934 20 15 31
64 78 93 71 22 44 39 1065 70 7 66 156 23 23 NA 23 NA 11 70 1 6 10 27 0 0 0 0 1 6 10 27 0 0 0 0 2 136 78 3619 4934 20 14 32
65 81 95 72 23 42 31 1049 79 11 66 158 23 23 NA 23 NA 6 79 0 6 10 26 0 0 0 0 0 6 10 26 0 0 0 0 3 130 81 3669 4934 20 15 31
66 81 96 74 22 43 31 1066 72 5 66 161 23 23 NA 23 NA 6 72 0 5 11 27 0 0 0 0 0 5 11 27 0 0 0 0 0 167 83 3725 4934 19 16 31
67 71 94 72 22 41 31 1077 76 3 65 166 23.5 23 NA 23 NA 6 76 0 5 10 26 0 0 0 0 0 5 10 26 0 0 0 0 0 154 85 3773 4935 18 17 30
68 80 92 71 21 40 29 1091 70 7 67 167 24 22.5 NA 22.5 NA 7 70 0 5 8 27 0 0 0 0 0 5 8 27 0 0 0 0 0 156 86 3823 4933 20 16 31
69 75 92 70 22 38 31 1081 73 5 64 176 20.5 22 NA 22 NA 8 73 0 7 7 24 0 0 0 0 0 7 7 24 0 0 0 0 3 143 88 3883 4936 21 15 28
70 82 92 69 23 37 35 1105 65 3 63 179 20.5 22 NA 22 NA 9 65 0 6 6 25 0 0 0 0 0 6 6 25 0 0 0 0 1 169 90 3944 4937 20 14 29
71 82 92 69 23 41 36 1105 73 12 64 170 21.5 21 NA 21 NA 15 73 1 8 7 25 0 0 0 0 1 8 7 25 0 0 0 0 0 148 93 3999 4936 21 14 29
72 75 92 69 23 41 29 1100 72 13 61 175 20.5 22 NA 22 NA 7 72 2 7 6 26 0 0 0 0 2 7 6 26 0 0 0 0 2 156 94 4070 4939 20 11 30
73 79 93 72 21 42 23 1117 65 9 60 176 19 20 NA 20 NA 1 65 2 11 6 23 0 0 0 0 2 11 6 23 0 0 0 0 2 164 96 4130 4940 21 12 27
74 72 91 70 21 42 29 1123 69 4 62 174 19 19.5 NA 19.5 NA 10 69 1 9 10 22 0 0 0 0 1 9 10 22 0 0 0 0 1 143 96 4177 4938 21 16 25
75 67 91 71 20 43 27 1132 81 9 63 174 20 19 NA 19 NA 7 81 1 10 10 22 0 0 0 0 1 10 10 22 0 0 0 0 3 169 97 4240 4937 22 16 25
76 67 96 75 21 43 26 1153 58 4 65 178 20 19 NA 19 NA 4 58 1 10 9 23 0 0 0 0 1 10 9 23 0 0 0 0 3 152 98 4298 4935 24 15 26
77 79 92 71 21 40 29 1180 58 7 64 174 21 18.5 NA 18.5 NA 9 58 1 8 9 22 0 0 0 0 1 8 9 22 0 0 0 0 1 152 98 4347 4936 25 15 24
78 73 93 72 21 43 34 1147 81 8 66 182 22 18 NA 18 NA 12 81 0 10 9 24 0 0 0 0 0 10 9 24 0 0 0 0 1 139 99 4411 4934 25 15 26
79 80 91 71 20 44 38 1174 61 7 65 188 23 18 NA 18 NA 13 61 1 9 11 23 0 0 0 0 1 9 11 23 0 0 0 0 1 166 101 4470 4935 23 15 27
80 65 92 72 20 45 36 1161 65 12 64 193 22.5 18 NA 18 NA 11 65 1 11 10 23 0 0 0 0 1 11 10 23 0 0 0 0 2 134 101 4534 4936 19 17 28
81 82 91 73 18 45 30 1160 61 14 64 181 21 18 NA 18 NA 8 61 1 10 13 21 0 0 0 0 1 10 13 21 0 0 0 0 2 128 102 4587 4936 21 18 25
82 74 92 74 18 46 37 1138 66 3 67 174 21.5 18 NA 18 NA 9 66 1 10 13 22 0 0 0 0 1 10 13 22 0 0 0 0 0 136 103 4660 4933 22 19 26
83 84 91 72 19 46 40 1156 51 7 63 175 21 18 NA 18 NA 12 51 2 11 12 21 0 0 0 0 2 11 12 21 0 0 0 0 1 148 105 4722 4937 21 18 24
84 66 96 78 18 47 36 1145 78 9 66 170 21.5 18 NA 18 NA 6 78 1 11 14 21 0 0 0 0 1 11 14 21 0 0 0 0 5 144 105 4787 4934 23 18 25
85 75 100 80 20 49 38 1151 64 9 68 178 20 18 NA 18 NA 11 64 1 13 14 21 0 0 0 0 1 13 14 21 0 0 0 0 4 146 107 4844 4932 26 18 24
86 78 100 80 20 50 43 1126 71 9 67 169 20.5 18 NA 18 NA 13 71 3 11 13 23 0 0 0 0 3 11 13 23 0 0 0 0 1 132 107 4914 4933 23 18 26
87 73 98 79 19 49 45 1081 84 7 68 159 21.5 18 NA 18 NA 11 84 2 10 15 22 0 0 0 0 2 10 15 22 0 0 0 0 1 135 108 4998 4932 23 20 25
88 77 101 82 19 49 52 1079 75 4 73 154 21 18 NA 18 NA 12 75 2 9 16 22 0 0 0 0 2 9 16 22 0 0 0 0 2 153 109 5062 4927 27 21 25
89 84 103 85 18 49 47 1096 60 10 71 157 19 18 NA 18 NA 7 60 1 10 16 22 0 0 0 0 1 10 16 22 0 0 0 0 1 158 111 5128 4929 25 22 24
90 67 102 84 18 49 46 1089 63 10 71 158 20 18 NA 18 NA 10 63 1 10 14 24 0 0 0 0 1 10 14 24 0 0 0 0 0 132 112 5189 4929 25 20 26
91 73 102 84 18 49 47 1044 71 8 71 153 21 18 NA 18 NA 9 71 1 9 15 24 0 0 0 0 1 9 15 24 0 0 0 0 1 125 114 5269 4929 25 19 27
92 67 100 82 18 49 43 1055 57 11 70 153 20 17 NA 17 NA 8 57 2 10 13 24 0 0 0 0 2 10 13 24 0 0 0 0 0 145 115 5333 4930 26 15 29
93 73 101 83 18 49 41 1071 71 7 71 159 21 17 NA 17 NA 7 71 2 9 13 25 0 0 0 0 2 9 13 25 0 0 0 0 1 150 116 5378 4929 25 16 30
94 78 101 83 18 49 36 1105 56 8 71 162 22 17 NA 17 NA 7 56 2 8 14 25 0 0 0 0 2 8 14 25 0 0 0 0 0 169 118 5438 4929 23 17 31
95 81 95 79 16 46 28 1111 50 7 68 166 22 16 NA 16 NA 0 50 2 9 14 21 0 0 0 0 2 9 14 21 0 0 0 0 0 146 119 5508 4932 26 17 25
96 85 96 81 15 44 25 1094 63 3 71 163 21.5 16 NA 16 NA 3 63 1 9 15 19 0 0 0 0 1 9 15 19 0 0 0 0 2 124 123 5571 4929 28 20 23
97 66 100 82 18 44 35 1101 63 3 73 170 21 16 NA 16 NA 12 63 1 6 17 20 0 0 0 0 1 6 17 20 0 0 0 0 4 133 123 5616 4927 27 23 23
98 74 100 82 18 42 40 1111 73 5 72 170 22 16 NA 16 NA 11 73 1 6 15 20 0 0 0 0 1 6 15 20 0 0 0 0 1 147 125 5666 4928 28 20 24
99 78 98 81 17 43 33 1116 59 10 71 161 22.5 16 NA 16 NA 3 59 1 7 15 20 0 0 0 0 1 7 15 20 0 0 0 0 1 132 126 5717 4929 26 21 24
100 77 100 82 18 44 36 1088 79 8 74 158 22.5 16 NA 16 NA 11 79 0 7 16 21 0 0 0 0 0 7 16 21 0 0 0 0 1 136 129 5785 4926 25 24 25
101 78 95 78 17 39 38 1100 65 5 72 151 20 16 NA 16 NA 12 65 0 6 15 18 0 0 0 0 0 6 15 18 0 0 0 0 1 156 134 5854 4928 28 22 22
102 74 97 80 17 39 40 1114 59 8 71 151 19 16 NA 16 NA 12 59 1 6 14 18 0 0 0 0 1 6 14 18 0 0 0 0 2 146 134 5910 4929 27 22 22
103 81 97 79 18 41 38 1088 79 9 71 142 20 16 NA 16 NA 6 79 1 9 13 18 0 0 0 0 1 9 13 18 0 0 0 0 1 127 134 5971 4929 28 21 22
104 83 99 80 19 42 37 1074 77 10 70 143 20 16 NA 16 NA 10 77 1 10 14 17 0 0 0 0 1 10 14 17 0 0 0 0 4 149 136 6036 4930 26 23 21
105 75 98 78 20 44 40 1101 58 7 70 156 21.5 16 NA 16 NA 10 58 0 11 15 18 0 0 0 0 0 11 15 18 0 0 0 0 1 155 137 6089 4930 25 23 22
106 81 99 78 21 44 38 1105 58 8 70 165 22 16 NA 16 NA 8 58 0 12 13 19 0 0 0 0 0 12 13 19 0 0 0 0 3 150 138 6158 4930 25 21 24
107 72 99 76 23 43 31 1088 64 11 68 167 23 16 NA 16 NA 5 64 1 10 14 18 0 0 0 0 1 10 14 18 0 0 0 0 3 124 138 6216 4932 22 23 23
108 86 101 78 23 43 33 1105 64 5 70 183 23 16 NA 16 NA 6 64 1 9 13 20 0 0 0 0 1 9 13 20 0 0 0 0 3 144 138 6261 4930 20 23 27
109 77 99 76 23 42 39 1108 62 2 73 186 24 16 NA 16 NA 8 62 1 6 15 20 0 0 0 0 1 6 15 20 0 0 0 0 0 138 138 6316 4927 21 24 28
110 72 101 78 23 42 39 1109 72 5 75 180 25 16 NA 16 NA 7 72 1 7 14 20 0 0 0 0 1 7 14 20 0 0 0 0 2 146 141 6371 4925 22 25 28
111 57 100 79 21 44 38 1093 80 9 74 175 25.5 16 NA 16 NA 10 80 1 8 14 21 0 0 0 0 1 8 14 21 0 0 0 0 0 145 142 6437 4926 21 24 29
112 83 98 77 21 42 36 1116 63 8 73 169 25.5 15.5 NA 15.5 NA 5 63 0 8 14 20 0 0 0 0 0 8 14 20 0 0 0 0 1 167 143 6499 4927 20 23 30
113 69 98 76 22 43 29 1143 40 9 73 172 25.5 16 NA 16 NA 3 40 0 6 15 22 0 0 0 0 0 6 15 22 0 0 0 0 1 148 143 6568 4927 17 26 30
114 76 97 75 22 42 32 1129 54 1 73 178 26 15.5 NA 15.5 NA 6 54 0 6 14 22 0 0 0 0 0 6 14 22 0 0 0 0 0 133 145 6634 4927 18 24 31
115 88 96 75 21 41 29 1124 69 5 69 181 26 15 NA 15 NA 5 69 1 6 13 21 0 0 0 0 1 6 13 21 0 0 0 0 0 140 148 6685 4931 17 24 28
116 87 97 76 21 47 30 1129 67 10 72 183 27 16 NA 16 NA 7 67 2 8 15 22 0 0 0 0 2 8 15 22 0 0 0 0 1 152 148 6746 4928 20 24 28
117 66 96 75 21 49 26 1130 65 6 73 175 28 16 NA 16 NA 8 65 1 10 16 22 0 0 0 0 1 10 16 22 0 0 0 0 0 149 154 6816 4927 21 24 28
118 77 94 73 21 47 28 1125 78 7 72 176 24.5 16 NA 16 NA 10 78 1 11 14 21 0 0 0 0 1 11 14 21 0 0 0 0 1 148 154 6875 4928 24 23 25
119 82 95 75 20 49 28 1134 82 7 73 178 23 15 NA 15 NA 7 82 0 15 12 22 0 0 0 0 0 15 12 22 0 0 0 0 2 154 154 6925 4927 26 20 27
120 65 99 79 20 49 29 1138 65 6 75 171 24 15 NA 15 NA 7 65 0 13 11 25 0 0 0 0 0 13 11 25 0 0 0 0 0 144 154 6989 4925 25 19 31
121 80 97 77 20 48 29 1125 88 6 73 171 24 15 NA 15 NA 11 88 1 8 14 25 0 0 0 0 1 8 14 25 0 0 0 0 1 145 157 7045 4927 20 21 32
122 75 95 75 20 49 27 1111 88 8 75 162 25 15 NA 15 NA 8 88 1 8 15 25 0 0 0 0 1 8 15 25 0 0 0 0 0 152 159 7099 4925 20 22 33
123 82 93 73 20 48 26 1098 77 6 73 161 26 14.5 NA 14.5 NA 6 77 1 8 15 24 0 0 0 0 1 8 15 24 0 0 0 0 1 152 160 7171 4927 20 21 32
124 77 87 69 18 46 27 1110 52 6 72 166 27 15 NA 15 NA 6 52 1 5 14 26 0 0 0 0 1 5 14 26 0 0 0 0 0 149 161 7235 4928 20 19 33
125 73 86 66 20 44 37 1103 71 5 69 162 28 15 NA 15 NA 14 71 1 5 10 28 0 0 0 0 1 5 10 28 0 0 0 0 1 144 161 7301 4931 18 15 36
126 87 89 70 19 44 39 1112 48 5 67 167 28 15 NA 15 NA 6 48 1 7 10 26 0 0 0 0 1 7 10 26 0 0 0 0 1 126 161 7350 4933 17 16 34
127 78 92 71 21 43 40 1100 78 6 67 157 26.5 15 NA 15 NA 10 78 0 9 9 25 0 0 0 0 0 9 9 25 0 0 0 0 3 143 162 7416 4933 19 14 34
128 60 91 70 21 42 37 1110 61 7 67 160 27 14.5 NA 14.5 NA 6 61 0 8 10 24 0 0 0 0 0 8 10 24 0 0 0 0 0 145 162 7478 4933 18 16 33
129 65 89 70 19 43 40 1114 65 5 66 161 28 15 NA 15 NA 8 65 0 8 10 25 0 0 0 0 0 8 10 25 0 0 0 0 1 150 163 7544 4934 16 16 34
130 82 93 75 18 44 43 1136 65 5 68 164 26 15 NA 15 NA 9 65 0 8 11 25 0 0 0 0 0 8 11 25 0 0 0 0 5 159 164 7593 4932 17 16 35
131 72 92 74 18 43 42 1137 70 8 70 161 27 15 NA 15 NA 7 70 0 7 12 24 0 0 0 0 0 7 12 24 0 0 0 0 0 143 164 7647 4930 18 18 34
132 75 89 70 19 40 47 1117 70 4 68 158 27 15 NA 15 NA 11 70 0 6 12 22 0 0 0 0 0 6 12 22 0 0 0 0 1 135 166 7712 4932 17 18 33
133 59 88 69 19 42 49 1134 72 5 68 163 28.5 15 NA 15 NA 10 72 0 6 11 25 0 0 0 0 0 6 11 25 0 0 0 0 0 156 168 7763 4932 17 15 36
134 64 88 69 19 42 50 1119 74 13 65 167 28.5 15.5 NA 15.5 NA 15 74 0 5 9 28 0 0 0 0 0 5 9 28 0 0 0 0 3 143 169 7833 4935 15 13 37
135 65 89 70 19 43 46 1109 63 8 66 171 29 15 NA 15 NA 5 63 1 4 10 28 0 0 0 0 1 4 10 28 0 0 0 0 1 123 170 7889 4934 15 14 37
136 66 89 70 19 43 39 1113 77 12 64 175 29 16 NA 16 NA 7 77 1 4 10 28 0 0 0 0 1 4 10 28 0 0 0 0 0 165 172 7962 4936 12 16 36
137 84 90 71 19 44 34 1100 76 8 67 159 29.5 16 NA 16 NA 6 76 1 3 12 28 0 0 0 0 1 3 12 28 0 0 0 0 1 144 175 8026 4933 14 16 37
138 83 88 70 18 42 34 1090 73 4 69 157 29 16 NA 16 NA 6 73 1 3 11 27 0 0 0 0 1 3 11 27 0 0 0 0 0 134 177 8082 4931 19 15 35
139 85 88 73 15 42 30 1090 52 6 67 155 27 16 NA 16 NA 4 52 1 3 12 26 0 0 0 0 1 3 12 26 0 0 0 0 1 137 178 8149 4933 20 15 32
140 83 86 71 15 41 25 1086 51 4 64 157 27.5 16 NA 16 NA 2 51 1 2 12 26 0 0 0 0 1 2 12 26 0 0 0 0 0 132 179 8207 4936 18 15 31
141 67 86 71 15 41 35 1113 56 4 62 174 25.5 16 NA 16 NA 11 56 1 4 10 26 0 0 0 0 1 4 10 26 0 0 0 0 0 160 179 8269 4938 18 13 31
142 103 88 70 18 42 34 1096 70 5 66 168 25 16 NA 16 NA 7 70 0 6 9 27 0 0 0 0 0 6 9 27 0 0 0 0 2 138 182 8332 4934 20 14 32
143 75 88 71 17 40 35 1117 57 7 64 174 24.5 16 NA 16 NA 9 57 0 4 10 26 0 0 0 0 0 4 10 26 0 0 0 0 3 159 183 8392 4936 17 15 32
144 90 89 71 18 41 34 1112 65 8 63 175 25 16 NA 16 NA 7 65 0 5 9 27 0 0 0 0 0 5 9 27 0 0 0 0 1 140 184 8448 4937 18 13 32
145 65 91 73 18 41 33 1101 72 7 61 177 22 16 NA 16 NA 10 72 0 5 9 27 0 0 0 0 0 5 9 27 0 0 0 0 4 146 187 8517 4939 16 13 32
146 83 90 72 18 42 30 1086 85 10 61 163 21 16 NA 16 NA 6 85 1 7 9 25 0 0 0 0 1 7 9 25 0 0 0 0 1 149 188 8576 4939 19 12 30
147 76 87 69 18 41 31 1072 86 7 60 157 22 16 NA 16 NA 10 86 1 6 10 24 0 0 0 0 1 6 10 24 0 0 0 0 0 138 189 8626 4940 19 12 29
148 78 90 71 19 40 23 1098 56 12 59 164 21.5 16 NA 16 NA 5 56 1 7 7 25 0 0 0 0 1 7 7 25 0 0 0 0 2 162 191 8693 4941 20 8 31
149 80 89 71 18 36 28 1125 61 1 57 162 20 16 NA 16 NA 7 61 1 5 8 22 0 0 0 0 1 5 8 22 0 0 0 0 2 162 191 8750 4943 19 10 28
150 77 91 72 19 35 27 1141 52 4 56 169 20 16 NA 16 NA 5 52 1 4 9 21 0 0 0 0 1 4 9 21 0 0 0 0 3 147 193 8806 4944 16 13 27
151 79 90 71 19 36 25 1160 66 6 60 175 21 15.5 NA 15.5 NA 4 66 0 5 9 22 0 0 0 0 0 5 9 22 0 0 0 0 1 157 193 8855 4940 18 14 28
152 70 94 75 19 35 31 1175 60 3 60 173 21 16 NA 16 NA 10 60 0 4 8 23 0 0 0 0 0 4 8 23 0 0 0 0 2 152 194 8913 4940 18 13 29
153 72 99 80 19 36 32 1165 73 8 62 172 19 15.5 NA 15.5 NA 10 73 1 4 8 23 0 0 0 0 1 4 8 23 0 0 0 0 2 147 195 8970 4938 19 14 29
154 83 100 79 21 38 30 1143 70 10 62 173 17 15 NA 15 NA 8 70 2 3 10 23 0 0 0 0 2 3 10 23 0 0 0 0 1 133 195 9026 4938 18 15 29
155 94 101 80 21 38 35 1107 75 5 61 170 16 16 NA 16 NA 12 75 1 6 9 22 0 0 0 0 1 6 9 22 0 0 0 0 2 136 196 9100 4939 19 14 28
156 63 101 78 23 39 36 1134 62 8 62 153 17 16 NA 16 NA 8 62 1 6 10 22 0 0 0 0 1 6 10 22 0 0 0 0 1 151 196 9151 4938 20 14 28
157 87 100 79 21 42 45 1136 81 8 63 155 18 16 NA 16 NA 15 81 1 10 9 22 0 0 0 0 1 10 9 22 0 0 0 0 1 159 198 9206 4937 22 13 28
158 70 102 82 20 41 40 1130 60 9 61 158 16.5 16 NA 16 NA 6 60 1 10 11 19 0 0 0 0 1 10 11 19 0 0 0 0 4 147 201 9276 4939 21 15 25
159 75 101 82 19 41 39 1160 62 7 58 164 17 16 NA 16 NA 6 62 2 10 11 18 0 0 0 0 2 10 11 18 0 0 0 0 1 159 201 9334 4942 19 15 24
160 63 101 82 19 43 40 1153 66 4 63 161 18 16 NA 16 NA 4 66 2 10 13 18 0 0 0 0 2 10 13 18 0 0 0 0 1 149 202 9406 4937 23 16 24
161 82 102 84 18 44 47 1131 74 8 66 161 17 16 NA 16 NA 14 74 2 11 11 20 0 0 0 0 2 11 11 20 0 0 0 0 1 150 202 9486 4934 27 14 25
162 85 103 85 18 44 44 1118 70 8 69 152 17 16 NA 16 NA 7 70 2 12 9 21 0 0 0 0 2 12 9 21 0 0 0 0 2 131 203 9540 4931 30 12 27
163 77 105 87 18 45 47 1113 61 8 69 163 18 16 NA 16 NA 11 61 3 9 12 21 0 0 0 0 3 9 12 21 0 0 0 0 2 146 204 9609 4931 27 15 27
164 73 107 88 19 48 47 1131 64 7 72 167 18 16 NA 16 NA 8 64 3 12 12 21 0 0 0 0 3 12 12 21 0 0 0 0 1 162 206 9663 4928 29 16 27
165 70 107 88 19 47 50 1104 76 7 75 172 17 16 NA 16 NA 13 76 1 14 12 20 0 0 0 0 1 14 12 20 0 0 0 0 1 140 208 9738 4925 32 17 26
166 84 105 87 18 45 45 1091 81 10 75 160 18 15 NA 15 NA 8 81 1 12 10 22 0 0 0 0 1 12 10 22 0 0 0 0 1 146 210 9792 4925 32 15 28
167 71 103 85 18 45 46 1095 64 11 76 166 19 16 NA 16 NA 10 64 1 11 11 22 0 0 0 0 1 11 11 22 0 0 0 0 0 138 210 9846 4924 32 16 28
168 75 99 81 18 43 42 1114 63 5 74 170 20 16 NA 16 NA 4 63 0 10 12 21 0 0 0 0 0 10 12 21 0 0 0 0 0 163 212 9909 4926 30 17 27
169 85 99 82 17 44 45 1095 74 6 74 171 21 16 NA 16 NA 10 74 1 10 13 20 0 0 0 0 1 10 13 20 0 0 0 0 0 142 214 9972 4926 30 19 25
170 82 100 83 17 44 47 1124 64 6 78 176 21 16 NA 16 NA 10 64 0 11 13 20 0 0 0 0 0 11 13 20 0 0 0 0 0 163 218 10020 4922 34 19 25
171 76 102 85 17 45 49 1131 66 7 80 172 22 16 NA 16 NA 9 66 0 12 12 21 0 0 0 0 0 12 12 21 0 0 0 0 1 159 218 10088 4920 36 18 26
172 74 103 87 16 45 46 1129 80 7 78 177 22 16 NA 16 NA 7 80 0 11 15 19 0 0 0 0 0 11 15 19 0 0 0 0 1 149 219 10143 4922 32 21 25
173 71 104 87 17 47 41 1128 66 11 82 169 23 16 NA 16 NA 6 66 0 12 15 20 0 0 0 0 0 12 15 20 0 0 0 0 1 143 220 10206 4918 32 24 26
174 88 103 83 20 48 38 1142 55 5 80 180 22 15.5 NA 15.5 NA 6 55 0 13 15 20 0 0 0 0 0 13 15 20 0 0 0 0 0 142 226 10259 4920 30 24 26
175 64 102 82 20 49 39 1134 67 10 82 191 23 16 NA 16 NA 10 67 0 14 13 22 0 0 0 0 0 14 13 22 0 0 0 0 0 138 227 10322 4918 32 21 29
176 85 103 81 22 53 40 1136 62 13 82 200 24 16 NA 16 NA 12 62 0 12 18 23 0 0 0 0 0 12 18 23 0 0 0 0 0 150 230 10387 4918 30 22 30
177 75 106 83 23 53 33 1139 65 11 84 195 24 16 NA 16 NA 5 65 0 11 19 23 0 0 0 0 0 11 19 23 0 0 0 0 3 143 231 10443 4916 30 23 31
178 61 104 81 23 53 34 1147 67 4 82 194 24.5 16 NA 16 NA 5 67 0 11 18 24 0 0 0 0 0 11 18 24 0 0 0 0 1 148 232 10498 4918 27 23 32
179 68 105 83 22 53 31 1133 69 9 79 185 25 16 NA 16 NA 7 69 0 10 19 24 0 0 0 0 0 10 19 24 0 0 0 0 1 138 233 10562 4921 23 24 32
180 62 105 84 21 50 37 1121 71 4 76 182 25 16.5 NA 16.5 NA 13 71 0 8 19 23 0 0 0 0 0 8 19 23 0 0 0 0 3 144 235 10635 4924 21 24 31
181 78 102 83 19 48 34 1112 79 7 75 182 25.5 16 NA 16 NA 8 79 0 8 16 24 0 0 0 0 0 8 16 24 0 0 0 0 0 144 237 10692 4925 21 23 31
182 72 100 80 20 48 34 1129 68 5 72 191 25 17 NA 17 NA 6 68 0 7 18 23 0 0 0 0 0 7 18 23 0 0 0 0 2 176 237 10768 4928 17 25 30
183 83 99 79 20 50 32 1115 78 10 72 188 26 16.5 NA 16.5 NA 8 78 1 7 20 22 0 0 0 0 1 7 20 22 0 0 0 0 0 155 238 10837 4928 16 27 29
184 57 98 78 20 49 30 1109 77 7 75 186 26.5 16 NA 16 NA 6 77 1 7 18 23 0 0 0 0 1 7 18 23 0 0 0 0 0 146 239 10896 4925 20 25 30
185 71 101 83 18 49 31 1109 67 3 76 182 27 16 NA 16 NA 4 67 1 5 17 26 0 0 0 0 1 5 17 26 0 0 0 0 4 137 239 10950 4924 18 25 33
186 58 99 83 16 50 35 1113 64 9 77 174 28 16 NA 16 NA 11 64 1 7 16 26 0 0 0 0 1 7 16 26 0 0 0 0 3 147 239 11017 4923 20 22 35
187 62 100 85 15 52 38 1121 62 9 75 169 28 16.5 NA 16.5 NA 12 62 1 8 17 26 0 0 0 0 1 8 17 26 0 0 0 0 3 134 240 11065 4925 18 23 34
188 81 106 88 18 53 40 1093 68 7 77 159 27 16 NA 16 NA 7 68 1 8 16 28 0 0 0 0 1 8 16 28 0 0 0 0 4 127 240 11127 4923 18 23 36
189 75 109 89 20 54 36 1078 60 7 80 154 28 16.5 NA 16.5 NA 6 60 0 8 16 30 0 0 0 0 0 8 16 30 0 0 0 0 2 128 243 11191 4920 19 22 39
190 74 109 88 21 56 37 1072 65 6 80 155 27 16 NA 16 NA 6 65 1 10 15 30 0 0 0 0 1 10 15 30 0 0 0 0 2 145 245 11256 4920 20 21 39
191 68 110 88 22 57 35 1114 61 9 83 155 27 17 NA 17 NA 6 61 1 11 14 31 0 0 0 0 1 11 14 31 0 0 0 0 1 170 245 11309 4917 24 20 39
192 68 108 86 22 55 44 1138 65 3 82 156 27 17 NA 17 NA 12 65 1 11 13 30 0 0 0 0 1 11 13 30 0 0 0 0 2 158 246 11364 4918 26 19 37
193 73 102 80 22 51 38 1147 65 9 74 157 23.5 17 NA 17 NA 7 65 1 10 14 26 0 0 0 0 1 10 14 26 0 0 0 0 2 151 249 11423 4926 23 17 34
194 90 102 80 22 49 40 1145 79 6 70 158 22 16 NA 16 NA 11 79 1 10 11 27 0 0 0 0 1 10 11 27 0 0 0 0 2 167 252 11490 4930 22 13 35
195 82 99 78 21 48 30 1158 55 13 66 170 22 16.5 NA 16.5 NA 6 55 2 10 10 26 0 0 0 0 2 10 10 26 0 0 0 0 2 141 253 11548 4934 21 12 33
196 76 96 75 21 45 38 1151 81 2 63 170 22.5 16 NA 16 NA 12 81 2 8 12 23 0 0 0 0 2 8 12 23 0 0 0 0 0 153 255 11613 4937 17 16 30
197 61 96 75 21 46 36 1152 72 9 65 175 23 16 NA 16 NA 9 72 2 9 10 25 0 0 0 0 2 9 10 25 0 0 0 0 1 148 255 11677 4935 19 14 32
198 80 95 75 20 43 40 1159 74 6 63 170 21 17 NA 17 NA 11 74 2 7 12 22 0 0 0 0 2 7 12 22 0 0 0 0 2 166 255 11745 4937 17 17 29
199 59 96 76 20 42 43 1158 83 7 65 181 22 16.5 NA 16.5 NA 13 83 2 7 11 22 0 0 0 0 2 7 11 22 0 0 0 0 2 151 258 11801 4935 20 16 29
200 75 97 78 19 43 40 1170 70 11 68 176 23 17 NA 17 NA 9 70 1 7 12 23 0 0 0 0 1 7 12 23 0 0 0 0 3 156 260 11860 4932 22 16 30
201 78 101 82 19 44 32 1157 78 12 71 165 22 16.5 NA 16.5 NA 7 78 0 8 11 25 0 0 0 0 0 8 11 25 0 0 0 0 1 134 264 11916 4929 22 17 32
202 58 102 83 19 45 31 1166 59 5 72 175 23 17 NA 17 NA 5 59 0 8 12 25 0 0 0 0 0 8 12 25 0 0 0 0 2 144 266 11979 4928 22 18 32
203 88 98 79 19 42 35 1141 77 5 68 165 20.5 17 NA 17 NA 9 77 0 7 14 21 0 0 0 0 0 7 14 21 0 0 0 0 0 145 266 12050 4932 21 21 26
204 73 96 77 19 44 33 1125 67 9 68 172 19 17 NA 17 NA 7 67 0 6 17 21 0 0 0 0 0 6 17 21 0 0 0 0 0 143 266 12122 4932 21 22 25
205 74 98 80 18 43 33 1136 57 8 68 180 19 17 NA 17 NA 8 57 0 7 15 21 0 0 0 0 0 7 15 21 0 0 0 0 1 157 266 12191 4932 23 20 25
206 82 99 81 18 44 36 1108 68 10 69 172 19 17 NA 17 NA 12 68 0 9 14 21 0 0 0 0 0 9 14 21 0 0 0 0 2 127 267 12254 4931 27 18 24
207 69 102 84 18 46 43 1100 69 6 70 173 19 16.5 NA 16.5 NA 12 69 1 10 13 22 0 0 0 0 1 10 13 22 0 0 0 0 3 141 267 12313 4930 28 17 25
208 69 105 85 20 46 42 1106 67 7 70 172 20 16.5 NA 16.5 NA 7 67 1 11 10 24 0 0 0 0 1 11 10 24 0 0 0 0 3 147 268 12374 4930 29 13 28
209 84 105 85 20 48 42 1103 82 8 71 172 21 17 NA 17 NA 9 82 1 9 12 26 0 0 0 0 1 9 12 26 0 0 0 0 0 157 270 12425 4929 27 14 30
210 72 100 80 20 48 44 1092 65 4 71 178 22 17 NA 17 NA 7 65 1 9 11 27 0 0 0 0 1 9 11 27 0 0 0 0 0 139 270 12497 4929 27 13 31
211 88 100 80 20 48 39 1083 63 9 70 166 22 17 NA 17 NA 7 63 2 9 12 25 0 0 0 0 2 9 12 25 0 0 0 0 3 138 274 12562 4930 25 16 29
212 71 98 79 19 48 36 1086 52 6 71 173 23 17 NA 17 NA 6 52 2 8 14 24 0 0 0 0 2 8 14 24 0 0 0 0 1 145 276 12634 4929 24 19 28
213 84 98 79 19 47 34 1106 61 7 71 170 21.5 17 NA 17 NA 6 61 1 9 15 22 0 0 0 0 1 9 15 22 0 0 0 0 1 156 277 12689 4929 24 20 27
214 70 101 82 19 49 31 1097 69 6 72 164 22 17 NA 17 NA 6 69 1 9 16 23 0 0 0 0 1 9 16 23 0 0 0 0 2 136 280 12752 4928 24 20 28
215 73 100 81 19 46 30 1144 45 6 70 170 21 16.5 NA 16.5 NA 7 45 2 9 14 21 0 0 0 0 2 9 14 21 0 0 0 0 1 159 281 12805 4930 25 19 26
216 66 101 83 18 47 28 1142 68 8 67 177 21 17 NA 17 NA 7 68 2 10 12 23 0 0 0 0 2 10 12 23 0 0 0 0 2 145 283 12864 4933 21 19 27
217 74 102 84 18 50 25 1145 65 7 70 167 21.5 16.5 NA 16.5 NA 5 65 2 12 13 23 0 0 0 0 2 12 13 23 0 0 0 0 1 146 285 12928 4930 23 20 27
218 69 104 86 18 50 32 1163 64 0 72 171 20 16.5 NA 16.5 NA 9 64 1 10 16 23 0 0 0 0 1 10 16 23 0 0 0 0 2 151 287 12986 4928 24 22 26
219 76 105 86 19 50 25 1191 62 9 73 173 20 16.5 NA 16.5 NA 5 62 2 10 16 22 0 0 0 0 2 10 16 22 0 0 0 0 5 164 290 13044 4927 26 23 24
220 98 104 85 19 47 33 1182 76 3 73 183 20 16 NA 16 NA 13 76 2 9 15 21 0 0 0 0 2 9 15 21 0 0 0 0 1 153 290 13103 4927 28 22 23
221 77 97 81 16 45 37 1169 76 7 69 181 21 16 NA 16 NA 11 76 2 11 11 21 0 0 0 0 2 11 11 21 0 0 0 0 0 149 291 13171 4931 28 18 23
222 71 96 81 15 46 30 1178 66 10 68 189 21.5 16 NA 16 NA 4 66 3 10 12 21 0 0 0 0 3 10 12 21 0 0 0 0 0 145 293 13229 4932 25 19 24
223 72 99 84 15 46 31 1171 66 6 71 191 22 16 NA 16 NA 6 66 3 10 10 23 0 0 0 0 3 10 10 23 0 0 0 0 3 142 294 13295 4929 27 18 26
224 80 98 82 16 46 32 1182 71 9 68 184 21 16 NA 16 NA 9 71 2 9 11 24 0 0 0 0 2 9 11 24 0 0 0 0 1 158 294 13350 4932 23 17 28
225 77 98 82 16 44 30 1180 69 7 66 173 19 15.5 NA 15.5 NA 7 69 2 8 12 22 0 0 0 0 2 8 12 22 0 0 0 0 4 148 295 13419 4934 24 17 25
226 78 98 81 17 43 29 1175 75 6 67 179 19.5 15 NA 15 NA 6 75 1 8 12 22 0 0 0 0 1 8 12 22 0 0 0 0 1 151 295 13476 4933 25 17 25
227 75 100 82 18 45 32 1153 71 9 69 172 20 16 NA 16 NA 11 71 0 10 14 21 0 0 0 0 0 10 14 21 0 0 0 0 3 148 295 13556 4931 26 19 24
228 82 102 84 18 45 33 1162 68 6 72 180 20 16 NA 16 NA 7 68 1 10 12 22 0 0 0 0 1 10 12 22 0 0 0 0 2 157 295 13616 4928 30 16 26
229 69 98 82 16 46 30 1137 75 8 69 168 21 17 NA 17 NA 5 75 1 10 14 21 0 0 0 0 1 10 14 21 0 0 0 0 0 131 297 13677 4931 28 16 25
230 91 99 83 16 47 30 1127 64 7 71 161 21 17 NA 17 NA 7 64 1 9 15 22 0 0 0 0 1 9 15 22 0 0 0 0 0 140 297 13740 4929 27 18 26
231 70 100 84 16 49 28 1119 74 5 75 169 21 17 NA 17 NA 5 74 1 10 15 23 0 0 0 0 1 10 15 23 0 0 0 0 2 155 300 13815 4925 28 20 27
232 83 104 88 16 48 32 1113 74 8 75 174 20.5 17 NA 17 NA 11 74 1 8 16 23 0 0 0 0 1 8 16 23 0 0 0 0 2 156 300 13882 4925 27 21 27
233 71 104 85 19 47 23 1088 86 10 70 170 19 17 NA 17 NA 6 86 1 9 16 21 0 0 0 0 1 9 16 21 0 0 0 0 4 143 305 13947 4930 25 20 25
234 92 105 86 19 48 22 1079 64 9 69 158 20 17 NA 17 NA 6 64 1 11 15 21 0 0 0 0 1 11 15 21 0 0 0 0 1 142 306 14006 4931 25 19 25
235 85 106 86 20 49 21 1074 66 8 71 158 20 17 NA 17 NA 7 66 1 11 14 23 0 0 0 0 1 11 14 23 0 0 0 0 1 137 306 14067 4929 26 19 26
236 62 106 86 20 48 25 1075 60 6 70 166 20 17 NA 17 NA 8 60 1 12 11 24 0 0 0 0 1 12 11 24 0 0 0 0 2 143 306 14131 4930 27 16 27
237 77 107 88 19 47 23 1083 57 6 73 164 20 17 NA 17 NA 4 57 0 12 11 24 0 0 0 0 0 12 11 24 0 0 0 0 1 143 307 14195 4927 30 16 27
238 64 106 88 18 48 29 1084 71 5 74 170 20.5 17 NA 17 NA 11 71 0 12 11 25 0 0 0 0 0 12 11 25 0 0 0 0 0 155 307 14257 4926 28 18 28
239 83 105 86 19 47 26 1098 60 10 74 168 21 16 NA 16 NA 9 60 1 10 13 23 0 0 0 0 1 10 13 23 0 0 0 0 3 145 309 14309 4926 28 20 26
240 70 106 87 19 47 28 1089 61 5 75 167 21 15 NA 15 NA 8 61 1 9 15 22 0 0 0 0 1 9 15 22 0 0 0 0 2 133 310 14371 4925 27 23 25
241 82 109 89 20 48 31 1081 76 3 75 173 22 15.5 NA 15.5 NA 7 76 1 10 15 22 0 0 0 0 1 10 15 22 0 0 0 0 3 142 311 14428 4925 26 23 26
242 79 108 87 21 49 35 1066 76 5 75 158 22.5 15 NA 15 NA 8 76 2 9 16 22 0 0 0 0 2 9 16 22 0 0 0 0 1 151 311 14494 4925 25 23 27
243 65 113 92 21 50 33 1090 57 6 75 165 20 15 NA 15 NA 6 57 2 7 18 23 0 0 0 0 2 7 18 23 0 0 0 0 2 151 312 14553 4925 21 25 29
244 71 119 96 23 53 36 1105 71 8 78 168 20 15 NA 15 NA 11 71 3 8 17 25 0 0 0 0 3 8 17 25 0 0 0 0 4 162 313 14614 4922 23 24 31
245 80 119 94 25 56 31 1098 57 11 80 161 20 15 NA 15 NA 5 57 3 12 16 25 0 0 0 0 3 12 16 25 0 0 0 0 2 129 314 14675 4920 27 23 30
246 64 119 92 27 55 32 1092 78 4 81 157 21 16 NA 16 NA 5 78 3 12 16 24 0 0 0 0 3 12 16 24 0 0 0 0 0 143 314 14733 4919 30 22 29
247 62 119 92 27 55 38 1121 69 5 84 168 22 16 NA 16 NA 10 69 3 9 20 23 0 0 0 0 3 9 20 23 0 0 0 0 1 162 314 14784 4916 30 24 30
248 68 120 93 27 59 40 1116 60 8 86 169 22.5 15 NA 15 NA 7 60 3 13 21 22 0 0 0 0 3 13 21 22 0 0 0 0 1 128 315 14840 4914 31 26 29
249 78 118 91 27 60 35 1145 67 7 87 180 23.5 15.5 NA 15.5 NA 7 67 2 12 21 25 0 0 0 0 2 12 21 25 0 0 0 0 0 172 318 14902 4913 28 28 31
250 79 116 90 26 59 32 1133 80 7 84 170 23 16 NA 16 NA 3 80 2 14 18 25 0 0 0 0 2 14 18 25 0 0 0 0 1 148 318 14958 4916 27 25 32
251 81 115 89 26 57 32 1143 68 4 85 172 24 16 NA 16 NA 5 68 1 13 17 26 0 0 0 0 1 13 17 26 0 0 0 0 0 156 319 15017 4915 27 25 33
252 80 117 90 27 56 32 1120 77 5 85 166 22 16 NA 16 NA 5 77 0 13 16 27 0 0 0 0 0 13 16 27 0 0 0 0 3 134 322 15079 4915 27 25 33
253 69 118 92 26 56 32 1104 73 7 88 166 21.5 16.5 NA 16.5 NA 11 73 0 14 16 26 0 0 0 0 0 14 16 26 0 0 0 0 3 137 325 15137 4912 31 24 33
254 72 115 89 26 56 35 1118 68 9 87 169 22 16.5 NA 16.5 NA 15 68 0 13 15 28 0 0 0 0 0 13 15 28 0 0 0 0 0 166 328 15201 4913 31 22 34
255 54 117 91 26 58 31 1148 64 12 93 174 23 16 NA 16 NA 10 64 1 14 12 31 0 0 0 0 1 14 12 31 0 0 0 0 1 173 329 15267 4907 36 19 38
256 68 116 89 27 60 33 1160 51 6 96 186 24 15 NA 15 NA 7 51 1 15 13 31 0 0 0 0 1 15 13 31 0 0 0 0 1 145 330 15337 4904 37 21 38
257 81 115 87 28 59 36 1127 79 9 94 168 24 15 NA 15 NA 13 79 1 13 16 29 0 0 0 0 1 13 16 29 0 0 0 0 0 131 332 15400 4906 33 25 36
258 70 115 87 28 61 34 1109 64 12 95 170 25 15 NA 15 NA 10 64 1 14 17 29 0 0 0 0 1 14 17 29 0 0 0 0 0 121 332 15460 4905 32 28 35
259 67 115 86 29 60 34 1112 60 8 95 174 26 15 NA 15 NA 9 60 1 11 18 30 0 0 0 0 1 11 18 30 0 0 0 0 1 139 333 15519 4905 30 28 37
260 78 116 86 30 60 34 1132 56 5 96 179 26.5 15 NA 15 NA 5 56 1 10 18 31 0 0 0 0 1 10 18 31 0 0 0 0 1 137 334 15562 4904 30 28 38
261 75 114 86 28 60 34 1109 76 8 93 171 27 15 NA 15 NA 7 76 2 10 16 32 0 0 0 0 2 10 16 32 0 0 0 0 2 146 335 15626 4907 27 26 40
262 68 119 91 28 62 40 1086 62 6 94 164 27 15 NA 15 NA 13 62 2 11 17 32 0 0 0 0 2 11 17 32 0 0 0 0 2 120 337 15690 4906 28 25 41
263 80 122 94 28 65 41 1098 65 7 95 164 27 16 NA 16 NA 7 65 1 14 15 35 0 0 0 0 1 14 15 35 0 0 0 0 3 164 338 15760 4905 28 24 43
264 87 119 92 27 64 37 1083 73 13 95 172 27 15.5 NA 15.5 NA 9 73 1 13 15 35 0 0 0 0 1 13 15 35 0 0 0 0 1 136 340 15813 4905 28 25 42
265 69 119 92 27 64 36 1086 59 8 96 176 28 16 NA 16 NA 5 59 1 13 17 33 0 0 0 0 1 13 17 33 0 0 0 0 0 132 340 15867 4904 27 29 40
266 86 119 91 28 64 37 1059 61 5 96 171 29 15.5 NA 15.5 NA 8 61 1 12 17 34 0 0 0 0 1 12 17 34 0 0 0 0 0 130 342 15938 4904 25 30 41
267 85 118 91 27 62 29 1056 63 6 96 164 28 15.5 NA 15.5 NA 4 63 1 9 19 33 0 0 0 0 1 9 19 33 0 0 0 0 2 150 345 16011 4904 22 33 41
268 81 117 90 27 61 34 1042 72 3 94 168 28 15 NA 15 NA 6 72 1 7 20 33 0 0 0 0 1 7 20 33 0 0 0 0 1 135 345 16073 4906 19 33 42
269 64 119 92 27 62 33 1036 68 5 95 166 29 15 NA 15 NA 5 68 1 7 19 35 0 0 0 0 1 7 19 35 0 0 0 0 1 128 346 16126 4905 20 30 45
270 85 118 92 26 63 31 1052 67 9 93 166 29.5 16 NA 16 NA 8 67 1 6 22 34 0 0 0 0 1 6 22 34 0 0 0 0 2 156 348 16178 4907 17 30 46
271 81 119 94 25 60 33 1054 62 3 92 169 30 16 NA 16 NA 7 62 0 5 19 36 0 0 0 0 0 5 19 36 0 0 0 0 1 137 350 16236 4908 17 27 48
272 80 119 94 25 63 30 1061 65 8 92 165 31 16 NA 16 NA 7 65 1 6 18 38 0 0 0 0 1 6 18 38 0 0 0 0 0 145 354 16288 4908 16 27 49
273 80 119 94 25 61 31 1055 70 5 90 156 31 16 NA 16 NA 7 70 0 7 15 39 0 0 0 0 0 7 15 39 0 0 0 0 3 139 354 16345 4910 17 23 50
274 92 118 90 28 57 33 1046 74 4 90 151 31 16 NA 16 NA 8 74 0 6 15 36 0 0 0 0 0 6 15 36 0 0 0 0 0 142 356 16404 4910 19 24 47
275 84 120 93 27 58 40 1025 70 6 91 149 32 17 NA 17 NA 11 70 0 5 16 37 0 0 0 0 0 5 16 37 0 0 0 0 2 141 358 16480 4909 20 23 48
276 76 120 94 26 58 34 1080 53 8 89 164 31.5 17 NA 17 NA 3 53 0 6 15 37 0 0 0 0 0 6 15 37 0 0 0 0 3 170 359 16521 4911 19 22 48
277 66 120 94 26 59 35 1127 61 7 89 168 30.5 17 NA 17 NA 12 61 0 7 15 37 0 0 0 0 0 7 15 37 0 0 0 0 0 163 362 16565 4911 19 21 49
278 79 120 94 26 59 33 1117 74 7 88 164 31.5 17 NA 17 NA 6 74 0 6 15 38 0 0 0 0 0 6 15 38 0 0 0 0 1 136 363 16619 4912 17 20 51
279 91 119 94 25 54 34 1125 57 6 84 170 28 17 NA 17 NA 8 57 0 5 11 38 0 0 0 0 0 5 11 38 0 0 0 0 1 152 365 16683 4916 18 15 51
280 66 122 96 26 56 38 1146 67 7 86 184 28.5 17 NA 17 NA 11 67 0 6 11 39 0 0 0 0 0 6 11 39 0 0 0 0 2 166 366 16743 4914 20 13 53
281 77 121 95 26 54 40 1126 75 8 87 172 29 17 NA 17 NA 10 75 0 5 11 38 0 0 0 0 0 5 11 38 0 0 0 0 1 139 366 16802 4913 21 14 52
282 60 122 97 25 54 37 1131 67 13 86 169 26 17 NA 17 NA 9 67 0 6 10 38 0 0 0 0 0 6 10 38 0 0 0 0 3 148 366 16866 4914 23 13 50
283 93 124 98 26 52 34 1124 71 5 86 159 22 17 NA 17 NA 5 71 0 5 10 37 0 0 0 0 0 5 10 37 0 0 0 0 2 139 369 16915 4914 26 12 48
284 69 123 97 26 52 31 1136 69 5 85 165 22 17 NA 17 NA 4 69 1 5 9 37 0 0 0 0 1 5 9 37 0 0 0 0 2 155 371 16970 4915 26 12 47
285 75 124 98 26 53 31 1119 70 6 87 161 23 17 NA 17 NA 7 70 1 4 11 37 0 0 0 0 1 4 11 37 0 0 0 0 1 135 373 17032 4913 26 14 47
286 84 124 100 24 53 40 1094 83 3 87 152 24 17 NA 17 NA 10 83 1 3 11 38 0 0 0 0 1 3 11 38 0 0 0 0 2 145 373 17091 4913 23 16 48
287 101 126 102 24 54 31 1086 60 10 89 143 24 16.5 NA 16.5 NA 5 60 2 3 10 39 0 0 0 0 2 3 10 39 0 0 0 0 1 141 377 17156 4911 24 16 49
288 72 125 102 23 52 32 1095 60 4 90 148 25 17 NA 17 NA 5 60 1 3 10 38 0 0 0 0 1 3 10 38 0 0 0 0 1 145 379 17218 4910 26 15 49
289 77 124 101 23 54 27 1103 56 11 89 157 24.5 17 NA 17 NA 4 56 2 5 9 38 0 0 0 0 2 5 9 38 0 0 0 0 0 160 379 17296 4911 26 14 49
290 78 127 104 23 54 30 1075 68 6 91 154 24 17 NA 17 NA 9 68 2 4 10 38 0 0 0 0 2 4 10 38 0 0 0 0 2 120 380 17356 4909 27 15 49
291 65 127 103 24 53 36 1079 66 5 93 158 22 16 NA 16 NA 11 66 2 6 9 36 0 0 0 0 2 6 9 36 0 0 0 0 3 160 381 17426 4907 31 15 47
292 59 128 104 24 55 36 1073 72 7 94 168 22 16 NA 16 NA 6 72 1 10 9 35 0 0 0 0 1 10 9 35 0 0 0 0 2 145 382 17492 4906 33 16 45
293 71 130 105 25 55 46 1082 74 4 94 170 22.5 16 NA 16 NA 16 74 1 10 9 35 0 0 0 0 1 10 9 35 0 0 0 0 2 148 384 17541 4906 31 17 46
294 89 130 106 24 54 48 1061 74 11 93 171 22.5 16 NA 16 NA 13 74 2 11 9 32 0 0 0 0 2 11 9 32 0 0 0 0 2 135 385 17601 4907 32 19 42
295 70 132 107 25 53 42 1091 65 13 97 176 22 16 NA 16 NA 11 65 1 10 11 31 0 0 0 0 1 10 11 31 0 0 0 0 3 158 389 17648 4903 34 22 41
296 84 131 105 26 53 42 1116 65 13 94 171 21 16 NA 16 NA 11 65 0 12 12 29 0 0 0 0 0 12 12 29 0 0 0 0 2 170 389 17709 4906 34 21 39
297 93 125 99 26 53 39 1132 61 6 92 177 22 16 NA 16 NA 6 61 2 10 11 30 0 0 0 0 2 10 11 30 0 0 0 0 0 159 392 17770 4908 33 20 39
298 68 125 98 27 53 40 1111 68 9 93 179 23 16 NA 16 NA 10 68 3 10 9 31 0 0 0 0 3 10 9 31 0 0 0 0 1 123 392 17833 4907 34 19 40
299 73 126 99 27 54 39 1111 60 7 96 181 23.5 16 NA 16 NA 7 60 3 9 11 31 0 0 0 0 3 9 11 31 0 0 0 0 1 139 394 17896 4904 33 21 42
300 83 123 97 26 53 36 1115 67 11 95 174 24 16 NA 16 NA 8 67 2 9 12 30 0 0 0 0 2 9 12 30 0 0 0 0 0 153 394 17960 4905 32 23 40
301 103 123 96 27 53 40 1127 71 7 94 173 24 16 NA 16 NA 12 71 2 7 14 30 0 0 0 0 2 7 14 30 0 0 0 0 1 164 394 18017 4906 31 23 40
302 82 120 93 27 55 41 1145 59 7 93 175 24.5 16 NA 16 NA 6 59 1 10 14 30 0 0 0 0 1 10 14 30 0 0 0 0 1 140 394 18059 4907 31 23 39
303 85 119 92 27 54 36 1145 62 9 93 177 24 16 NA 16 NA 8 62 1 9 15 29 0 0 0 0 1 9 15 29 0 0 0 0 1 152 398 18126 4907 30 25 38
304 80 118 90 28 57 34 1145 58 9 92 176 25 16 NA 16 NA 7 58 1 11 16 29 0 0 0 0 1 11 16 29 0 0 0 0 1 137 400 18182 4908 28 26 38
305 78 122 92 30 57 31 1142 58 6 92 175 25 17 NA 17 NA 5 58 1 13 13 30 0 0 0 0 1 13 13 30 0 0 0 0 4 138 403 18250 4908 30 23 39
306 69 124 93 31 59 30 1152 63 8 94 177 25 16 NA 16 NA 7 63 1 13 14 31 0 0 0 0 1 13 14 31 0 0 0 0 2 146 405 18310 4906 29 25 40
307 76 128 97 31 61 33 1147 66 8 96 173 24.5 16 NA 16 NA 8 66 1 14 15 31 0 0 0 0 1 14 15 31 0 0 0 0 4 148 405 18381 4904 29 26 41
308 75 125 96 29 62 37 1143 63 8 94 170 24 16 NA 16 NA 10 63 0 14 18 30 0 0 0 0 0 14 18 30 0 0 0 0 2 160 406 18462 4906 30 26 38
309 67 125 96 29 62 33 1154 54 10 92 172 24 16 NA 16 NA 6 54 0 14 17 31 0 0 0 0 0 14 17 31 0 0 0 0 1 143 407 18518 4908 28 26 38
310 67 127 98 29 62 35 1161 64 4 95 171 25 16 NA 16 NA 8 64 0 14 17 31 0 0 0 0 0 14 17 31 0 0 0 0 1 143 409 18571 4905 29 26 40
311 67 126 97 29 62 35 1169 76 12 94 170 25.5 16 NA 16 NA 13 76 0 13 17 32 0 0 0 0 0 13 17 32 0 0 0 0 0 158 412 18630 4906 27 25 42
312 64 127 97 30 62 34 1154 73 5 94 157 26 16 NA 16 NA 4 73 1 12 16 33 0 0 0 0 1 12 16 33 0 0 0 0 1 145 412 18697 4906 26 24 44
313 62 129 98 31 61 40 1139 71 5 96 156 26 16 NA 16 NA 11 71 0 11 16 34 0 0 0 0 0 11 16 34 0 0 0 0 4 149 412 18776 4904 26 25 45
314 85 128 96 32 60 34 1137 53 12 94 142 26 17.5 NA 17.5 NA 6 53 0 12 15 33 0 0 0 0 0 12 15 33 0 0 0 0 2 136 414 18836 4906 26 23 45
315 86 125 94 31 59 34 1130 74 10 91 136 25 17 NA 17 NA 8 74 0 12 16 31 0 0 0 0 0 12 16 31 0 0 0 0 1 149 415 18900 4909 25 22 44
316 79 125 93 32 63 32 1153 68 9 92 145 25 17 NA 17 NA 8 68 1 13 15 34 0 0 0 0 1 13 15 34 0 0 0 0 3 165 418 18955 4908 25 22 45
317 74 126 95 31 62 35 1160 63 6 94 150 25.5 16 NA 16 NA 7 63 1 12 17 32 0 0 0 0 1 12 17 32 0 0 0 0 2 149 418 19017 4906 27 24 43
318 77 123 92 31 59 35 1163 80 5 93 155 26 16 NA 16 NA 7 80 1 9 16 33 0 0 0 0 1 9 16 33 0 0 0 0 0 162 420 19081 4907 26 23 44
319 83 121 91 30 57 34 1163 70 8 96 158 28 17 NA 17 NA 7 70 1 6 15 35 0 0 0 0 1 6 15 35 0 0 0 0 1 156 421 19148 4904 27 23 46
320 69 120 89 31 56 32 1140 73 6 95 151 28 17.5 NA 17.5 NA 5 73 0 5 16 35 0 0 0 0 0 5 16 35 0 0 0 0 2 137 423 19222 4905 25 24 46
321 85 123 92 31 56 34 1150 74 6 94 151 26 16.5 NA 16.5 NA 9 74 0 6 16 34 0 0 0 0 0 6 16 34 0 0 0 0 2 166 423 19281 4906 26 22 46
322 77 126 92 34 55 37 1148 80 5 95 169 27 16 NA 16 NA 9 80 0 6 15 34 0 0 0 0 0 6 15 34 0 0 0 0 1 158 423 19341 4905 26 21 48
323 73 126 90 36 54 33 1145 69 7 93 175 27 16.5 NA 16.5 NA 6 69 0 7 13 34 0 0 0 0 0 7 13 34 0 0 0 0 2 158 426 19411 4907 25 20 48
324 98 127 91 36 53 30 1136 69 8 93 176 26 17 NA 17 NA 8 69 0 7 11 35 0 0 0 0 0 7 11 35 0 0 0 0 3 144 429 19467 4907 26 18 49
325 63 121 85 36 51 34 1115 72 5 92 175 26 18 NA 18 NA 8 72 0 7 10 34 0 0 0 0 0 7 10 34 0 0 0 0 0 133 429 19531 4908 27 18 47
326 68 119 86 33 49 37 1113 68 4 93 174 26 18 NA 18 NA 9 68 0 5 12 32 0 0 0 0 0 5 12 32 0 0 0 0 0 137 431 19589 4907 28 19 46
327 70 116 84 32 48 39 1082 72 9 91 180 26 18.5 NA 18.5 NA 13 72 0 6 11 31 0 0 0 0 0 6 11 31 0 0 0 0 1 119 433 19655 4909 28 20 43
328 80 114 82 32 48 34 1086 66 10 91 186 27 18.5 NA 18.5 NA 7 66 0 6 11 31 0 0 0 0 0 6 11 31 0 0 0 0 2 156 434 19722 4909 28 20 43
329 63 113 82 31 49 28 1088 67 8 90 187 27 19 NA 19 NA 6 67 1 6 11 31 0 0 0 0 1 6 11 31 0 0 0 0 2 142 438 19781 4910 26 22 42
330 76 112 81 31 51 38 1095 68 7 87 188 26.5 18 NA 18 NA 14 68 2 5 14 30 0 0 0 0 2 5 14 30 0 0 0 0 3 155 438 19844 4913 24 22 41
331 88 112 81 31 53 38 1090 83 12 84 181 26.5 19 NA 19 NA 14 83 2 5 14 32 0 0 0 0 2 5 14 32 0 0 0 0 1 159 440 19908 4916 19 22 43
332 73 108 79 29 52 35 1098 67 10 82 173 27 17.5 NA 17.5 NA 7 67 2 7 12 31 0 0 0 0 2 7 12 31 0 0 0 0 1 153 442 19966 4918 20 19 43
333 77 107 79 28 52 34 1080 81 8 80 169 27 18 NA 18 NA 7 81 2 8 12 30 0 0 0 0 2 8 12 30 0 0 0 0 1 149 442 20033 4920 20 19 41
334 75 110 83 27 51 33 1098 66 8 80 166 26.5 18 NA 18 NA 7 66 2 10 11 28 0 0 0 0 2 10 11 28 0 0 0 0 3 141 442 20080 4920 22 19 39
335 95 108 82 26 48 34 1074 72 3 79 161 24.5 18 NA 18 NA 8 72 2 10 11 25 0 0 0 0 2 10 11 25 0 0 0 0 1 137 445 20146 4921 24 19 36
336 74 111 86 25 49 35 1051 73 7 81 150 23 18 NA 18 NA 10 73 1 13 11 24 0 0 0 0 1 13 11 24 0 0 0 0 4 124 446 20207 4919 27 18 36
337 71 107 85 22 48 34 1078 65 10 76 161 24 18 NA 18 NA 11 65 2 11 13 22 0 0 0 0 2 11 13 22 0 0 0 0 2 155 448 20263 4924 22 19 35
338 63 109 85 24 47 37 1102 62 7 76 164 24 18 NA 18 NA 9 62 2 10 12 23 0 0 0 0 2 10 12 23 0 0 0 0 3 150 448 20316 4924 19 21 36
339 69 108 84 24 46 35 1104 71 9 76 158 25 18 NA 18 NA 8 71 2 8 13 23 0 0 0 0 2 8 13 23 0 0 0 0 0 134 449 20367 4924 17 23 36
340 79 107 82 25 46 37 1116 69 8 76 173 26 17 NA 17 NA 10 69 2 9 13 22 0 0 0 0 2 9 13 22 0 0 0 0 0 152 449 20424 4924 18 22 36
341 73 104 79 25 47 29 1122 65 13 74 172 26.5 19 NA 19 NA 6 65 2 6 16 23 0 0 0 0 2 6 16 23 0 0 0 0 1 154 450 20489 4926 17 22 35
342 80 102 78 24 44 28 1127 60 4 73 177 27 18.5 NA 18.5 NA 4 60 1 7 13 23 0 0 0 0 1 7 13 23 0 0 0 0 1 153 450 20561 4927 19 19 35
343 93 103 78 25 44 27 1125 58 5 73 179 23 19.5 NA 19.5 NA 6 58 1 9 11 23 0 0 0 0 1 9 11 23 0 0 0 0 2 137 453 20622 4927 22 15 36
344 69 102 79 23 43 24 1152 65 6 71 184 22 20 NA 20 NA 6 65 1 8 11 23 0 0 0 0 1 8 11 23 0 0 0 0 2 166 456 20682 4929 21 15 35
345 75 101 79 22 43 29 1140 81 5 74 184 23 20 NA 20 NA 10 81 1 8 10 24 0 0 0 0 1 8 10 24 0 0 0 0 0 139 456 20737 4926 24 14 36
346 70 99 76 23 43 38 1141 70 5 76 185 23 20 NA 20 NA 14 70 1 8 11 23 0 0 0 0 1 8 11 23 0 0 0 0 1 152 456 20799 4924 27 15 34
347 75 98 76 22 43 28 1153 57 11 77 186 24 20 NA 20 NA 4 57 1 8 10 24 0 0 0 0 1 8 10 24 0 0 0 0 0 152 459 20859 4923 26 16 35
348 85 92 72 20 41 38 1142 90 4 75 175 24.5 19 NA 19 NA 13 90 1 8 11 21 0 0 0 0 1 8 11 21 0 0 0 0 0 154 459 20914 4925 26 17 32
349 75 95 74 21 42 37 1154 53 7 76 188 25 19.5 NA 19.5 NA 5 53 1 8 10 23 0 0 0 0 1 8 10 23 0 0 0 0 2 145 459 20973 4924 27 14 35
350 63 96 74 22 45 40 1122 71 10 80 185 26 18 NA 18 NA 9 71 1 11 8 25 0 0 0 0 1 11 8 25 0 0 0 0 1 121 460 21038 4920 30 11 39
351 72 94 72 22 48 41 1118 62 8 77 185 26 18.5 NA 18.5 NA 11 62 2 12 7 27 0 0 0 0 2 12 7 27 0 0 0 0 1 131 463 21096 4923 28 10 39
352 62 94 72 22 48 38 1118 64 8 77 179 27 18.5 NA 18.5 NA 8 64 2 11 8 27 0 0 0 0 2 11 8 27 0 0 0 0 0 146 465 21164 4923 26 12 39
353 75 95 72 23 48 35 1098 78 7 77 176 26 18 NA 18 NA 5 78 2 11 8 27 0 0 0 0 2 11 8 27 0 0 0 0 2 135 465 21226 4923 25 13 39
354 57 93 68 25 48 40 1091 77 6 74 178 27 17.5 NA 17.5 NA 11 77 3 10 9 26 0 0 0 0 3 10 9 26 0 0 0 0 0 148 465 21293 4926 22 14 38
355 78 96 68 28 47 44 1103 64 7 77 170 26.5 17 NA 17 NA 12 64 0 12 10 25 0 0 0 0 0 12 10 25 0 0 0 0 2 157 465 21354 4923 24 16 37
356 68 95 67 28 46 39 1115 66 9 76 162 26 17.5 NA 17.5 NA 6 66 0 11 11 24 0 0 0 0 0 11 11 24 0 0 0 0 1 159 467 21423 4924 25 15 36
357 79 99 72 27 47 37 1118 69 9 75 166 25 17 NA 17 NA 9 69 0 11 13 23 0 0 0 0 0 11 13 23 0 0 0 0 4 140 470 21474 4925 23 17 35
358 77 99 73 26 45 35 1100 64 5 74 146 24 17 NA 17 NA 3 64 0 9 14 22 0 0 0 0 0 9 14 22 0 0 0 0 1 134 471 21540 4926 21 19 34
359 97 96 72 24 44 36 1118 59 2 69 164 25 17 NA 17 NA 6 59 0 9 13 22 0 0 0 0 0 9 13 22 0 0 0 0 1 155 473 21597 4931 18 19 32
360 86 95 70 25 42 35 1115 67 7 65 177 24 16.5 NA 16.5 NA 5 67 0 8 13 21 0 0 0 0 0 8 13 21 0 0 0 0 3 150 473 21667 4935 15 20 30
