1 73 113 86 27 23 18 1849 116 50 89 479 26 27 21 32 22 19 116 0 3 2 18 0 1 0 0 0 1 2 15 0 1 0 3
2 88 112 85 27 24 46 1782 152 51 89 807 27 28 21 33 22 34 152 0 3 2 19 0 1 0 0 0 1 2 16 0 1 0 3
3 74 111 84 27 26 59 1756 164 56 87 1078 27 27 27 29 22 21 164 0 4 4 18 0 1 1 0 0 2 3 15 0 1 0 3
4 66 112 84 28 29 82 1704 190 61 87 1322 28 29 32.5 32 23 32 190 0 3 7 19 0 0 3 1 0 2 3 15 0 1 1 3
5 62 114 85 29 32 88 1660 190 72 88 1501 28.5 31 32 33 22 20 190 0 3 8 21 0 0 5 2 0 2 2 15 0 1 1 4
6 75 113 84 29 35 90 1588 195 90 89 1623 30 31 32.5 33 22 20 195 0 3 8 24 0 0 4 4 0 2 3 16 0 1 1 4
7 70 112 83 29 39 93 1581 188 103 90 1750 30 32 33 34 22 20 188 0 3 12 24 0 0 8 5 0 2 3 15 0 1 1 4
8 84 110 82 28 44 100 1531 196 115 86 1830 29 31.5 33 30 21 23 196 0 5 11 28 0 2 7 10 0 2 4 14 0 1 0 4
9 74 113 84 29 46 104 1538 170 124 86 1919 30 32 33 27 22 18 170 0 2 14 30 0 1 8 12 0 0 6 13 0 1 0 5
10 88 114 84 30 50 119 1507 211 134 87 1988 30 32 34 28.5 22 30 211 0 1 14 35 0 1 7 16 0 0 6 14 0 0 1 5
11 78 113 84 29 50 122 1502 183 148 86 2070 29 32 34 30 21 22 183 1 1 13 35 1 1 6 16 0 0 6 15 0 0 1 4
12 74 108 81 27 47 130 1482 219 155 83 2139 29 32 35 27 25 26 219 0 3 10 34 0 3 5 15 0 0 4 14 0 0 1 5
13 76 109 83 26 48 137 1479 206 164 82 2212 28 30.5 32 27 25 21 206 2 2 10 34 1 2 5 15 1 0 4 14 0 0 1 5
14 73 105 81 24 47 141 1531 177 172 77 2271 29 29 32 27 25 22 177 2 3 11 31 1 2 6 13 1 1 4 13 0 0 1 5
15 73 105 82 23 47 152 1523 212 179 77 2316 30 29 32 27 25 24 212 2 3 9 33 1 2 5 14 1 1 3 14 0 0 1 5
16 85 104 81 23 51 152 1515 203 194 79 2371 31 29 32 27 25 20 203 2 5 7 37 1 2 4 17 1 3 2 15 0 0 1 5
17 75 106 83 23 52 167 1515 204 200 83 2408 31.5 29.5 32 27 25 29 204 2 4 8 38 1 2 4 18 1 2 3 15 0 0 1 5
18 69 106 84 22 49 173 1497 230 211 79 2454 28 31 35 23 29 28 230 2 4 7 36 1 2 4 18 1 2 3 13 0 0 0 5
19 69 108 86 22 50 177 1495 197 224 78 2489 27.5 30.5 33.5 23 29 23 197 2 3 8 37 1 2 4 19 1 1 4 13 0 0 0 5
20 73 110 87 23 51 184 1468 252 243 80 2523 27 30 33.5 23 29 32 252 3 2 9 37 2 1 5 20 1 1 4 12 0 0 0 5
21 83 108 83 25 52 177 1494 216 266 80 2555 27 29 32 22 29 28 216 2 4 8 38 1 3 5 20 1 1 3 13 0 0 0 5
22 87 110 85 25 55 178 1495 196 273 81 2571 27 28 32 22 29 18 196 2 7 8 38 1 5 5 20 1 2 3 13 0 0 0 5
23 84 105 80 25 52 184 1487 200 287 79 2592 28 27 28.5 22 29 29 200 1 8 8 35 0 6 5 17 1 2 3 13 0 0 0 5
24 74 107 81 26 51 183 1494 209 296 78 2619 26 28 29 22.5 38.5 26 209 1 7 10 33 0 6 6 17 1 1 4 12 0 0 0 4
25 85 107 82 25 54 186 1503 207 306 79 2620 27 27 28 22.5 38.5 24 207 1 9 11 33 1 7 7 17 0 2 4 12 0 0 0 4
26 89 110 85 25 53 197 1497 230 309 79 2628 25.5 26 28 22.5 38.5 33 230 1 9 11 32 1 7 7 16 0 2 4 12 0 0 0 4
27 70 112 87 25 57 196 1518 194 325 80 2650 23.5 26 26 22.5 38.5 21 194 2 10 11 34 2 8 7 18 0 2 4 12 0 0 0 4
28 73 113 88 25 59 195 1517 243 332 78 2674 23 24 24 22.5 38.5 29 243 2 12 12 33 2 10 8 17 0 2 4 12 0 0 0 4
29 79 113 89 24 58 202 1517 209 350 78 2685 24 23.5 24 22.5 38.5 34 209 2 9 13 34 2 8 9 17 0 1 4 13 0 0 0 4
30 89 110 87 23 59 198 1482 210 367 79 2695 25 24 24 22.5 48 29 210 1 10 14 34 1 9 10 16 0 1 4 15 0 0 0 3
31 71 108 85 23 57 195 1477 203 377 79 2704 26 24 24 23 48 22 203 1 10 11 35 1 9 8 17 0 1 3 15 0 0 0 3
32 66 103 80 23 58 192 1438 235 392 78 2718 27 24 24 22.5 48 24 235 0 11 12 35 0 10 9 18 0 1 3 14 0 0 0 3
33 78 103 80 23 56 194 1437 206 394 78 2724 25 23.5 23.5 22.5 41.5 20 206 0 9 12 35 0 8 10 18 0 1 2 15 0 0 0 2
34 83 100 77 23 55 193 1465 223 403 78 2738 25.5 23 23 22.5 41.5 22 223 0 8 13 34 0 7 11 19 0 1 2 13 0 0 0 2
35 73 105 79 26 57 186 1468 236 422 78 2728 25 23 23 22.5 41.5 24 236 0 8 14 35 0 7 12 20 0 1 2 13 0 0 0 2
36 84 109 83 26 57 182 1466 229 431 79 2727 23 23 22.5 22 41.5 22 229 1 9 12 35 1 8 11 20 0 1 1 13 0 0 0 2
37 65 111 86 25 58 176 1500 197 441 79 2749 23 23 22.5 22 41.5 21 197 1 10 13 34 1 10 11 20 0 0 2 12 0 0 0 2
38 58 113 86 27 57 181 1529 198 442 80 2774 21 23 22.5 22 54 18 198 2 9 13 33 2 9 11 20 0 0 2 12 0 0 0 1
39 73 113 86 27 58 204 1529 240 448 80 2786 22 23 23 22 54 36 240 1 8 15 34 1 8 13 21 0 0 2 12 0 0 0 1
40 68 115 88 27 60 199 1512 238 468 82 2800 22 23 23 21 54 29 238 2 8 15 35 1 8 13 22 1 0 2 12 0 0 0 1
41 76 115 88 27 61 195 1534 222 489 83 2817 23 23 23 21 54 29 222 2 9 13 37 1 9 12 23 1 0 1 13 0 0 0 1
42 77 112 86 26 62 191 1511 217 502 80 2835 23.5 22 22 21 54 20 217 3 8 15 36 2 8 14 22 1 0 1 13 0 0 0 1
43 63 110 85 25 60 196 1552 202 507 78 2844 24 22 22 21 54 25 202 3 8 15 34 2 8 14 22 1 0 1 11 0 0 0 1
44 62 110 86 24 59 207 1554 220 512 78 2862 24.5 22 22 21 54 31 220 3 6 15 35 2 6 14 23 1 0 1 11 0 0 0 1
45 64 111 87 24 59 203 1562 220 524 78 2877 25 21 21.5 20.5 54 24 220 4 5 14 36 3 5 13 25 1 0 1 10 0 0 0 1
46 73 111 88 23 58 199 1573 236 538 75 2882 25 21 21 21 54 29 236 4 6 12 36 3 6 12 25 1 0 0 10 0 0 0 1
47 90 112 88 24 60 203 1554 237 546 79 2883 24 21 21 21 54 31 237 3 8 11 38 3 7 11 27 0 1 0 10 0 0 0 1
48 81 110 86 24 59 193 1538 221 554 82 2884 23.5 21 21 20.5 NA 19 221 2 8 13 36 2 6 13 26 0 2 0 10 0 0 0 0
49 82 111 87 24 62 194 1550 222 565 85 2888 24 20.5 20.5 20.5 NA 32 222 1 11 13 37 1 9 13 27 0 2 0 10 0 0 0 0
50 87 113 90 23 61 206 1530 223 563 89 2887 24 20 20.5 20 NA 32 223 0 11 13 37 0 9 13 28 0 2 0 9 0 0 0 0
51 68 112 90 22 59 201 1561 224 576 87 2889 24 20 19 20 NA 21 224 1 11 11 36 1 9 11 27 0 2 0 9 0 0 0 0
52 70 114 91 23 63 210 1564 225 587 89 2920 24.5 19 17 20 NA 33 225 1 13 13 36 1 11 13 27 0 2 0 9 0 0 0 0
53 98 110 88 22 61 209 1540 247 588 86 2905 24 19 18 20 NA 20 247 1 13 14 33 1 11 14 24 0 2 0 9 0 0 0 0
54 55 110 89 21 62 204 1535 231 607 86 2925 25 18.5 18 20 NA 23 231 2 13 12 35 2 11 12 26 0 2 0 9 0 0 0 0
55 72 110 89 21 65 206 1524 228 614 86 2934 26 20 19 20.5 17 25 228 2 13 13 37 2 11 13 28 0 2 0 8 0 0 0 1
56 91 113 95 18 64 212 1522 211 613 84 2931 22 19.5 19 20 17 30 211 2 13 11 38 2 12 11 31 0 1 0 6 0 0 0 1
57 72 111 93 18 65 214 1528 221 615 83 2932 22 18 18 19.5 17 24 221 2 16 10 37 2 14 10 30 0 2 0 6 0 0 0 1
58 69 108 91 17 62 215 1514 215 620 81 2950 22 18.5 19 19 17 23 215 3 16 8 35 3 14 8 29 0 2 0 5 0 0 0 1
59 94 107 90 17 62 217 1511 214 618 78 2947 23 18 18 19 17 26 214 3 15 12 32 3 14 11 26 0 1 1 5 0 0 0 1
60 85 109 92 17 59 215 1535 217 613 75 2942 23 18 18 18.5 17 22 217 3 12 13 31 3 10 12 25 0 2 1 5 0 0 0 1
61 86 105 89 16 55 225 1535 233 615 70 2936 23 18 18 18.5 NA 36 233 3 9 15 28 3 7 14 23 0 2 1 5 0 0 0 0
62 73 104 90 14 59 220 1549 211 632 70 2937 23 18 18 18.5 NA 25 211 3 11 17 28 3 9 16 23 0 2 1 5 0 0 0 0
63 73 103 88 15 57 224 1543 230 643 71 2947 23 18 18 18.5 NA 33 230 1 12 17 27 1 10 16 22 0 2 1 5 0 0 0 0
64 66 106 90 16 57 222 1543 235 651 72 2964 23.5 18 18 18.5 NA 29 235 1 10 18 28 1 9 16 23 0 1 2 5 0 0 0 0
65 71 108 93 15 56 224 1543 236 656 73 2970 20.5 18.5 18.5 18.5 NA 23 236 0 11 17 28 0 10 15 23 0 1 2 5 0 0 0 0
66 81 110 94 16 59 223 1521 229 663 72 2978 21 18 18 18.5 NA 30 229 1 12 17 29 1 11 15 24 0 1 2 5 0 0 0 0
67 74 112 96 16 61 228 1533 228 661 74 2986 21.5 18 18 18.5 NA 26 228 1 12 19 29 1 11 17 24 0 1 2 5 0 0 0 0
68 70 113 97 16 62 224 1503 227 667 79 2993 22 18 17 18.5 NA 25 227 2 11 20 29 2 10 18 24 0 1 2 5 0 0 0 0
69 93 108 93 15 58 228 1488 240 662 73 2977 22.5 19 19.5 18.5 NA 30 240 2 10 20 26 2 9 18 21 0 1 2 5 0 0 0 0
70 65 107 93 14 58 235 1501 221 671 73 2991 21 19 19 19 NA 34 221 3 8 22 25 3 7 19 20 0 1 3 5 0 0 0 0
71 88 105 91 14 58 234 1478 233 671 77 2972 23 19 19 19 NA 27 233 2 9 20 27 2 8 18 21 0 1 2 6 0 0 0 0
72 83 103 89 14 57 218 1509 200 687 79 2970 22 19 19 19.5 NA 20 200 2 11 13 31 1 10 12 26 1 1 1 5 0 0 0 0
73 89 101 87 14 57 233 1461 241 682 78 2954 23 20 20 19.5 NA 44 241 1 12 10 34 0 12 8 29 1 0 2 5 0 0 0 0
74 74 105 91 14 59 226 1460 209 686 80 2945 23 20 20 19.5 NA 21 209 1 11 11 36 0 11 9 31 1 0 2 5 0 0 0 0
75 71 103 90 13 61 212 1449 234 695 79 2944 24 19 19.5 19 NA 17 234 1 10 14 36 0 9 12 31 1 1 2 5 0 0 0 0
76 56 104 89 15 62 218 1472 239 706 81 2969 23.5 19 18 19 NA 38 239 2 10 15 35 1 9 13 30 1 1 2 5 0 0 0 0
77 71 103 87 16 60 216 1484 223 707 82 2962 24 19 18 19 NA 22 223 1 10 15 34 1 8 13 29 0 2 2 5 0 0 0 0
78 73 99 84 15 56 219 1516 205 714 81 2975 23 19 19.5 19 NA 27 205 1 9 15 31 1 7 13 27 0 2 2 4 0 0 0 0
79 68 99 82 17 57 221 1568 214 722 80 2967 23 19 20 19 NA 32 214 2 11 14 30 2 9 12 26 0 2 2 4 0 0 0 0
80 80 98 81 17 55 223 1556 218 732 78 2965 23.5 19 19 19 NA 31 218 2 8 17 28 2 7 14 24 0 1 3 4 0 0 0 0
81 83 98 81 17 59 219 1561 230 741 82 2965 24.5 19 19 19 NA 26 230 2 10 18 29 2 9 15 25 0 1 3 4 0 0 0 0
82 71 103 84 19 59 223 1532 225 748 83 2973 24 19 19 19 NA 31 225 2 8 17 32 2 7 15 27 0 1 2 5 0 0 0 0
83 68 103 83 20 57 215 1516 241 762 79 2975 24 19 19 19 NA 29 241 3 9 16 29 3 8 14 24 0 1 2 5 0 0 0 0
84 77 103 83 20 57 213 1539 210 769 78 2975 25 19 19 19 NA 29 210 3 5 19 30 3 4 17 25 0 1 2 5 0 0 0 0
85 79 103 83 20 59 218 1583 179 771 77 2963 25 19 19 19 NA 28 179 2 6 21 30 2 5 20 24 0 1 1 6 0 0 0 0
86 68 108 86 22 60 209 1570 245 786 81 2964 26 19 19 19 NA 25 245 1 7 19 33 1 6 18 27 0 1 1 6 0 0 0 0
87 83 106 84 22 62 212 1547 241 786 79 2961 27 19 19 19 NA 30 241 1 9 18 34 1 7 17 28 0 2 1 6 0 0 0 0
88 71 105 83 22 62 202 1562 206 792 78 2973 28 19 19 19 NA 17 206 1 9 18 34 1 7 17 28 0 2 1 6 0 0 0 0
89 72 106 83 23 59 195 1564 222 799 77 2965 27.5 19 19 19 NA 24 222 0 9 17 33 0 8 15 27 0 1 2 6 0 0 0 0
90 75 106 84 22 57 200 1568 224 794 76 2967 27 19 19 19 NA 19 224 0 7 18 32 0 6 16 26 0 1 2 6 0 0 0 0
91 79 110 87 23 58 200 1550 236 798 78 2971 26 19 19 19 NA 22 236 1 6 19 32 1 5 17 26 0 1 2 6 0 0 0 0
92 82 113 90 23 59 208 1554 220 789 78 2977 26 19 19 19 NA 27 220 2 7 16 34 2 6 15 27 0 1 1 7 0 0 0 0
93 84 113 88 25 58 203 1575 235 796 76 2977 26 19 19 19 NA 25 235 3 5 16 34 3 4 15 27 0 1 1 7 0 0 0 0
94 76 112 87 25 57 208 1562 245 790 79 2976 26 19 19 19 NA 27 245 3 5 15 34 3 4 14 27 0 1 1 7 0 0 0 0
95 74 111 85 26 54 212 1522 237 786 78 2973 26 19 19 16.5 NA 26 237 4 5 14 31 4 4 13 25 0 1 1 6 0 0 0 0
96 75 112 86 26 54 217 1549 225 789 80 2974 26.5 19 19 16.5 NA 35 225 3 6 10 35 3 5 9 29 0 1 1 6 0 0 0 0
97 81 110 84 26 56 218 1534 206 785 80 2966 26 18 19 14 NA 25 206 4 7 9 36 3 5 8 31 1 2 1 5 0 0 0 0
98 70 110 84 26 54 217 1494 241 791 82 2963 24.5 18 19 14 NA 25 241 3 6 11 34 2 5 9 29 1 1 2 5 0 0 0 0
99 89 110 85 25 53 213 1502 218 787 81 2955 25 18 19 14 NA 26 218 3 6 11 33 2 5 9 28 1 1 2 5 0 0 0 0
100 75 110 85 25 52 210 1517 218 787 81 2952 26 18 19 14 NA 21 218 2 8 10 32 1 7 8 27 1 1 2 5 0 0 0 0
101 64 108 83 25 51 205 1545 189 787 82 2953 27 18 18.5 14 NA 19 189 1 8 10 32 0 7 9 26 1 1 1 6 0 0 0 0
102 77 108 83 25 53 198 1527 230 787 81 2953 25.5 18 19 13.5 NA 20 230 1 10 9 33 0 9 8 28 1 1 1 5 0 0 0 0
103 85 107 82 25 51 199 1504 224 785 82 2952 25 18 19 13 NA 32 224 1 11 8 31 0 9 7 26 1 2 1 5 0 0 0 0
104 68 108 83 25 51 201 1491 233 783 85 2958 23 18 19 13 NA 20 233 0 12 10 29 0 9 9 24 0 3 1 5 0 0 0 0
105 94 109 84 25 51 191 1497 221 791 86 2945 23 18 19 13 NA 24 221 0 12 7 32 0 9 6 27 0 3 1 5 0 0 0 0
106 80 106 79 27 52 189 1483 240 791 84 2928 24 17 18 13.5 NA 24 240 2 11 10 29 2 9 8 25 0 2 2 4 0 0 0 0
107 75 109 82 27 51 193 1484 224 787 87 2938 24 17 18 13.5 NA 21 224 2 10 11 28 2 8 9 24 0 2 2 4 0 0 0 0
108 74 111 83 28 51 188 1525 196 787 87 2930 24 17 18 13.5 NA 17 196 2 9 12 28 2 7 10 24 0 2 2 4 0 0 0 0
109 82 107 80 27 49 187 1518 230 791 83 2934 25 17 18 13.5 NA 27 230 1 7 13 28 1 5 11 24 0 2 2 4 0 0 0 0
110 87 111 86 25 51 192 1514 228 784 81 2924 25 17 18 13.5 NA 35 228 1 8 11 31 1 6 10 26 0 2 1 5 0 0 0 0
111 72 104 79 25 53 199 1504 239 777 79 2924 25.5 18 19 13.5 NA 36 239 1 11 11 30 1 9 10 25 0 2 1 5 0 0 0 0
112 76 99 76 23 50 200 1533 215 774 76 2920 26 16.5 18 13 NA 29 215 2 9 12 27 2 7 11 23 0 2 1 4 0 0 0 0
113 63 98 75 23 50 204 1531 202 769 76 2920 27 16.5 18 13 NA 22 202 1 8 13 28 1 6 12 24 0 2 1 4 0 0 0 0
114 74 97 75 22 49 219 1527 215 761 75 2913 28 17 18 13 NA 38 215 1 7 14 27 1 5 13 24 0 2 1 3 0 0 0 0
115 83 98 76 22 50 215 1517 220 772 76 2917 26.5 17 18 13 NA 25 220 1 5 16 28 1 4 14 25 0 1 2 3 0 0 0 0
116 76 99 77 22 50 225 1502 245 769 77 2920 27 17.5 18.5 13 NA 27 245 1 4 17 28 1 4 14 25 0 0 3 3 0 0 0 0
117 73 100 78 22 52 239 1528 198 764 78 2929 27.5 18 19.5 13 NA 31 198 1 5 18 28 1 5 15 25 0 0 3 3 0 0 0 0
118 73 104 82 22 57 241 1542 212 757 80 2936 27 18 19 13 NA 20 212 2 7 16 32 2 7 14 28 0 0 2 4 0 0 0 0
119 89 106 85 21 57 233 1529 234 762 82 2936 28 18 19.5 13 NA 22 234 1 5 19 32 1 5 16 28 0 0 3 4 0 0 0 0
120 80 104 83 21 56 251 1505 238 761 80 2938 28 18 19 13 NA 35 238 1 6 17 32 1 6 14 28 0 0 3 4 0 0 0 0
121 78 105 84 21 60 241 1510 214 768 79 2945 29 15 17.5 13 NA 21 214 2 10 16 32 2 10 13 29 0 0 3 3 0 0 0 0
122 82 103 80 23 59 246 1491 222 765 80 2940 29 15 18 13 NA 25 222 1 11 16 31 1 11 13 28 0 0 3 3 0 0 0 0
123 69 100 79 21 60 245 1467 235 757 79 2944 29.5 16.5 18.5 13 NA 25 235 0 12 18 30 0 12 15 27 0 0 3 3 0 0 0 0
124 63 100 80 20 57 244 1493 202 757 76 2954 29 15 18 13 NA 26 202 0 12 15 30 0 12 12 27 0 0 3 3 0 0 0 0
125 63 99 80 19 56 244 1500 203 758 74 2967 30 15 18 13 NA 24 203 0 11 14 31 0 11 11 28 0 0 3 3 0 0 0 0
126 64 98 80 18 55 251 1521 226 763 73 2988 26.5 15 18 13 NA 33 226 0 11 13 31 0 11 10 28 0 0 3 3 0 0 0 0
127 91 94 75 19 51 239 1530 214 766 69 2972 24 15 15 13 NA 27 214 0 10 12 29 0 10 10 25 0 0 2 4 0 0 0 0
128 67 95 76 19 53 251 1503 230 761 70 2983 25 15 15 13 NA 30 230 1 10 10 32 1 10 9 27 0 0 1 5 0 0 0 0
129 63 96 77 19 54 253 1510 233 768 70 3006 25.5 15 16.5 13 NA 26 233 1 11 10 32 1 11 9 27 0 0 1 5 0 0 0 0
130 83 100 79 21 54 239 1526 212 775 72 2999 25.5 15 16.5 13 NA 16 212 1 9 10 34 1 9 10 28 0 0 0 6 0 0 0 0
131 91 96 77 19 51 232 1528 201 771 71 2975 25.5 15 16.5 13 NA 17 201 1 6 9 35 1 6 9 30 0 0 0 5 0 0 0 0
132 78 94 75 19 50 229 1515 237 777 69 2973 25.5 15 15 13 NA 33 237 2 6 10 32 2 6 10 27 0 0 0 5 0 0 0 0
133 65 94 74 20 50 225 1538 209 787 69 2982 25.5 15 15 13 NA 26 209 3 5 12 30 3 5 12 25 0 0 0 5 0 0 0 0
134 90 98 78 20 49 221 1518 232 793 69 2978 24 15 15 13 NA 24 232 2 4 14 29 2 4 14 24 0 0 0 5 0 0 0 0
135 73 99 78 21 49 228 1511 228 795 68 2973 25 15 15 13 NA 38 228 2 4 14 29 2 4 14 24 0 0 0 5 0 0 0 0
136 57 102 81 21 50 222 1538 219 798 70 2969 23.5 15 15 13 NA 25 219 2 5 14 29 2 5 14 24 0 0 0 5 0 0 0 0
137 74 101 80 21 48 225 1559 211 797 69 2979 23 15 15 13 NA 27 211 2 5 12 29 2 5 12 24 0 0 0 5 0 0 0 0
138 72 101 81 20 48 224 1551 214 796 69 2984 23 15 15 12.5 NA 18 214 3 5 13 27 3 5 13 23 0 0 0 4 0 0 0 0
139 77 105 85 20 48 232 1541 230 795 70 2977 21 15 15 12.5 NA 31 230 4 4 12 28 4 4 12 24 0 0 0 4 0 0 0 0
140 84 106 86 20 49 228 1564 221 797 70 2964 21 15 15 12.5 NA 25 221 4 6 11 28 4 6 11 24 0 0 0 4 0 0 0 0
141 72 110 90 20 50 242 1546 227 797 72 2961 20.5 15 15 12.5 NA 32 227 4 6 12 28 4 6 12 24 0 0 0 4 0 0 0 0
142 78 114 92 22 50 239 1541 219 798 74 2950 20 15 15 12 NA 20 219 4 7 11 28 4 7 11 25 0 0 0 3 0 0 0 0
143 71 117 95 22 49 226 1593 200 811 72 2960 18 15 16.5 12 NA 20 200 4 7 10 28 4 7 10 25 0 0 0 3 0 0 0 0
144 82 116 93 23 51 221 1533 233 813 72 2958 18 15 16 12.5 NA 28 233 4 9 9 29 4 8 9 26 0 1 0 3 0 0 0 0
145 82 113 90 23 48 220 1512 213 807 69 2954 16 16.5 17 13 NA 28 213 3 8 11 26 3 7 11 24 0 1 0 2 0 0 0 0
146 78 114 89 25 47 216 1536 205 809 75 2951 17 17 17.5 13 NA 22 205 2 7 11 27 2 6 11 25 0 1 0 2 0 0 0 0
147 75 119 94 25 49 220 1555 201 801 77 2949 17 18 18 15.5 NA 25 201 1 10 10 28 1 8 10 26 0 2 0 2 0 0 0 0
148 71 123 97 26 50 222 1557 218 802 79 2964 18 18 18 15.5 NA 25 218 1 9 12 28 1 7 12 26 0 2 0 2 0 0 0 0
149 63 121 96 25 50 222 1534 242 811 78 2968 19 18 18.5 15.5 NA 29 242 0 9 14 27 0 7 14 25 0 2 0 2 0 0 0 0
150 70 122 97 25 48 218 1514 224 817 77 2968 17.5 18.5 19 18 NA 25 224 0 7 14 27 0 6 13 26 0 1 1 1 0 0 0 0
151 59 122 96 26 47 215 1513 243 814 79 2969 17.5 18 19 18 NA 20 243 0 7 14 26 0 6 13 25 0 1 1 1 0 0 0 0
152 92 122 96 26 46 220 1521 202 803 80 2952 18 18 19 18 NA 29 202 0 8 14 24 0 7 13 23 0 1 1 1 0 0 0 0
153 74 120 95 25 45 225 1495 232 800 82 2945 19 18 18.5 18 NA 29 232 1 8 14 22 1 8 12 21 0 0 2 1 0 0 0 0
154 67 121 96 25 44 241 1489 221 793 86 2951 20 18 18 18 NA 36 221 0 8 15 21 0 8 13 20 0 0 2 1 0 0 0 0
155 94 117 92 25 46 240 1514 207 801 86 2943 19 17 18 13 NA 30 207 1 10 14 21 0 10 13 20 1 0 1 1 0 0 0 0
156 80 114 89 25 45 240 1506 217 808 86 2949 20 16 17 13 NA 27 217 1 11 14 19 0 11 13 18 1 0 1 1 0 0 0 0
157 74 114 88 26 47 243 1452 231 810 88 2941 20.5 16 16 13 NA 28 231 1 12 13 21 0 12 12 20 1 0 1 1 0 0 0 0
158 75 111 86 25 48 238 1466 207 819 87 2933 21 16 16 13 NA 27 207 1 14 11 22 0 14 10 21 1 0 1 1 0 0 0 0
159 77 112 87 25 49 233 1493 211 824 90 2922 20.5 16 16.5 13 NA 27 211 1 14 13 21 0 14 12 20 1 0 1 1 0 0 0 0
160 82 110 85 25 49 234 1486 223 819 91 2927 21 16 16.5 13 NA 31 223 1 15 12 21 0 15 11 20 1 0 1 1 0 0 0 0
161 87 110 85 25 53 235 1474 233 824 89 2922 22 16 16.5 13 NA 37 233 2 16 13 22 1 16 12 21 1 0 1 1 0 0 0 0
162 80 114 89 25 53 244 1512 193 812 93 2930 23 17 17 15.5 NA 23 193 1 17 12 23 1 17 12 21 0 0 0 2 0 0 0 0
163 75 115 90 25 55 239 1540 186 809 93 2934 23 16 16 18 NA 25 186 3 15 14 23 3 14 14 21 0 1 0 2 0 0 0 0
164 73 116 91 25 55 235 1571 196 815 93 2952 23.5 17 16.5 18 NA 27 196 2 14 15 24 2 13 15 22 0 1 0 2 0 0 0 0
165 73 119 94 25 59 236 1577 229 819 94 2955 24 17 16.5 18 NA 27 229 4 11 20 24 4 10 20 22 0 1 0 2 0 0 0 0
166 71 116 93 23 61 245 1576 234 821 92 2964 25 17 16.5 18 NA 35 234 4 8 23 26 4 8 22 24 0 0 1 2 0 0 0 0
167 76 116 92 24 61 237 1576 216 828 91 2973 26 18 18 17 NA 23 216 4 6 25 26 4 6 24 25 0 0 1 1 0 0 0 0
168 71 118 94 24 62 232 1562 218 838 90 2979 26 18 18 17 NA 28 218 4 7 26 25 4 7 25 24 0 0 1 1 0 0 0 0
169 74 114 92 22 62 224 1594 211 847 88 2978 27.5 18.5 18.5 17 NA 22 211 3 5 27 27 3 5 26 26 0 0 1 1 0 0 0 0
170 88 111 89 22 61 228 1582 234 849 85 2990 29 19 19 17 NA 32 234 3 3 28 27 3 3 27 26 0 0 1 1 0 0 0 0
171 64 110 89 21 62 226 1563 230 854 85 2990 29 19 19 17 NA 32 230 3 2 29 28 3 2 28 27 0 0 1 1 0 0 0 0
172 87 107 86 21 63 230 1555 222 850 84 2983 30 19 19 17 NA 29 222 2 4 28 29 2 4 27 28 0 0 1 1 0 0 0 0
173 78 106 84 22 63 232 1536 213 847 83 2971 31 20 20 17 NA 29 213 2 5 28 28 2 5 27 27 0 0 1 1 0 0 0 0
174 93 104 83 21 63 231 1531 213 841 85 2972 31 19 19.5 13 NA 24 213 1 8 26 28 1 8 26 27 0 0 0 1 0 0 0 0
175 86 102 83 19 62 235 1532 201 838 84 2984 32 19 19 13 NA 30 201 1 8 24 29 1 8 24 28 0 0 0 1 0 0 0 0
176 80 102 84 18 60 238 1545 188 836 83 2976 31 19 19 13 NA 24 188 1 6 23 30 1 6 23 29 0 0 0 1 0 0 0 0
177 74 100 82 18 61 232 1525 222 849 84 2977 32 19 19 13 NA 30 222 2 6 20 33 2 6 20 32 0 0 0 1 0 0 0 0
178 72 101 83 18 62 228 1533 205 849 83 2981 33 19 19 13 NA 22 205 3 5 17 37 3 5 17 36 0 0 0 1 0 0 0 0
179 84 99 82 17 61 227 1529 216 840 83 2965 34 19 19 13 NA 25 216 3 6 13 39 3 6 13 38 0 0 0 1 0 0 0 0
180 90 101 85 16 60 234 1500 218 835 84 2959 33 19 19 13 NA 27 218 3 7 13 37 3 7 13 36 0 0 0 1 0 0 0 0
181 101 101 84 17 57 238 1491 232 821 80 2941 31 18 18.5 13 NA 30 232 3 8 9 37 3 8 9 36 0 0 0 1 0 0 0 0
182 81 97 79 18 54 237 1472 228 817 77 2936 30 18.5 19 13 NA 24 228 1 11 9 33 1 11 9 32 0 0 0 1 0 0 0 0
183 91 92 75 17 50 227 1490 196 817 73 2914 29.5 18.5 19 13 NA 22 196 0 11 8 31 0 11 8 30 0 0 0 1 0 0 0 0
184 72 95 78 17 52 227 1492 204 810 72 2914 26 19 19 NA NA 26 204 0 10 11 31 0 10 11 31 0 0 0 0 0 0 0 0
185 80 93 77 16 50 230 1477 208 804 71 2921 26 19.5 19.5 NA NA 23 208 0 8 12 30 0 8 12 30 0 0 0 0 0 0 0 0
186 94 86 70 16 48 227 1484 211 809 67 2916 27.5 20 20 NA NA 28 211 1 7 10 30 1 7 10 30 0 0 0 0 0 0 0 0
187 90 83 66 17 46 227 1513 211 809 63 2908 28 20 20 NA NA 20 211 1 7 10 28 1 7 10 28 0 0 0 0 0 0 0 0
188 67 81 64 17 44 234 1501 217 809 65 2906 28 20 20 NA NA 33 217 1 4 10 29 1 4 10 29 0 0 0 0 0 0 0 0
189 73 83 66 17 51 227 1505 222 814 65 2918 28 20 20 NA NA 28 222 2 5 12 32 2 5 12 32 0 0 0 0 0 0 0 0
190 77 80 64 16 50 237 1504 222 811 64 2919 28 20.5 20.5 NA NA 26 222 1 6 11 32 1 6 11 32 0 0 0 0 0 0 0 0
191 72 79 62 17 50 236 1525 205 811 62 2913 29 21.5 21.5 NA NA 28 205 1 7 9 33 1 7 9 33 0 0 0 0 0 0 0 0
192 71 79 63 16 48 240 1511 249 812 62 2914 30 20.5 20.5 NA NA 29 249 1 4 13 30 1 4 13 30 0 0 0 0 0 0 0 0
193 71 78 63 15 43 231 1526 215 816 61 2919 27.5 21 21 NA NA 18 215 0 4 13 26 0 4 13 26 0 0 0 0 0 0 0 0
194 81 79 64 15 45 236 1518 228 818 61 2923 26 21 21 NA NA 30 228 0 4 15 26 0 4 15 26 0 0 0 0 0 0 0 0
195 72 82 65 17 45 243 1507 206 807 61 2929 27 21 21 NA NA 28 206 0 3 16 26 0 3 16 26 0 0 0 0 0 0 0 0
196 65 84 65 19 45 243 1513 205 817 63 2942 26 21 21 NA NA 34 205 0 4 15 26 0 4 15 26 0 0 0 0 0 0 0 0
197 82 82 64 18 45 243 1507 212 818 62 2939 26.5 20 20 NA NA 19 212 0 5 15 25 0 5 15 25 0 0 0 0 0 0 0 0
198 62 82 64 18 46 232 1549 187 833 62 2958 27.5 19.5 20 14 NA 20 187 0 6 11 29 0 5 11 29 0 1 0 0 0 0 0 0
199 79 81 65 16 45 227 1562 208 845 61 2946 26 19 20 14 NA 31 208 0 7 10 28 0 5 10 28 0 2 0 0 0 0 0 0
200 69 82 65 17 44 227 1559 216 853 60 2950 26 19.5 20 14 NA 29 216 0 7 8 29 0 5 8 29 0 2 0 0 0 0 0 0
201 78 82 66 16 44 223 1545 233 857 62 2941 27 19.5 20 14 NA 19 233 0 7 8 29 0 5 8 29 0 2 0 0 0 0 0 0
202 74 85 69 16 44 231 1582 207 852 61 2943 26 18.5 19.5 14 NA 30 207 1 6 9 28 1 4 9 28 0 2 0 0 0 0 0 0
203 88 88 72 16 42 219 1579 213 848 59 2934 24 18.5 19.5 14 NA 17 213 1 6 9 26 1 4 9 26 0 2 0 0 0 0 0 0
204 77 87 71 16 43 216 1571 234 850 60 2945 24 18 18 14 NA 24 234 1 7 7 28 1 5 7 28 0 2 0 0 0 0 0 0
205 76 87 69 18 44 208 1588 208 858 61 2954 25 17.5 18 14 NA 19 208 1 7 9 27 1 5 9 27 0 2 0 0 0 0 0 0
206 72 89 72 17 46 202 1556 222 865 62 2942 25 18 18.5 14 NA 18 222 1 7 9 29 1 5 9 29 0 2 0 0 0 0 0 0
207 75 91 74 17 49 218 1546 246 855 64 2962 23 17 18 14 NA 35 246 2 9 9 29 2 7 9 29 0 2 0 0 0 0 0 0
208 77 86 69 17 48 223 1544 224 847 60 2956 22 16.5 17.5 14 NA 30 224 3 11 10 24 3 8 9 24 0 3 1 0 0 0 0 0
209 70 87 71 16 47 228 1548 218 839 57 2956 20 16 16 14 NA 30 218 4 10 9 24 4 8 7 24 0 2 2 0 0 0 0 0
210 71 89 73 16 46 226 1546 213 849 56 2946 18 16 16 14 NA 33 213 4 10 9 23 4 8 7 23 0 2 2 0 0 0 0 0
211 70 87 71 16 43 234 1583 203 846 54 2955 18 14 15 14 NA 34 203 5 10 9 19 5 8 7 19 0 2 2 0 0 0 0 0
212 78 88 72 16 44 235 1581 225 842 57 2965 19 14.5 15.5 14 NA 22 225 4 11 8 21 4 9 6 21 0 2 2 0 0 0 0 0
213 79 88 72 16 41 241 1570 230 825 54 2970 19 14 15 14 NA 28 230 4 8 10 19 4 7 7 19 0 1 3 0 0 0 0 0
214 70 89 74 15 39 233 1583 228 834 55 2961 19 15 16 14 NA 23 228 3 8 8 20 3 7 5 20 0 1 3 0 0 0 0 0
215 82 90 77 13 38 227 1598 211 831 59 2955 19.5 15.5 16 14 NA 22 211 1 9 8 20 1 8 5 20 0 1 3 0 0 0 0 0
216 75 94 81 13 37 222 1598 230 833 59 2958 16.5 16 16 14 NA 23 230 1 6 9 21 1 5 6 21 0 1 3 0 0 0 0 0
217 77 95 81 14 38 215 1575 232 837 59 2964 17 16 16 14 NA 23 232 1 6 9 22 1 4 6 22 0 2 3 0 0 0 0 0
218 76 94 80 14 37 212 1557 232 834 59 2964 16 17 17.5 14 NA 25 232 1 6 9 21 1 4 6 21 0 2 3 0 0 0 0 0
219 70 94 79 15 38 217 1554 222 833 60 2963 16.5 16 16 14 NA 28 222 2 6 11 19 2 5 7 19 0 1 4 0 0 0 0 0
220 65 99 81 18 39 221 1537 239 835 61 2963 17 16 16 14 NA 27 239 2 7 11 19 2 6 8 18 0 1 3 1 0 0 0 0
221 80 100 81 19 39 224 1537 218 831 64 2960 17.5 16 16 14 NA 29 218 1 9 10 19 1 8 8 17 0 1 2 2 0 0 0 0
222 85 99 80 19 39 225 1565 206 829 64 2970 17 16 16 14 NA 26 206 0 11 10 18 0 10 8 16 0 1 2 2 0 0 0 0
223 59 101 82 19 39 225 1566 238 836 65 2985 17 16 16 14 NA 21 238 0 11 11 17 0 10 9 15 0 1 2 2 0 0 0 0
224 72 104 85 19 41 220 1588 191 844 65 2997 17.5 16 16.5 14 NA 24 191 0 10 11 20 0 10 8 18 0 0 3 2 0 0 0 0
225 65 105 87 18 42 220 1583 225 851 66 2996 18 16.5 17 14 NA 25 225 1 11 9 21 1 11 7 18 0 0 2 3 0 0 0 0
226 89 107 89 18 41 218 1580 233 857 67 3005 17 17 17 15.5 NA 26 233 1 9 11 20 1 9 9 18 0 0 2 2 0 0 0 0
227 74 106 88 18 45 209 1589 207 853 68 2998 18 17 17 15.5 NA 22 207 2 9 14 20 2 9 12 18 0 0 2 2 0 0 0 0
228 77 110 91 19 46 214 1589 240 851 72 3000 18 16.5 17 14 NA 25 240 2 11 11 22 2 11 9 21 0 0 2 1 0 0 0 0
229 91 110 91 19 46 227 1544 251 844 72 2982 18.5 16.5 17 14 NA 33 251 2 10 10 24 2 10 8 23 0 0 2 1 0 0 0 0
230 64 112 92 20 49 237 1531 246 843 74 2995 19 16 16.5 14 NA 32 246 2 13 9 25 2 11 7 24 0 2 2 1 0 0 0 0
231 95 111 91 20 47 238 1571 203 846 74 2989 19 16 16.5 14 NA 29 203 2 12 9 24 2 10 8 22 0 2 1 2 0 0 0 0
232 76 110 91 19 48 224 1576 212 861 78 2992 19 16 16 14 NA 22 212 2 13 11 22 2 11 10 20 0 2 1 2 0 0 0 0
233 88 112 93 19 49 224 1553 222 857 77 2986 18.5 16 16 14 NA 27 222 3 11 14 21 3 9 13 19 0 2 1 2 0 0 0 0
234 90 112 93 19 51 221 1522 208 855 78 2969 19 16 16 14 NA 28 208 4 11 16 20 4 10 14 18 0 1 2 2 0 0 0 0
235 68 111 94 17 51 225 1510 234 862 78 2978 20 16 16 14 NA 28 234 2 13 16 20 2 12 14 18 0 1 2 2 0 0 0 0
236 75 111 93 18 52 210 1576 185 873 81 2980 21 16 16 14 NA 15 185 2 13 15 22 2 12 14 19 0 1 1 3 0 0 0 0
237 74 115 98 17 51 207 1576 227 874 77 2984 19 16 16 14 NA 24 227 3 14 15 19 3 13 14 16 0 1 1 3 0 0 0 0
238 77 114 96 18 52 203 1567 203 871 77 2975 19.5 16 16 16 NA 20 203 3 15 14 20 3 13 13 18 0 2 1 2 0 0 0 0
239 68 113 94 19 52 205 1546 221 860 78 2973 20 16 16 16 NA 20 221 2 15 13 22 2 13 12 20 0 2 1 2 0 0 0 0
240 86 111 92 19 51 209 1525 229 851 79 2953 20 16 16 16.5 NA 28 229 2 12 16 21 2 11 13 19 0 1 3 2 0 0 0 0
241 69 111 92 19 54 207 1551 229 858 82 2960 21 16 16 16.5 NA 25 229 1 14 17 22 1 13 14 20 0 1 3 2 0 0 0 0
242 78 110 92 18 52 204 1525 237 860 78 2962 21 16.5 16.5 16.5 NA 21 237 1 13 17 21 1 12 14 19 0 1 3 2 0 0 0 0
243 86 110 93 17 52 207 1517 228 859 78 2968 21 16 16 16.5 NA 28 228 2 11 19 20 2 10 16 18 0 1 3 2 0 0 0 0
244 78 110 93 17 52 212 1537 226 850 78 2966 22 16 16 16.5 NA 28 226 2 9 21 20 2 8 18 18 0 1 3 2 0 0 0 0
245 71 109 92 17 53 208 1544 212 857 80 2986 23 16 16 16.5 NA 24 212 2 10 18 23 2 9 15 21 0 1 3 2 0 0 0 0
246 64 111 93 18 52 212 1524 234 859 80 2987 22 16 16 16.5 NA 31 234 2 8 17 25 2 8 14 22 0 0 3 3 0 0 0 0
247 89 112 93 19 50 206 1538 195 856 79 2969 22.5 16 16 16.5 NA 18 195 1 8 16 25 1 8 13 22 0 0 3 3 0 0 0 0
248 68 112 94 18 53 198 1514 251 867 79 2964 23 16 16 16.5 NA 21 251 2 9 17 25 2 9 14 22 0 0 3 3 0 0 0 0
249 77 112 94 18 55 200 1504 215 863 87 2965 23.5 16 16 16.5 NA 23 215 1 11 16 27 1 11 14 23 0 0 2 4 0 0 0 0
250 70 112 95 17 57 214 1503 223 856 86 2970 23 16 16 16.5 NA 34 223 2 12 17 26 2 12 15 22 0 0 2 4 0 0 0 0
251 81 110 94 16 56 219 1496 225 851 84 2961 24 16 16 16 NA 32 225 2 10 18 26 2 10 16 23 0 0 2 3 0 0 0 0
252 72 107 92 15 55 221 1506 197 854 82 2966 25 16 16 15 NA 29 197 1 10 17 27 1 10 16 24 0 0 1 3 0 0 0 0
253 82 106 91 15 54 217 1516 229 845 81 2954 25.5 16 16 15 NA 25 229 1 8 18 27 1 8 17 24 0 0 1 3 0 0 0 0
254 79 106 91 15 54 221 1559 200 843 82 2957 26 16 16 15 NA 33 200 1 8 18 27 1 8 17 24 0 0 1 3 0 0 0 0
255 82 103 91 12 55 213 1547 217 840 81 2951 26 16 16 15 NA 20 217 2 9 16 28 2 9 15 25 0 0 1 3 0 0 0 0
256 81 100 88 12 55 220 1540 214 838 80 2945 27 16 16 15 NA 27 214 2 9 15 29 2 9 14 26 0 0 1 3 0 0 0 0
257 91 100 89 11 57 214 1516 219 836 79 2931 27.5 16 16.5 16 NA 23 219 2 10 17 28 2 10 15 25 0 0 2 3 0 0 0 0
258 89 98 87 11 55 220 1497 228 825 79 2911 27.5 16 16 18 NA 25 228 1 11 14 29 1 11 13 26 0 0 1 3 0 0 0 0
259 77 99 88 11 55 209 1497 200 834 81 2905 26 16 16 18 NA 19 200 2 10 15 28 2 10 14 25 0 0 1 3 0 0 0 0
260 74 96 85 11 54 212 1527 202 830 79 2906 27 16 16 18 NA 28 202 1 12 13 28 1 12 12 25 0 0 1 3 0 0 0 0
261 80 96 86 10 53 211 1543 218 835 79 2909 27.5 16 16 18 NA 22 218 1 7 17 28 1 7 16 25 0 0 1 3 0 0 0 0
262 83 95 84 11 52 210 1533 211 837 79 2894 27 16.5 16 20 NA 27 211 1 6 16 29 1 6 15 27 0 0 1 2 0 0 0 0
263 80 95 83 12 52 212 1508 234 834 78 2896 28 16.5 16 22 NA 27 234 2 6 14 30 2 6 13 29 0 0 1 1 0 0 0 0
264 86 96 84 12 54 201 1507 192 844 80 2880 28 16.5 16 22 NA 18 192 2 7 14 31 2 7 13 30 0 0 1 1 0 0 0 0
265 87 92 80 12 50 198 1519 186 837 75 2875 28 16.5 16.5 NA NA 17 186 2 7 13 28 2 7 13 28 0 0 0 0 0 0 0 0
266 85 91 79 12 53 200 1458 243 835 76 2868 29 17 17 14 NA 25 243 1 9 15 28 1 8 15 28 0 1 0 0 0 0 0 0
267 72 94 82 12 53 204 1459 223 837 78 2860 30 17 17 14 NA 30 223 1 7 15 30 1 6 15 30 0 1 0 0 0 0 0 0
268 87 95 82 13 52 212 1450 211 835 76 2859 31 16.5 17 14 NA 33 211 1 7 15 29 1 6 15 29 0 1 0 0 0 0 0 0
269 74 92 81 11 50 224 1503 211 825 72 2863 32 16 16 14 NA 27 211 1 7 13 29 1 6 13 29 0 1 0 0 0 0 0 0
270 83 85 73 12 43 233 1498 246 823 66 2877 32 16 16 14 NA 33 246 1 5 13 24 1 4 13 24 0 1 0 0 0 0 0 0
271 81 89 77 12 46 230 1492 213 821 69 2872 29 16.5 17 14 NA 21 213 0 5 14 27 0 4 14 27 0 1 0 0 0 0 0 0
272 68 90 78 12 47 229 1469 231 824 70 2879 30 17 17 14 NA 21 231 0 6 14 27 0 5 14 27 0 1 0 0 0 0 0 0
273 75 87 76 11 44 215 1483 202 826 68 2890 31 16.5 17 14 NA 18 202 0 5 8 31 0 4 8 31 0 1 0 0 0 0 0 0
274 69 85 74 11 41 216 1531 193 817 66 2886 30 16 16 14 NA 24 193 0 4 8 29 0 3 8 29 0 1 0 0 0 0 0 0
275 82 86 75 11 41 219 1518 244 813 66 2908 28.5 16 16 14 NA 27 244 0 3 9 29 0 2 9 29 0 1 0 0 0 0 0 0
276 95 84 73 11 40 225 1517 219 802 64 2899 29 16 16 14 NA 32 219 0 2 9 29 0 2 8 29 0 0 1 0 0 0 0 0
277 79 84 73 11 40 213 1494 224 810 61 2907 27.5 16.5 17 14 NA 21 224 2 2 9 27 2 2 8 27 0 0 1 0 0 0 0 0
278 65 86 74 12 39 210 1521 201 811 60 2904 28 17 17 14 NA 21 201 2 1 9 27 2 1 8 27 0 0 1 0 0 0 0 0
279 84 91 78 13 39 209 1542 224 814 62 2924 27 17 17 14 NA 20 224 1 3 8 27 1 3 7 27 0 0 1 0 0 0 0 0
280 73 91 77 14 38 208 1537 231 822 62 2926 25 17 17 14 NA 29 231 0 4 8 26 0 4 7 26 0 0 1 0 0 0 0 0
281 76 92 78 14 37 215 1515 240 823 62 2925 25 17 17.5 14 NA 37 240 0 4 8 25 0 4 7 25 0 0 1 0 0 0 0 0
282 61 92 78 14 38 207 1513 201 834 61 2940 24.5 18 18 14 NA 15 201 0 4 9 25 0 4 8 25 0 0 1 0 0 0 0 0
283 81 90 77 13 42 209 1506 236 835 64 2943 25.5 19.5 21 14 NA 31 236 0 6 9 27 0 6 8 27 0 0 1 0 0 0 0 0
284 76 89 75 14 43 207 1497 233 840 64 2937 26 18 19.5 14 NA 23 233 0 7 9 27 0 7 8 27 0 0 1 0 0 0 0 0
285 72 90 76 14 42 209 1482 243 839 64 2937 26 19.5 21 14 NA 29 243 0 7 8 27 0 7 7 27 0 0 1 0 0 0 0 0
286 72 90 76 14 45 202 1522 205 846 64 2946 27 18 18 21 NA 24 205 0 8 7 30 0 8 5 30 0 0 2 0 0 0 0 0
287 83 90 76 14 44 206 1547 221 848 66 2947 28 17.5 17.5 21 NA 29 221 0 8 6 30 0 8 4 30 0 0 2 0 0 0 0 0
288 78 88 75 13 45 194 1590 193 853 65 2951 29 17 16 19 NA 14 193 0 10 5 30 0 9 4 29 0 1 1 1 0 0 0 0
289 62 89 75 14 44 192 1638 211 852 66 2972 28 16 15 19 NA 21 211 0 11 5 28 0 10 4 27 0 1 1 1 0 0 0 0
290 74 88 74 14 42 198 1629 227 846 65 2972 23 16 15 19 NA 25 227 0 11 3 28 0 10 2 27 0 1 1 1 0 0 0 0
291 86 88 74 14 42 206 1572 236 837 69 2964 24 16 15 19 NA 34 236 0 9 3 30 0 8 2 29 0 1 1 1 0 0 0 0
292 76 87 73 14 43 197 1561 223 844 69 2976 25 15 14.5 19 NA 20 223 0 10 4 29 0 9 3 28 0 1 1 1 0 0 0 0
293 63 90 75 15 45 196 1554 227 845 70 2971 25 15 14.5 19 NA 30 227 1 9 6 29 1 9 4 28 0 0 2 1 0 0 0 0
294 79 87 73 14 44 187 1558 217 847 68 2970 25 14.5 14 22.5 NA 16 217 1 9 6 28 1 9 4 26 0 0 2 2 0 0 0 0
295 82 85 70 15 43 185 1573 209 842 64 2959 24 15 14 22.5 NA 25 209 1 7 8 27 1 7 6 25 0 0 2 2 0 0 0 0
296 78 85 71 14 41 186 1574 213 836 65 2976 23 14 14 19 NA 23 213 1 7 7 26 1 7 6 24 0 0 1 2 0 0 0 0
297 69 89 75 14 42 183 1605 210 835 66 2969 22 14.5 14 23.5 NA 16 210 1 6 9 26 1 6 7 24 0 0 2 2 0 0 0 0
298 92 87 74 13 39 188 1553 239 829 63 2949 23 15 14 23.5 NA 28 239 1 6 9 23 1 6 7 21 0 0 2 2 0 0 0 0
299 75 87 75 12 41 200 1550 208 833 63 2944 23 15 14.5 19 NA 29 208 1 5 12 23 1 4 10 21 0 1 2 2 0 0 0 0
300 60 87 75 12 41 200 1561 218 840 62 2949 24 15 14.5 19 NA 26 218 1 4 13 23 1 3 11 21 0 1 2 2 0 0 0 0
301 94 89 78 11 39 204 1542 226 829 62 2923 23 15 14.5 19 NA 32 226 1 4 13 21 1 3 11 19 0 1 2 2 0 0 0 0
302 74 92 79 13 38 207 1566 208 820 61 2933 23 15.5 15 19 NA 20 208 0 6 13 19 0 5 11 17 0 1 2 2 0 0 0 0
303 67 92 79 13 40 209 1568 225 824 62 2944 24 15.5 15 19 NA 28 225 0 4 14 22 0 3 13 19 0 1 1 3 0 0 0 0
304 78 95 81 14 40 205 1562 222 825 62 2951 24 15.5 15 19 NA 19 222 0 3 15 22 0 2 14 19 0 1 1 3 0 0 0 0
305 85 97 83 14 43 206 1548 222 838 65 2958 21 15 14.5 19 NA 29 222 0 7 13 23 0 6 13 19 0 1 0 4 0 0 0 0
306 92 95 81 14 42 205 1552 203 834 63 2949 22 15 14 19 NA 28 203 0 7 12 23 0 6 12 19 0 1 0 4 0 0 0 0
307 89 95 81 14 42 191 1542 214 831 63 2930 23 15 15 19 NA 19 214 0 7 10 25 0 6 9 22 0 1 1 3 0 0 0 0
308 71 92 76 16 38 196 1528 233 816 57 2918 19.5 16.5 16 19 NA 29 233 0 5 12 21 0 5 10 18 0 0 2 3 0 0 0 0
309 83 92 76 16 37 203 1533 213 809 59 2932 19.5 15 14 19 NA 24 213 1 4 11 21 1 4 9 18 0 0 2 3 0 0 0 0
310 86 97 76 21 38 196 1540 218 810 62 2927 17 15.5 15 19 NA 20 218 1 4 12 21 1 4 10 18 0 0 2 3 0 0 0 0
311 73 97 77 20 39 187 1522 225 817 61 2932 18 16 15.5 19 NA 15 225 3 5 10 21 3 5 8 18 0 0 2 3 0 0 0 0
312 75 96 76 20 43 191 1509 213 820 62 2940 19 15 15 19 NA 26 213 4 7 10 22 4 7 8 19 0 0 2 3 0 0 0 0
313 84 96 75 21 43 206 1493 212 808 63 2927 19.5 16 16 21.5 NA 33 212 3 9 11 20 3 9 9 18 0 0 2 2 0 0 0 0
314 80 99 78 21 45 216 1504 219 800 69 2938 19 16 16 17 NA 26 219 0 12 12 21 0 11 10 19 0 1 2 2 0 0 0 0
315 75 100 77 23 45 222 1525 226 798 69 2938 18.5 16 16 17 NA 31 226 0 12 6 27 0 11 5 24 0 1 1 3 0 0 0 0
316 66 102 77 25 43 225 1519 226 791 69 2943 18 16 15.5 17 NA 26 226 0 13 5 25 0 12 4 22 0 1 1 3 0 0 0 0
317 71 99 74 25 44 224 1505 219 789 68 2954 19 15 15 17 NA 28 219 2 10 8 24 2 9 7 21 0 1 1 3 0 0 0 0
318 78 99 75 24 44 228 1512 223 788 66 2954 18 15 15 17 NA 31 223 2 9 9 24 2 8 8 21 0 1 1 3 0 0 0 0
319 74 99 75 24 42 228 1517 222 794 65 2972 18 15 15 17 NA 24 222 2 8 10 22 2 7 9 19 0 1 1 3 0 0 0 0
320 60 100 76 24 44 237 1521 212 797 68 2986 18.5 15 15 17 NA 30 212 2 10 9 23 2 9 9 19 0 1 0 4 0 0 0 0
321 89 99 76 23 44 226 1536 200 807 67 2971 19 15.5 15 17 NA 18 200 2 9 11 22 2 9 10 18 0 0 1 4 0 0 0 0
322 78 96 73 23 49 214 1533 241 818 71 2973 20 15 15 17 NA 20 241 3 10 14 22 3 10 13 18 0 0 1 4 0 0 0 0
323 58 93 73 20 46 215 1560 224 816 67 2993 21 15 15 16 NA 28 224 2 11 15 18 2 11 14 15 0 0 1 3 0 0 0 0
324 85 93 73 20 46 214 1545 229 817 66 3000 22 15 15 16 NA 28 229 2 12 14 18 2 12 13 15 0 0 1 3 0 0 0 0
325 77 96 75 21 45 217 1544 224 813 68 3001 21.5 15 15 16 NA 26 224 1 13 12 19 1 13 11 16 0 0 1 3 0 0 0 0
326 73 97 76 21 46 221 1490 241 806 71 2995 22 15 14.5 16 NA 25 241 1 9 16 20 1 9 15 17 0 0 1 3 0 0 0 0
327 69 98 76 22 48 222 1505 203 811 72 2994 23 15 15 16 NA 28 203 1 11 17 19 1 10 16 17 0 1 1 2 0 0 0 0
328 88 98 77 21 49 228 1522 196 804 74 2998 22.5 15 14 16 NA 26 196 2 10 18 19 2 9 17 17 0 1 1 2 0 0 0 0
329 52 98 77 21 53 217 1544 223 821 73 2997 21.5 15 15 16 NA 25 223 3 13 16 21 3 12 15 19 0 1 1 2 0 0 0 0
330 82 99 78 21 53 214 1530 226 823 73 2974 22 15 15 16 NA 22 226 3 13 17 20 3 12 16 18 0 1 1 2 0 0 0 0
331 86 100 80 20 52 208 1534 222 831 75 2957 23 15 15 15 NA 25 222 2 13 16 21 2 13 15 19 0 0 1 2 0 0 0 0
332 79 96 76 20 50 205 1558 209 832 73 2954 23.5 15.5 15 17 NA 24 209 2 12 17 19 2 11 16 18 0 1 1 1 0 0 0 0
333 90 96 77 19 49 203 1571 216 829 73 2944 23 15 15 16 17 24 216 3 11 14 21 3 10 14 19 0 1 0 1 0 0 0 1
334 59 99 80 19 51 204 1587 235 836 73 2962 24 16 15.5 16 17 25 235 3 9 17 22 3 8 17 20 0 1 0 1 0 0 0 1
335 61 99 80 19 53 211 1601 229 838 76 2965 25 16 16 16 17 28 229 2 9 19 23 2 8 19 21 0 1 0 1 0 0 0 1
336 78 100 80 20 52 213 1582 228 833 74 2962 25.5 16 16 16 17 23 228 2 9 16 25 2 8 16 23 0 1 0 1 0 0 0 1
337 72 99 79 20 50 215 1584 210 830 76 2964 24 16 16 16 17 21 210 1 8 18 23 1 7 18 21 0 1 0 1 0 0 0 1
338 85 99 79 20 49 221 1563 216 821 77 2953 25 16 16 16 17 25 216 0 7 15 27 0 6 15 25 0 1 0 1 0 0 0 1
339 81 101 77 24 48 224 1575 216 818 78 2939 26 16.5 16 16 17 27 216 0 6 15 27 0 6 14 25 0 0 1 1 0 0 0 1
340 87 100 75 25 47 218 1519 236 818 76 2945 25 16 15.5 16 17 24 236 2 4 14 27 2 4 13 25 0 0 1 1 0 0 0 1
341 69 99 74 25 49 217 1513 218 817 76 2939 26 16 15.5 16 17 25 218 2 7 14 26 2 7 13 24 0 0 1 1 0 0 0 1
342 83 101 76 25 49 217 1513 215 822 77 2936 26 16 15.5 16 17 23 215 2 6 16 25 2 6 15 23 0 0 1 1 0 0 0 1
343 82 95 72 23 46 223 1498 243 814 73 2932 27 17 17 16 17 35 243 1 5 17 23 1 5 16 21 0 0 1 1 0 0 0 1
344 82 94 71 23 44 228 1492 227 809 69 2931 26 16.5 16 16 17 33 227 1 6 15 22 1 6 14 20 0 0 1 1 0 0 0 1
345 72 94 71 23 46 220 1533 197 813 69 2919 26 16.5 16 16 17 22 197 1 7 16 22 1 7 15 20 0 0 1 1 0 0 0 1
346 83 94 70 24 47 227 1534 209 812 71 2915 27 16 15.5 17 NA 34 209 0 9 12 26 0 9 11 24 0 0 1 2 0 0 0 0
347 69 96 73 23 50 224 1546 225 820 71 2919 26.5 15.5 15 17 NA 28 225 0 10 14 26 0 10 13 24 0 0 1 2 0 0 0 0
348 72 95 73 22 51 228 1533 213 818 72 2916 27 15 15 17 NA 25 213 0 12 14 25 0 12 13 23 0 0 1 2 0 0 0 0
349 78 97 72 25 54 236 1525 236 818 72 2928 28 15 15 17 NA 35 236 1 12 15 26 1 12 13 24 0 0 2 2 0 0 0 0
350 72 95 70 25 52 236 1544 205 822 70 2941 27 15 15 17 NA 22 205 1 10 15 26 1 10 13 24 0 0 2 2 0 0 0 0
351 68 96 71 25 53 219 1547 239 838 73 2953 26 15 15 17 NA 22 239 1 11 15 26 1 11 14 23 0 0 1 3 0 0 0 0
352 93 95 72 23 51 226 1519 238 834 72 2949 26 15 15 17 NA 36 238 1 10 12 28 1 10 11 25 0 0 1 3 0 0 0 0
353 95 91 69 22 49 238 1520 208 821 68 2931 26 15 15 17 NA 34 208 1 10 13 25 1 10 12 22 0 0 1 3 0 0 0 0
354 61 90 68 22 49 237 1523 240 824 68 2939 26.5 15 14.5 17 NA 27 240 2 9 13 25 2 9 12 23 0 0 1 2 0 0 0 0
355 83 88 67 21 49 237 1500 243 819 68 2927 28 15 15 17 NA 26 243 2 8 13 26 2 8 12 24 0 0 1 2 0 0 0 0
356 72 93 66 27 49 226 1521 214 825 70 2933 26 15 15 17 NA 18 214 1 10 12 26 1 10 11 24 0 0 1 2 0 0 0 0
357 79 90 63 27 47 211 1522 198 830 67 2924 25 15 15 17 NA 24 198 1 8 14 24 1 8 14 21 0 0 0 3 0 0 0 0
358 74 87 61 26 47 205 1527 216 834 66 2946 25 15 15 22.5 NA 22 216 0 8 16 23 0 8 16 21 0 0 0 2 0 0 0 0
359 87 87 63 24 47 218 1502 232 822 67 2936 25 15 14.5 28 NA 31 232 1 9 14 23 1 9 14 22 0 0 0 1 0 0 0 0
360 77 90 63 27 46 221 1554 203 816 65 2944 26 14.5 14 28 NA 23 203 1 7 15 23 1 7 15 22 0 0 0 1 0 0 0 0
