1 92 112 86 26 23 23 1835 119 47 87 496 26 27 NA 26 29 24 119 0 2 3 18 0 0 0 0 0 2 3 17 0 0 0 1
2 84 109 83 26 23 44 1800 145 51 85 810 27 28 26.5 29 29 30 145 0 2 4 17 0 0 2 0 0 2 2 16 0 0 0 1
3 75 108 80 28 27 52 1750 160 57 83 1087 27 29 26.5 30 29 16 160 0 3 6 18 0 1 3 0 0 2 3 17 0 0 0 1
4 80 108 81 27 31 59 1705 173 62 83 1290 28 29 30.5 30 29 13 173 0 2 8 21 0 0 5 3 0 2 3 17 0 0 0 1
5 86 110 83 27 38 69 1647 191 76 84 1457 29 31.5 33 31 27.5 26 191 1 2 11 24 1 0 7 5 0 2 3 18 0 0 1 1
6 71 113 85 28 40 96 1602 201 85 85 1619 29 32.5 34 31 27.5 38 201 1 2 10 27 1 0 6 8 0 2 3 18 0 0 1 1
7 74 109 81 28 46 99 1580 188 103 84 1739 28 30 32.5 29 29 27 188 3 3 11 29 2 2 6 10 1 1 4 17 0 0 1 2
8 59 109 81 28 51 114 1549 221 110 84 1854 29 29 31 30 27.5 24 221 3 3 15 30 2 2 10 11 1 1 4 16 0 0 1 3
9 77 112 84 28 52 120 1508 202 124 83 1940 29.5 29 31 29 27.5 22 202 3 4 14 31 2 2 9 12 1 2 4 16 0 0 1 3
10 78 114 87 27 57 135 1456 206 142 85 2013 30 31 31 31 26 35 206 2 4 14 37 1 3 10 15 1 1 3 18 0 0 1 4
11 72 116 89 27 62 133 1448 211 161 85 2079 28.5 31 32 32 24.5 25 211 2 5 15 40 1 3 10 17 1 2 3 19 0 0 2 4
12 68 114 86 28 61 142 1436 201 173 84 2135 29 31 31 32 24.5 28 201 0 8 13 40 0 5 9 16 0 3 2 20 0 0 2 4
13 77 111 85 26 61 145 1435 210 197 85 2188 30 31 31 32 24.5 32 210 0 9 10 42 0 6 6 18 0 3 2 20 0 0 2 4
14 83 112 86 26 62 153 1423 208 211 86 2239 30.5 30 31 32 24.5 27 208 0 8 12 42 0 5 8 18 0 3 2 20 0 0 2 4
15 85 108 84 24 61 153 1390 218 225 84 2258 30.5 31 31.5 32 24.5 24 218 0 8 7 46 0 5 5 22 0 3 1 19 0 0 1 5
16 72 106 83 23 58 157 1420 189 239 81 2301 30.5 31 31.5 31.5 24.5 26 189 0 7 6 45 0 4 5 23 0 3 0 17 0 0 1 5
17 77 106 83 23 56 160 1430 193 252 82 2322 29.5 31 31 31.5 24.5 24 193 0 6 7 43 0 4 5 21 0 2 1 17 0 0 1 5
18 76 104 82 22 56 169 1457 195 262 82 2353 29.5 30 31 31 23 27 195 0 6 9 41 0 4 7 21 0 2 1 16 0 0 1 4
19 71 103 81 22 58 170 1471 203 276 83 2410 31 30 31 31 23 19 203 1 5 9 43 1 3 7 23 0 2 1 16 0 0 1 4
20 72 102 78 24 57 161 1423 231 299 80 2452 29 29 29 32 23 22 231 2 6 8 41 2 4 6 23 0 2 1 14 0 0 1 4
21 61 103 79 24 59 164 1461 176 311 81 2490 28 29 30 30.5 23 22 176 2 7 8 42 2 5 5 24 0 2 2 14 0 0 1 4
22 79 105 79 26 58 156 1480 194 328 81 2524 27 28.5 29 30.5 23 17 194 3 6 8 41 3 4 6 22 0 2 2 14 0 0 0 5
23 80 108 83 25 58 159 1494 223 352 85 2549 27 28.5 29 30.5 23 34 223 2 6 9 41 2 4 7 22 0 2 2 14 0 0 0 5
24 68 108 83 25 58 172 1476 245 357 83 2567 26.5 28.5 29 29 23 30 245 2 4 11 41 2 3 8 23 0 1 3 13 0 0 0 5
25 82 104 81 23 56 178 1504 196 358 76 2602 27 28.5 29 30.5 23 23 196 2 5 9 40 2 4 7 22 0 1 2 13 0 0 0 5
26 87 105 82 23 57 176 1510 204 368 77 2625 28 28 28.5 30.5 23 19 204 2 5 9 41 2 4 7 23 0 1 2 13 0 0 0 5
27 79 105 83 22 58 180 1537 208 382 75 2637 27 27 26 32 23 28 208 3 6 10 39 3 6 8 21 0 0 2 13 0 0 0 5
28 81 106 83 23 57 178 1550 225 395 75 2665 27 26 25 32 23 22 225 3 7 10 37 3 7 8 19 0 0 2 13 0 0 0 5
29 93 102 80 22 52 188 1542 220 401 71 2678 26 26.5 25 32 23 30 220 3 6 10 33 3 6 8 17 0 0 2 11 0 0 0 5
30 75 101 80 21 51 196 1546 223 408 70 2694 25 26 24.5 34.5 23 27 223 2 7 10 32 2 7 8 17 0 0 2 10 0 0 0 5
31 76 104 80 24 50 200 1555 207 420 70 2728 25.5 26.5 24 34.5 23 25 207 1 8 8 33 1 8 6 18 0 0 2 10 0 0 0 5
32 75 105 82 23 50 203 1550 225 431 71 2744 24 26 24 34.5 17 30 225 2 7 10 31 2 7 8 18 0 0 2 10 0 0 0 3
33 75 107 82 25 52 205 1504 265 449 72 2774 24 26 24 37.5 17 36 265 3 5 13 31 3 5 11 18 0 0 2 10 0 0 0 3
34 87 107 83 24 51 202 1521 228 459 74 2773 23 27 25.5 37.5 17 29 228 3 5 12 31 3 5 10 18 0 0 2 10 0 0 0 3
35 81 106 85 21 49 200 1519 248 473 74 2781 24 27 25.5 37.5 17 26 248 2 4 12 31 2 4 10 18 0 0 2 10 0 0 0 3
36 58 107 85 22 48 197 1523 238 483 75 2807 22 27.5 26 37.5 17 17 238 2 4 10 32 2 4 9 18 0 0 1 11 0 0 0 3
37 71 106 85 21 48 201 1515 248 494 77 2823 23 27.5 25.5 38 17 34 248 3 4 9 32 3 4 8 19 0 0 1 10 0 0 0 3
38 69 106 84 22 50 209 1556 215 500 78 2834 23.5 27 25.5 38 17 29 215 3 5 11 31 3 5 10 18 0 0 1 10 0 0 0 3
39 75 104 82 22 52 200 1562 217 523 79 2852 24.5 27 26 37.5 17 30 217 2 7 11 32 2 6 11 18 0 1 0 11 0 0 0 3
40 83 102 81 21 53 196 1567 214 532 76 2852 24 27 25 38 17 19 214 3 8 11 31 3 7 11 18 0 1 0 10 0 0 0 3
41 77 102 81 21 53 207 1580 222 530 76 2857 24 26 24 38 17 26 222 4 8 8 33 4 7 8 20 0 1 0 10 0 0 0 3
42 78 102 84 18 52 204 1604 210 543 74 2866 23.5 26 19 39.5 17 19 210 4 8 8 32 4 7 8 20 0 1 0 9 0 0 0 3
43 91 102 84 18 51 216 1584 247 546 73 2878 22 26 22.5 37.5 17 31 247 3 9 8 31 3 7 8 20 0 2 0 8 0 0 0 3
44 67 103 85 18 51 215 1535 238 554 74 2894 21 26 22.5 37.5 17 26 238 2 9 8 32 2 8 7 21 0 1 1 8 0 0 0 3
45 77 104 85 19 53 200 1571 211 574 76 2890 21.5 25 20 37.5 17 19 211 1 12 9 31 1 11 8 20 0 1 1 8 0 0 0 3
46 70 104 84 20 51 213 1580 228 570 76 2887 21 26 20 37.5 17 31 228 1 11 9 30 1 10 8 19 0 1 1 8 0 0 0 3
47 71 105 82 23 50 215 1590 257 576 77 2897 22 23 20 37.5 17 26 257 1 8 10 31 1 8 8 20 0 0 2 8 0 0 0 3
48 76 104 81 23 52 216 1610 236 583 77 2901 22 20 19 37.5 17 35 236 1 11 11 29 1 11 9 18 0 0 2 8 0 0 0 3
49 57 105 81 24 52 213 1593 247 596 78 2933 22 20.5 19.5 37.5 15.5 22 247 0 10 14 28 0 10 12 18 0 0 2 8 0 0 0 2
50 76 106 82 24 49 231 1599 244 587 75 2939 21.5 20 19.5 38 15.5 35 244 0 9 13 27 0 9 11 18 0 0 2 7 0 0 0 2
51 72 109 87 22 49 223 1587 220 605 73 2947 21 20 18 38 15.5 26 220 1 8 14 26 1 8 12 17 0 0 2 7 0 0 0 2
52 80 110 88 22 51 213 1568 236 617 76 2953 21 20 19.5 37.5 5 16 236 1 6 17 27 1 6 14 19 0 0 3 7 0 0 0 1
53 89 108 86 22 51 209 1561 244 628 76 2952 21.5 20 19 38 5 27 244 2 7 17 25 2 7 14 18 0 0 3 6 0 0 0 1
54 65 110 89 21 53 207 1549 238 641 76 2968 22 20 20 38 5 24 238 2 9 17 25 2 9 14 18 0 0 3 6 0 0 0 1
55 72 108 88 20 51 216 1569 209 641 76 2982 22 20 20 38 5 24 209 2 8 17 24 2 8 15 18 0 0 2 5 0 0 0 1
56 98 105 86 19 49 213 1572 222 644 75 2976 23 20 20 38 5 23 222 2 7 18 22 2 7 16 16 0 0 2 5 0 0 0 1
57 73 101 82 19 48 221 1570 229 640 72 2977 23 20 17 38 5 27 229 1 9 19 19 1 9 17 13 0 0 2 5 0 0 0 1
58 77 97 77 20 43 226 1550 233 646 68 2965 22 20 17 38 5 29 233 1 6 19 17 1 6 17 11 0 0 2 5 0 0 0 1
59 84 94 76 18 40 224 1534 248 658 66 2980 21.5 19 17 37.5 5 35 248 1 8 14 17 1 8 13 11 0 0 1 5 0 0 0 1
60 73 96 78 18 41 221 1542 242 661 68 2984 21 18 17 37.5 5 28 242 2 6 15 18 2 6 15 11 0 0 0 6 0 0 0 1
61 76 97 79 18 41 223 1590 222 665 69 2996 21 18 17 37 5 25 222 2 6 14 19 2 6 14 13 0 0 0 5 0 0 0 1
62 65 99 80 19 44 223 1586 219 669 72 2998 22 18 17 32.5 5 23 219 0 10 15 19 0 9 15 13 0 1 0 5 0 0 0 1
63 89 101 81 20 44 232 1593 219 654 76 2981 22 18 17 32.5 5 28 219 0 10 14 20 0 9 14 14 0 1 0 5 0 0 0 1
64 67 100 78 22 41 225 1602 234 668 75 2989 22.5 17 17 32.5 5 31 234 0 6 14 21 0 5 14 15 0 1 0 5 0 0 0 1
65 76 97 74 23 39 230 1584 226 670 71 2985 22 17 17 32.5 5 32 226 0 6 12 21 0 5 12 15 0 1 0 5 0 0 0 1
66 69 98 75 23 43 228 1578 213 676 70 2991 20.5 17 17 24 NA 22 213 2 9 13 19 2 6 13 14 0 3 0 5 0 0 0 0
67 68 99 75 24 44 219 1552 229 687 70 2994 21 17 17 24 NA 18 229 2 10 12 20 2 7 12 15 0 3 0 5 0 0 0 0
68 88 98 74 24 45 225 1522 249 696 69 2988 21 17 17 24 NA 31 249 3 10 11 21 3 7 11 16 0 3 0 5 0 0 0 0
69 84 99 74 25 46 217 1525 229 709 69 2977 22 17 17 28 NA 29 229 3 10 10 23 3 7 10 19 0 3 0 4 0 0 0 0
70 73 100 75 25 48 207 1534 221 721 68 2984 21.5 17 17 28 NA 19 221 3 11 10 24 3 9 9 20 0 2 1 4 0 0 0 0
71 66 100 77 23 44 209 1541 212 719 67 2991 21 17 17 28.5 NA 25 212 2 8 13 21 2 7 11 18 0 1 2 3 0 0 0 0
72 85 95 74 21 42 209 1518 230 720 65 2971 21 17 17 20 NA 29 230 2 7 12 21 2 6 10 19 0 1 2 2 0 0 0 0
73 88 101 80 21 44 202 1541 214 725 66 2954 21 17 17 20 NA 21 214 3 7 13 21 3 6 11 19 0 1 2 2 0 0 0 0
74 83 102 82 20 44 194 1544 227 732 67 2950 19.5 17 17 20 NA 23 227 4 6 13 21 4 6 10 19 0 0 3 2 0 0 0 0
75 82 102 82 20 41 193 1563 205 727 66 2949 18.5 17 17 20 NA 23 205 3 5 13 20 3 5 10 18 0 0 3 2 0 0 0 0
76 86 104 84 20 42 198 1561 246 731 67 2959 18.5 17 17 20 16 27 246 3 5 10 24 3 4 7 22 0 0 3 2 0 1 0 0
77 76 105 85 20 42 199 1580 209 733 66 2972 18 16.5 16.5 20 16 23 209 4 6 9 23 4 5 6 21 0 0 3 2 0 1 0 0
78 71 108 89 19 43 204 1554 229 739 70 2978 18 17 17 20 16 25 229 2 9 9 23 2 8 6 21 0 0 3 2 0 1 0 0
79 80 105 88 17 40 198 1579 211 743 67 2974 18 17 17 29 16 20 211 2 9 8 21 2 8 6 19 0 0 2 2 0 1 0 0
80 79 106 89 17 41 217 1538 246 749 68 2977 18.5 17 17 29 16 41 246 2 9 9 21 2 8 7 19 0 0 2 2 0 1 0 0
81 89 104 88 16 41 221 1514 254 758 67 2963 19 17 17 29 16 35 254 1 11 9 20 1 10 7 18 0 0 2 2 0 1 0 0
82 73 108 92 16 45 223 1560 224 756 71 2976 18 17 17 29 16 25 224 1 11 12 21 1 10 11 18 0 0 1 3 0 1 0 0
83 75 106 90 16 45 219 1583 219 764 74 2990 20.5 17 17 29 16 19 219 1 10 10 24 1 9 10 20 0 0 0 4 0 1 0 0
84 64 108 91 17 49 225 1570 259 763 74 2985 20 17 17 29 16 30 259 2 11 11 25 2 11 10 21 0 0 0 4 0 0 1 0
85 71 109 92 17 50 231 1559 230 768 80 2988 19 16.5 16 29 16 32 230 2 12 12 24 2 12 11 20 0 0 0 4 0 0 1 0
86 64 108 91 17 52 229 1584 220 769 82 2990 20 16.5 16 29 16 25 220 2 13 12 25 2 13 11 21 0 0 0 4 0 0 1 0
87 73 105 88 17 54 221 1554 253 776 81 2996 21 16 15 29 16 29 253 3 15 10 26 3 15 9 22 0 0 0 4 0 0 1 0
88 81 105 88 17 53 209 1546 212 783 81 2996 22 16 15 29 16 15 212 3 15 9 26 3 15 8 22 0 0 0 4 0 0 1 0
89 69 108 90 18 55 197 1580 210 797 83 2993 23 16 16 20 16 19 210 2 16 10 27 2 15 9 23 0 1 0 4 0 0 1 0
90 75 111 93 18 55 211 1567 231 777 84 3001 23 16 16 20 16 26 231 2 13 14 26 2 12 13 22 0 1 0 4 0 0 1 0
91 72 111 93 18 56 211 1592 228 775 84 3018 22 16 16 20 16 24 228 2 14 13 27 2 13 12 23 0 1 0 4 0 0 1 0
92 63 112 93 19 58 211 1607 203 778 86 3027 23 16.5 16 20 16 22 203 2 14 14 28 2 13 13 24 0 1 0 4 0 0 1 0
93 65 114 95 19 58 230 1590 235 776 87 3026 23.5 16.5 16 20 16 41 235 1 14 14 29 1 13 13 25 0 1 0 4 0 0 1 0
94 77 114 95 19 58 226 1598 220 784 89 3026 24 16 16 19 16 24 220 1 11 17 29 1 10 16 26 0 1 0 3 0 0 1 0
95 79 113 94 19 61 222 1606 204 794 88 3022 25 16 16 19 16 28 204 2 11 18 30 2 11 16 27 0 0 1 3 0 0 1 0
96 80 113 93 20 59 225 1583 230 795 87 3016 25 16 16 20 NA 29 230 1 12 15 31 1 12 15 28 0 0 0 3 0 0 0 0
97 75 111 91 20 58 222 1568 225 804 86 3018 26 16 16 20 NA 28 225 0 11 17 30 0 11 17 27 0 0 0 3 0 0 0 0
98 86 108 89 19 55 220 1581 223 805 83 3016 25 16 16 17.5 NA 28 223 0 9 17 29 0 9 17 27 0 0 0 2 0 0 0 0
99 86 113 93 20 54 223 1564 232 812 82 3006 25 16 16 17.5 NA 31 232 0 7 19 28 0 7 19 26 0 0 0 2 0 0 0 0
100 96 116 96 20 56 228 1548 228 798 83 2983 25 16 16 17.5 NA 33 228 1 8 20 27 1 8 20 25 0 0 0 2 0 0 0 0
101 81 116 95 21 55 241 1563 226 789 84 2984 25.5 16 16 17.5 NA 29 226 1 9 18 27 1 9 18 25 0 0 0 2 0 0 0 0
102 73 112 92 20 52 237 1530 234 797 86 2977 25.5 16 16 17.5 NA 26 234 1 7 15 29 1 7 15 27 0 0 0 2 0 0 0 0
103 64 112 92 20 57 232 1542 224 795 86 2976 25 15 15 17.5 NA 18 224 4 10 15 28 4 10 15 26 0 0 0 2 0 0 0 0
104 78 111 92 19 59 245 1508 231 793 87 2961 26 16 16 17.5 NA 32 231 4 10 17 28 4 10 17 26 0 0 0 2 0 0 0 0
105 76 110 91 19 59 238 1537 204 798 87 2961 27 16 16 17.5 NA 22 204 4 10 17 28 4 10 17 26 0 0 0 2 0 0 0 0
106 85 112 92 20 59 248 1517 252 801 88 2954 27.5 16 16 18 NA 33 252 4 10 15 30 4 9 15 28 0 1 0 2 0 0 0 0
107 73 116 96 20 59 251 1522 225 808 88 2956 27.5 16 16 18 NA 30 225 4 10 13 32 4 9 13 30 0 1 0 2 0 0 0 0
108 97 112 93 19 54 240 1512 207 811 81 2949 26 16 16 18 NA 25 207 4 9 14 27 4 7 14 26 0 2 0 1 0 0 0 0
109 83 114 95 19 54 234 1534 202 823 80 2957 25 16 16 18 NA 27 202 5 8 14 27 5 6 14 26 0 2 0 1 0 0 0 0
110 83 112 93 19 55 222 1525 232 825 78 2957 25.5 16 16 18 NA 16 232 5 8 15 27 5 6 15 26 0 2 0 1 0 0 0 0
111 79 110 91 19 54 223 1525 208 825 82 2957 26.5 16 16 18 NA 24 208 3 9 13 29 3 7 13 28 0 2 0 1 0 0 0 0
112 88 108 89 19 55 219 1513 240 830 87 2942 27.5 16 16 18 NA 34 240 1 11 14 29 1 10 13 28 0 1 1 1 0 0 0 0
113 85 104 85 19 54 214 1531 198 824 82 2936 28 15.5 15.5 17 NA 25 198 2 9 15 28 2 8 15 27 0 1 0 1 0 0 0 0
114 76 104 85 19 56 223 1510 214 819 79 2923 25 16 16 17 NA 30 214 2 10 14 30 2 9 14 29 0 1 0 1 0 0 0 0
115 72 106 86 20 57 224 1506 224 817 80 2928 25.5 16 16 17 NA 32 224 1 9 15 32 1 8 15 31 0 1 0 1 0 0 0 0
116 70 105 85 20 54 226 1513 222 814 77 2925 26 16 16 17 NA 23 222 1 7 15 31 1 6 15 30 0 1 0 1 0 0 0 0
117 71 103 83 20 54 226 1514 223 814 76 2933 27 15.5 15.5 17 NA 25 223 2 7 15 30 2 6 15 29 0 1 0 1 0 0 0 0
118 80 103 83 20 55 216 1503 231 824 79 2937 28 15 15 17 NA 20 231 2 8 13 32 2 8 12 31 0 0 1 1 0 0 0 0
119 78 105 85 20 53 224 1494 225 810 80 2922 28 15 15 17 NA 26 225 1 9 13 30 1 9 12 29 0 0 1 1 0 0 0 0
120 60 111 91 20 53 222 1504 209 817 83 2939 26 15 15 17 NA 25 209 1 9 11 32 1 9 10 31 0 0 1 1 0 0 0 0
121 85 108 88 20 51 228 1486 216 809 81 2931 27 15 15 17 NA 26 216 1 10 9 31 1 10 8 30 0 0 1 1 0 0 0 0
122 60 105 85 20 52 224 1492 207 804 78 2937 25 15 15 17 NA 16 207 1 12 9 30 1 12 8 29 0 0 1 1 0 0 0 0
123 82 106 86 20 50 217 1570 182 801 76 2939 24 14.5 14.5 17 NA 15 182 1 9 12 28 1 9 11 27 0 0 1 1 0 0 0 0
124 81 105 86 19 50 216 1568 211 807 72 2948 24 14 14 17 NA 24 211 2 6 16 26 2 6 15 25 0 0 1 1 0 0 0 0
125 65 107 86 21 49 222 1552 252 809 72 2964 25 15 15 17 NA 30 252 1 7 15 26 1 7 14 25 0 0 1 1 0 0 0 0
126 86 110 89 21 50 228 1559 206 803 75 2955 22 15.5 15.5 17 NA 25 206 1 8 12 29 1 8 11 28 0 0 1 1 0 0 0 0
127 77 112 91 21 49 231 1566 204 799 76 2964 21 16 16 17 NA 29 204 1 7 11 30 1 7 10 29 0 0 1 1 0 0 0 0
128 70 110 90 20 47 236 1560 218 794 75 2981 22 15 15 17 NA 21 218 1 8 10 28 1 8 9 27 0 0 1 1 0 0 0 0
129 75 105 85 20 46 229 1549 232 793 71 2979 22 19 18 20 NA 25 232 0 10 8 28 0 10 8 27 0 0 0 1 0 0 0 0
130 80 106 85 21 47 230 1535 206 791 71 2980 22.5 20 20 11.5 NA 28 206 1 6 11 29 0 6 11 28 1 0 0 1 0 0 0 0
131 67 107 88 19 49 241 1533 220 789 70 2984 22 18 18 11.5 NA 28 220 3 6 12 28 2 6 12 27 1 0 0 1 0 0 0 0
132 78 106 86 20 47 247 1555 217 782 73 2965 21 17 17 11.5 NA 29 217 2 7 12 26 1 7 12 25 1 0 0 1 0 0 0 0
133 73 108 87 21 49 260 1533 241 779 73 2978 19.5 18 18 20 3 38 241 3 7 13 26 2 7 13 25 0 0 0 1 1 0 0 0
134 60 103 83 20 50 250 1529 226 787 69 2998 20 17.5 17.5 20 3 23 226 4 7 15 24 3 7 15 23 0 0 0 1 1 0 0 0
135 57 104 85 19 50 249 1530 223 798 71 3009 20.5 17.5 17.5 20 3 23 223 4 7 12 27 3 7 12 26 0 0 0 1 1 0 0 0
136 87 104 85 19 47 253 1542 208 801 71 3004 20.5 20 20 20 3 30 208 4 6 8 29 3 6 8 28 0 0 0 1 1 0 0 0
137 90 103 83 20 49 244 1531 223 810 74 3007 21 18 18 20 3 29 223 5 6 10 28 4 6 10 27 0 0 0 1 1 0 0 0
138 83 102 82 20 49 239 1549 221 809 75 2998 21.5 20 20 20 3 23 221 4 7 11 27 3 7 11 26 0 0 0 1 1 0 0 0
139 83 104 82 22 49 246 1566 198 806 79 2987 21 20 20 20 3 27 198 3 6 13 27 3 5 13 26 0 0 0 1 0 1 0 0
140 72 103 81 22 47 237 1539 225 814 76 2989 20 18 18 20 3 23 225 4 6 13 24 4 5 13 23 0 0 0 1 0 1 0 0
141 64 102 81 21 46 240 1537 250 818 73 2999 21 18.5 18.5 20 3 29 250 4 6 14 22 4 5 14 21 0 0 0 1 0 1 0 0
142 69 100 79 21 46 231 1550 230 839 74 3013 21.5 16.5 16.5 20 3 32 230 3 9 9 25 3 8 9 24 0 0 0 1 0 1 0 0
143 59 102 81 21 47 242 1537 217 843 77 3026 21.5 17 17 20 3 35 217 2 11 8 26 2 10 8 25 0 0 0 1 0 1 0 0
144 80 106 85 21 48 239 1540 224 852 76 3011 21 17 17 20 3 28 224 2 9 11 26 2 8 11 25 0 0 0 1 0 1 0 0
145 69 108 87 21 47 229 1550 238 855 78 3022 21 17 17 20 3 18 238 1 10 10 26 1 9 10 25 0 0 0 1 0 1 0 0
146 58 108 86 22 47 232 1551 245 860 77 3029 22 17 17 20 3 26 245 1 10 10 26 1 9 10 25 0 0 0 1 0 1 0 0
147 77 106 84 22 50 233 1560 208 858 77 3025 23 17 17 22 3 26 208 0 12 13 25 0 11 12 24 0 0 1 1 0 1 0 0
148 72 106 82 24 49 236 1515 255 849 78 3020 23 17 17 20 3 26 255 0 12 13 24 0 11 13 23 0 0 0 1 0 1 0 0
149 71 108 84 24 50 251 1494 244 850 80 3030 24 16.5 16.5 20 3 43 244 1 9 15 25 1 8 15 24 0 0 0 1 0 1 0 0
150 79 108 84 24 49 245 1487 235 852 79 3012 24.5 16 16 20 3 24 235 1 8 15 25 1 7 15 24 0 0 0 1 0 1 0 0
151 77 111 86 25 52 246 1488 238 855 82 3002 24 15.5 15.5 20 3 25 238 2 8 15 27 2 8 14 26 0 0 0 1 0 0 1 0
152 71 108 82 26 49 247 1516 218 850 81 3004 25 14 14 20 3 21 218 2 7 14 26 2 7 13 25 0 0 0 1 0 0 1 0
153 72 109 83 26 50 248 1515 233 854 82 3002 26 14.5 14.5 20 3 29 233 1 8 14 27 1 8 13 26 0 0 0 1 0 0 1 0
154 67 109 83 26 50 242 1529 222 858 80 2995 27 16.5 16 23.5 3 26 222 1 6 17 26 1 6 15 25 0 0 1 1 0 0 1 0
155 79 109 84 25 49 242 1543 214 856 80 2986 27 16 15.5 23.5 3 26 214 2 5 18 24 2 5 16 23 0 0 1 1 0 0 1 0
156 77 110 86 24 49 241 1533 236 854 81 2990 25.5 16 15 23.5 3 23 236 2 7 14 26 2 7 12 25 0 0 1 1 0 0 1 0
157 65 110 85 25 52 243 1540 239 862 81 3016 25 16 15 27 3 31 239 3 7 15 27 3 7 12 26 0 0 2 1 0 0 1 0
158 72 109 84 25 54 241 1544 247 867 80 3017 25 16.5 16 27 3 30 247 3 9 16 26 3 9 13 25 0 0 2 1 0 0 1 0
159 81 108 83 25 53 241 1532 244 864 76 3014 23.5 16 16 27 3 35 244 3 8 17 25 3 8 14 24 0 0 2 1 0 0 1 0
160 79 107 82 25 53 244 1526 229 866 77 3012 24 16 16 27 3 29 229 3 7 17 26 3 7 14 25 0 0 2 1 0 0 1 0
161 79 106 80 26 51 237 1540 206 869 75 2987 23.5 17 16 27 3 25 206 3 7 14 27 3 7 11 26 0 0 2 1 0 0 1 0
162 69 104 77 27 51 240 1542 229 874 76 2992 23.5 14 14 23.5 3 32 229 4 7 12 28 4 7 10 27 0 0 1 1 0 0 1 0
163 78 104 78 26 51 233 1548 215 883 76 2983 24 14 14 23.5 3 23 215 4 7 11 29 4 7 11 26 0 0 0 2 0 0 0 1
164 74 101 75 26 50 228 1584 199 883 75 2990 25 15 14 23.5 3 24 199 2 8 12 28 2 8 12 25 0 0 0 2 0 0 0 1
165 89 102 74 28 51 233 1565 227 877 73 2990 24.5 14 13.5 23.5 3 31 227 4 7 13 27 4 7 13 24 0 0 0 2 0 0 0 1
166 57 104 76 28 52 231 1570 222 886 74 3000 24 14 14 23.5 3 29 222 4 7 11 30 4 7 11 27 0 0 0 2 0 0 0 1
167 96 105 75 30 55 217 1587 207 887 75 2980 23 16 14 27 3 20 207 3 10 12 30 3 10 11 27 0 0 1 2 0 0 0 1
168 77 101 71 30 52 206 1567 230 881 76 2973 24 14 13.5 27 3 16 230 2 8 14 28 2 8 13 25 0 0 1 2 0 0 0 1
169 85 100 70 30 51 199 1566 213 875 77 2966 24.5 15 14 27 3 23 213 0 10 13 28 0 10 13 24 0 0 0 3 0 0 0 1
170 73 102 73 29 51 202 1535 249 874 78 2975 24.5 15 14 30.5 9 21 249 0 10 14 27 0 9 14 24 0 0 0 2 0 1 0 1
171 84 106 77 29 53 202 1515 225 863 80 2971 23 15 14 30.5 9 25 225 1 11 13 28 1 10 13 25 0 0 0 2 0 1 0 1
172 73 105 76 29 52 213 1512 225 858 76 2968 22 15 14.5 30.5 9 36 225 1 10 14 27 1 9 14 24 0 0 0 2 0 1 0 1
173 78 104 77 27 52 203 1525 215 858 75 2965 22 15 15 27 9 24 215 2 11 14 25 2 9 14 22 0 1 0 2 0 1 0 1
174 77 102 76 26 52 207 1521 234 856 73 2972 22.5 15 15 27 9 26 234 1 12 14 25 1 10 14 22 0 1 0 2 0 1 0 1
175 79 106 80 26 52 190 1537 198 861 76 2958 22 15 15 27 9 10 198 1 11 14 26 1 9 14 23 0 1 0 2 0 1 0 1
176 79 104 78 26 52 195 1540 222 856 75 2966 24 15.5 16 27 9 26 222 0 9 15 28 0 7 15 25 0 1 0 2 0 1 0 1
177 72 96 70 26 48 190 1524 220 854 71 2961 24 14.5 14 27 9 18 220 0 10 13 25 0 8 13 22 0 1 0 2 0 1 0 1
178 77 96 71 25 48 193 1504 219 846 71 2957 23.5 14 14 23 9 29 219 0 11 13 24 0 8 13 21 0 2 0 2 0 1 0 1
179 78 102 77 25 49 194 1522 212 851 72 2967 23 14 14 23 9 29 212 1 10 13 25 1 8 12 22 0 2 0 2 0 0 1 1
180 71 103 76 27 51 190 1486 219 850 70 2972 23 14 14 23 9 25 219 3 10 13 25 3 8 12 22 0 2 0 2 0 0 1 1
181 78 103 77 26 51 205 1470 233 839 68 2961 22 15 15 23 9 32 233 3 10 14 24 3 8 13 21 0 2 0 2 0 0 1 1
182 81 103 78 25 52 207 1500 224 833 70 2964 23 15 14.5 23 9 21 224 3 11 13 25 3 9 12 22 0 2 0 2 0 0 1 1
183 81 104 77 27 51 194 1517 204 831 74 2966 24 15 15 23 9 15 204 2 9 16 24 2 8 14 21 0 1 1 2 0 0 1 1
184 77 101 74 27 50 197 1504 232 826 75 2966 23 15 15 23 9 26 232 2 9 15 24 2 8 13 21 0 1 1 2 0 0 1 1
185 74 98 72 26 48 210 1515 219 811 75 2963 24 15 14.5 23 9 24 219 1 9 15 23 1 9 12 20 0 0 2 2 0 0 1 1
186 73 96 71 25 48 212 1557 201 809 75 2976 25 15 15 27 12 27 201 0 10 14 24 0 10 11 21 0 0 1 2 0 0 2 1
187 76 95 71 24 49 202 1548 228 817 76 2960 24 15 15 27 12 21 228 1 8 14 26 1 8 11 23 0 0 1 2 0 0 2 1
188 77 96 71 25 51 205 1548 225 815 74 2954 24.5 15 15 27 12 28 225 2 7 16 26 2 7 13 23 0 0 1 2 0 0 2 1
189 72 99 74 25 51 215 1543 206 820 74 2957 24 15 15 27 12 30 206 2 6 17 26 2 6 14 23 0 0 1 2 0 0 2 1
190 80 99 75 24 51 214 1532 234 822 75 2963 25 15 15 27 12 28 234 1 7 17 26 1 7 14 23 0 0 1 2 0 0 2 1
191 74 104 80 24 52 222 1571 198 814 81 2961 24.5 15 15 27 12 28 198 0 8 15 29 0 8 13 25 0 0 1 2 0 0 1 2
192 80 103 82 21 49 241 1559 239 792 80 2964 23 16 16 27 12 38 239 0 8 11 30 0 8 9 26 0 0 1 2 0 0 1 2
193 58 106 85 21 50 249 1527 230 795 80 2986 23 15.5 15.5 27 12 23 230 0 9 10 31 0 9 8 27 0 0 1 2 0 0 1 2
194 62 107 86 21 55 253 1526 239 802 80 3000 23 16 16 27 12 35 239 1 10 11 33 1 10 9 29 0 0 1 2 0 0 1 2
195 66 108 87 21 57 251 1552 221 806 82 3004 24 16 15.5 23.5 12 28 221 1 9 12 35 1 8 11 30 0 1 0 3 0 0 1 2
196 70 104 86 18 53 250 1536 219 806 76 3011 25 16 15 23.5 13.5 25 219 1 9 12 31 1 8 11 27 0 1 0 3 0 0 1 1
197 80 108 89 19 55 239 1538 218 817 75 3003 25 17 17 23.5 13.5 20 218 1 7 15 32 1 6 15 27 0 1 0 3 0 0 0 2
198 66 106 87 19 53 241 1585 202 820 73 3009 26 17 16.5 27 13.5 23 202 1 5 14 33 1 5 14 28 0 0 0 3 0 0 0 2
199 81 106 87 19 58 227 1554 222 828 73 3001 27 16 16 26.5 13.5 23 222 4 6 14 34 4 6 14 30 0 0 0 2 0 0 0 2
200 86 105 86 19 54 243 1553 227 810 72 3004 26 15.5 15.5 26.5 13.5 32 227 3 7 13 31 3 7 13 27 0 0 0 2 0 0 0 2
201 70 105 87 18 54 243 1543 225 810 74 3007 26 15.5 15.5 26.5 13.5 29 225 3 8 10 33 3 8 10 29 0 0 0 2 0 0 0 2
202 66 110 92 18 57 235 1571 206 826 75 3013 23 16 16 19 13.5 24 206 3 8 12 34 2 8 12 30 1 0 0 2 0 0 0 2
203 72 111 93 18 55 223 1587 219 835 77 3000 24 15 16 20.5 13.5 28 219 3 7 13 32 2 7 13 29 1 0 0 1 0 0 0 2
204 89 109 93 16 55 226 1548 257 841 78 2989 24 15 16 20.5 13.5 35 257 3 6 15 31 2 6 15 28 1 0 0 1 0 0 0 2
205 79 105 90 15 52 229 1514 248 834 78 2988 25 15 15 20.5 13.5 24 248 3 6 14 29 2 6 14 26 1 0 0 1 0 0 0 2
206 82 106 91 15 53 225 1526 220 837 79 2987 25.5 15 15 20.5 13.5 25 220 2 7 13 31 1 7 13 28 1 0 0 1 0 0 0 2
207 65 106 91 15 53 217 1504 219 842 79 2988 24.5 15 16 20.5 13.5 22 219 1 8 12 32 1 7 12 29 0 1 0 1 0 0 0 2
208 79 104 89 15 54 214 1518 200 847 79 2979 25 15.5 16 20.5 13.5 24 200 1 9 12 32 1 8 12 29 0 1 0 1 0 0 0 2
209 79 106 91 15 57 214 1541 201 835 82 2975 24 15 16 20.5 13.5 27 201 1 12 11 33 1 11 11 30 0 1 0 1 0 0 0 2
210 84 106 92 14 58 233 1521 246 815 81 2980 22.5 15 15 20.5 13.5 37 246 1 14 10 33 1 13 10 30 0 1 0 1 0 0 0 2
211 74 106 92 14 60 231 1507 239 816 82 2984 23.5 15 15 22 13.5 31 239 1 15 10 34 1 13 10 31 0 2 0 1 0 0 0 2
212 87 102 88 14 64 223 1546 216 823 83 2989 29 15 15 22 13.5 21 216 3 13 13 35 3 11 13 32 0 2 0 1 0 0 0 2
213 79 102 88 14 63 227 1556 227 824 81 3007 25 15 15 22 13.5 25 227 3 13 15 32 3 12 14 29 0 1 1 1 0 0 0 2
214 56 102 87 15 61 241 1542 234 822 83 3023 25.5 15 15 22 15 36 234 2 13 15 31 2 12 14 29 0 1 1 1 0 0 0 1
215 86 106 89 17 62 236 1559 223 821 86 3010 26 15 15 22 15 31 223 3 14 11 34 3 13 10 32 0 1 1 1 0 0 0 1
216 91 108 93 15 62 224 1559 233 832 84 2996 25 15 15 22 15 24 233 3 13 11 35 3 12 10 33 0 1 1 1 0 0 0 1
217 70 109 95 14 61 225 1572 216 823 82 2975 25 15 15 14.5 15 23 216 3 10 14 34 3 9 13 33 0 1 1 0 0 0 0 1
218 78 106 92 14 63 230 1582 236 820 80 3008 26 15 15 14.5 15 29 236 2 9 16 36 2 8 15 35 0 1 1 0 0 0 0 1
219 76 106 94 12 59 221 1608 206 822 77 3014 26 15 15 14.5 15 20 206 1 10 15 33 1 10 13 32 0 0 2 0 0 0 0 1
220 75 108 95 13 60 234 1598 249 817 75 3027 25.5 15.5 16 14.5 15 32 249 1 10 17 32 1 10 15 31 0 0 2 0 0 0 0 1
221 73 111 98 13 59 241 1643 194 814 74 3037 24 15 15.5 14.5 15 26 194 1 7 20 31 1 7 18 30 0 0 2 0 0 0 0 1
222 81 111 98 13 59 248 1621 220 803 75 3033 25 15 15.5 14.5 15 32 220 0 8 20 31 0 8 18 30 0 0 2 0 0 0 0 1
223 82 114 99 15 58 240 1593 237 810 74 3020 25 15 15 14.5 15 24 237 0 8 19 31 0 8 17 30 0 0 2 0 0 0 0 1
224 82 111 96 15 59 238 1615 202 812 71 3014 25 15 15.5 14.5 15 33 202 1 8 19 31 1 8 17 30 0 0 2 0 0 0 0 1
225 82 111 96 15 53 234 1602 219 806 67 3004 22 15 15 14.5 NA 20 219 1 9 15 28 1 9 14 27 0 0 1 1 0 0 0 0
226 65 112 96 16 56 236 1588 253 809 67 3018 21 15 15 14.5 NA 27 253 2 8 19 27 2 8 18 26 0 0 1 1 0 0 0 0
227 60 111 95 16 59 225 1601 227 829 70 3028 21 15 15 14.5 NA 27 227 3 8 19 29 3 8 18 28 0 0 1 1 0 0 0 0
228 84 110 96 14 58 220 1583 234 830 73 3027 23 15 15 14.5 NA 22 234 2 6 18 32 2 6 17 31 0 0 1 1 0 0 0 0
229 78 109 95 14 58 220 1568 239 820 76 3031 23 15 15 14.5 NA 18 239 2 7 16 33 2 7 15 32 0 0 1 1 0 0 0 0
230 75 106 92 14 57 217 1570 204 826 73 3038 23.5 15 15 14.5 NA 20 204 2 7 14 34 2 7 13 33 0 0 1 1 0 0 0 0
231 76 103 87 16 52 212 1590 217 834 73 3029 21 15 15 7 NA 28 217 2 5 14 31 2 5 14 30 0 0 0 1 0 0 0 0
232 98 102 86 16 52 217 1610 230 822 73 3010 19 15.5 16 7 NA 33 230 2 7 13 30 2 7 13 29 0 0 0 1 0 0 0 0
233 87 103 88 15 50 206 1571 246 833 76 3006 18 15 15 7 NA 25 246 1 8 8 33 1 8 8 32 0 0 0 1 0 0 0 0
234 85 102 88 14 48 201 1582 210 827 76 2997 19 15.5 15.5 NA NA 22 210 1 7 9 31 1 7 9 31 0 0 0 0 0 0 0 0
235 69 105 91 14 49 203 1556 225 833 80 2986 19 16 16 NA NA 30 225 0 9 9 31 0 9 9 31 0 0 0 0 0 0 0 0
236 85 108 93 15 52 205 1568 224 839 81 2979 20 15.5 15.5 NA NA 31 224 0 12 9 31 0 12 9 31 0 0 0 0 0 0 0 0
237 68 104 91 13 49 216 1580 230 837 84 3007 21 16 16 NA NA 34 230 0 10 11 28 0 10 11 28 0 0 0 0 0 0 0 0
238 87 106 91 15 49 213 1563 225 841 87 3005 21.5 16 16 NA NA 25 225 0 10 8 31 0 10 8 31 0 0 0 0 0 0 0 0
239 70 106 90 16 56 216 1554 226 843 87 3015 22 16 16 NA NA 29 226 2 13 9 32 2 13 9 32 0 0 0 0 0 0 0 0
240 85 105 90 15 55 224 1562 218 833 85 3009 23 16 16 NA NA 31 218 2 12 10 31 2 12 10 31 0 0 0 0 0 0 0 0
241 65 105 90 15 56 221 1580 221 836 83 3011 22 16 16 NA NA 19 221 2 13 11 30 2 13 11 30 0 0 0 0 0 0 0 0
242 79 106 91 15 56 213 1596 216 838 80 3000 23 16 16 15 NA 20 216 2 14 10 30 2 13 10 30 0 1 0 0 0 0 0 0
243 60 107 91 16 56 211 1608 222 840 78 3021 23 16 16 19 NA 20 222 2 14 12 28 2 12 12 28 0 2 0 0 0 0 0 0
244 59 106 89 17 52 213 1593 223 843 76 3042 23 16.5 16.5 19 NA 27 223 2 11 13 26 2 10 12 26 0 1 1 0 0 0 0 0
245 85 110 92 18 54 209 1595 228 844 78 3046 24 16.5 16.5 19 NA 18 228 2 10 16 26 2 9 15 26 0 1 1 0 0 0 0 0
246 73 109 91 18 54 212 1588 230 842 77 3036 24 16.5 16.5 19 NA 26 230 3 9 16 26 3 8 15 26 0 1 1 0 0 0 0 0
247 70 111 93 18 55 202 1597 208 852 79 3039 24 16 16 19 NA 30 208 4 8 18 25 4 7 17 25 0 1 1 0 0 0 0 0
248 75 113 93 20 53 200 1565 240 846 81 3018 24 17 17 19 NA 23 240 2 9 18 24 2 8 17 24 0 1 1 0 0 0 0 0
249 78 115 93 22 51 204 1575 222 846 79 3003 24 17 17 19 NA 22 222 2 6 19 24 2 5 18 24 0 1 1 0 0 0 0 0
250 83 109 86 23 48 203 1593 205 838 76 2996 25 17 17 19 NA 22 205 2 5 20 21 2 4 19 21 0 1 1 0 0 0 0 0
251 70 106 83 23 45 212 1532 242 825 74 2995 25.5 17 17 19 NA 25 242 2 4 19 20 2 4 17 20 0 0 2 0 0 0 0 0
252 87 105 83 22 44 223 1552 199 812 75 2978 26 17 17 19 NA 23 199 2 4 16 22 2 4 14 22 0 0 2 0 0 0 0 0
253 62 108 85 23 45 220 1564 220 817 76 2978 25.5 17 17 19 18 21 220 1 6 17 21 1 5 15 21 0 0 2 0 0 1 0 0
254 64 105 83 22 46 222 1562 224 814 76 2974 28 17 17 19 18 27 224 1 6 18 21 1 5 16 21 0 0 2 0 0 1 0 0
255 78 104 82 22 46 209 1576 210 819 78 2984 26 17 17 23 18 18 210 1 6 16 23 1 5 13 23 0 0 3 0 0 1 0 0
256 66 105 83 22 47 214 1573 217 822 79 2995 24 17 17 23 18 25 217 0 7 17 23 0 6 15 22 0 0 2 1 0 1 0 0
257 79 107 84 23 46 216 1563 255 816 80 2990 23 17 17 23 18 25 255 0 6 15 25 0 5 13 24 0 0 2 1 0 1 0 0
258 70 108 86 22 48 219 1545 241 820 78 2992 23 17 16.5 23 18 30 241 1 8 14 25 1 7 12 24 0 0 2 1 0 1 0 0
259 77 110 86 24 51 219 1556 207 820 80 2980 23.5 17 16 23 18 29 207 2 9 13 27 2 9 10 26 0 0 2 1 0 0 1 0
260 86 110 87 23 48 228 1546 241 813 79 2952 24 17 17 23 18 33 241 2 6 13 27 2 6 10 26 0 0 2 1 0 0 1 0
261 67 111 88 23 48 221 1540 227 813 80 2964 25 17 17 23 18 23 227 2 7 8 31 2 7 6 29 0 0 1 2 0 0 1 0
262 87 111 88 23 48 225 1535 238 802 79 2962 24 17 16.5 23 18 23 238 3 6 7 32 3 6 5 30 0 0 1 2 0 0 1 0
263 83 109 86 23 43 227 1535 219 794 74 2948 22 18 17 23 18 23 219 2 5 6 30 2 5 5 27 0 0 0 3 0 0 1 0
264 80 110 86 24 44 225 1524 222 790 73 2939 21 19 19 23 18 24 222 2 6 8 28 2 6 7 25 0 0 0 3 0 0 1 0
265 72 110 85 25 43 230 1530 219 796 73 2947 21.5 18 18 23 18 33 219 1 7 9 26 1 7 8 23 0 0 0 3 0 0 1 0
266 66 111 86 25 45 233 1560 223 797 75 2964 22 18 18 23 18 31 223 2 7 10 26 2 7 9 23 0 0 0 3 0 0 1 0
267 82 112 85 27 47 245 1521 232 793 74 2955 22 18 17 23 18 34 232 2 7 11 27 2 7 10 24 0 0 0 3 0 0 1 0
268 80 115 89 26 46 246 1524 216 797 73 2947 21 19 18 26.5 18 26 216 2 6 11 27 2 6 10 23 0 0 0 4 0 0 1 0
269 77 118 92 26 48 244 1529 226 799 78 2975 21.5 20.5 20 26.5 18 21 226 1 5 14 28 1 5 13 24 0 0 0 4 0 0 1 0
270 73 117 92 25 49 234 1555 194 805 79 2995 22 21 21 26.5 18 18 194 1 8 13 27 1 8 12 23 0 0 0 4 0 0 1 0
271 77 118 93 25 49 232 1559 240 802 82 3003 22 21 21 26.5 18 18 240 1 9 11 28 1 9 11 23 0 0 0 4 0 0 0 1
272 85 117 92 25 50 226 1588 197 803 81 2999 22 21 21 26.5 18 22 197 2 7 11 30 2 7 11 25 0 0 0 4 0 0 0 1
273 84 114 91 23 49 240 1573 223 794 81 2999 22.5 21 21 26.5 NA 32 223 2 6 12 29 2 6 12 25 0 0 0 4 0 0 0 0
274 85 110 87 23 49 238 1585 208 796 79 2994 21.5 21 20 26.5 NA 31 208 2 7 11 29 2 7 11 25 0 0 0 4 0 0 0 0
275 70 108 85 23 48 234 1575 238 810 78 3009 21.5 19 18 26.5 NA 26 238 2 9 11 26 2 9 11 22 0 0 0 4 0 0 0 0
276 86 107 81 26 50 241 1538 241 806 78 2978 20 17.5 17 23 NA 38 241 3 13 10 24 3 13 10 21 0 0 0 3 0 0 0 0
277 94 103 80 23 50 231 1555 191 801 76 2967 21 18 18 23 NA 19 191 2 12 12 24 2 12 12 21 0 0 0 3 0 0 0 0
278 81 105 82 23 50 231 1575 216 803 76 2956 21 18 18 20 NA 30 216 2 11 13 24 2 10 13 21 0 1 0 3 0 0 0 0
279 73 103 80 23 51 225 1579 198 809 77 2964 22 18 18 17 NA 17 198 2 12 12 25 2 10 12 22 0 2 0 3 0 0 0 0
280 86 100 78 22 51 222 1566 212 806 80 2955 23 20 20.5 17 NA 22 212 1 11 12 27 1 9 12 24 0 2 0 3 0 0 0 0
281 58 98 77 21 50 212 1531 221 820 80 2952 24 20.5 21 17 NA 23 221 0 10 11 29 0 8 11 26 0 2 0 3 0 0 0 0
282 75 98 78 20 51 215 1504 215 819 80 2955 25 20 21 16 NA 27 215 0 11 11 29 0 8 11 26 0 3 0 3 0 0 0 0
283 80 99 78 21 51 221 1540 230 812 80 2960 25 20 21 16 NA 23 230 0 10 12 29 0 7 12 26 0 3 0 3 0 0 0 0
284 71 97 77 20 52 227 1565 205 810 80 2971 26 18 19 16 NA 32 205 0 11 11 30 0 8 11 27 0 3 0 3 0 0 0 0
285 81 96 78 18 51 230 1574 213 811 76 2980 25 18 18 16 NA 31 213 1 11 12 27 1 9 11 24 0 2 1 3 0 0 0 0
286 75 102 78 24 53 231 1551 214 810 77 2975 24.5 18 18 17 NA 27 214 0 11 15 27 0 9 13 24 0 2 2 3 0 0 0 0
287 84 102 78 24 53 218 1568 210 814 77 2968 24.5 18 18 17 NA 20 210 1 9 16 27 1 7 14 24 0 2 2 3 0 0 0 0
288 87 104 80 24 52 218 1543 230 803 78 2957 24.5 18 18 17 NA 23 230 1 7 16 28 1 6 13 25 0 1 3 3 0 0 0 0
289 88 101 79 22 51 215 1589 195 798 74 2955 25 18 18 17 NA 19 195 2 7 12 30 2 6 10 26 0 1 2 4 0 0 0 0
290 73 102 77 25 52 207 1587 244 811 76 2962 26 18 18 17 NA 23 244 2 6 13 31 2 5 11 27 0 1 2 4 0 0 0 0
291 70 102 79 23 53 215 1550 250 806 74 2968 26.5 18 18 16 NA 27 250 3 6 15 29 3 5 13 26 0 1 2 3 0 0 0 0
292 72 98 75 23 52 220 1550 221 806 71 2977 27 18 18 16 NA 29 221 3 7 13 29 3 6 11 26 0 1 2 3 0 0 0 0
293 77 100 75 25 51 226 1536 226 801 71 2986 26.5 18 18 16 NA 24 226 3 6 14 28 3 6 11 25 0 0 3 3 0 0 0 0
294 71 100 75 25 50 245 1557 214 795 72 2991 27 18 18 16 NA 34 214 2 6 15 27 2 6 12 24 0 0 3 3 0 0 0 0
295 91 100 74 26 49 245 1536 221 791 70 2977 27 18 18 17 NA 26 221 2 6 14 27 2 6 11 25 0 0 3 2 0 0 0 0
296 88 101 76 25 48 244 1542 229 797 67 2962 28 18 18 17 NA 28 229 2 4 15 27 2 4 12 25 0 0 3 2 0 0 0 0
297 83 103 78 25 49 244 1538 237 793 69 2949 28 18 18 17 NA 22 237 2 5 13 29 2 5 11 26 0 0 2 3 0 0 0 0
298 79 100 75 25 50 249 1536 209 790 73 2951 28.5 18 18 17 NA 25 209 1 8 12 29 1 8 10 26 0 0 2 3 0 0 0 0
299 73 96 72 24 46 247 1545 205 784 70 2970 27.5 18 18 20 NA 27 205 1 6 12 27 1 6 11 24 0 0 1 3 0 0 0 0
300 75 100 71 29 45 243 1522 239 785 70 2963 23.5 18 18 20 NA 24 239 1 6 9 29 1 6 9 25 0 0 0 4 0 0 0 0
301 86 100 69 31 45 240 1541 203 786 71 2954 23 18 18 23 NA 23 203 1 6 8 30 1 6 8 25 0 0 0 5 0 0 0 0
302 79 96 66 30 42 240 1570 211 783 71 2954 23.5 18 18 23 NA 24 211 1 5 7 29 1 5 7 24 0 0 0 5 0 0 0 0
303 75 96 67 29 42 247 1568 206 777 71 2953 21.5 18 18 23 NA 27 206 1 6 6 29 1 6 6 24 0 0 0 5 0 0 0 0
304 69 96 69 27 41 246 1557 217 778 69 2972 20 18 18 23 NA 23 217 1 6 5 29 1 6 5 26 0 0 0 3 0 0 0 0
305 71 101 73 28 44 242 1561 209 788 72 2967 20 18 18 23 NA 28 209 2 8 5 29 2 8 5 26 0 0 0 3 0 0 0 0
306 79 103 76 27 45 233 1560 222 792 72 2964 20 18 18 19.5 NA 24 222 1 9 5 30 1 8 5 27 0 1 0 3 0 0 0 0
307 66 101 75 26 45 235 1559 219 794 73 2967 21 18 18 19.5 NA 21 219 1 9 5 30 1 8 5 27 0 1 0 3 0 0 0 0
308 78 101 75 26 44 229 1569 190 793 73 2965 22 18 18 19.5 NA 21 190 1 9 3 31 1 8 3 28 0 1 0 3 0 0 0 0
309 68 103 77 26 45 245 1578 233 793 75 2968 23 18 18 16 NA 33 233 1 9 4 31 1 7 4 28 0 2 0 3 0 0 0 0
310 83 100 76 24 42 244 1552 211 791 71 2968 22.5 17 17 16 NA 25 211 2 5 8 27 2 3 8 24 0 2 0 3 0 0 0 0
311 63 99 74 25 42 239 1567 206 797 73 2969 23 17 17 16 NA 21 206 2 6 8 26 2 4 8 23 0 2 0 3 0 0 0 0
312 86 99 74 25 42 244 1560 217 783 75 2957 24 17 17 16 NA 28 217 2 6 8 26 2 4 8 23 0 2 0 3 0 0 0 0
313 83 101 75 26 42 257 1537 227 778 75 2949 25 17 17 16 NA 33 227 2 6 8 26 2 4 8 23 0 2 0 3 0 0 0 0
314 84 101 76 25 44 249 1527 205 783 73 2949 25 17 17 16 NA 20 205 3 4 11 26 3 3 10 23 0 1 1 3 0 0 0 0
315 69 99 73 26 45 244 1525 201 789 72 2955 25 17 17.5 16 NA 27 201 3 4 12 26 3 3 11 23 0 1 1 3 0 0 0 0
316 90 101 75 26 43 250 1512 230 780 74 2947 25 17 17 16 NA 31 230 1 6 11 25 1 5 10 23 0 1 1 2 0 0 0 0
317 67 98 73 25 46 248 1520 213 783 75 2950 25 17 17 16 NA 25 213 3 5 14 24 3 5 12 22 0 0 2 2 0 0 0 0
318 73 98 73 25 46 242 1507 228 782 75 2959 25 17 17.5 16 NA 16 228 2 6 14 24 2 6 12 22 0 0 2 2 0 0 0 0
319 77 99 74 25 45 242 1544 188 781 75 2960 26 17 18 16 NA 25 188 1 7 13 24 1 6 11 22 0 1 2 2 0 0 0 0
320 73 100 74 26 46 243 1600 206 783 75 2953 24.5 17 18 16 NA 28 206 0 8 14 24 0 7 12 22 0 1 2 2 0 0 0 0
321 87 98 71 27 45 245 1550 233 782 73 2946 25 17 17.5 16 NA 32 233 0 9 13 23 0 8 11 21 0 1 2 2 0 0 0 0
322 78 100 73 27 49 249 1515 235 777 74 2957 25 17 17 16 NA 29 235 0 12 11 26 0 11 8 24 0 1 3 2 0 0 0 0
323 72 99 71 28 50 252 1515 213 784 72 2954 24 17 17 16 NA 33 213 1 11 12 26 1 10 9 24 0 1 3 2 0 0 0 0
324 74 100 72 28 52 248 1512 221 792 73 2963 25 17 17 16 NA 27 221 2 11 13 26 2 10 10 24 0 1 3 2 0 0 0 0
325 92 101 73 28 51 240 1505 215 793 74 2959 25 17 17 16 NA 19 215 2 11 11 27 2 10 9 24 0 1 2 3 0 0 0 0
326 92 100 73 27 48 237 1526 209 790 73 2940 25.5 16.5 17 16 NA 25 209 1 11 8 28 1 10 7 25 0 1 1 3 0 0 0 0
327 69 101 75 26 48 233 1523 219 787 74 2942 24 17 17 16 NA 18 219 0 9 9 30 0 9 7 27 0 0 2 3 0 0 0 0
328 74 105 79 26 44 225 1490 234 783 74 2941 23 16 17 16 NA 23 234 0 7 10 27 0 7 8 25 0 0 2 2 0 0 0 0
329 72 105 81 24 46 223 1517 213 781 73 2942 24 17 17.5 16 NA 26 213 1 7 11 27 1 7 10 24 0 0 1 3 0 0 0 0
330 67 106 82 24 46 212 1519 211 793 73 2942 23.5 17 18 16 NA 17 211 1 6 12 27 1 6 10 24 0 0 2 3 0 0 0 0
331 76 104 80 24 44 221 1541 214 792 74 2939 23.5 17 18 16 NA 31 214 1 5 11 27 1 5 10 23 0 0 1 4 0 0 0 0
332 82 102 78 24 44 216 1564 213 791 74 2925 24 16.5 17 16 NA 26 213 1 4 13 26 1 4 12 22 0 0 1 4 0 0 0 0
333 71 100 77 23 43 223 1566 221 791 72 2946 25 17 17.5 16 NA 27 221 1 3 12 27 1 3 11 23 0 0 1 4 0 0 0 0
334 73 101 77 24 44 229 1579 226 797 75 2949 26 17 18 16 NA 33 226 1 2 13 28 1 2 12 24 0 0 1 4 0 0 0 0
335 84 104 78 26 46 223 1566 217 806 76 2949 25 17 18 16 NA 25 217 1 3 14 28 1 3 13 24 0 0 1 4 0 0 0 0
336 61 105 79 26 46 216 1545 222 814 77 2961 25 17.5 18 16 NA 19 222 1 3 12 30 1 3 11 26 0 0 1 4 0 0 0 0
337 64 103 78 25 47 220 1548 225 819 78 2963 26 17 18 16 NA 28 225 2 4 11 30 2 4 10 26 0 0 1 4 0 0 0 0
338 84 100 76 24 48 220 1542 212 819 77 2953 26.5 17 18 16 NA 31 212 2 6 12 28 2 5 11 24 0 1 1 4 0 0 0 0
339 80 98 74 24 49 227 1542 223 822 79 2955 28.5 17 18 16 NA 30 223 1 5 14 29 1 4 14 24 0 1 0 5 0 0 0 0
340 66 96 73 23 46 225 1532 217 830 79 2964 27.5 17.5 18 16 NA 22 217 1 2 13 30 1 2 13 25 0 0 0 5 0 0 0 0
341 86 95 70 25 47 215 1561 176 839 77 2953 27 18 19 16 NA 23 176 1 3 12 31 1 3 12 27 0 0 0 4 0 0 0 0
342 93 95 71 24 51 202 1563 195 845 77 2949 27 18 18 16 NA 22 195 1 8 12 30 1 8 12 26 0 0 0 4 0 0 0 0
343 94 95 71 24 52 208 1549 221 841 76 2929 28 18 18 16 NA 22 221 1 8 12 31 1 8 12 27 0 0 0 4 0 0 0 0
344 84 94 71 23 48 197 1585 213 851 72 2935 26.5 18 18 16 NA 23 213 0 9 11 28 0 9 11 25 0 0 0 3 0 0 0 0
345 71 94 71 23 48 193 1592 205 856 73 2948 27.5 18 18 16 NA 22 205 0 9 11 28 0 9 11 25 0 0 0 3 0 0 0 0
346 57 97 74 23 49 191 1616 224 858 74 2968 26 18 18 16 NA 21 224 0 7 14 28 0 7 14 25 0 0 0 3 0 0 0 0
347 83 93 73 20 46 194 1604 223 842 71 2950 25 18 19 16 NA 23 223 0 9 13 24 0 9 13 21 0 0 0 3 0 0 0 0
348 72 93 73 20 47 206 1550 264 839 71 2962 26 18 19.5 16 NA 29 264 0 7 14 26 0 7 14 23 0 0 0 3 0 0 0 0
349 67 95 75 20 49 213 1562 229 845 70 2983 26 19 20 16 NA 30 229 0 8 15 26 0 8 15 23 0 0 0 3 0 0 0 0
350 88 95 75 20 49 215 1566 195 840 67 2972 25 20 20 16 NA 23 195 1 8 14 26 1 8 14 23 0 0 0 3 0 0 0 0
351 80 95 75 20 47 211 1548 217 837 67 2976 26 20 20 16 NA 18 217 0 6 13 28 0 6 13 25 0 0 0 3 0 0 0 0
352 66 95 75 20 48 207 1559 232 840 68 2995 25 20 20 16 NA 26 232 0 7 13 28 0 7 13 25 0 0 0 3 0 0 0 0
353 83 95 74 21 46 199 1554 228 842 68 3002 26 20 20.5 16 NA 20 228 0 5 13 28 0 5 13 26 0 0 0 2 0 0 0 0
354 77 93 73 20 46 202 1556 230 836 67 2996 26 20 20.5 16 NA 23 230 0 4 14 28 0 4 14 26 0 0 0 2 0 0 0 0
355 63 93 73 20 45 208 1569 243 838 68 3011 27 20 20 16 NA 32 243 0 4 14 27 0 4 14 25 0 0 0 2 0 0 0 0
356 93 93 73 20 46 205 1580 211 836 72 2998 28 20 20 16 NA 21 211 0 4 14 28 0 4 14 26 0 0 0 2 0 0 0 0
357 74 93 72 21 48 211 1561 248 838 72 3007 29 20 20.5 16 NA 36 248 0 4 16 28 0 4 16 26 0 0 0 2 0 0 0 0
358 71 92 70 22 47 221 1550 245 841 73 3030 30 20 20 16 NA 37 245 0 5 14 28 0 5 14 26 0 0 0 2 0 0 0 0
359 82 92 71 21 50 219 1562 217 844 73 3024 29.5 20 20.5 16 NA 31 217 0 6 15 29 0 6 15 27 0 0 0 2 0 0 0 0
360 93 95 73 22 47 223 1572 213 838 71 3009 28 20 20 16 NA 29 213 0 6 13 28 0 6 13 26 0 0 0 2 0 0 0 0
