1 81 98 83 15 46 26 1200 66 16 75 24 25.5 18 NA 18 NA 7 66 1 5 17 23 0 0 0 0 1 5 17 23 0 0 0 0 1 121 0 0 4925 19 27 29
2 70 97 81 16 47 22 1261 56 13 72 42 26 18 NA 18 NA 7 56 1 6 18 22 0 0 0 0 1 6 18 22 0 0 0 0 2 131 0 0 4928 18 26 28
3 93 96 80 16 48 29 1295 77 3 72 66 26.5 18 NA 18 NA 11 77 1 5 19 23 0 0 0 0 1 5 19 23 0 0 0 0 0 145 0 0 4928 18 26 28
4 85 96 79 17 49 25 1326 70 9 73 83 27.5 18 NA 18 NA 6 70 1 5 19 24 0 0 0 0 1 5 19 24 0 0 0 0 0 131 0 0 4927 18 26 29
5 66 100 82 18 48 36 1378 73 3 72 106 26.5 18 NA 18 NA 13 73 1 6 18 23 0 0 0 0 1 6 18 23 0 0 0 0 5 148 0 0 4928 19 25 28
6 82 100 83 17 50 45 1394 92 8 71 126 27.5 18 NA 18 NA 15 92 1 6 18 25 0 0 0 0 1 6 18 25 0 0 0 0 2 135 0 0 4929 16 24 31
7 76 102 83 19 52 41 1420 94 11 72 130 28 18 NA 18 NA 7 94 2 7 17 26 0 0 0 0 2 7 17 26 0 0 0 0 1 142 0 0 4928 16 24 32
8 72 101 82 19 52 46 1431 102 7 72 127 29 18 NA 18 NA 12 102 2 8 17 25 0 0 0 0 2 8 17 25 0 0 0 0 0 134 0 0 4928 15 25 32
9 75 100 81 19 51 50 1465 82 5 73 142 30 18 NA 18 NA 11 82 1 8 15 27 0 0 0 0 1 8 15 27 0 0 0 0 0 142 0 0 4927 15 24 34
10 78 98 79 19 50 52 1503 82 11 74 149 30.5 18 NA 18 9 11 82 0 8 13 29 0 0 0 0 0 7 13 29 0 1 0 0 0 144 0 0 4926 17 21 36
11 69 99 80 19 50 56 1503 101 9 75 151 29 18.5 NA 18.5 17.5 14 101 0 8 11 31 0 0 0 0 0 7 11 30 0 1 0 1 1 125 0 0 4925 17 19 39
12 64 97 78 19 51 56 1531 93 14 74 156 30 18 NA 18 17.5 15 93 0 9 10 32 0 0 0 0 0 8 10 31 0 1 0 1 0 136 0 0 4926 17 16 41
13 78 98 77 21 52 44 996 75 10 76 146 31 18 NA 18 9 7 75 0 10 7 35 0 0 0 0 0 9 7 35 0 1 0 0 0 140 7 580 4924 19 13 44
14 86 99 76 23 53 39 1014 52 12 77 159 30 18 NA 18 9 6 52 1 9 7 36 0 0 0 0 1 8 7 36 0 1 0 0 1 138 7 631 4923 21 13 43
15 79 96 75 21 54 41 1024 75 7 75 153 31 18 NA 18 9 10 75 1 10 6 37 0 0 0 0 1 9 6 37 0 1 0 0 0 154 8 682 4925 21 11 43
16 82 95 74 21 53 42 1043 68 5 74 149 31 18 NA 18 9 8 68 1 9 8 35 0 0 0 0 1 8 8 35 0 1 0 0 1 150 11 727 4926 20 12 42
17 71 98 74 24 56 42 1038 71 8 78 158 28.5 17.5 NA 18 11.5 8 71 1 12 8 35 0 0 0 0 1 10 8 35 0 2 0 0 1 141 12 783 4922 24 13 41
18 61 100 76 24 55 41 1065 75 6 81 171 27.5 18 NA 18 9.5 9 75 0 10 8 37 0 0 0 0 0 9 8 36 0 1 0 1 1 155 16 826 4919 25 13 43
19 76 100 76 24 56 32 1081 77 7 81 172 27 17 NA 17.5 9.5 4 77 0 12 8 36 0 0 0 0 0 11 8 35 0 1 0 1 0 159 21 879 4919 26 13 42
20 67 101 77 24 54 30 1079 73 7 78 166 26 17 NA 17 9.5 9 73 0 11 9 34 0 0 0 0 0 10 9 33 0 1 0 1 1 147 23 944 4922 24 12 42
21 68 98 74 24 52 37 1086 78 5 74 171 26.5 17 NA 17 14 12 78 1 11 8 32 0 0 0 0 1 10 8 32 0 1 0 0 1 147 24 997 4926 22 12 40
22 67 100 75 25 51 30 1072 81 11 74 167 25.5 17 NA 17 14 8 81 1 10 8 32 0 0 0 0 1 10 7 32 0 0 1 0 2 134 28 1049 4926 20 14 40
23 70 95 70 25 51 32 1078 73 6 70 162 25 17 NA 17 15.5 9 73 1 10 11 29 0 0 0 0 1 10 10 28 0 0 1 1 0 152 30 1104 4930 18 15 37
24 71 95 69 26 49 27 1080 66 9 68 154 26 17 NA 18 15.5 5 66 1 9 11 28 0 0 0 0 1 9 10 27 0 0 1 1 1 146 31 1171 4932 17 15 36
25 68 97 71 26 52 29 1084 87 8 70 168 27 17.5 NA 18 15.5 9 87 2 8 14 28 0 0 0 0 1 8 13 26 1 0 1 2 0 163 31 1221 4930 17 17 36
26 90 95 71 24 51 30 1099 81 6 70 171 27 18 NA 18 15.5 8 81 2 7 15 27 0 0 0 0 1 7 14 25 1 0 1 2 1 172 31 1279 4930 16 19 35
27 82 96 72 24 51 31 1086 88 8 71 166 28 18 NA 18 15.5 9 88 2 6 16 27 0 0 0 0 1 6 15 25 1 0 1 2 1 150 31 1338 4929 16 19 36
28 89 96 71 25 49 36 1061 93 5 68 168 26 17 NA 18 15.5 13 93 2 7 14 26 0 0 0 0 1 7 13 24 1 0 1 2 3 153 35 1400 4932 17 17 34
29 83 101 74 27 51 33 1076 76 14 72 155 26 17 NA 17 17 13 76 1 7 16 27 0 0 0 0 1 6 16 25 0 1 0 2 3 153 38 1442 4928 16 21 35
30 71 99 73 26 50 28 1089 59 9 73 158 28 17.5 NA 18 17 4 59 0 4 17 29 0 0 0 0 0 3 17 27 0 1 0 2 1 151 38 1510 4927 15 21 37
31 86 96 72 24 49 27 1075 80 7 72 155 26 17 NA 17 17 7 80 1 5 16 27 0 0 0 0 1 4 16 25 0 1 0 2 1 153 40 1572 4928 18 20 34
32 88 101 77 24 51 33 1092 77 8 74 159 27 17 NA 17.5 17 10 77 0 6 16 29 0 0 0 0 0 5 16 27 0 1 0 2 1 166 40 1624 4926 21 19 34
33 68 102 78 24 52 28 1114 62 8 73 169 27 17 NA 17 17 5 62 1 6 16 29 0 0 0 0 1 5 16 27 0 1 0 2 1 160 42 1683 4927 21 18 34
34 80 100 74 26 49 33 1115 94 8 71 171 23.5 17 NA 17 17 13 94 0 7 13 29 0 0 0 0 0 6 13 27 0 1 0 2 0 158 42 1731 4929 21 15 35
35 82 95 68 27 46 31 1112 85 6 64 183 22 17 NA 17 17 7 85 0 7 11 28 0 0 0 0 0 6 11 26 0 1 0 2 1 162 43 1785 4936 18 14 32
36 71 95 68 27 47 32 1109 84 11 65 188 22 17 NA 17 17 11 84 0 9 11 27 0 0 0 0 0 8 11 25 0 1 0 2 0 160 44 1842 4935 20 14 31
37 72 94 67 27 47 31 1140 66 11 65 194 21.5 17 NA 17 12.5 9 66 0 8 13 26 0 0 0 0 0 7 13 25 0 1 0 1 1 167 44 1896 4935 20 15 30
38 83 92 68 24 43 29 1111 96 7 63 175 21 17 NA 17 8 7 96 0 8 11 24 0 0 0 0 0 7 11 24 0 1 0 0 1 146 45 1958 4937 21 13 29
39 87 91 67 24 44 41 1088 93 9 63 173 22 16.5 NA 17 8 19 93 0 8 10 26 0 0 0 0 0 7 10 26 0 1 0 0 1 145 45 2012 4937 21 12 30
40 89 92 68 24 44 28 1095 82 16 63 165 21.5 16.5 NA 17 8 6 82 2 7 10 25 0 0 0 0 2 6 10 25 0 1 0 0 2 159 47 2069 4937 22 12 29
41 75 95 71 24 44 25 1125 85 11 67 188 21 15.5 NA 15.5 16 8 85 2 6 8 28 0 0 0 0 2 6 6 28 0 0 2 0 3 187 48 2120 4933 24 11 32
42 66 98 74 24 46 31 1106 97 6 68 179 21 15 NA 15 16 13 97 2 8 6 30 0 0 0 0 2 8 4 30 0 0 2 0 3 152 50 2176 4932 24 10 34
43 82 96 71 25 46 34 1122 89 7 67 175 21 15 NA 15.5 11.5 9 89 2 9 6 29 0 0 0 0 2 8 4 28 0 1 2 1 1 183 50 2233 4933 22 12 33
44 94 97 72 25 49 36 1126 67 9 70 188 20 15 NA 16 11.5 11 67 1 13 7 28 0 0 0 0 1 12 5 27 0 1 2 1 0 167 52 2301 4930 24 14 32
45 58 98 73 25 50 37 1139 73 6 72 192 21 15 NA 15.5 11.5 8 73 0 15 7 28 0 0 0 0 0 14 5 27 0 1 2 1 2 155 52 2354 4928 26 14 32
46 72 96 73 23 49 35 1153 74 8 69 203 21.5 16 NA 16 11.5 8 74 0 14 8 27 0 0 0 0 0 13 6 26 0 1 2 1 0 164 54 2416 4931 23 15 31
47 72 97 74 23 49 37 1177 83 8 70 200 22 16 NA 16 11.5 10 83 0 14 8 27 0 0 0 0 0 13 6 26 0 1 2 1 1 178 55 2468 4930 24 14 32
48 72 99 76 23 49 36 1169 78 6 70 202 22 16 NA 16 11.5 6 78 0 12 10 27 0 0 0 0 0 11 8 26 0 1 2 1 1 150 56 2526 4930 23 16 31
49 74 98 75 23 48 36 1167 78 10 69 199 21.5 15 NA 15.5 11.5 11 78 0 13 9 26 0 0 0 0 0 12 7 25 0 1 2 1 1 157 57 2588 4931 22 17 30
50 84 98 76 22 49 33 1160 94 10 70 200 22.5 15 NA 16 11.5 11 94 0 13 10 26 0 0 0 0 0 12 8 25 0 1 2 1 2 163 59 2638 4930 23 16 31
51 94 96 75 21 48 44 1146 79 6 70 202 23.5 15 NA 15.5 11.5 19 79 0 12 10 26 0 0 0 0 0 11 8 25 0 1 2 1 0 139 60 2689 4930 22 17 31
52 84 92 73 19 46 34 1140 91 15 70 197 24.5 15 NA 15.5 11.5 7 91 1 9 11 25 0 0 0 0 1 8 9 24 0 1 2 1 0 172 61 2748 4930 22 18 30
53 80 90 72 18 44 36 1119 81 8 72 195 25 15.5 NA 16 14 10 81 0 6 12 26 0 0 0 0 0 6 11 24 0 0 1 2 0 147 61 2815 4928 20 21 31
54 65 90 73 17 44 39 1086 92 7 72 187 25 15 NA 15 14 11 92 0 7 12 25 0 0 0 0 0 7 11 23 0 0 1 2 1 141 62 2878 4928 23 19 30
55 69 93 76 17 44 41 1101 67 7 71 191 26 15 NA 15 14 12 67 0 8 12 24 0 0 0 0 0 8 11 22 0 0 1 2 3 165 65 2945 4929 23 17 31
56 79 91 74 17 47 34 1095 95 12 71 179 27 15 NA 15.5 14 5 95 0 7 15 25 0 0 0 0 0 7 14 23 0 0 1 2 0 165 66 2996 4929 20 19 32
57 72 94 78 16 47 41 1085 100 6 72 180 25 15 NA 15 14 16 100 0 6 16 25 0 0 0 0 0 6 15 23 0 0 1 2 3 160 67 3051 4928 20 20 32
58 66 97 80 17 47 37 1085 79 12 74 169 26 15 NA 15 14 8 79 0 6 15 26 0 0 0 0 0 6 14 24 0 0 1 2 3 149 68 3109 4926 23 18 33
59 77 96 80 16 45 33 1099 81 10 72 175 26 15 NA 15.5 14 8 81 0 6 14 25 0 0 0 0 0 6 13 23 0 0 1 2 1 182 68 3176 4928 23 17 32
60 86 94 77 17 45 32 1089 80 8 69 175 23.5 16 NA 16.5 14 9 80 1 7 13 24 0 0 0 0 1 7 12 22 0 0 1 2 1 149 69 3232 4931 22 17 30
61 91 92 74 18 42 35 1102 78 5 67 181 23.5 15 NA 15 14 8 78 1 6 14 21 0 0 0 0 1 6 13 19 0 0 1 2 2 180 69 3296 4933 21 17 29
62 86 88 70 18 42 35 1083 85 7 67 176 25.5 15.5 NA 16 14 8 85 0 6 15 21 0 0 0 0 0 6 14 19 0 0 1 2 2 148 69 3355 4933 19 19 29
63 78 87 70 17 42 34 1099 82 10 64 181 25 15 NA 15.5 13.5 11 82 0 5 16 21 0 0 0 0 0 4 15 19 0 1 1 2 1 171 71 3408 4936 17 19 28
64 73 87 70 17 41 33 1103 79 8 63 178 26 15 NA 15.5 14 9 79 0 4 16 21 0 0 0 0 0 3 15 18 0 1 1 3 1 158 73 3466 4937 15 20 28
65 82 86 69 17 43 38 1073 92 8 62 174 26.5 16 NA 17 14 12 92 0 5 14 24 0 0 0 0 0 4 14 21 0 1 0 3 0 139 74 3521 4938 13 17 32
66 82 84 68 16 40 36 1070 82 7 61 170 26.5 16 NA 17 14 6 82 0 3 16 21 0 0 0 0 0 2 16 19 0 1 0 2 0 150 75 3575 4939 12 20 29
67 90 84 67 17 38 31 1058 102 8 62 169 26.5 17 NA 17 18.5 8 102 0 3 16 19 0 0 0 0 0 2 16 18 0 1 0 1 2 160 80 3622 4938 15 20 27
68 75 85 67 18 38 31 1060 71 6 60 170 27 17 NA 17 18.5 8 71 0 3 13 22 0 0 0 0 0 2 13 21 0 1 0 1 1 150 82 3681 4940 14 16 30
69 77 86 67 19 38 32 1086 77 10 60 178 27 17 NA 17 18.5 10 77 0 2 13 23 0 0 0 0 0 1 13 22 0 1 0 1 1 165 82 3721 4940 14 16 30
70 67 87 68 19 38 37 1091 80 5 63 199 28 17 NA 17 18.5 11 80 0 1 14 23 0 0 0 0 0 0 14 22 0 1 0 1 1 155 83 3777 4937 15 18 30
71 62 87 68 19 38 34 1080 87 13 64 192 26 17.5 NA 17.5 18.5 11 87 0 2 14 22 0 0 0 0 0 1 14 21 0 1 0 1 0 152 84 3841 4936 16 19 29
72 92 87 68 19 37 39 1102 87 6 63 191 26 17 NA 17 18.5 11 87 0 1 15 21 0 0 0 0 0 0 15 20 0 1 0 1 2 171 85 3887 4937 16 19 28
73 66 86 68 18 36 39 1103 81 10 61 189 24.5 17.5 NA 17.5 18.5 10 81 1 2 11 22 0 0 0 0 1 1 11 21 0 1 0 1 1 164 85 3950 4939 17 16 28
74 79 85 67 18 38 33 1107 90 14 61 175 24 17.5 NA 17.5 18.5 8 90 1 2 11 24 0 0 0 0 1 2 10 23 0 0 1 1 1 172 87 4009 4939 17 15 29
75 79 81 63 18 38 29 1105 70 9 62 181 25 17.5 NA 17.5 18.5 5 70 1 3 9 25 0 0 0 0 1 3 8 24 0 0 1 1 0 159 89 4076 4938 20 13 29
76 71 78 60 18 37 29 1130 81 5 60 179 24 18 NA 18 18.5 9 81 1 4 8 24 0 0 0 0 1 4 7 23 0 0 1 1 1 173 94 4128 4940 21 12 27
77 77 78 60 18 39 30 1136 71 4 61 177 25 18 NA 18 24 6 71 1 4 7 27 0 0 0 0 1 4 6 25 0 0 1 2 1 147 94 4176 4939 22 10 29
78 74 75 60 15 37 28 1163 86 7 59 175 23 19 NA 19 24 6 86 1 5 6 25 0 0 0 0 1 5 5 23 0 0 1 2 0 177 95 4228 4941 22 10 27
79 85 73 58 15 39 32 1167 80 5 57 183 24 19 NA 19 18.5 10 80 1 4 9 25 0 0 0 0 1 3 8 23 0 1 1 2 0 166 97 4286 4943 19 11 27
80 87 73 58 15 39 29 1186 88 9 58 184 25 19 NA 19 18.5 7 88 1 5 9 24 0 0 0 0 1 4 8 22 0 1 1 2 1 182 99 4336 4942 21 11 26
81 85 74 60 14 40 28 1188 75 9 59 186 25 19 NA 19 18.5 8 75 0 6 9 25 0 0 0 0 0 5 8 23 0 1 1 2 0 161 99 4394 4941 20 12 27
82 70 73 59 14 40 25 1218 68 8 58 180 25 19 NA 19 18.5 6 68 0 6 9 25 0 0 0 0 0 5 8 23 0 1 1 2 0 165 100 4445 4942 17 13 28
83 62 73 60 13 39 25 1210 92 7 56 180 25 19 NA 19 13 6 92 0 7 8 24 0 0 0 0 0 6 7 23 0 1 1 1 2 156 100 4504 4944 17 12 27
84 80 74 61 13 40 23 1183 90 8 58 189 26 19 NA 19 13 9 90 0 7 8 25 0 0 0 0 0 6 7 24 0 1 1 1 1 153 104 4571 4942 18 12 28
85 83 74 61 13 40 26 1170 91 8 59 190 26.5 19 NA 19 13 11 91 0 7 8 25 0 0 0 0 0 6 7 24 0 1 1 1 1 146 106 4623 4941 18 13 28
86 84 77 64 13 40 27 1178 86 8 60 187 26 19 NA 19 13 11 86 0 7 6 27 0 0 0 0 0 6 6 25 0 1 0 2 2 180 107 4682 4940 17 13 30
87 77 79 66 13 40 29 1160 82 5 60 187 26 19 NA 19 13 9 82 0 6 7 27 0 0 0 0 0 5 7 25 0 1 0 2 1 163 109 4761 4940 15 15 30
88 63 80 66 14 41 36 1138 95 10 60 185 26.5 19 NA 19.5 13 16 95 0 5 9 27 0 0 0 0 0 4 9 25 0 1 0 2 2 149 109 4818 4940 14 17 29
89 85 75 63 12 39 31 1131 80 15 56 186 26 19 NA 19.5 13 10 80 0 5 10 24 0 0 0 0 0 4 10 22 0 1 0 2 1 141 111 4868 4944 14 16 26
90 69 78 66 12 40 26 1147 66 12 58 195 26.5 19 NA 19 13 7 66 0 5 11 24 0 0 0 0 0 4 11 22 0 1 0 2 1 166 111 4936 4942 14 18 26
91 80 78 65 13 40 30 1159 82 5 58 201 27 19 NA 19.5 16 9 82 0 5 10 25 0 0 0 0 0 5 8 23 0 0 2 2 0 181 111 5001 4942 14 16 28
92 86 77 63 14 39 29 1145 92 9 57 193 28 19 NA 19 16 9 92 0 4 11 24 0 0 0 0 0 4 9 22 0 0 2 2 0 177 112 5076 4943 13 17 27
93 78 79 64 15 39 31 1140 97 7 59 187 28 19 NA 19 16 9 97 0 3 11 25 0 0 0 0 0 3 10 22 0 0 1 3 2 159 112 5127 4941 13 18 28
94 65 81 65 16 38 40 1133 76 3 58 195 28 19 NA 19 16 12 76 0 3 11 24 0 0 0 0 0 3 10 21 0 0 1 3 2 150 112 5192 4942 13 17 28
95 81 84 66 18 39 42 1103 104 10 59 193 26.5 19 NA 19 16 11 104 0 4 12 23 0 0 0 0 0 4 11 20 0 0 1 3 3 158 112 5250 4941 14 17 28
96 85 85 66 19 39 39 1119 86 11 58 195 27 19 NA 19 16 9 86 0 4 11 24 0 0 0 0 0 4 10 21 0 0 1 3 2 181 112 5316 4942 11 18 29
97 76 86 67 19 37 43 1147 86 9 57 204 25.5 18 NA 18 16 15 86 0 3 10 24 0 0 0 0 0 3 9 21 0 0 1 3 2 185 114 5365 4943 10 18 29
98 75 88 67 21 38 37 1151 90 11 59 197 25.5 19 NA 19 16 8 90 0 2 12 24 0 0 0 0 0 2 11 21 0 0 1 3 1 171 117 5419 4941 12 17 30
99 70 87 66 21 40 43 1156 88 9 60 190 26 19 NA 19.5 16 14 88 0 3 12 25 0 0 0 0 0 3 11 22 0 0 1 3 0 176 119 5481 4940 14 15 31
100 61 90 69 21 41 47 1174 96 10 61 188 25 19 NA 19 16 14 96 0 4 11 26 0 0 0 0 0 4 10 23 0 0 1 3 2 177 120 5532 4939 15 14 32
101 76 90 69 21 40 40 1172 95 17 61 188 24 19 NA 19 16 13 95 0 4 10 26 0 0 0 0 0 4 9 23 0 0 1 3 1 166 122 5585 4939 16 13 32
102 78 89 67 22 38 43 1185 83 7 61 176 21 18 NA 18 16 12 83 0 4 8 26 0 0 0 0 0 4 7 23 0 0 1 3 2 168 124 5640 4939 18 11 32
103 72 90 69 21 39 39 1195 77 9 60 187 22 18 NA 18 16 7 77 1 4 7 27 0 0 0 0 1 4 7 23 0 0 0 4 2 162 125 5704 4940 17 10 33
104 74 91 71 20 39 42 1151 106 10 61 181 21 18 NA 18 16 14 106 1 4 6 28 0 0 0 0 1 4 6 24 0 0 0 4 2 145 125 5766 4939 18 10 33
105 81 90 66 24 38 34 1169 70 12 58 177 19.5 18 NA 18 16 4 70 0 6 5 27 0 0 0 0 0 6 5 23 0 0 0 4 1 159 126 5824 4942 17 10 31
106 80 90 66 24 38 36 1167 98 7 59 182 20 18.5 NA 18 19 12 98 0 7 5 26 0 0 0 0 0 6 5 22 0 1 0 4 1 169 130 5880 4941 20 10 29
107 83 89 67 22 41 35 1157 91 13 62 184 21 18 NA 20 12.5 11 91 1 7 8 25 0 0 0 0 0 6 8 21 1 1 0 4 1 152 131 5929 4938 21 13 28
108 82 96 69 27 43 35 1155 84 9 65 189 19.5 18 NA 20 12.5 9 84 2 7 7 27 0 0 0 0 1 6 7 23 1 1 0 4 3 172 131 5998 4935 24 11 30
109 83 97 71 26 47 35 1163 95 14 67 194 19 16 NA 17 12.5 13 95 3 11 6 27 0 0 0 0 2 9 6 22 1 2 0 5 1 182 133 6052 4933 26 10 31
110 74 95 71 24 44 30 1168 76 9 64 196 18 16 NA 19 12.5 9 76 3 8 7 26 0 0 0 0 2 6 7 21 1 2 0 5 2 166 137 6115 4936 22 12 30
111 64 94 69 25 43 31 1152 108 9 60 210 18 16 NA 18 12.5 10 108 3 8 7 25 0 0 0 0 2 7 6 20 1 1 1 5 2 174 138 6183 4940 20 11 29
112 83 94 69 25 46 33 1148 101 16 63 210 18.5 16 NA 19 12.5 16 101 2 9 8 27 0 0 0 0 1 8 7 22 1 1 1 5 1 179 138 6243 4937 22 12 29
113 60 100 75 25 47 27 1129 93 12 63 202 18 16 NA 18 12.5 7 93 2 11 8 26 0 0 0 0 1 10 7 21 1 1 1 5 5 148 139 6301 4937 22 13 28
114 87 105 77 28 47 34 1126 81 3 65 204 19 16 NA 19 12 11 81 2 11 7 27 0 0 0 0 1 10 6 21 1 1 1 6 2 163 140 6362 4935 23 13 29
115 74 106 78 28 47 29 1134 78 12 68 195 19.5 16 NA 19 12 7 78 2 11 7 27 0 0 0 0 1 10 6 21 1 1 1 6 1 162 140 6420 4932 26 13 29
116 99 110 81 29 48 34 1123 97 6 68 194 20 16.5 NA 19 12.5 12 97 2 10 8 28 0 0 0 0 1 9 7 23 1 1 1 5 1 161 140 6470 4932 24 14 30
117 82 112 82 30 48 33 1107 83 7 71 185 20.5 16.5 NA 19 12.5 8 83 2 8 9 29 0 0 0 0 1 7 8 24 1 1 1 5 2 141 141 6522 4929 25 15 31
118 76 114 83 31 48 36 1118 88 8 73 194 19.5 17.5 NA 20 12.5 11 88 1 9 10 28 0 0 0 0 1 7 9 23 0 2 1 5 2 175 141 6582 4927 25 18 30
119 72 114 84 30 49 31 1137 79 12 74 202 20.5 17 NA 20 12 8 79 2 6 12 29 0 0 0 0 1 5 10 24 1 1 2 5 1 165 142 6634 4926 22 19 33
120 84 116 86 30 50 27 1119 80 8 80 191 20 16.5 NA 20 12 5 80 1 6 14 29 0 0 0 0 0 5 12 24 1 1 2 5 1 138 143 6689 4920 25 22 33
121 86 111 83 28 46 35 1142 80 0 77 206 21 18 NA 20.5 12.5 12 80 1 5 14 26 0 0 0 0 0 4 12 22 1 1 2 4 2 190 146 6755 4923 24 22 31
122 76 112 84 28 48 28 1118 94 12 78 205 20 18 NA 20.5 12.5 8 94 1 7 14 26 0 0 0 0 0 6 12 22 1 1 2 4 2 146 149 6813 4922 27 20 31
123 78 113 85 28 51 26 1107 87 8 79 187 20 18 NA 20 12.5 7 87 1 10 13 27 0 0 0 0 0 9 12 22 1 1 1 5 2 157 150 6875 4921 29 18 32
124 64 114 86 28 53 29 1126 70 6 79 193 20.5 18 NA 20 12.5 9 70 1 9 14 29 0 0 0 0 0 8 13 24 1 1 1 5 4 171 150 6943 4921 26 20 33
125 79 112 85 27 52 28 1136 73 9 82 181 21.5 18.5 NA 20 12.5 9 73 0 10 14 28 0 0 0 0 0 8 13 23 0 2 1 5 1 167 151 7001 4918 30 19 33
126 83 110 86 24 52 23 1111 94 14 83 179 21.5 18.5 NA 20 12.5 10 94 0 11 13 28 0 0 0 0 0 9 12 23 0 2 1 5 1 149 152 7060 4917 32 19 32
127 70 107 83 24 53 33 1081 118 7 82 157 22 19 NA 20.5 12 17 118 0 11 15 27 0 0 0 0 0 9 14 23 0 2 1 4 0 154 153 7113 4918 30 22 30
128 82 109 84 25 56 26 1074 84 15 85 164 23 19.5 NA 20 12 5 84 0 12 15 29 0 0 0 0 0 10 14 25 0 2 1 4 3 161 153 7170 4915 33 20 32
129 77 105 80 25 54 22 1115 76 6 84 167 23 20 NA 23 12 6 76 0 11 13 30 0 0 0 0 0 9 12 26 0 2 1 4 0 182 157 7216 4916 32 19 33
130 77 103 78 25 52 31 1107 84 6 81 174 24 20 NA 21 12 16 84 0 9 14 29 0 0 0 0 0 8 12 25 0 1 2 4 0 167 158 7285 4919 28 20 33
131 91 99 73 26 48 32 1098 89 7 76 172 23 17.5 NA 20 12 8 89 1 8 13 26 0 0 0 0 1 8 12 22 0 0 1 4 2 166 158 7352 4924 27 18 31
132 85 99 72 27 48 31 1129 91 8 76 187 24 18.5 NA 20 12 8 91 1 7 12 28 0 0 0 0 1 7 11 24 0 0 1 4 2 192 160 7400 4924 25 18 33
133 70 94 68 26 46 33 1121 100 6 73 191 24.5 18.5 NA 20 12.5 9 100 1 8 12 25 0 0 0 0 1 8 11 22 0 0 1 3 0 173 161 7464 4927 24 20 29
134 79 95 69 26 47 31 1132 80 11 75 189 25 18 NA 20 12.5 9 80 1 7 14 25 0 0 0 0 1 7 13 22 0 0 1 3 2 164 161 7510 4925 24 22 29
135 82 95 69 26 49 36 1148 89 9 76 188 25 18 NA 19 12.5 13 89 2 7 15 25 0 0 0 0 2 7 14 22 0 0 1 3 0 176 161 7557 4924 24 23 29
136 65 99 74 25 50 37 1148 104 9 78 177 26 17.5 NA 19 12 10 104 2 7 14 27 0 0 0 0 1 7 13 24 1 0 1 3 3 176 162 7612 4922 24 22 32
137 55 101 75 26 52 41 1127 81 10 80 175 26 18.5 NA 20 12 14 81 2 7 15 28 0 0 0 0 1 7 14 25 1 0 1 3 1 137 163 7679 4920 24 24 32
138 64 102 76 26 54 40 1133 90 12 82 168 26.5 17 NA 19 12 10 90 3 6 17 28 0 0 0 0 2 6 16 25 1 0 1 3 0 163 163 7732 4918 23 27 32
139 67 102 76 26 54 38 1144 99 7 81 179 27.5 17 NA 19 12 11 99 3 7 16 28 0 0 0 0 2 7 15 25 1 0 1 3 1 181 166 7788 4919 22 26 33
140 87 105 78 27 55 36 1173 85 7 83 193 28 17 NA 19 12 9 85 2 7 17 29 0 0 0 0 1 7 16 26 1 0 1 3 2 175 169 7829 4917 21 28 34
141 76 105 80 25 58 35 1162 98 14 80 199 28 17.5 NA 19 12 11 98 3 7 18 30 0 0 0 0 2 7 17 27 1 0 1 3 3 171 169 7894 4920 18 26 36
142 71 105 77 28 55 37 1182 80 6 78 206 28 17 NA 19 12.5 8 80 3 7 15 30 0 0 0 0 2 7 15 27 1 0 0 3 1 171 169 7950 4922 19 23 36
143 72 106 78 28 53 36 1191 97 7 76 209 26.5 17 NA 18 12.5 11 97 4 7 13 29 0 0 0 0 3 7 13 26 1 0 0 3 1 178 173 8003 4924 19 22 35
144 72 106 79 27 51 33 1158 99 11 75 200 26 17 NA 17.5 12 11 99 3 8 9 31 0 0 0 0 2 8 9 29 1 0 0 2 1 148 175 8072 4925 20 18 37
145 77 102 77 25 47 32 1147 104 10 69 193 25 17 NA 17.5 12 9 104 3 7 9 28 0 0 0 0 2 7 9 26 1 0 0 2 3 164 175 8126 4931 16 18 35
146 77 107 82 25 47 44 1142 94 3 72 192 24 17 NA 17.5 12 15 94 0 8 9 30 0 0 0 0 0 7 9 28 0 1 0 2 4 169 175 8184 4928 16 18 38
147 82 107 82 25 46 34 1142 79 15 71 197 25 17.5 NA 19 12 5 79 0 8 10 28 0 0 0 0 0 7 10 26 0 1 0 2 0 162 175 8249 4929 16 19 36
148 69 105 80 25 46 36 1155 93 8 71 201 24 18.5 NA 19 12 10 93 0 7 11 28 0 0 0 0 0 6 11 26 0 1 0 2 1 191 177 8315 4929 17 19 35
149 76 109 80 29 46 36 1168 79 8 70 206 23 16.5 NA 18 12 7 79 1 8 12 25 0 0 0 0 0 6 12 23 1 2 0 2 3 162 177 8364 4930 17 20 33
150 80 110 82 28 48 36 1166 89 10 71 197 23 16.5 NA 18 6 13 89 3 7 12 26 0 0 0 0 1 5 12 25 2 2 0 1 2 162 180 8413 4929 16 20 35
151 80 113 85 28 48 30 1139 90 12 70 194 20 17 NA 19 6 10 90 3 7 11 27 0 0 0 0 1 5 11 26 2 2 0 1 4 156 184 8479 4930 17 19 34
152 73 115 88 27 52 30 1132 96 11 71 191 20 17 NA 19 6 11 96 5 6 12 29 0 0 0 0 3 4 12 28 2 2 0 1 2 162 186 8541 4929 16 19 36
153 97 113 87 26 52 28 1151 73 11 70 197 19 16 NA 18 6 10 73 6 7 11 28 0 0 0 0 4 5 11 27 2 2 0 1 0 174 186 8605 4930 19 16 35
154 83 111 87 24 51 27 1160 80 8 71 208 18 15 NA 17.5 6 8 80 7 7 11 26 0 0 0 0 5 5 11 25 2 2 0 1 1 165 187 8661 4929 22 16 33
155 73 113 88 25 52 32 1165 89 8 75 225 19 15.5 NA 18 6 14 89 6 9 11 26 0 0 0 0 5 6 11 25 1 3 0 1 2 168 187 8723 4925 25 16 34
156 75 114 89 25 51 31 1149 88 9 75 220 18 16 NA 18 9 9 88 6 9 12 24 0 0 0 0 5 7 12 23 1 2 0 1 1 147 187 8782 4925 27 17 31
157 81 113 87 26 49 29 1131 81 10 73 209 16 16 NA 18 9 9 81 6 9 9 25 0 0 0 0 5 7 9 24 1 2 0 1 1 145 189 8841 4927 28 14 31
158 70 114 88 26 48 30 1138 77 9 76 205 16.5 15.5 NA 17.5 9 10 77 3 12 9 24 0 0 0 0 3 9 9 23 0 3 0 1 1 158 190 8899 4924 32 13 31
159 77 118 93 25 52 23 1141 82 15 77 192 17 15 NA 15.5 9 6 82 4 15 9 24 0 0 0 0 4 12 9 23 0 3 0 1 3 154 190 8952 4923 33 13 31
160 70 122 97 25 53 28 1152 86 5 78 201 17 15 NA 16 9 10 86 4 14 9 26 0 0 0 0 4 11 9 25 0 3 0 1 1 176 191 9016 4922 31 14 33
161 76 123 99 24 56 28 1155 83 7 81 194 18 15 NA 15 9 6 83 4 16 10 26 0 0 0 0 4 14 9 25 0 2 1 1 2 166 191 9075 4919 34 14 33
162 61 121 99 22 58 31 1159 95 10 81 189 18 15 NA 15 9 9 95 3 21 9 25 0 0 0 0 3 18 8 25 0 3 1 0 1 174 191 9132 4919 34 13 34
163 82 122 101 21 57 25 1158 63 10 85 201 19 15 NA 15 9 5 63 1 23 9 24 0 0 0 0 1 20 8 24 0 3 1 0 1 148 192 9196 4915 38 14 33
164 77 127 105 22 57 40 1147 99 4 89 191 19 15 NA 15 9 21 99 0 23 9 25 0 0 0 0 0 20 8 25 0 3 1 0 4 166 194 9256 4911 41 14 34
165 70 132 109 23 61 37 1107 100 15 91 179 19 14 NA 15 6 12 100 3 23 10 25 0 0 0 0 2 20 9 25 1 3 1 0 1 158 194 9335 4909 40 17 34
166 95 134 111 23 60 37 1076 92 12 91 179 20 14 NA 15 6 14 92 3 20 12 25 0 0 0 0 2 17 11 25 1 3 1 0 1 141 194 9395 4909 38 20 33
167 74 135 114 21 60 37 1056 82 9 90 176 19 14 NA 14 6 11 82 5 17 14 24 0 0 0 0 4 15 12 24 1 2 2 0 3 147 195 9460 4910 35 23 32
168 68 135 114 21 64 28 1068 78 14 95 170 20 14 NA 14 9 6 78 5 17 18 24 0 0 0 0 4 16 16 24 1 1 2 0 0 171 197 9522 4905 36 26 33
169 82 135 111 24 67 32 1105 87 9 92 175 20 14 NA 14 12 9 87 5 20 20 22 0 0 0 0 4 19 17 22 1 1 3 0 2 192 198 9576 4908 34 27 31
170 80 133 108 25 68 34 1111 85 10 92 178 20 14 NA 14.5 12.5 14 85 5 18 23 22 0 0 0 0 4 16 20 22 1 2 3 0 1 177 199 9638 4908 32 30 30
171 88 131 106 25 66 37 1141 88 13 94 193 21 14 NA 14 12.5 16 88 4 18 23 21 0 0 0 0 3 16 20 21 1 2 3 0 1 190 199 9690 4906 35 30 29
172 62 132 105 27 70 34 1176 89 14 97 191 21 14 NA 14 13 13 89 3 19 24 24 0 0 0 0 2 17 22 22 1 2 2 2 2 200 201 9749 4903 38 27 32
173 75 133 106 27 72 34 1160 110 17 99 188 22 14 NA 14 13 16 110 3 18 25 26 0 0 0 0 2 17 23 23 1 1 2 3 2 166 201 9804 4901 38 28 33
174 83 130 103 27 71 37 1170 87 9 97 195 23 15 NA 15 13 12 87 2 19 25 25 0 0 0 0 1 18 23 22 1 1 2 3 0 175 201 9867 4903 35 30 32
175 89 133 103 30 73 41 1152 113 13 99 188 23 15 NA 15 13 16 113 3 16 28 26 0 0 0 0 2 15 26 23 1 1 2 3 1 170 202 9919 4901 33 33 33
176 85 135 105 30 73 39 1171 83 12 103 194 24 15 NA 15 13 10 83 1 17 29 26 0 0 0 0 1 15 27 23 0 2 2 3 2 178 202 9972 4897 35 36 32
177 75 136 104 32 73 33 1144 101 10 107 181 23.5 15 NA 15 13 5 101 1 15 30 27 0 0 0 0 1 14 27 24 0 1 3 3 1 152 204 10031 4893 39 36 32
178 73 135 100 35 73 32 1171 77 10 106 190 22 15 NA 15 13.5 8 77 1 17 28 27 0 0 0 0 1 15 25 24 0 2 3 3 1 162 204 10072 4894 40 34 32
179 66 134 99 35 73 38 1163 98 4 106 189 23 15 NA 15 13.5 11 98 1 17 25 30 0 0 0 0 1 15 23 26 0 2 2 4 0 153 206 10122 4894 41 31 34
180 87 135 100 35 75 35 1153 87 14 105 186 24 15 NA 15 13 12 87 2 14 29 30 0 0 0 0 1 12 27 26 1 2 2 4 1 160 208 10187 4895 36 34 35
181 86 135 97 38 75 40 1165 89 10 105 200 24 15 NA 15 13 15 89 2 14 29 30 0 0 0 0 1 12 27 26 1 2 2 4 1 188 209 10247 4895 37 34 34
182 79 131 94 37 72 38 1167 92 13 101 204 24 15 NA 15 13 11 92 2 12 26 32 0 0 0 0 1 10 24 28 1 2 2 4 0 170 210 10302 4899 34 31 36
183 77 126 91 35 71 31 1147 82 11 98 210 24.5 15 NA 15 13.5 4 82 1 11 29 30 0 0 0 0 1 9 27 26 0 2 2 4 0 154 210 10367 4902 31 34 33
184 81 123 89 34 71 33 1123 85 8 98 207 25 15 NA 15 13 8 85 1 11 30 29 0 0 0 0 1 9 28 26 0 2 2 3 0 151 211 10443 4902 30 36 32
185 78 127 93 34 70 29 1104 84 8 97 194 25 15 NA 15 13 5 84 1 13 26 30 0 0 0 0 1 11 25 26 0 2 1 4 5 143 212 10505 4903 31 33 33
186 80 127 92 35 71 29 1126 82 9 95 215 25 15 NA 16 13 10 82 1 13 26 31 0 0 0 0 1 11 25 27 0 2 1 4 1 181 215 10570 4905 30 31 34
187 70 130 95 35 70 37 1094 95 8 97 195 24 15 NA 15 13 16 95 2 13 22 33 0 0 0 0 2 11 21 29 0 2 1 4 2 150 215 10637 4903 31 29 37
188 85 133 99 34 71 35 1114 81 7 99 201 24 15 NA 15 13 7 81 3 10 23 35 0 0 0 0 3 10 20 31 0 0 3 4 3 182 216 10700 4901 28 31 40
189 84 137 103 34 75 37 1116 90 11 102 203 25 15 NA 15.5 13 12 90 2 9 27 37 0 0 0 0 2 9 25 32 0 0 2 5 3 169 217 10751 4898 26 34 42
190 85 135 101 34 75 35 1110 81 11 102 193 25 15 NA 16 12.5 8 81 3 7 28 37 0 0 0 0 2 7 26 32 1 0 2 5 1 154 217 10811 4898 27 33 42
191 77 132 97 35 74 31 1125 82 9 101 181 26 15 NA 15.5 12.5 7 82 1 8 28 37 0 0 0 0 0 8 26 32 1 0 2 5 1 165 219 10853 4899 26 35 40
192 80 131 95 36 75 36 1096 79 4 101 184 27 15 NA 16 12.5 10 79 1 10 24 40 0 0 0 0 0 10 22 35 1 0 2 5 1 144 220 10921 4899 27 30 44
193 75 131 95 36 74 42 1072 93 8 102 181 28 15 NA 16.5 12.5 17 93 1 8 25 40 0 0 0 0 0 8 23 35 1 0 2 5 1 149 222 10983 4898 27 31 44
194 71 133 97 36 75 37 1093 83 13 103 183 28 15 NA 17.5 13 10 83 1 8 24 42 0 0 0 0 0 8 21 37 1 0 3 5 2 168 225 11029 4897 27 30 46
195 71 127 94 33 71 34 1108 75 8 97 180 29 16 NA 18 13 7 75 1 7 22 41 0 0 0 0 0 7 19 37 1 0 3 4 0 163 227 11084 4903 25 27 45
196 85 126 93 33 67 41 1113 89 6 92 183 27 17 NA 18 13 12 89 2 5 23 37 0 0 0 0 1 5 20 33 1 0 3 4 1 170 227 11135 4908 22 29 41
197 90 126 94 32 68 36 1115 79 8 97 190 27.5 17.5 NA 19 14 4 79 2 5 24 37 0 0 0 0 1 5 20 33 1 0 4 4 0 157 228 11191 4903 27 29 41
198 72 121 92 29 64 36 1112 86 10 91 191 26 18.5 NA 19.5 14 10 86 2 5 25 32 0 0 0 0 1 5 21 29 1 0 4 3 0 158 228 11252 4909 26 29 36
199 80 121 91 30 62 33 1095 96 9 94 186 27 19.5 NA 20 15.5 8 96 1 5 25 31 0 0 0 0 1 5 21 29 0 0 4 2 2 145 230 11306 4906 28 30 36
200 82 118 89 29 59 30 1087 77 9 94 168 27 20 NA 20 15.5 9 77 1 4 19 35 0 0 0 0 1 4 17 31 0 0 2 4 1 157 233 11372 4906 27 27 40
201 85 119 88 31 59 31 1092 68 5 94 171 26 19 NA 20 15.5 8 68 2 4 14 39 0 0 0 0 2 4 12 35 0 0 2 4 2 153 234 11437 4906 28 22 44
202 70 118 86 32 62 33 1105 85 12 93 173 26.5 20 NA 20 15.5 13 85 2 4 14 42 0 0 0 0 2 4 12 38 0 0 2 4 0 176 235 11492 4907 26 21 46
203 76 117 85 32 64 39 1095 75 8 90 187 27 19 NA 19.5 15.5 13 75 2 5 14 43 0 0 0 0 2 5 12 39 0 0 2 4 2 149 236 11558 4910 23 19 48
204 78 115 83 32 62 33 1133 71 12 87 198 28 19 NA 19 17 7 71 1 6 13 42 0 0 0 0 1 6 10 38 0 0 3 4 0 167 237 11602 4913 23 18 46
205 81 114 84 30 63 37 1153 85 11 86 201 27.5 19 NA 19 19 14 85 2 7 11 43 0 0 0 0 2 7 9 39 0 0 2 4 1 177 238 11651 4914 22 17 47
206 84 112 83 29 65 31 1179 76 12 86 213 28 19 NA 19 19 6 76 3 8 11 43 0 0 0 0 3 8 9 39 0 0 2 4 1 182 240 11701 4914 23 17 46
207 76 113 84 29 65 35 1153 95 6 87 199 29 19 NA 19 19 11 95 3 8 10 44 0 0 0 0 3 8 8 40 0 0 2 4 1 149 241 11761 4913 24 16 47
208 86 111 82 29 64 33 1152 80 11 88 197 29 19 NA 19 19 11 80 3 10 10 41 0 0 0 0 3 10 8 37 0 0 2 4 2 170 243 11828 4912 28 16 44
209 73 111 83 28 65 35 1150 82 7 88 209 28 19 NA 19 19 9 82 3 9 11 42 0 0 0 0 3 9 10 37 0 0 1 5 1 155 244 11889 4912 25 18 45
210 83 111 83 28 63 40 1121 94 6 89 203 29 19 NA 19 19 10 94 1 9 12 41 0 0 0 0 1 9 11 36 0 0 1 5 0 145 244 11949 4911 26 19 44
211 68 106 79 27 61 34 1146 78 8 86 207 27.5 19 NA 19 19 6 78 0 9 13 39 0 0 0 0 0 9 13 33 0 0 0 6 0 175 246 12006 4914 24 20 42
212 73 104 78 26 60 38 1126 90 5 84 199 27 19 NA 19 24 8 90 0 10 11 39 0 0 0 0 0 10 11 34 0 0 0 5 0 152 247 12073 4916 22 20 42
213 71 105 77 28 60 38 1120 95 7 85 189 27 18.5 NA 18 24 9 95 0 9 12 39 0 0 0 0 0 9 12 34 0 0 0 5 3 159 249 12130 4915 22 21 42
214 72 106 78 28 60 33 1116 88 11 85 188 27.5 18.5 NA 18 24 7 88 0 9 11 40 0 0 0 0 0 9 11 35 0 0 0 5 1 166 250 12194 4915 23 18 44
215 90 101 76 25 55 37 1108 88 3 82 198 28 18 NA 17.5 24 9 88 0 9 10 36 0 0 0 0 0 9 10 33 0 0 0 3 0 154 253 12250 4918 25 17 40
216 70 103 78 25 55 47 1086 97 6 83 192 28 17 NA 17 24 18 97 0 9 11 35 0 0 0 0 0 9 11 32 0 0 0 3 1 154 255 12315 4917 26 18 39
217 82 109 83 26 58 34 1089 90 20 83 182 28 17.5 NA 17 24 8 90 0 10 11 37 0 0 0 0 0 10 11 34 0 0 0 3 4 169 255 12370 4917 24 17 42
218 82 112 86 26 57 38 1105 89 5 82 190 25.5 18 NA 17.5 24 9 89 0 9 11 37 0 0 0 0 0 9 11 34 0 0 0 3 4 181 256 12426 4918 22 17 43
219 91 109 84 25 56 43 1102 93 9 80 205 26 17 NA 17 25.5 14 93 1 10 10 35 0 0 0 0 1 10 10 33 0 0 0 2 1 178 256 12485 4920 22 17 41
220 64 105 81 24 52 39 1122 72 11 78 206 26 16.5 NA 16.5 25.5 10 72 1 6 13 32 0 0 0 0 1 6 13 30 0 0 0 2 0 175 259 12552 4922 20 20 38
221 66 105 81 24 53 38 1124 89 9 80 204 27 16 NA 16.5 12 10 89 1 6 12 34 0 0 0 0 1 5 12 32 0 1 0 2 1 167 261 12601 4920 20 20 40
222 69 109 84 25 55 41 1127 93 6 81 196 26 16 NA 16 12 8 93 2 6 14 33 0 0 0 0 2 5 14 31 0 1 0 2 3 153 261 12641 4919 19 23 39
223 70 106 82 24 53 42 1095 92 6 77 187 27 16 NA 16 12 10 92 3 5 14 31 0 0 0 0 3 4 14 29 0 1 0 2 1 142 262 12707 4923 17 22 38
224 74 107 81 26 53 47 1117 86 10 76 190 27 16 NA 16 12 17 86 2 8 13 30 0 0 0 0 2 7 13 28 0 1 0 2 2 177 265 12761 4924 17 20 39
225 81 108 82 26 52 47 1136 84 16 77 202 27.5 16 NA 16 12 18 84 2 7 11 32 0 0 0 0 2 6 11 30 0 1 0 2 1 184 267 12820 4923 16 19 42
226 81 109 82 27 54 38 1142 88 15 77 193 28 16 NA 17 12.5 7 88 4 7 12 31 0 0 0 0 3 5 11 29 1 2 1 2 1 169 268 12870 4923 16 20 41
227 69 108 81 27 52 33 1186 76 7 74 207 26.5 16.5 NA 17 13 6 76 4 6 13 29 0 0 0 0 3 5 12 27 1 1 1 2 1 186 269 12921 4926 15 21 38
228 65 107 80 27 51 36 1178 112 10 75 197 27 16 NA 17 13 13 112 2 7 13 29 0 0 0 0 1 7 11 27 1 0 2 2 1 160 269 12961 4925 17 21 37
229 87 109 83 26 51 40 1178 100 7 79 195 26 16 NA 17 13 13 100 1 8 12 30 0 0 0 0 1 7 10 28 0 1 2 2 3 175 272 13014 4921 22 20 37
230 76 112 88 24 49 36 1187 71 8 80 201 22.5 16 NA 17 13 7 71 0 8 13 28 0 0 0 0 0 7 11 26 0 1 2 2 2 167 275 13079 4920 25 19 36
231 64 111 88 23 51 37 1174 95 10 81 178 23 16 NA 16.5 13 11 95 1 8 14 28 0 0 0 0 1 7 12 26 0 1 2 2 0 149 275 13132 4919 26 19 36
232 73 112 89 23 51 39 1154 86 8 80 176 23 16 NA 17 13 11 86 1 8 11 31 0 0 0 0 1 7 10 28 0 1 1 3 0 149 276 13193 4920 25 16 39
233 84 115 92 23 52 45 1141 91 6 81 188 24 15.5 NA 17 13 10 91 1 7 12 32 0 0 0 0 1 6 11 29 0 1 1 3 3 163 276 13262 4919 23 17 41
234 64 117 92 25 54 46 1129 76 9 84 187 24 16.5 NA 17 13 10 76 1 8 10 35 0 0 0 0 1 7 9 32 0 1 1 3 1 141 277 13326 4916 24 17 43
235 56 122 97 25 60 40 1150 76 11 85 185 22.5 16 NA 17 11 7 76 3 11 10 36 0 0 0 0 1 10 9 33 2 1 1 3 3 158 279 13374 4915 25 16 44
236 60 124 98 26 61 45 1143 82 5 88 197 22.5 16 NA 17 11 10 82 2 12 12 35 0 0 0 0 1 10 11 32 1 2 1 3 3 171 281 13455 4912 28 16 44
237 79 123 98 25 60 33 1146 86 8 86 189 21 16 NA 17 11 2 86 2 13 11 34 0 0 0 0 1 11 10 31 1 2 1 3 2 178 285 13524 4914 28 15 43
238 68 120 95 25 58 40 1144 81 5 83 190 21 16 NA 16.5 10 13 81 2 15 10 31 0 0 0 0 1 13 10 28 1 2 0 3 2 164 286 13591 4917 29 15 39
239 75 118 94 24 58 48 1147 99 8 80 184 22 16 NA 17 9 15 99 2 17 8 31 0 0 0 0 1 15 8 29 1 2 0 2 1 180 287 13654 4920 29 13 38
240 76 119 96 23 57 45 1175 81 9 79 182 22 16 NA 17 9 8 81 2 13 10 32 0 0 0 0 1 11 10 30 1 2 0 2 1 173 289 13704 4921 26 14 39
241 63 118 95 23 56 39 1163 75 8 80 180 22 16 NA 17 9 7 75 1 11 13 31 0 0 0 0 0 10 12 29 1 1 1 2 2 137 293 13761 4920 24 19 37
242 87 120 97 23 58 43 1136 107 9 84 180 20 16 NA 17 9 15 107 0 12 14 32 0 0 0 0 0 10 13 30 0 2 1 2 1 164 295 13822 4916 27 19 38
243 66 121 98 23 61 49 1105 103 15 83 167 21 16 NA 17 9 19 103 1 11 16 33 0 0 0 0 1 9 15 31 0 2 1 2 2 154 295 13882 4917 24 20 39
244 77 124 99 25 62 50 1091 99 11 85 160 22 16 NA 17 9 15 99 2 11 15 34 0 0 0 0 2 9 14 32 0 2 1 2 2 160 297 13942 4915 26 19 40
245 93 126 101 25 62 46 1077 91 12 90 167 22.5 16 NA 17 9 9 91 2 11 14 35 0 0 0 0 2 9 13 33 0 2 1 2 1 158 299 13995 4910 31 18 41
246 81 124 100 24 62 50 1108 100 7 90 183 22 15.5 NA 16 8 11 100 3 9 15 35 0 0 0 0 3 7 15 33 0 2 0 2 1 197 300 14040 4910 30 19 41
247 62 119 96 23 62 44 1132 77 11 90 176 23 15 NA 16 7 11 77 5 8 16 33 0 0 0 0 4 6 15 31 1 2 1 2 0 177 304 14101 4910 33 19 38
248 70 116 94 22 61 44 1138 86 10 91 169 24 15 NA 16 8 11 86 4 8 16 33 0 0 0 0 4 7 15 31 0 1 1 2 1 174 305 14169 4909 32 22 37
249 85 114 93 21 62 37 1129 87 16 90 173 23.5 15 NA 16 11 11 87 3 12 16 31 0 0 0 0 3 10 15 29 0 2 1 2 2 170 308 14236 4910 33 22 35
250 91 113 92 21 67 33 1145 68 16 92 174 25 16 NA 16 12 8 68 2 17 17 31 0 0 0 0 2 14 16 29 0 3 1 2 1 161 308 14293 4908 33 24 35
251 70 114 93 21 68 42 1107 97 6 91 182 25 16 NA 16 12 17 97 2 17 19 30 0 0 0 0 2 14 18 28 0 3 1 2 2 149 311 14362 4909 32 25 34
252 85 113 92 21 69 36 1090 96 17 90 181 25 16 NA 16 12 11 96 1 17 21 30 0 0 0 0 1 14 20 28 0 3 1 2 1 159 315 14418 4910 32 24 34
253 79 113 91 22 72 38 1089 92 11 91 180 24 15.5 NA 16 12 11 92 2 16 19 35 0 0 0 0 2 14 17 33 0 2 2 2 0 162 315 14461 4909 30 22 39
254 81 115 93 22 71 38 1109 74 6 92 192 25 16 NA 16 12 7 74 1 15 19 36 0 0 0 0 1 14 16 34 0 1 3 2 1 167 315 14512 4908 29 23 40
255 80 116 94 22 73 36 1102 100 13 93 184 26 15 NA 16 12 10 100 1 17 17 38 0 0 0 0 1 16 14 36 0 1 3 2 0 172 316 14570 4907 31 21 41
256 59 116 94 22 75 38 1104 83 9 95 188 27 15 NA 16 12 11 83 0 20 17 38 0 0 0 0 0 19 14 36 0 1 3 2 0 149 319 14616 4905 32 22 41
257 76 115 94 21 72 28 1121 72 12 93 187 27 15 NA 16 12 6 72 0 16 22 34 0 0 0 0 0 15 19 32 0 1 3 2 2 152 321 14663 4907 30 26 37
258 68 118 97 21 71 35 1126 86 4 91 194 25 15 NA 16 12 13 86 0 15 19 37 0 0 0 0 0 14 16 35 0 1 3 2 3 169 322 14722 4909 27 24 40
259 74 119 98 21 71 37 1105 91 12 89 193 26 15 NA 16 12 14 91 1 16 19 35 0 0 0 0 1 15 16 33 0 1 3 2 3 152 322 14788 4911 24 27 38
260 84 116 95 21 69 35 1104 95 8 89 192 26.5 15 NA 16 12 8 95 1 14 18 36 0 0 0 0 1 14 15 33 0 0 3 3 0 170 323 14845 4911 22 27 40
261 96 116 96 20 70 33 1104 93 12 88 188 26.5 15 NA 15 13 10 93 2 13 20 35 0 0 0 0 2 13 17 33 0 0 3 2 1 176 324 14900 4912 20 29 39
262 80 116 96 20 68 29 1130 74 8 86 186 27 15 NA 16 13 3 74 2 9 22 35 0 0 0 0 2 9 19 33 0 0 3 2 1 179 324 14957 4914 17 30 39
263 82 119 99 20 69 26 1146 82 8 88 191 27 15 NA 16 13 7 82 3 9 22 35 0 0 0 0 3 9 19 33 0 0 3 2 1 174 325 15010 4912 19 30 39
264 73 119 98 21 73 26 1129 105 9 89 198 28 15 NA 16 13 10 105 3 9 25 36 0 0 0 0 3 9 22 34 0 0 3 2 2 169 329 15062 4911 19 31 39
265 81 122 101 21 73 28 1125 97 9 90 192 28 16 NA 16 13 12 97 3 7 24 39 0 0 0 0 3 7 22 36 0 0 2 3 2 165 330 15117 4910 19 28 43
266 77 128 103 25 73 29 1119 104 7 91 188 28 16 NA 16 13 8 104 3 6 24 40 0 0 0 0 3 6 23 36 0 0 1 4 4 160 331 15159 4909 20 26 45
267 76 128 103 25 75 31 1130 89 11 89 181 27 16 NA 16 13 11 89 3 7 25 40 0 0 0 0 3 7 24 36 0 0 1 4 1 167 331 15210 4911 19 26 44
268 80 126 101 25 72 32 1135 81 9 86 183 27.5 16 NA 16 13 11 81 3 6 24 39 0 0 0 0 3 6 23 35 0 0 1 4 1 159 332 15266 4914 17 26 43
269 83 121 97 24 71 31 1146 86 8 84 173 28 15 NA 15 9 7 86 5 7 20 39 0 0 0 0 5 7 19 36 0 0 1 3 0 167 332 15318 4916 16 25 43
270 86 121 96 25 72 38 1160 82 10 86 177 27 15 NA 16 9 15 82 5 10 18 39 0 0 0 0 5 10 17 36 0 0 1 3 2 166 333 15365 4914 20 23 43
271 67 117 94 23 70 37 1156 88 11 84 173 26 14.5 NA 15 9 13 88 6 12 15 37 0 0 0 0 6 12 14 34 0 0 1 3 1 149 335 15421 4916 23 20 41
272 78 114 94 20 66 35 1150 82 10 80 163 25.5 14.5 NA 15 13 10 82 6 10 15 35 0 0 0 0 6 10 15 32 0 0 0 3 1 150 336 15478 4920 21 19 40
273 62 111 91 20 65 33 1132 86 12 80 166 25 15 NA 15.5 13 10 86 6 9 14 36 0 0 0 0 6 9 14 33 0 0 0 3 0 156 337 15546 4920 22 17 41
274 88 107 89 18 62 34 1149 79 8 80 171 25 14.5 NA 15 13 10 79 5 9 12 36 0 0 0 0 5 9 12 33 0 0 0 3 1 170 338 15604 4920 25 15 40
275 79 105 88 17 61 35 1141 84 10 82 173 25 14 NA 14.5 13 11 84 3 11 13 34 0 0 0 0 3 11 13 31 0 0 0 3 0 150 338 15659 4918 27 17 38
276 90 102 85 17 58 37 1136 87 7 79 182 24 14 NA 14.5 13.5 10 87 3 10 13 32 0 0 0 0 3 10 13 30 0 0 0 2 2 175 338 15730 4921 27 17 35
277 87 98 82 16 57 33 1132 82 11 79 171 24.5 14 NA 14 13.5 6 82 2 12 11 32 0 0 0 0 2 12 11 30 0 0 0 2 0 165 339 15794 4921 28 16 35
278 84 99 82 17 56 28 1158 69 7 82 180 25 14 NA 14 13.5 6 69 2 12 10 32 0 0 0 0 2 12 10 30 0 0 0 2 2 174 343 15855 4918 30 17 35
279 99 97 80 17 53 24 1141 84 7 80 175 24 14 NA 14 13.5 4 84 2 12 9 30 0 0 0 0 2 12 9 28 0 0 0 2 1 154 343 15922 4920 31 16 33
280 72 96 79 17 53 24 1147 89 7 78 173 23 14 NA 15 13.5 8 89 2 12 10 29 0 0 0 0 2 12 10 27 0 0 0 2 0 170 346 15982 4922 32 13 33
281 96 97 80 17 54 30 1137 82 6 78 181 24 14.5 NA 15 13.5 12 82 2 12 10 30 0 0 0 0 2 12 10 28 0 0 0 2 2 157 346 16047 4922 29 13 36
282 68 102 83 19 56 34 1142 71 8 80 186 23.5 14.5 NA 15 13.5 12 71 1 14 11 30 0 0 0 0 1 14 11 28 0 0 0 2 4 155 347 16109 4920 29 15 36
283 81 101 82 19 58 28 1167 71 13 79 194 22 14.5 NA 15 14 8 71 1 16 14 27 0 0 0 0 1 16 13 25 0 0 1 2 0 168 349 16164 4921 29 17 33
284 70 99 80 19 56 39 1164 78 2 77 208 22 14.5 NA 15 14 13 78 1 16 13 26 0 0 0 0 1 16 12 24 0 0 1 2 2 150 349 16225 4923 30 16 31
285 87 101 80 21 57 38 1168 74 12 76 210 23 15 NA 15 14 12 74 2 13 16 26 0 0 0 0 2 13 15 24 0 0 1 2 3 165 350 16278 4924 27 18 31
286 96 100 78 22 56 35 1154 93 12 75 216 23 14.5 NA 14.5 15.5 8 93 1 14 17 24 0 0 0 0 1 14 16 21 0 0 1 3 2 170 350 16349 4925 26 20 29
287 81 97 75 22 56 40 1155 88 4 71 213 24 15 NA 15 15.5 9 88 1 12 17 26 0 0 0 0 1 12 16 23 0 0 1 3 0 159 351 16402 4929 22 19 30
288 78 96 76 20 53 40 1134 100 8 71 197 24.5 15 NA 15 15.5 9 100 0 11 16 26 0 0 0 0 0 11 15 23 0 0 1 3 1 162 352 16470 4929 21 20 30
289 81 93 73 20 51 41 1125 74 11 67 191 24 14 NA 14 15.5 13 74 0 9 18 24 0 0 0 0 0 9 17 21 0 0 1 3 1 146 354 16536 4933 17 22 28
290 79 91 72 19 51 38 1112 82 10 67 185 25 14 NA 14 15.5 7 82 0 7 20 24 0 0 0 0 0 7 19 21 0 0 1 3 0 162 355 16605 4933 14 25 28
291 83 93 74 19 53 37 1117 84 10 67 175 26 14 NA 14 15.5 7 84 0 9 20 24 0 0 0 0 0 9 19 21 0 0 1 3 3 155 356 16656 4933 14 25 28
292 91 96 74 22 53 39 1134 76 6 69 182 26.5 14 NA 14 15.5 9 76 0 8 21 24 0 0 0 0 0 8 20 21 0 0 1 3 1 174 356 16719 4931 15 26 28
293 77 96 74 22 54 44 1128 89 9 71 187 27.5 14 NA 14 15.5 14 89 0 8 20 26 0 0 0 0 0 8 19 23 0 0 1 3 0 156 357 16771 4929 16 24 31
294 80 98 75 23 56 39 1110 91 12 73 188 28 14 NA 14 15.5 9 91 0 9 19 28 0 0 0 0 0 9 19 24 0 0 0 4 3 150 360 16830 4927 18 23 32
295 83 96 74 22 53 40 1099 70 8 71 187 27.5 14 NA 14 18.5 12 70 0 8 19 26 0 0 0 0 0 8 18 23 0 0 1 3 2 142 362 16899 4929 18 23 30
296 94 95 72 23 52 42 1114 92 7 71 187 28 14 NA 14 18.5 10 92 0 7 20 25 0 0 0 0 0 7 19 22 0 0 1 3 0 175 363 16952 4929 18 24 29
297 71 94 71 23 53 50 1134 93 10 72 186 28.5 14 NA 14 16.5 20 93 1 8 18 26 0 0 0 0 0 8 17 24 1 0 1 2 0 191 365 17005 4928 20 22 30
298 74 91 68 23 53 39 1132 99 14 73 183 29 14 NA 14 13 7 99 1 9 17 26 0 0 0 0 0 9 16 25 1 0 1 1 0 172 367 17065 4927 21 21 31
299 76 88 65 23 50 40 1113 105 8 70 183 27.5 14 NA 14 12.5 12 105 1 9 16 24 0 0 0 0 0 9 15 24 1 0 1 0 1 178 370 17135 4930 22 19 29
300 67 90 67 23 50 43 1122 67 6 72 189 28 14 NA 14 12.5 11 67 1 8 16 25 0 0 0 0 0 8 15 25 1 0 1 0 2 149 372 17188 4928 22 19 31
301 76 92 67 25 49 48 1162 67 9 72 203 27 14 NA 14 12.5 15 67 1 8 12 28 0 0 0 0 0 8 11 28 1 0 1 0 1 183 374 17243 4928 23 15 34
302 75 93 68 25 50 45 1171 88 12 71 194 26 13.5 NA 14 10 9 88 2 8 10 30 0 0 0 0 0 8 10 29 2 0 0 1 1 165 375 17299 4929 22 12 37
303 66 95 70 25 52 38 1174 79 12 72 193 25 13.5 NA 14 9.5 8 79 3 10 9 30 0 0 0 0 0 10 9 29 3 0 0 1 2 167 377 17367 4928 23 12 37
304 84 96 69 27 52 30 1201 73 9 73 186 24.5 13 NA 13.5 9.5 4 73 2 11 9 30 0 0 0 0 1 9 9 29 1 2 0 1 2 185 380 17432 4927 23 13 37
305 83 98 71 27 53 34 1183 86 4 73 193 25 13 NA 14 9.5 10 86 2 12 8 31 0 0 0 0 1 10 8 30 1 2 0 1 0 150 383 17484 4927 23 12 38
306 77 97 70 27 55 39 1195 78 10 75 190 26 13 NA 14 11 13 78 1 11 11 32 0 0 0 0 1 6 11 31 0 5 0 1 2 164 384 17537 4925 22 15 38
307 77 96 70 26 55 46 1155 107 7 74 183 26 13 NA 14 11 15 107 1 11 11 32 0 0 0 0 1 6 11 31 0 5 0 1 1 144 385 17591 4926 21 15 38
308 67 98 73 25 58 43 1152 81 14 74 189 26 13 NA 14 11 10 81 3 13 9 33 0 0 0 0 3 8 9 32 0 5 0 1 2 166 386 17654 4926 20 15 39
309 74 98 75 23 59 36 1133 83 11 72 185 26.5 14 NA 14 11 6 83 3 11 14 31 0 0 0 0 3 6 14 30 0 5 0 1 1 157 389 17725 4928 18 17 37
310 70 96 74 22 58 44 1142 84 4 69 181 28 14 NA 15 11 15 84 3 9 13 33 0 0 0 0 3 4 13 32 0 5 0 1 0 168 392 17783 4931 13 17 39
311 72 97 75 22 62 45 1171 72 9 71 190 29 14 NA 15 10 8 72 3 10 16 33 0 0 0 0 2 5 16 32 1 5 0 1 1 175 392 17845 4929 13 19 39
312 78 95 72 23 62 37 1163 84 11 70 189 29 14 NA 15 9.5 6 84 3 9 15 35 0 0 0 0 1 4 15 34 2 5 0 1 1 159 395 17909 4930 14 17 39
313 76 92 69 23 59 34 1170 79 9 68 180 28 14 NA 14.5 9 7 79 1 11 15 32 0 0 0 0 0 5 15 32 1 6 0 0 2 180 397 17977 4932 16 17 35
314 78 90 69 21 57 37 1161 72 6 67 186 28.5 14 NA 14 9.5 13 72 1 11 14 31 0 0 0 0 0 6 14 31 1 5 0 0 1 146 400 18045 4933 17 16 34
315 78 89 68 21 60 39 1165 82 12 66 186 29 14 NA 14.5 9.5 13 82 3 11 17 29 0 0 0 0 2 6 17 29 1 5 0 0 0 167 400 18109 4934 17 17 32
316 73 90 66 24 60 29 1192 67 14 66 186 28 14 NA 15 9.5 6 67 3 10 18 29 0 0 0 0 2 7 16 29 1 3 2 0 0 180 402 18177 4934 16 18 32
317 77 91 67 24 60 32 1205 75 9 68 182 28 14 NA 15 10 14 75 3 10 18 29 0 0 0 0 2 7 16 28 1 3 2 1 1 160 403 18228 4932 18 18 32
318 77 93 66 27 59 22 1178 96 14 69 168 26 14 NA 15 10 6 96 2 8 17 32 0 0 0 0 2 7 12 31 0 1 5 1 0 147 405 18286 4931 17 17 35
319 74 93 66 27 56 18 1186 80 7 67 170 25 14 NA 15 10 3 80 2 8 16 30 0 0 0 0 2 7 11 29 0 1 5 1 2 161 405 18335 4933 18 16 33
320 75 92 65 27 55 17 1207 62 4 70 168 26 14 NA 15 10 5 62 2 8 14 31 0 0 0 0 2 7 9 30 0 1 5 1 0 164 406 18395 4930 21 15 34
321 78 88 62 26 52 24 1207 98 4 69 175 27 14 NA 14 12 12 98 2 7 13 30 0 0 0 0 2 7 8 28 0 0 5 2 1 176 406 18453 4931 22 14 33
322 81 85 61 24 48 27 1193 83 8 65 172 28 14 NA 14.5 12 11 83 1 6 10 31 0 0 0 0 1 5 5 29 0 1 5 2 3 146 406 18511 4935 20 11 34
323 85 84 59 25 46 28 1168 76 9 62 173 25 14 NA 14 12 12 76 1 6 9 30 0 0 0 0 1 5 4 29 0 1 5 1 1 133 408 18574 4938 19 10 33
324 81 86 60 26 49 29 1151 81 14 62 164 23.5 14 NA 14.5 12 14 81 2 8 9 30 0 0 0 0 2 7 4 29 0 1 5 1 2 145 409 18638 4938 19 11 32
325 83 86 61 25 50 18 1137 75 15 62 155 23 14 NA 15 12 2 75 1 11 8 30 0 0 0 0 1 9 3 29 0 2 5 1 1 161 409 18718 4938 20 10 32
326 60 87 62 25 52 27 1151 79 6 63 162 24 14.5 NA 15 12 13 79 0 12 10 30 0 0 0 0 0 10 5 29 0 2 5 1 1 159 409 18771 4937 19 12 32
327 77 86 61 25 49 26 1101 90 11 61 155 22.5 15 NA 15 12 12 90 0 12 9 28 0 0 0 0 0 10 4 27 0 2 5 1 1 128 411 18840 4939 20 11 30
328 67 89 63 26 50 31 1087 77 8 63 161 23 15 NA 15 12 12 77 0 12 8 30 0 0 0 0 0 11 5 27 0 1 3 3 3 167 411 18930 4937 20 11 32
329 82 86 60 26 49 27 1107 84 13 61 167 22.5 15 NA 16.5 12 8 84 0 10 11 28 0 0 0 0 0 9 8 25 0 1 3 3 0 184 411 18989 4939 19 12 30
330 79 89 61 28 52 21 1121 77 10 64 177 22 15 NA 15 12 5 77 1 12 8 31 0 0 0 0 1 11 8 25 0 1 0 6 1 164 411 19045 4936 21 10 33
331 70 91 64 27 52 28 1157 82 5 67 188 23 15 NA 15 12 13 82 0 13 8 31 0 0 0 0 0 12 8 25 0 1 0 6 1 191 411 19098 4933 23 11 33
332 73 91 64 27 50 29 1155 96 12 64 188 23 15 NA 15 12 12 96 0 10 10 30 0 0 0 0 0 9 10 24 0 1 0 6 3 172 411 19159 4936 19 13 32
333 81 89 63 26 48 30 1140 97 9 62 177 24 15 NA 15 12 10 97 0 7 12 29 0 0 0 0 0 7 11 23 0 0 1 6 1 166 411 19224 4938 17 14 31
334 75 88 62 26 50 27 1106 98 12 64 170 24.5 15 NA 15 12 7 98 1 7 14 28 0 0 0 0 0 7 13 23 1 0 1 5 0 146 411 19285 4936 19 15 30
335 68 87 60 27 47 32 1124 87 5 64 169 23 15 NA 17 11 13 87 1 6 13 27 0 0 0 0 0 6 12 23 1 0 1 4 1 161 413 19332 4936 21 14 29
336 67 87 61 26 48 39 1152 88 8 65 186 23 15 NA 16 11 13 88 1 8 13 26 0 0 0 0 0 8 12 22 1 0 1 4 1 175 413 19377 4935 22 15 28
337 80 86 62 24 45 36 1158 79 12 63 185 22.5 15 NA 16 12 9 79 1 7 12 25 0 0 0 0 0 6 11 21 1 1 1 4 2 164 414 19434 4937 21 15 27
338 77 85 59 26 44 33 1171 83 8 61 181 22 14.5 NA 15 12 7 83 0 7 11 26 0 0 0 0 0 5 10 22 0 2 1 4 1 176 414 19492 4939 20 13 28
339 69 86 60 26 46 35 1180 94 8 63 190 23 14.5 NA 15 12 9 94 1 8 11 26 0 0 0 0 1 6 10 22 0 2 1 4 1 174 415 19543 4937 21 14 28
340 85 87 60 27 49 28 1186 93 10 67 196 24 14 NA 15 11 8 93 2 8 12 27 0 0 0 0 2 6 12 23 0 2 0 4 0 173 419 19601 4933 22 15 30
341 78 86 61 25 48 28 1210 73 6 63 196 24.5 14.5 NA 15 12 6 73 2 9 10 27 0 0 0 0 2 7 10 24 0 2 0 3 1 180 419 19664 4937 19 14 30
342 89 82 57 25 43 30 1202 94 7 59 197 22 15 NA 15 12 8 94 1 10 12 20 0 0 0 0 1 9 10 18 0 1 2 2 2 171 420 19727 4941 19 17 23
343 85 83 58 25 45 35 1196 82 6 60 198 22 15 NA 15 12 10 82 1 10 13 21 0 0 0 0 1 9 11 19 0 1 2 2 1 164 420 19792 4940 19 18 23
344 67 84 58 26 45 31 1185 80 12 62 199 22 14 NA 14.5 12 10 80 1 11 11 22 0 0 0 0 1 10 9 20 0 1 2 2 2 145 422 19851 4938 22 16 24
345 88 84 58 26 47 32 1159 89 12 63 189 23 15 NA 15 15.5 12 89 1 10 10 26 0 0 0 0 1 9 8 23 0 1 2 3 0 161 422 19920 4937 22 14 27
346 69 84 58 26 46 36 1178 88 6 61 190 23 15 NA 14.5 17.5 9 88 1 9 12 24 0 0 0 0 1 8 10 21 0 1 2 3 2 164 422 19965 4939 20 16 25
347 81 82 58 24 45 36 1180 95 9 60 174 24 16 NA 15 17.5 11 95 1 7 14 23 0 0 0 0 1 6 12 20 0 1 2 3 0 175 423 20022 4940 18 18 24
348 77 84 60 24 44 24 1176 79 13 58 170 22.5 16 NA 15.5 17.5 4 79 1 5 17 21 0 0 0 0 1 4 15 18 0 1 2 3 4 158 426 20086 4942 17 20 21
349 77 85 61 24 46 31 1143 100 7 61 166 23 16 NA 15.5 17.5 14 100 1 6 16 23 0 0 0 0 1 5 14 20 0 1 2 3 0 147 428 20149 4939 19 19 23
350 65 88 63 25 49 31 1168 82 10 63 188 22.5 16 NA 15 17.5 9 82 1 7 17 24 0 0 0 0 1 7 14 21 0 0 3 3 3 180 428 20209 4937 20 19 24
351 80 90 66 24 50 26 1168 79 10 63 174 22 16 NA 15.5 17.5 4 79 1 7 17 25 0 0 0 0 1 7 14 22 0 0 3 3 3 169 429 20278 4937 20 18 25
352 90 88 64 24 47 32 1167 82 4 59 189 21.5 17 NA 17 17.5 11 82 1 6 15 25 0 0 0 0 1 6 13 21 0 0 2 4 1 167 430 20338 4941 17 17 25
353 77 86 64 22 48 29 1177 72 10 62 183 22.5 17 NA 17 16 6 72 0 8 16 24 0 0 0 0 0 8 14 21 0 0 2 3 2 164 430 20396 4938 21 16 25
354 73 87 65 22 48 29 1164 79 10 62 203 22 17 NA 17 16 11 79 0 6 15 27 0 0 0 0 0 6 14 23 0 0 1 4 0 161 432 20468 4938 20 15 27
355 65 90 68 22 46 28 1158 81 9 62 205 21 17 NA 17 16 8 81 0 6 14 26 0 0 0 0 0 6 13 22 0 0 1 4 3 160 432 20536 4938 21 15 26
356 81 90 68 22 46 34 1128 104 5 63 186 21 17 NA 17 14 10 104 0 6 15 25 0 0 0 0 0 6 14 22 0 0 1 3 2 152 432 20593 4937 20 18 25
357 87 92 69 23 47 33 1118 83 10 61 185 20.5 16 NA 17 13 14 83 1 7 14 25 0 0 0 0 0 7 13 21 1 0 1 4 3 150 435 20649 4939 18 18 25
358 74 90 67 23 51 31 1133 82 12 62 193 21.5 16 NA 17 13 8 82 3 10 12 26 0 0 0 0 1 9 11 22 2 1 1 4 1 164 436 20699 4938 20 16 26
359 59 90 66 24 51 36 1152 76 9 60 208 22 16 NA 17 13 14 76 4 9 11 27 0 0 0 0 2 9 9 23 2 0 2 4 1 178 437 20765 4940 18 15 27
360 97 91 67 24 51 29 1147 92 12 64 221 23 16 NA 17 13 7 92 4 8 11 28 0 0 0 0 2 8 9 24 2 0 2 4 1 165 437 20823 4936 21 15 28
