1 70 99 84 15 46 30 1234 65 13 76 25 26 18 NA 18 NA 10 65 1 5 17 23 0 0 0 0 1 5 17 23 0 0 0 0 1 146 0 0 4924 19 27 30
2 87 99 84 15 46 26 1276 67 9 76 46 26 18 NA 18 NA 4 67 1 4 18 23 0 0 0 0 1 4 18 23 0 0 0 0 0 126 0 0 4924 19 27 30
3 59 98 83 15 45 31 1298 86 7 74 65 26.5 18 NA 18 NA 10 86 1 6 18 20 0 0 0 0 1 6 18 20 0 0 0 0 2 127 0 0 4926 19 27 28
4 69 100 83 17 46 35 1329 77 8 74 74 26.5 18 NA 18 NA 11 77 1 7 18 20 0 0 0 0 1 7 18 20 0 0 0 0 3 134 0 0 4926 20 27 27
5 82 98 82 16 45 36 1371 90 7 73 84 26 18 NA 18 NA 8 90 1 8 18 18 0 0 0 0 1 8 18 18 0 0 0 0 0 156 0 0 4927 22 26 25
6 89 95 79 16 43 46 1388 84 6 70 104 27 18 NA 18 NA 16 84 0 6 18 19 0 0 0 0 0 6 18 19 0 0 0 0 1 134 0 0 4930 18 25 27
7 65 95 79 16 46 47 1442 91 15 70 121 28 18 NA 18 NA 14 91 0 8 18 20 0 0 0 0 0 8 18 20 0 0 0 0 2 156 0 0 4930 17 23 30
8 82 96 79 17 45 44 1465 65 11 68 135 27 18 NA 18 NA 9 65 0 9 17 19 0 0 0 0 0 9 17 19 0 0 0 0 2 121 0 0 4932 15 24 29
9 87 96 79 17 45 51 1495 83 10 69 158 27 18 NA 18 NA 15 83 0 9 16 20 0 0 0 0 0 9 16 20 0 0 0 0 1 140 0 0 4931 16 23 30
10 65 98 81 17 48 51 1521 92 12 75 156 27.5 18 NA 18 12 11 92 0 10 15 23 0 0 0 0 0 10 14 21 0 0 1 2 2 134 0 0 4925 21 21 33
11 86 98 79 19 47 50 1527 97 10 75 151 27.5 18 NA 18 12 10 97 0 5 16 26 0 0 0 0 0 5 16 23 0 0 0 3 2 131 0 0 4925 18 21 36
12 75 100 80 20 47 57 1543 98 7 73 148 27.5 18 NA 18 12 14 98 0 4 15 28 0 0 0 0 0 4 15 25 0 0 0 3 1 143 0 0 4927 16 19 38
13 79 100 79 21 45 44 997 56 13 71 140 26 18 NA 18 10.5 6 56 0 5 12 28 0 0 0 0 0 4 12 27 0 1 0 1 3 124 5 594 4929 17 16 38
14 82 103 81 22 46 43 995 78 10 71 153 27 18 NA 18 10.5 12 78 1 4 12 29 0 0 0 0 1 3 12 28 0 1 0 1 3 152 8 651 4929 16 16 39
15 62 104 81 23 46 45 1006 84 7 74 145 28 18 NA 18 10.5 11 84 1 3 12 30 0 0 0 0 1 2 12 29 0 1 0 1 1 158 10 699 4926 17 16 41
16 76 102 79 23 46 47 1024 64 7 72 150 27 18 NA 18 10.5 9 64 1 4 12 29 0 0 0 0 1 3 12 28 0 1 0 1 0 152 12 754 4928 16 16 40
17 70 100 77 23 48 44 1023 73 10 71 163 26.5 18 NA 18 10.5 10 73 1 5 12 30 0 0 0 0 1 4 12 29 0 1 0 1 1 145 15 813 4929 16 17 38
18 68 98 76 22 46 50 1054 75 5 71 168 27.5 18 NA 18 10.5 12 75 1 4 9 32 0 0 0 0 1 3 9 31 0 1 0 1 1 165 15 857 4929 17 14 40
19 88 99 77 22 46 52 1055 74 8 72 163 27 18 NA 18 10.5 10 74 1 4 9 32 0 0 0 0 1 3 9 31 0 1 0 1 0 152 17 915 4928 19 13 40
20 74 99 77 22 48 46 1071 79 11 73 170 28 18 NA 18 10.5 6 79 2 6 9 31 0 0 0 0 2 5 9 30 0 1 0 1 1 158 19 969 4927 21 12 40
21 89 102 80 22 51 40 1102 57 10 74 178 27.5 18 NA 18 6 6 57 3 5 10 33 0 0 0 0 2 4 10 32 1 1 0 1 1 159 21 1016 4926 20 14 40
22 80 99 77 22 47 47 1086 79 4 72 171 25 18 NA 18 6 12 79 3 3 10 31 0 0 0 0 2 3 9 30 1 0 1 1 0 136 22 1069 4928 18 16 38
23 68 98 76 22 47 45 1085 83 7 71 172 25.5 18 NA 18 10.5 8 83 3 3 7 34 0 0 0 0 3 3 6 33 0 0 1 1 2 151 25 1123 4929 16 14 41
24 67 95 75 20 44 41 1105 72 9 71 180 26 17.5 NA 18 10.5 5 72 2 4 7 31 0 0 0 0 2 4 6 30 0 0 1 1 0 157 26 1179 4929 20 13 38
25 72 93 72 21 45 45 1118 73 7 71 175 27 17 NA 17 10.5 10 73 2 6 7 30 0 0 0 0 2 6 6 29 0 0 1 1 1 163 28 1233 4929 21 14 36
26 77 92 71 21 48 41 1152 59 11 74 183 27.5 17.5 NA 18 10.5 7 59 1 9 8 30 0 0 0 0 1 9 7 29 0 0 1 1 0 159 28 1279 4926 24 14 36
27 72 89 69 20 49 36 1137 82 7 73 184 29 18 NA 18.5 8 6 82 1 10 8 30 0 0 0 0 1 9 7 29 0 1 1 1 0 159 31 1348 4927 22 15 36
28 82 90 70 20 48 38 1102 91 7 70 174 25.5 17 NA 18 11.5 8 91 1 12 8 27 0 0 0 0 1 11 7 25 0 1 1 2 4 136 32 1412 4930 23 13 34
29 87 92 72 20 49 36 1108 65 12 71 181 26 17 NA 18 11.5 11 65 1 12 8 28 0 0 0 0 1 11 7 26 0 1 1 2 1 153 35 1469 4929 24 12 35
30 72 88 69 19 46 28 1109 66 9 68 186 25.5 17 NA 17.5 11.5 2 66 0 12 8 26 0 0 0 0 0 11 7 24 0 1 1 2 0 146 37 1531 4932 21 14 33
31 77 90 71 19 46 35 1097 82 5 70 179 25 17 NA 17.5 11.5 13 82 0 12 8 26 0 0 0 0 0 11 7 24 0 1 1 2 0 161 38 1600 4930 22 15 33
32 58 88 71 17 45 33 1105 75 6 67 166 24.5 17 NA 18 11.5 7 75 0 11 9 25 0 0 0 0 0 10 8 23 0 1 1 2 1 153 42 1655 4933 22 15 30
33 82 87 69 18 43 43 1105 89 7 66 175 22 17 NA 18 8 17 89 0 11 9 23 0 0 0 0 0 9 8 21 0 2 1 2 2 170 42 1718 4934 25 14 27
34 72 80 63 17 40 36 1093 67 12 61 172 22 17 NA 18 8 7 67 0 11 6 23 0 0 0 0 0 9 6 20 0 2 0 3 0 125 44 1772 4939 25 10 26
35 76 83 67 16 39 37 1085 83 6 62 164 22 17 NA 17.5 8 9 83 0 9 7 23 0 0 0 0 0 7 7 20 0 2 0 3 2 146 46 1820 4938 25 10 27
36 66 83 67 16 38 38 1101 91 9 62 170 23 17 NA 17 8 13 91 0 7 9 22 0 0 0 0 0 6 8 19 0 1 1 3 1 173 48 1877 4938 22 14 26
37 86 85 70 15 38 37 1107 69 6 62 185 23 17 NA 17 10.5 5 69 0 6 11 21 0 0 0 0 0 5 11 18 0 1 0 3 0 169 49 1948 4938 21 15 26
38 70 86 69 17 39 36 1094 78 7 62 184 24 17 NA 17 10.5 7 78 0 5 12 22 0 0 0 0 0 4 12 19 0 1 0 3 0 145 52 2009 4938 17 18 27
39 87 83 65 18 38 43 1081 87 7 58 181 25 17 NA 18 15 14 87 0 5 10 23 0 0 0 0 0 4 10 21 0 1 0 2 1 161 52 2069 4942 15 16 27
40 59 84 66 18 40 43 1100 87 9 61 174 25 17 NA 17 15 9 87 0 7 10 23 0 0 0 0 0 6 10 21 0 1 0 2 2 170 52 2117 4939 18 16 27
41 81 87 67 20 40 43 1125 78 6 63 172 24 17 NA 17 15 9 78 0 5 12 23 0 0 0 0 0 4 12 21 0 1 0 2 2 169 54 2166 4937 18 18 27
42 70 87 66 21 41 50 1114 93 7 62 166 25 17 NA 17 15 15 93 1 4 11 25 0 0 0 0 1 4 10 23 0 0 1 2 0 142 54 2221 4938 17 15 30
43 66 87 66 21 43 44 1137 72 16 64 173 26 17 NA 17 15 8 72 1 6 11 25 0 0 0 0 1 6 10 23 0 0 1 2 0 165 54 2282 4936 17 17 30
44 70 86 65 21 45 44 1115 91 8 64 174 25.5 17 NA 17 15 12 91 1 7 11 26 0 0 0 0 1 7 10 24 0 0 1 2 0 150 59 2346 4936 18 17 29
45 85 89 68 21 46 44 1118 76 10 66 168 25 17 NA 17 15 10 76 1 8 12 25 0 0 0 0 1 8 11 23 0 0 1 2 3 157 60 2406 4934 18 20 28
46 76 92 71 21 48 34 1132 84 12 66 158 25 17 NA 17 15 6 84 1 9 13 25 0 0 0 0 1 9 12 23 0 0 1 2 2 156 63 2446 4934 17 21 28
47 77 91 71 20 48 36 1150 90 8 68 163 26 17 NA 17 15 10 90 1 9 12 26 0 0 0 0 1 9 11 24 0 0 1 2 1 180 64 2498 4932 19 21 28
48 90 88 70 18 48 42 1153 69 7 65 171 26.5 17 NA 17 15 12 69 1 10 10 27 0 0 0 0 1 9 9 24 0 1 1 3 0 172 64 2574 4935 17 19 29
49 75 90 73 17 49 36 1143 83 10 67 164 26 17 NA 17 15 8 83 0 12 9 28 0 0 0 0 0 11 8 26 0 1 1 2 1 149 67 2633 4933 19 18 30
50 92 92 75 17 49 48 1134 91 6 68 181 25.5 17 NA 17 15 18 91 0 13 8 28 0 0 0 0 0 12 7 26 0 1 1 2 1 169 68 2693 4932 21 15 32
51 78 92 76 16 50 37 1132 78 16 69 174 26.5 17 NA 17 15 8 78 0 14 8 28 0 0 0 0 0 13 7 26 0 1 1 2 1 154 69 2749 4931 22 15 32
52 69 94 76 18 50 36 1124 82 6 71 170 25.5 17 NA 17 15 8 82 0 11 10 29 0 0 0 0 0 10 9 27 0 1 1 2 3 149 72 2805 4929 21 17 33
53 73 97 78 19 48 35 1116 97 7 71 171 24 17 NA 17 15 8 97 0 8 11 29 0 0 0 0 0 7 10 27 0 1 1 2 4 169 75 2863 4929 21 17 33
54 72 97 77 20 47 36 1104 82 5 70 165 23 17 NA 17 15 9 82 0 9 10 28 0 0 0 0 0 8 10 26 0 1 0 2 3 150 76 2927 4930 22 16 32
55 88 98 78 20 46 42 1099 86 6 67 166 22.5 17 NA 17 15 13 86 0 9 12 25 0 0 0 0 0 8 12 23 0 1 0 2 3 159 77 2985 4933 20 16 31
56 78 98 76 22 48 36 1090 88 12 67 173 23.5 17 NA 17 15 11 88 1 9 13 25 0 0 0 0 1 8 13 23 0 1 0 2 2 151 80 3035 4933 18 17 32
57 79 98 76 22 50 35 1105 74 9 68 175 24 16.5 NA 17 13.5 7 74 1 8 15 26 0 0 0 0 1 7 14 24 0 1 1 2 2 168 80 3097 4932 17 18 33
58 87 97 75 22 48 41 1109 73 6 67 186 25 17 NA 17 13.5 12 73 1 8 14 25 0 0 0 0 1 7 13 23 0 1 1 2 2 159 81 3161 4933 18 16 33
59 67 97 74 23 49 42 1094 93 11 66 171 24 17 NA 17 13.5 13 93 3 5 15 26 0 0 0 0 3 4 14 24 0 1 1 2 2 153 82 3223 4934 15 17 34
60 69 97 77 20 45 41 1093 89 10 63 174 23 17 NA 17 13.5 13 89 3 4 14 24 0 0 0 0 3 3 13 22 0 1 1 2 3 163 84 3287 4937 15 16 32
61 87 95 75 20 41 42 1099 66 7 63 174 21 16 NA 17 13.5 11 66 2 4 14 21 0 0 0 0 2 3 13 19 0 1 1 2 2 146 87 3339 4937 18 16 29
62 77 94 75 19 40 40 1111 76 9 63 171 21.5 16.5 NA 17 13.5 8 76 2 4 14 20 0 0 0 0 2 3 13 18 0 1 1 2 0 154 88 3390 4937 19 17 27
63 90 95 76 19 40 43 1095 99 7 63 173 22 17 NA 17 13.5 13 99 1 5 14 20 0 0 0 0 1 4 13 18 0 1 1 2 2 170 91 3446 4937 19 17 27
64 78 94 74 20 40 36 1127 72 17 63 176 21 17 NA 17 13.5 9 72 1 7 11 21 0 0 0 0 1 6 10 19 0 1 1 2 2 181 92 3506 4937 20 16 27
65 69 98 77 21 45 33 1113 74 11 68 181 20 17 NA 17 13.5 7 74 2 8 12 23 0 0 0 0 2 7 11 21 0 1 1 2 4 149 92 3575 4932 22 17 29
66 72 99 79 20 46 33 1162 59 5 69 209 21 17 NA 17 13.5 7 59 2 8 13 23 0 0 0 0 2 7 12 21 0 1 1 2 2 175 94 3628 4931 22 18 29
67 74 100 81 19 50 30 1178 67 11 73 202 20.5 16.5 NA 17 13 6 67 3 12 11 24 0 0 0 0 3 10 10 22 0 2 1 2 1 168 94 3687 4927 27 16 30
68 79 97 79 18 51 34 1174 95 6 69 197 19 16 NA 17 13 10 95 2 14 10 25 0 0 0 0 2 10 9 23 0 4 1 2 4 168 94 3747 4931 25 13 31
69 80 96 78 18 51 29 1184 80 9 69 185 20 16 NA 17 14 6 80 2 13 9 27 0 0 0 0 2 11 8 24 0 2 1 3 1 157 96 3802 4931 24 12 33
70 84 99 79 20 50 35 1170 81 7 70 189 20 16 NA 17 13 14 81 2 13 9 26 0 0 0 0 1 11 8 23 1 2 1 3 4 146 97 3864 4930 25 13 32
71 76 102 81 21 50 36 1166 87 12 73 194 20.5 16 NA 17 13 13 87 2 12 8 28 0 0 0 0 1 10 7 25 1 2 1 3 1 166 97 3925 4927 27 12 34
72 76 102 79 23 49 34 1175 88 9 75 191 20 16 NA 16 13 8 88 1 14 8 26 0 0 0 0 0 12 7 23 1 2 1 3 0 180 98 3987 4925 31 12 32
73 76 99 75 24 52 26 1180 83 13 71 183 21 15 NA 16 12.5 4 83 3 13 10 26 0 0 0 0 2 12 9 23 1 1 1 3 0 163 101 4047 4929 26 14 31
74 66 95 71 24 52 29 1179 79 3 69 194 22 15 NA 16 12.5 7 79 3 13 10 26 0 0 0 0 2 12 9 23 1 1 1 3 1 161 102 4112 4931 24 15 30
75 71 97 73 24 55 29 1152 88 9 71 189 22 15 NA 16 12 10 88 4 13 11 27 0 0 0 0 3 11 10 24 1 2 1 3 1 152 102 4184 4929 25 15 31
76 78 100 76 24 57 32 1161 91 8 71 179 23 15 NA 16 10.5 9 91 5 13 13 26 0 0 0 0 3 11 12 23 2 2 1 3 2 174 102 4241 4929 24 16 31
77 94 101 78 23 57 35 1148 74 6 73 180 24 15 NA 16 10.5 10 74 5 10 16 26 0 0 0 0 3 8 15 23 2 2 1 3 1 146 103 4302 4927 22 19 32
78 65 102 80 22 57 35 1139 85 7 75 177 23.5 15 NA 16 10.5 8 85 3 11 16 27 0 0 0 0 2 9 14 24 1 2 2 3 1 160 105 4367 4925 24 19 32
79 89 107 82 25 57 39 1149 81 8 76 203 23 15 NA 16 10.5 10 81 4 11 15 27 0 0 0 0 3 9 13 24 1 2 2 3 4 174 106 4429 4924 24 20 32
80 72 102 78 24 54 41 1160 76 7 72 212 23.5 15 NA 16 10.5 9 76 3 11 15 25 0 0 0 0 2 9 13 22 1 2 2 3 1 155 107 4478 4928 21 21 30
81 67 100 76 24 52 39 1148 96 12 69 196 23.5 15 NA 16 10.5 11 96 3 10 14 25 0 0 0 0 2 8 13 21 1 2 1 4 2 158 108 4530 4931 19 20 30
82 69 101 76 25 50 37 1148 87 11 70 206 22 15 NA 16 12 9 87 3 10 14 23 0 0 0 0 2 7 13 19 1 3 1 4 3 160 109 4589 4930 22 19 29
83 70 102 78 24 51 34 1163 80 9 71 211 21.5 15 NA 15.5 9 8 80 3 10 14 24 0 0 0 0 1 7 14 20 2 3 0 4 2 169 111 4645 4929 23 19 29
84 84 104 80 24 51 31 1157 90 8 71 213 20 15 NA 15 6.5 10 90 3 9 16 23 0 0 0 0 1 6 16 20 2 3 0 3 3 164 116 4702 4929 21 22 28
85 81 104 80 24 48 32 1157 78 9 68 212 18.5 14.5 NA 15 6.5 11 78 3 10 13 22 0 0 0 0 1 7 13 19 2 3 0 3 2 161 117 4769 4932 22 19 27
86 82 106 81 25 49 37 1130 102 6 69 203 19 15 NA 15 6.5 9 102 2 11 13 23 0 0 0 0 1 7 13 20 1 4 0 3 2 165 117 4838 4931 23 17 29
87 82 103 78 25 51 32 1144 75 8 69 205 20 15 NA 15.5 9 4 75 2 12 13 24 0 0 0 0 1 9 12 22 1 3 1 2 0 160 117 4890 4931 23 18 28
88 72 100 76 24 51 38 1119 88 6 69 207 20.5 15 NA 15 6.5 11 88 1 14 11 25 0 0 0 0 0 11 10 22 1 3 1 3 0 150 119 4957 4931 24 16 29
89 66 102 77 25 54 38 1121 86 8 70 206 21 15 NA 15 9 11 86 1 16 9 28 0 0 0 0 0 13 9 25 1 3 0 3 2 163 122 5016 4930 24 13 33
90 92 102 77 25 52 42 1113 95 10 70 223 21.5 15 NA 15 13 16 95 1 15 10 26 0 0 0 0 0 13 8 24 1 2 2 2 0 175 124 5077 4930 25 14 31
91 93 101 76 25 53 31 1103 80 19 76 211 22 15 NA 15.5 13 9 80 0 15 12 26 0 0 0 0 0 12 10 24 0 3 2 2 0 159 126 5147 4924 29 15 32
92 84 103 78 25 53 39 1099 99 6 77 199 22 15 NA 15.5 13 15 99 0 13 13 27 0 0 0 0 0 11 10 25 0 2 3 2 3 163 127 5198 4923 28 16 33
93 66 100 76 24 52 33 1125 79 11 75 189 23 15 NA 15 13 7 79 0 12 13 27 0 0 0 0 0 10 10 25 0 2 3 2 1 175 128 5256 4925 27 16 32
94 64 100 76 24 51 34 1128 90 8 76 200 23 15 NA 15 13.5 8 90 0 11 14 26 0 0 0 0 0 9 12 24 0 2 2 2 3 169 128 5308 4924 28 18 30
95 88 101 78 23 49 31 1132 71 7 74 193 20 15 NA 15 13 4 71 0 10 14 25 0 0 0 0 0 7 12 23 0 3 2 2 1 166 129 5380 4926 27 18 29
96 70 100 78 22 50 41 1146 86 4 77 200 21.5 15 NA 15 13 15 86 0 11 12 27 0 0 0 0 0 8 11 24 0 3 1 3 1 179 129 5435 4923 29 16 32
97 80 96 75 21 48 42 1170 78 8 76 210 22.5 14.5 NA 15 13 11 78 0 10 12 26 0 0 0 0 0 7 11 23 0 3 1 3 0 173 130 5486 4924 29 16 31
98 87 93 71 22 46 34 1162 83 13 74 187 23 14 NA 14.5 12.5 10 83 1 9 12 24 0 0 0 0 0 7 10 21 1 2 2 3 2 148 135 5541 4926 29 16 29
99 80 90 68 22 43 31 1180 83 9 71 181 23 14 NA 14 12.5 6 83 1 7 13 22 0 0 0 0 1 5 11 20 0 2 2 2 0 186 135 5608 4929 27 16 28
100 92 94 72 22 44 41 1184 91 3 71 183 22.5 14 NA 15 12 13 91 1 6 15 22 0 0 0 0 1 4 13 19 0 2 2 3 4 166 136 5657 4929 25 18 28
101 70 97 75 22 44 36 1222 76 11 72 185 22 14 NA 15 12 8 76 1 5 15 23 0 0 0 0 1 3 13 20 0 2 2 3 0 183 138 5710 4928 26 18 28
102 70 97 75 22 44 33 1229 83 9 74 182 23 14 NA 14.5 12.5 8 83 1 5 15 23 0 0 0 0 1 3 14 20 0 2 1 3 2 175 140 5777 4926 26 20 28
103 76 97 76 21 44 35 1231 87 7 74 191 24 14 NA 15 12 10 87 1 4 15 24 0 0 0 0 1 3 12 21 0 1 3 3 2 166 140 5831 4926 20 25 29
104 57 97 75 22 45 41 1225 98 8 76 204 25 14 NA 15 12.5 13 98 0 5 15 25 0 0 0 0 0 3 13 21 0 2 2 4 1 152 141 5878 4924 22 24 30
105 95 95 75 20 46 42 1176 99 13 74 182 26 14.5 NA 15 12.5 15 99 1 5 15 25 0 0 0 0 1 3 13 21 0 2 2 4 1 151 143 5952 4926 21 24 29
106 74 94 73 21 44 43 1190 90 7 73 181 26.5 14 NA 15 12.5 10 90 1 4 14 25 0 0 0 0 1 2 12 21 0 2 2 4 2 174 144 6003 4927 19 24 30
107 59 93 73 20 44 48 1169 93 7 75 173 27 14.5 NA 15 12 14 93 0 6 13 25 0 0 0 0 0 5 10 22 0 1 3 3 1 150 146 6072 4925 21 24 30
108 67 94 75 19 44 49 1174 84 16 74 190 27 14.5 NA 15 12 16 84 0 5 15 24 0 0 0 0 0 4 12 21 0 1 3 3 1 170 146 6140 4926 19 25 30
109 75 94 75 19 46 41 1159 77 15 73 183 27.5 14.5 NA 15 8 8 77 1 6 14 25 0 0 0 0 0 5 11 22 1 1 3 3 1 155 148 6213 4927 18 25 30
110 85 95 76 19 47 37 1156 83 10 75 179 28 14 NA 15 8 8 83 2 5 14 26 0 0 0 0 1 5 11 22 1 0 3 4 0 160 149 6274 4925 18 26 31
111 76 94 77 17 48 42 1140 88 6 74 174 29 14.5 NA 15.5 8 11 88 2 5 13 28 0 0 0 0 1 5 10 24 1 0 3 4 0 162 151 6347 4926 18 24 32
112 73 94 76 18 50 36 1153 82 15 75 165 30 14.5 NA 15.5 8 9 82 2 6 13 29 0 0 0 0 1 6 10 25 1 0 3 4 1 156 153 6398 4925 20 22 33
113 68 94 76 18 51 29 1139 81 11 77 173 31 15 NA 16 12 6 81 2 6 14 29 0 0 0 0 1 6 11 26 1 0 3 3 1 150 155 6467 4923 21 23 33
114 77 91 73 18 50 36 1116 88 5 75 170 31 15 NA 16 12 11 88 1 7 14 28 0 0 0 0 0 7 11 25 1 0 3 3 1 154 156 6534 4925 21 22 32
115 60 93 75 18 51 43 1125 82 7 76 184 31 15 NA 16 12 15 82 1 8 10 32 0 0 0 0 0 8 8 28 1 0 2 4 0 180 156 6604 4924 22 16 38
116 69 93 74 19 54 41 1140 72 10 77 195 32 15 NA 16 8 9 72 2 7 11 34 0 0 0 0 1 7 9 29 1 0 2 5 1 166 157 6663 4923 20 18 39
117 76 93 74 19 53 36 1121 93 16 76 188 31 15 NA 16 8 15 93 1 9 9 34 0 0 0 0 1 8 7 29 0 1 2 5 2 146 161 6721 4924 20 17 39
118 65 90 71 19 53 37 1123 74 8 75 185 29 16 NA 17 8 10 74 1 9 10 33 0 0 0 0 1 8 8 28 0 1 2 5 0 161 164 6785 4925 20 17 38
119 79 90 71 19 54 43 1110 80 8 74 174 29 15.5 NA 16.5 8 13 80 1 9 10 34 0 0 0 0 1 8 9 28 0 1 1 6 1 145 164 6842 4926 17 18 39
120 74 91 71 20 55 39 1101 92 10 76 170 30 16 NA 17 8 7 92 1 8 10 36 0 0 0 0 1 7 9 30 0 1 1 6 1 156 166 6900 4924 19 16 41
121 81 89 69 20 54 39 1097 96 6 73 168 31 16 NA 17 8 8 96 1 8 10 35 0 0 0 0 1 7 9 29 0 1 1 6 0 151 168 6948 4927 17 16 40
122 70 92 72 20 53 35 1120 71 8 73 185 30 16 NA 17 8 6 71 1 8 9 35 0 0 0 0 1 7 9 28 0 1 0 7 2 163 170 6999 4927 16 17 40
123 76 92 72 20 54 34 1110 83 8 72 182 30.5 16 NA 17 8 9 83 2 9 9 34 0 0 0 0 2 8 9 27 0 1 0 7 1 152 172 7059 4928 17 17 38
124 79 94 72 22 54 32 1118 74 9 74 185 30.5 16 NA 17 8 7 74 2 8 10 34 0 0 0 0 2 7 10 27 0 1 0 7 0 163 172 7117 4926 17 19 38
125 79 91 69 22 51 29 1125 77 7 70 180 30 15 NA 17 8 5 77 1 6 12 32 0 0 0 0 1 5 12 25 0 1 0 7 2 157 172 7172 4930 14 20 36
126 84 95 74 21 50 31 1143 84 9 67 179 28 15 NA 17 8 11 84 1 6 12 31 0 0 0 0 1 5 12 24 0 1 0 7 4 178 173 7226 4933 12 19 36
127 87 99 76 23 50 31 1113 71 7 68 168 27 15 NA 17 4 8 71 2 5 13 30 0 0 0 0 2 4 13 24 0 1 0 6 3 141 175 7305 4932 13 20 35
128 86 96 74 22 47 33 1092 90 7 64 157 26.5 16 NA 17 8 10 90 2 4 12 29 0 0 0 0 2 3 12 24 0 1 0 5 1 157 176 7367 4936 12 18 34
129 71 95 73 22 47 30 1102 86 11 64 162 26 15 NA 17 6 8 86 2 4 12 29 0 0 0 0 2 4 11 23 0 0 1 6 1 153 176 7411 4936 13 18 33
130 62 98 74 24 48 29 1094 61 6 62 169 25.5 15 NA 17 6 8 61 2 4 13 29 0 0 0 0 2 4 12 23 0 0 1 6 6 137 178 7477 4938 10 19 33
131 73 100 73 27 48 38 1103 77 5 62 172 24.5 15 NA 16.5 5 15 77 2 6 10 30 0 0 0 0 2 6 9 25 0 0 1 5 3 165 179 7542 4938 11 16 35
132 69 101 75 26 50 28 1099 88 9 63 160 24 15 NA 16.5 5 3 88 1 8 10 31 0 0 0 0 1 8 9 26 0 0 1 5 2 147 183 7593 4937 12 16 35
133 78 98 74 24 48 27 1108 80 5 61 164 21.5 15 NA 15.5 9 6 80 1 8 10 29 0 0 0 0 1 8 9 26 0 0 1 3 0 159 185 7647 4939 14 15 32
134 70 100 74 26 48 31 1083 98 5 65 164 21.5 15 NA 15.5 9 10 98 0 8 11 29 0 0 0 0 0 8 10 26 0 0 1 3 2 164 186 7721 4935 17 15 33
135 87 100 74 26 49 38 1086 93 6 66 179 21 15 NA 15 9 13 93 0 9 12 28 0 0 0 0 0 9 11 25 0 0 1 3 1 164 186 7774 4934 18 16 32
136 74 100 73 27 45 31 1105 83 10 64 181 18 15 NA 15 12 4 83 0 9 10 26 0 0 0 0 0 9 9 22 0 0 1 4 2 174 186 7832 4936 19 15 30
137 78 105 78 27 46 31 1111 88 8 65 180 17 15 NA 15 12 9 88 0 9 9 28 0 0 0 0 0 9 8 24 0 0 1 4 3 159 187 7874 4935 19 13 33
138 71 104 78 26 43 32 1116 83 6 67 177 16 15 NA 15 12 8 83 0 9 8 26 0 0 0 0 0 8 7 23 0 1 1 3 1 174 188 7936 4933 24 12 31
139 94 104 78 26 43 34 1144 76 4 69 186 17 15 NA 15 12 9 76 0 9 8 26 0 0 0 0 0 8 7 23 0 1 1 3 2 188 190 7995 4931 25 13 31
140 60 102 78 24 41 31 1148 68 8 68 183 17.5 14 NA 15 6 7 68 0 9 8 24 0 0 0 0 0 8 7 21 0 1 1 3 0 147 192 8057 4932 26 12 30
141 69 104 79 25 40 32 1150 81 5 67 179 17.5 14.5 NA 15 6 7 81 0 8 8 24 0 0 0 0 0 7 8 20 0 1 0 4 3 157 193 8116 4933 25 12 30
142 78 105 80 25 43 30 1147 81 6 72 174 18 14 NA 15 6 5 81 1 9 8 25 0 0 0 0 1 8 8 21 0 1 0 4 2 161 195 8175 4928 31 10 31
143 82 102 78 24 42 28 1167 80 10 71 175 17 14 NA 14 9 7 80 1 11 7 23 0 0 0 0 1 9 7 19 0 2 0 4 2 169 196 8229 4929 33 9 29
144 71 105 81 24 43 26 1166 82 8 73 176 18 14 NA 14 9 8 82 1 11 8 23 0 0 0 0 1 9 8 19 0 2 0 4 1 152 198 8284 4927 34 10 29
145 71 108 82 26 44 30 1164 76 7 74 168 18.5 14 NA 14 6 12 76 2 11 8 23 0 0 0 0 1 9 8 19 1 2 0 4 2 160 198 8346 4926 34 11 29
146 75 105 79 26 42 27 1142 99 9 72 168 19 14 NA 14 6 6 99 2 9 10 21 0 0 0 0 1 7 10 17 1 2 0 4 0 158 199 8410 4928 31 14 27
147 74 107 81 26 43 24 1152 86 10 71 180 19 14 NA 14.5 6 7 86 2 10 10 21 0 0 0 0 1 8 10 17 1 2 0 4 2 175 201 8470 4929 30 15 26
148 80 106 80 26 44 32 1132 90 5 73 176 19 14 NA 15 8 14 90 1 11 11 21 0 0 0 0 0 9 11 18 1 2 0 3 0 153 202 8529 4927 32 16 25
149 85 106 82 24 44 40 1118 76 8 76 172 19 14.5 NA 15 12 16 76 1 10 11 22 0 0 0 0 0 8 10 19 1 2 1 3 2 146 203 8586 4924 34 16 26
150 71 108 83 25 46 34 1088 82 17 78 165 20 15 NA 15 12 10 82 1 9 14 22 0 0 0 0 0 8 12 19 1 1 2 3 1 138 204 8647 4922 32 20 26
151 72 112 86 26 47 34 1073 87 10 79 159 20 15 NA 15 12 9 87 2 9 14 22 0 0 0 0 1 8 13 18 1 1 1 4 3 157 205 8713 4921 31 22 26
152 82 112 86 26 46 35 1083 75 5 78 167 20.5 15 NA 15 12 6 75 3 9 13 21 0 0 0 0 2 8 12 17 1 1 1 4 2 147 206 8761 4922 31 22 25
153 69 110 84 26 46 35 1104 65 6 79 182 21 14.5 NA 15 12 5 65 4 9 13 20 0 0 0 0 3 8 12 16 1 1 1 4 0 167 207 8831 4921 34 21 24
154 87 111 83 28 44 32 1100 83 11 79 185 20 14.5 NA 15 12 8 83 2 9 15 18 0 0 0 0 2 7 14 14 0 2 1 4 2 161 208 8897 4921 32 25 22
155 85 110 81 29 44 36 1110 88 8 76 191 19 14.5 NA 15 8 13 88 2 6 18 18 0 0 0 0 2 5 16 15 0 1 2 3 2 169 209 8949 4924 29 26 21
156 63 111 82 29 45 40 1110 87 2 78 198 19 15 NA 15 8 6 87 2 6 19 18 0 0 0 0 2 5 17 15 0 1 2 3 1 160 209 9006 4922 30 27 21
157 70 113 82 31 46 46 1090 90 8 80 191 20 15 NA 16 8 13 90 2 6 19 19 0 0 0 0 2 5 17 16 0 1 2 3 3 140 210 9061 4920 31 27 22
158 75 115 84 31 51 38 1093 78 13 79 196 21 15 NA 17 8 5 78 3 9 17 22 0 0 0 0 3 8 15 19 0 1 2 3 1 159 212 9116 4921 28 26 25
159 66 116 86 30 51 41 1113 91 8 81 195 21 15 NA 17 12 12 91 1 11 17 22 0 0 0 0 1 9 15 19 0 2 2 3 1 179 212 9174 4919 31 24 26
160 71 116 85 31 49 37 1125 90 10 78 198 21 15 NA 17 12 6 90 1 10 15 23 0 0 0 0 1 8 13 20 0 2 2 3 3 177 213 9234 4922 29 23 26
161 63 119 89 30 52 36 1118 97 14 79 206 21 16.5 NA 17 12 12 97 1 13 15 23 0 0 0 0 0 11 13 19 1 2 2 4 2 160 215 9286 4921 26 27 26
162 86 116 88 28 49 35 1116 92 10 77 201 21 17 NA 17 9.5 12 92 1 14 11 23 0 0 0 0 0 12 11 18 1 2 0 5 1 162 217 9333 4923 26 24 27
163 89 119 90 29 52 36 1091 89 13 82 206 21 17 NA 17 9.5 13 89 2 12 12 26 0 0 0 0 1 11 11 21 1 1 1 5 2 150 218 9394 4918 29 23 30
164 54 121 92 29 54 35 1115 80 16 85 213 21 17 NA 17 12 14 80 2 12 13 27 0 0 0 0 1 10 12 22 1 2 1 5 3 175 218 9452 4915 30 23 32
165 101 116 88 28 54 38 1135 86 11 80 210 20.5 18 NA 19 12 10 86 3 11 15 25 0 0 0 0 2 9 14 20 1 2 1 5 0 182 218 9503 4920 26 25 29
166 73 117 87 30 56 37 1148 85 12 83 204 21 18 NA 18.5 15 12 85 1 14 16 25 0 0 0 0 1 12 14 21 0 2 2 4 2 170 220 9557 4917 29 24 30
167 81 115 85 30 57 37 1124 93 11 85 190 22 18 NA 18.5 12 12 93 0 15 14 28 0 0 0 0 0 12 12 24 0 3 2 4 0 145 222 9610 4915 32 22 31
168 65 114 83 31 54 38 1113 97 10 84 189 21 17.5 NA 18.5 14.5 17 97 0 13 14 27 0 0 0 0 0 10 11 23 0 3 3 4 1 146 227 9655 4916 31 22 31
169 70 115 85 30 53 27 1144 60 16 83 194 20 17 NA 17.5 17 4 60 0 12 15 26 0 0 0 0 0 8 12 22 0 4 3 4 1 158 227 9707 4917 31 23 29
170 55 114 86 28 52 31 1122 100 7 85 184 20.5 17.5 NA 18 12 12 100 0 12 16 24 0 0 0 0 0 8 13 20 0 4 3 4 0 161 228 9774 4915 34 23 28
171 72 117 90 27 53 32 1125 89 10 87 187 21 17 NA 18 12 11 89 0 12 16 25 0 0 0 0 0 8 13 21 0 4 3 4 4 163 228 9833 4913 34 24 29
172 82 116 89 27 55 30 1131 82 12 85 191 21 17 NA 18 12 8 82 0 15 15 25 0 0 0 0 0 11 12 21 0 4 3 4 2 171 228 9893 4915 34 21 30
173 92 114 86 28 52 37 1113 85 7 86 190 22 17.5 NA 18 12 15 85 0 13 13 26 0 0 0 0 0 9 10 22 0 4 3 4 2 140 228 9948 4914 36 18 32
174 70 113 86 27 53 35 1107 89 11 84 181 23 17 NA 18 13.5 10 89 0 13 14 26 0 0 0 0 0 9 10 22 0 4 4 4 3 158 230 10006 4916 33 19 32
175 82 115 86 29 56 31 1118 84 12 88 183 23 17.5 NA 18.5 13.5 7 84 0 12 16 28 0 0 0 0 0 8 13 23 0 4 3 5 0 180 231 10067 4912 31 23 34
176 86 119 91 28 55 31 1109 87 8 89 177 22 17 NA 18 13.5 11 87 0 11 17 27 0 0 0 0 0 7 15 21 0 4 2 6 5 164 234 10124 4911 31 24 34
177 67 118 88 30 52 35 1119 84 5 85 187 22 17 NA 18.5 13.5 11 84 0 12 16 24 0 0 0 0 0 8 14 20 0 4 2 4 2 175 236 10189 4915 31 23 31
178 72 116 86 30 56 37 1103 86 14 85 187 23 17 NA 19 12 15 86 1 10 19 26 0 0 0 0 0 8 16 21 1 2 3 5 0 163 237 10260 4915 28 26 31
179 63 114 85 29 57 31 1114 84 10 83 179 24 17 NA 19 11.5 6 84 1 9 21 26 0 0 0 0 0 8 17 22 1 1 4 4 1 155 240 10302 4917 24 29 30
180 66 110 82 28 57 41 1136 81 4 83 193 25 17 NA 18 12 16 81 2 10 21 24 0 0 0 0 1 9 17 21 1 1 4 3 0 168 241 10350 4917 25 29 29
181 77 112 82 30 58 34 1135 93 14 85 197 25.5 16.5 NA 17.5 13.5 10 93 3 9 20 26 0 0 0 0 3 8 16 23 0 1 4 3 1 170 243 10408 4915 26 28 31
182 74 109 82 27 58 47 1097 109 11 82 197 25 18 NA 19 13.5 22 109 3 10 19 26 0 0 0 0 3 8 16 23 0 2 3 3 1 149 243 10468 4918 25 28 29
183 73 112 84 28 62 42 1126 79 15 86 213 25 18 NA 19.5 13.5 10 79 3 10 20 29 0 0 0 0 2 8 16 26 1 2 4 3 4 175 243 10518 4914 27 27 32
184 73 111 83 28 63 40 1136 85 12 87 211 26 18 NA 20 13.5 10 85 3 9 21 30 0 0 0 0 2 7 17 27 1 2 4 3 1 159 243 10562 4913 27 27 33
185 79 110 82 28 61 43 1147 77 10 86 206 25.5 17 NA 19 13.5 14 77 4 8 20 29 0 0 0 0 3 6 16 26 1 2 4 3 0 157 247 10611 4914 24 30 32
186 90 108 79 29 62 40 1138 87 10 86 193 26 17.5 NA 19 13.5 9 87 4 9 20 29 0 0 0 0 3 7 17 25 1 2 3 4 1 147 249 10660 4914 25 28 33
187 70 108 79 29 62 35 1154 77 11 86 203 26 17 NA 19 12 6 77 4 9 17 32 0 0 0 0 3 7 14 29 1 2 3 3 1 175 249 10724 4914 24 26 36
188 77 105 76 29 60 40 1142 83 8 87 204 27 17.5 NA 19 12 13 83 1 11 19 29 0 0 0 0 1 8 16 26 0 3 3 3 1 153 249 10787 4913 25 28 34
189 66 109 80 29 62 40 1120 85 7 88 200 27 18 NA 20 12 10 85 0 12 21 29 0 0 0 0 0 9 18 26 0 3 3 3 3 148 252 10856 4912 27 28 33
190 82 109 80 29 64 36 1130 77 11 87 197 27 18.5 NA 20 12 9 77 0 12 21 31 0 0 0 0 0 10 18 27 0 2 3 4 1 163 253 10916 4913 25 27 35
191 75 110 78 32 64 32 1131 69 8 85 211 28 18 NA 19 12 8 69 0 13 18 33 0 0 0 0 0 11 16 28 0 2 2 5 1 153 256 10978 4915 24 23 38
192 70 111 79 32 64 34 1123 94 7 84 213 28 18 NA 19 12 11 94 0 12 18 34 0 0 0 0 0 10 16 29 0 2 2 5 2 156 257 11031 4916 22 23 39
193 78 110 77 33 66 37 1121 86 8 84 198 28 17.5 NA 19 12 10 86 1 12 17 36 0 0 0 0 1 10 14 32 0 2 3 4 1 165 257 11089 4916 22 22 40
194 78 112 81 31 65 36 1121 91 9 82 201 25.5 17 NA 19 12 8 91 1 13 18 33 0 0 0 0 1 11 15 29 0 2 3 4 1 161 259 11143 4918 22 22 38
195 80 111 80 31 65 40 1092 79 6 82 183 26 17 NA 19 12 14 79 1 11 19 34 0 0 0 0 1 9 17 29 0 2 2 5 0 129 262 11197 4918 20 23 39
196 75 109 79 30 63 41 1100 80 11 80 179 27 17 NA 19 12 12 80 1 10 19 33 0 0 0 0 1 8 17 30 0 2 2 3 0 166 263 11258 4920 19 23 38
197 69 108 78 30 60 39 1072 81 12 78 180 26 17 NA 19 12 10 81 1 10 14 35 0 0 0 0 1 8 12 32 0 2 2 3 2 130 263 11315 4922 19 19 40
198 74 109 79 30 59 37 1077 84 11 79 189 27 17 NA 18.5 12 11 84 1 8 15 35 0 0 0 0 1 6 13 32 0 2 2 3 3 163 266 11370 4921 19 20 40
199 76 109 80 29 58 32 1066 78 11 79 168 27 16.5 NA 18 12 7 78 1 6 16 35 0 0 0 0 1 4 14 32 0 2 2 3 0 160 267 11444 4921 19 20 40
200 68 113 84 29 57 45 1090 88 5 79 172 26 16 NA 18 13 18 88 1 3 17 36 0 0 0 0 1 2 15 33 0 1 2 3 2 174 267 11490 4921 16 22 41
201 82 113 84 29 59 43 1128 75 8 84 186 27 16 NA 18 13 10 75 1 3 19 36 0 0 0 0 1 2 17 33 0 1 2 3 0 178 270 11534 4916 19 24 41
202 61 112 82 30 57 38 1137 74 15 82 201 26.5 16 NA 17 13 11 74 1 4 17 35 0 0 0 0 1 3 16 33 0 1 1 2 1 166 271 11598 4918 20 22 40
203 76 109 80 29 56 36 1143 74 10 82 194 27 16.5 NA 17.5 13 9 74 2 3 16 35 0 0 0 0 2 3 14 33 0 0 2 2 0 163 272 11662 4918 22 20 40
204 67 107 80 27 57 35 1126 93 9 81 184 28 16 NA 17 13 10 93 2 5 14 36 0 0 0 0 2 5 12 34 0 0 2 2 0 150 275 11719 4919 23 18 40
205 77 110 82 28 58 30 1096 93 11 82 180 28.5 16 NA 17 14 7 93 2 6 12 38 0 0 0 0 2 5 11 35 0 1 1 3 3 148 277 11780 4918 22 18 42
206 78 107 81 26 55 29 1098 83 9 80 173 25 15 NA 16.5 14 10 83 2 8 11 34 0 0 0 0 2 7 10 31 0 1 1 3 1 165 280 11838 4920 25 16 39
207 70 104 79 25 60 29 1150 71 10 78 184 27 15 NA 16 14 8 71 2 12 10 36 0 0 0 0 2 11 9 33 0 1 1 3 1 188 280 11888 4922 23 14 41
208 91 99 76 23 57 26 1148 79 7 76 189 27 15 NA 15.5 14 7 79 1 13 9 34 0 0 0 0 1 12 8 31 0 1 1 3 0 160 282 11950 4924 24 13 39
209 69 103 79 24 58 25 1173 83 6 78 189 28 15 NA 16 14 5 83 1 12 10 35 0 0 0 0 1 11 9 32 0 1 1 3 3 179 283 11997 4922 25 13 40
210 69 100 78 22 62 30 1189 89 9 77 199 27 15 NA 16 14 10 89 0 17 9 36 0 0 0 0 0 15 8 33 0 2 1 3 1 184 283 12051 4923 24 12 41
211 95 104 83 21 62 31 1180 84 5 77 200 24.5 15 NA 16 14 8 84 0 16 9 37 0 0 0 0 0 14 8 33 0 2 1 4 5 152 284 12107 4923 24 11 42
212 80 102 81 21 59 28 1167 91 8 78 210 23.5 15 NA 16 14 5 91 0 16 5 38 0 0 0 0 0 14 4 35 0 2 1 3 0 163 284 12173 4922 27 8 43
213 80 103 83 20 58 31 1161 94 6 75 211 23 14.5 NA 15.5 14 13 94 1 14 7 36 0 0 0 0 1 12 6 33 0 2 1 3 3 169 288 12241 4925 24 10 41
214 81 100 81 19 58 37 1143 90 10 75 206 23.5 14 NA 15 14 14 90 2 13 7 36 0 0 0 0 2 13 5 33 0 0 2 3 0 156 288 12300 4925 25 10 40
215 75 98 79 19 59 30 1141 82 15 74 199 24 14 NA 14 14 8 82 2 13 9 35 0 0 0 0 2 13 8 32 0 0 1 3 1 171 289 12364 4926 23 12 39
216 92 98 80 18 56 33 1143 77 7 71 196 24 14 NA 14.5 14 10 77 2 11 10 33 0 0 0 0 2 11 9 30 0 0 1 3 1 154 289 12420 4929 21 13 37
217 75 97 78 19 56 37 1150 82 9 74 204 25 14 NA 14.5 14 15 82 1 11 10 34 0 0 0 0 1 11 9 31 0 0 1 3 2 157 292 12472 4926 23 12 39
218 76 97 78 19 57 32 1134 87 16 76 196 26 14 NA 14 14 9 87 1 10 13 33 0 0 0 0 1 10 12 30 0 0 1 3 1 153 292 12523 4924 23 15 38
219 81 96 79 17 56 33 1121 94 5 75 196 26.5 14 NA 14 14 10 94 1 9 13 33 0 0 0 0 1 9 13 30 0 0 0 3 0 181 296 12597 4925 22 15 38
220 81 94 75 19 54 29 1121 78 8 72 195 26 14 NA 14 14 7 78 1 7 15 31 0 0 0 0 1 7 15 28 0 0 0 3 2 154 298 12647 4928 20 17 35
221 63 93 74 19 56 29 1129 87 7 72 200 27 14 NA 14 14 9 87 2 9 13 32 0 0 0 0 2 8 12 29 0 1 1 3 2 186 299 12721 4928 22 16 34
222 69 96 75 21 55 27 1102 99 9 70 181 24.5 14 NA 14 14.5 7 99 2 7 13 33 0 0 0 0 2 7 12 30 0 0 1 3 5 144 299 12773 4930 19 17 34
223 64 96 75 21 54 34 1115 75 4 72 182 25.5 14 NA 14 14.5 14 75 1 7 12 34 0 0 0 0 1 7 11 31 0 0 1 3 2 157 301 12825 4928 20 17 35
224 80 99 76 23 54 33 1107 95 10 73 177 26 14 NA 14 14.5 11 95 1 6 13 34 0 0 0 0 1 6 12 31 0 0 1 3 2 168 302 12884 4927 17 21 35
225 73 100 76 24 54 37 1112 83 6 74 180 26.5 14.5 NA 14.5 14.5 10 83 0 7 12 35 0 0 0 0 0 7 11 32 0 0 1 3 1 166 302 12943 4926 19 19 36
226 91 100 78 22 54 37 1118 83 8 72 175 26.5 14.5 NA 14.5 14.5 9 83 0 7 13 34 0 0 0 0 0 7 12 31 0 0 1 3 2 165 303 12996 4928 17 20 35
227 77 101 80 21 53 43 1130 74 11 70 174 27 14 NA 14.5 14 19 74 0 8 12 33 0 0 0 0 0 8 12 30 0 0 0 3 1 163 305 13058 4930 17 18 35
228 83 100 79 21 54 43 1169 82 12 72 189 27 14.5 NA 15 14 13 82 1 8 11 34 0 0 0 0 1 8 11 31 0 0 0 3 1 196 305 13112 4928 19 17 36
229 74 99 79 20 55 39 1166 78 10 73 190 27 14 NA 14 14 6 78 2 8 11 34 0 0 0 0 2 8 11 31 0 0 0 3 0 163 306 13179 4927 19 18 36
230 77 101 80 21 60 40 1171 101 14 72 189 26 15 NA 15 14 13 101 2 11 11 36 0 0 0 0 2 11 11 33 0 0 0 3 3 169 307 13227 4928 16 18 38
231 82 103 80 23 59 42 1160 82 11 71 183 25 15 NA 15 14 15 82 2 10 11 36 0 0 0 0 2 10 11 33 0 0 0 3 4 160 309 13293 4929 16 17 38
232 72 100 79 21 56 37 1175 92 11 69 181 24 15 NA 16 14 7 92 2 10 11 33 0 0 0 0 2 10 11 30 0 0 0 3 2 180 309 13343 4931 19 16 34
233 80 100 78 22 56 40 1157 96 9 70 178 24 15.5 NA 17 14 13 96 1 10 13 32 0 0 0 0 1 10 13 29 0 0 0 3 1 162 311 13407 4930 19 17 34
234 84 101 76 25 55 44 1169 76 6 71 192 24 15 NA 17 14 10 76 0 10 12 33 0 0 0 0 0 10 12 30 0 0 0 3 2 165 311 13457 4929 20 15 36
235 75 101 75 26 53 35 1190 66 6 70 210 23 15 NA 17 13 2 66 0 10 13 30 0 0 0 0 0 10 13 28 0 0 0 2 1 169 314 13516 4930 20 16 34
236 72 103 77 26 53 35 1165 98 5 71 192 23 15 NA 17 13 8 98 0 9 12 32 0 0 0 0 0 9 12 30 0 0 0 2 2 149 317 13572 4929 21 14 36
237 83 103 74 29 54 38 1146 88 8 72 181 21 15 NA 17 13 9 88 0 9 13 32 0 0 0 0 0 8 13 30 0 1 0 2 1 148 318 13630 4928 22 15 35
238 77 103 74 29 54 38 1136 82 8 73 190 22 15 NA 17 13 10 82 0 9 13 32 0 0 0 0 0 8 13 30 0 1 0 2 1 155 320 13695 4927 24 15 34
239 75 107 77 30 53 33 1137 84 9 74 197 19 17 NA 17 12 6 84 0 10 12 31 0 0 0 0 0 10 12 30 0 0 0 1 3 162 322 13751 4926 27 14 33
240 65 111 79 32 54 31 1157 80 8 75 210 19 16 NA 17 12 9 80 1 9 12 32 0 0 0 0 1 9 12 31 0 0 0 1 2 184 324 13822 4925 25 16 34
241 60 112 80 32 55 31 1160 92 10 74 215 19 17 NA 17 17.5 10 92 1 9 13 32 0 0 0 0 1 9 13 30 0 0 0 2 2 170 326 13878 4926 24 15 35
242 95 111 78 33 54 36 1135 108 6 75 204 20 17 NA 17 17.5 13 108 0 10 11 33 0 0 0 0 0 10 11 31 0 0 0 2 0 166 327 13931 4925 26 13 36
243 63 111 79 32 53 28 1131 86 16 77 186 21 17 NA 16 23 9 86 0 9 11 33 0 0 0 0 0 9 11 30 0 0 0 3 1 154 328 13991 4923 28 13 36
244 65 113 81 32 52 35 1139 98 5 77 190 21 16 NA 15 23 15 98 0 8 12 32 0 0 0 0 0 8 12 29 0 0 0 3 3 180 330 14049 4923 26 16 35
245 84 113 81 32 53 30 1168 66 10 78 194 22 15 NA 15 23 7 66 2 7 11 33 0 0 0 0 2 7 11 30 0 0 0 3 1 172 332 14105 4922 27 15 36
246 73 114 82 32 54 35 1164 88 7 80 177 22 16 NA 15 23 12 88 2 7 12 33 0 0 0 0 2 7 12 30 0 0 0 3 3 155 334 14161 4920 26 18 36
247 75 114 81 33 52 33 1160 91 9 80 179 22 17 NA 17 23 9 91 2 6 12 32 0 0 0 0 2 6 12 29 0 0 0 3 2 163 335 14222 4920 27 18 35
248 79 109 78 31 49 39 1144 99 8 76 183 23 15 NA 15 23 15 99 2 5 12 30 0 0 0 0 2 5 12 27 0 0 0 3 0 160 336 14281 4924 24 19 33
249 73 110 80 30 49 45 1127 103 12 77 189 22.5 15 NA 15 23 16 103 1 7 10 31 0 0 0 0 1 7 10 28 0 0 0 3 1 160 336 14339 4923 24 19 34
250 70 111 81 30 50 49 1119 100 10 79 192 23 15.5 NA 15 23 14 100 1 9 10 30 0 0 0 0 1 9 10 27 0 0 0 3 1 166 337 14393 4921 25 21 33
251 82 108 78 30 48 40 1141 91 14 82 203 23.5 17 NA 17 23 6 91 0 8 13 27 0 0 0 0 0 8 13 24 0 0 0 3 0 181 338 14445 4918 28 24 30
252 70 107 77 30 49 34 1115 74 13 84 190 24 17 NA 17 26.5 7 74 1 8 12 28 0 0 0 0 1 8 12 24 0 0 0 4 0 133 338 14512 4916 30 22 32
253 87 111 80 31 49 38 1087 100 6 82 177 21 17 NA 17 18.5 9 100 1 10 11 27 0 0 0 0 1 8 11 23 0 2 0 4 5 161 338 14580 4918 31 21 30
254 81 107 76 31 51 40 1106 87 6 79 183 21 16 NA 16 18.5 5 87 1 11 13 26 0 0 0 0 1 9 13 22 0 2 0 4 0 176 339 14629 4921 29 22 28
255 64 108 76 32 51 45 1109 78 6 78 190 20.5 16 NA 16 18.5 10 78 1 12 12 26 0 0 0 0 1 10 12 22 0 2 0 4 3 150 340 14684 4922 28 22 28
256 76 110 76 34 51 43 1094 89 10 78 184 20 17 NA 17 18.5 10 89 0 14 10 27 0 0 0 0 0 12 10 23 0 2 0 4 3 156 343 14749 4922 30 17 31
257 75 110 74 36 48 50 1108 84 7 77 191 20 17 NA 17 18.5 16 84 0 13 10 25 0 0 0 0 0 11 10 21 0 2 0 4 3 169 345 14803 4923 30 18 29
258 86 111 76 35 50 54 1105 88 11 78 183 20 18 NA 18 18.5 15 88 0 13 10 27 0 0 0 0 0 11 10 23 0 2 0 4 1 164 347 14860 4922 31 16 31
259 61 113 78 35 52 57 1085 91 15 79 188 20 18 NA 18 21 18 91 0 14 10 28 0 0 0 0 0 11 10 24 0 3 0 4 4 136 350 14913 4921 31 16 32
260 82 114 80 34 54 50 1101 77 16 79 183 21 17.5 NA 17 21 9 77 0 16 10 28 0 0 0 0 0 13 10 24 0 3 0 4 2 165 351 14962 4921 31 15 33
261 79 116 80 36 54 43 1130 84 11 80 179 22 18 NA 18 21 9 84 0 14 12 28 0 0 0 0 0 11 12 24 0 3 0 4 1 190 354 15019 4920 30 18 32
262 70 117 82 35 54 47 1153 83 10 80 182 22 18 NA 18 21 16 83 0 12 14 28 0 0 0 0 0 10 13 24 0 2 1 4 1 180 357 15074 4920 28 20 32
263 88 116 82 34 58 43 1129 94 16 79 178 23 17.5 NA 17 21 12 94 1 11 15 31 0 0 0 0 1 10 13 27 0 1 2 4 2 162 357 15149 4921 23 22 34
264 82 113 80 33 56 40 1158 90 12 75 173 23 17 NA 17 14 10 90 1 10 16 29 0 0 0 0 1 10 13 27 0 0 3 2 1 188 359 15188 4925 20 24 31
265 103 113 80 33 58 35 1120 91 11 81 162 23 17.5 NA 17.5 17.5 7 91 0 12 18 28 0 0 0 0 0 12 15 27 0 0 3 1 2 146 360 15248 4919 25 26 30
266 76 117 84 33 60 42 1100 97 8 82 163 22 17.5 NA 17.5 17.5 17 97 1 11 19 29 0 0 0 0 1 11 16 28 0 0 3 1 2 150 362 15306 4918 25 26 31
267 77 115 83 32 60 32 1123 57 13 81 158 23 17.5 NA 17 20 4 57 1 11 20 28 0 0 0 0 1 10 18 28 0 1 2 0 0 148 363 15360 4919 24 26 31
268 65 114 82 32 58 30 1121 84 3 83 159 23.5 17.5 NA 17 20 3 84 1 9 22 26 0 0 0 0 1 8 20 26 0 1 2 0 1 160 366 15419 4917 26 28 29
269 79 110 81 29 55 36 1133 87 3 81 168 23 18 NA 16.5 21 11 87 0 9 21 25 0 0 0 0 0 8 19 23 0 1 2 2 1 171 368 15473 4919 27 26 28
270 84 111 81 30 57 34 1127 87 5 83 167 24 17 NA 16 20.5 5 87 0 9 22 26 0 0 0 0 0 7 20 24 0 2 2 2 1 153 370 15531 4917 26 27 30
271 64 112 82 30 57 31 1156 90 7 86 168 24.5 16 NA 16 20.5 7 90 1 7 22 27 0 0 0 0 1 6 19 25 0 1 3 2 1 179 372 15569 4914 27 27 32
272 66 114 83 31 60 27 1160 92 11 88 172 25 16.5 NA 16 20.5 11 92 1 9 23 27 0 0 0 0 1 8 20 25 0 1 3 2 1 172 376 15632 4912 29 27 32
273 69 113 82 31 58 30 1157 76 7 88 186 24 16.5 NA 16 20.5 10 76 1 9 20 28 0 0 0 0 1 8 17 26 0 1 3 2 0 157 376 15702 4912 29 26 33
274 79 114 84 30 61 29 1155 75 12 89 190 25 17 NA 16.5 21 10 75 1 9 20 31 0 0 0 0 1 8 18 27 0 1 2 4 0 152 376 15765 4911 30 24 35
275 76 112 83 29 58 30 1158 96 8 84 184 24.5 17 NA 16 21 8 96 1 7 16 34 0 0 0 0 1 6 14 30 0 1 2 4 2 168 376 15823 4916 26 20 38
276 85 114 86 28 59 32 1119 97 10 85 180 24 18 NA 17 21 12 97 1 8 16 34 0 0 0 0 1 7 15 29 0 1 1 5 2 145 377 15889 4915 28 18 39
277 73 118 89 29 61 24 1164 73 13 85 184 24 18 NA 17.5 21 5 73 2 7 17 35 0 0 0 0 2 6 16 30 0 1 1 5 3 177 379 15931 4915 25 20 40
278 69 119 89 30 62 20 1130 92 9 88 172 24 18.5 NA 18 21 5 92 2 8 16 36 0 0 0 0 2 7 15 31 0 1 1 5 1 132 380 15990 4912 28 19 41
279 80 118 88 30 60 27 1119 91 2 88 173 23.5 18.5 NA 18 21 10 91 2 8 15 35 0 0 0 0 2 7 14 30 0 1 1 5 1 149 381 16040 4912 29 20 39
280 65 122 90 32 61 31 1093 86 6 88 170 24 19 NA 18 21 10 86 1 9 15 36 0 0 0 0 1 8 14 31 0 1 1 5 3 143 382 16103 4912 26 23 39
281 89 123 91 32 62 31 1085 89 10 90 181 25 19 NA 18 21 10 89 0 8 16 38 0 0 0 0 0 7 15 33 0 1 1 5 1 162 382 16166 4910 26 24 40
282 69 125 93 32 63 34 1104 89 7 91 183 25 19 NA 18 20.5 10 89 0 9 15 39 0 0 0 0 0 8 13 34 0 1 2 5 3 181 384 16224 4909 27 22 42
283 77 123 91 32 63 27 1132 61 14 90 189 24 19 NA 19 20.5 7 61 0 7 17 39 0 0 0 0 0 6 16 33 0 1 1 6 1 175 384 16290 4910 25 24 41
284 71 125 92 33 63 30 1132 84 4 91 179 25 19 NA 19 20.5 8 84 0 7 18 38 0 0 0 0 0 6 17 32 0 1 1 6 2 165 385 16356 4909 25 26 40
285 73 121 88 33 61 32 1124 79 10 89 174 25 19 NA 18.5 20 12 79 0 7 17 37 0 0 0 0 0 6 16 32 0 1 1 5 1 159 387 16429 4911 25 24 40
286 87 119 89 30 60 26 1121 88 15 86 172 25 19 NA 19 20 10 88 0 8 16 36 0 0 0 0 0 7 15 31 0 1 1 5 1 167 388 16481 4914 24 23 39
287 68 121 89 32 58 29 1128 86 7 88 168 24 19 NA 19 20 10 86 0 7 15 36 0 0 0 0 0 6 14 31 0 1 1 5 2 174 388 16546 4912 27 22 39
288 81 121 89 32 59 35 1123 82 9 89 177 24 19 NA 19 20 13 82 0 7 17 35 0 0 0 0 0 6 16 30 0 1 1 5 0 154 388 16600 4911 28 23 38
289 77 120 89 31 60 32 1135 87 13 90 179 23.5 19.5 NA 19 20.5 9 87 0 7 15 38 0 0 0 0 0 6 14 32 0 1 1 6 1 194 388 16674 4910 30 20 40
290 84 117 88 29 57 32 1150 95 11 87 176 24 19 NA 19 20 11 95 0 7 15 35 0 0 0 0 0 5 14 29 0 2 1 6 0 166 388 16714 4913 28 22 37
291 84 113 83 30 61 33 1140 91 10 85 180 25 19 NA 19 20 8 91 1 10 16 34 0 0 0 0 1 9 14 28 0 1 2 6 0 147 388 16760 4915 26 22 37
292 81 110 79 31 59 28 1154 82 9 87 181 25.5 19 NA 19 20 6 82 0 10 15 34 0 0 0 0 0 9 13 28 0 1 2 6 0 164 390 16809 4913 29 20 38
293 68 112 81 31 61 30 1168 89 9 86 189 25.5 19 NA 18.5 20 11 89 0 12 15 34 0 0 0 0 0 11 13 28 0 1 2 6 1 169 391 16861 4914 27 21 38
294 74 114 84 30 60 32 1155 88 11 88 195 25 18.5 NA 18.5 18.5 17 88 0 10 16 34 0 0 0 0 0 9 15 28 0 1 1 6 1 167 393 16929 4912 28 22 38
295 73 119 89 30 60 29 1139 89 12 89 196 24 18.5 NA 18.5 18.5 11 89 0 10 15 35 0 0 0 0 0 9 14 29 0 1 1 6 6 154 394 16992 4911 28 22 39
296 73 119 87 32 63 30 1148 71 10 88 202 24 19 NA 19 17 10 71 1 12 15 35 0 0 0 0 0 11 14 29 1 1 1 6 0 163 394 17058 4912 27 22 39
297 80 119 87 32 67 31 1143 88 11 87 199 25 19 NA 19 18.5 13 88 2 13 15 37 0 0 0 0 1 12 14 30 1 1 1 7 2 173 396 17124 4913 24 22 41
298 74 119 87 32 68 29 1132 85 9 88 204 25 18.5 NA 18.5 18.5 7 85 3 14 15 36 0 0 0 0 2 12 14 30 1 2 1 6 1 148 397 17180 4912 26 22 40
299 72 120 87 33 67 23 1118 78 8 90 195 26 19 NA 18.5 20 4 78 3 12 16 36 0 0 0 0 2 11 15 30 1 1 1 6 1 149 399 17247 4910 26 24 40
300 75 120 87 33 67 25 1144 78 7 89 181 26.5 18 NA 17 20 8 78 3 12 15 37 0 0 0 0 2 11 14 31 1 1 1 6 2 173 399 17297 4911 24 24 41
301 78 121 87 34 68 34 1125 90 6 92 194 26 18.5 NA 17 20.5 15 90 3 9 18 38 0 0 0 0 2 8 16 32 1 1 2 6 2 163 400 17365 4908 24 25 43
302 77 121 87 34 70 29 1093 91 16 92 182 26 18.5 NA 17 20.5 9 91 3 11 16 40 0 0 0 0 2 10 14 34 1 1 2 6 1 134 401 17427 4908 25 23 44
303 75 120 87 33 70 27 1121 74 7 91 178 26.5 19 NA 18.5 20.5 5 74 2 11 16 41 0 0 0 0 1 10 15 34 1 1 1 7 2 178 402 17482 4909 24 22 45
304 79 119 86 33 71 36 1109 90 3 90 187 27 18 NA 17 20 11 90 3 10 17 41 0 0 0 0 1 9 16 34 2 1 1 7 1 160 402 17540 4910 22 24 44
305 85 117 85 32 71 43 1112 94 4 91 179 28 17 NA 17 17 11 94 5 10 15 41 0 0 0 0 2 9 14 35 3 1 1 6 0 176 403 17601 4909 25 21 45
306 66 116 83 33 72 50 1126 84 12 92 191 29 16.5 NA 16 17 18 84 5 11 14 42 0 0 0 0 2 10 13 36 3 1 1 6 0 176 403 17664 4908 24 22 46
307 84 109 77 32 67 44 1121 89 14 92 178 30 17 NA 17 17 10 89 1 12 12 42 0 0 0 0 0 9 11 36 1 3 1 6 1 161 405 17718 4908 27 20 45
308 70 107 77 30 66 37 1141 79 13 93 187 31 17.5 NA 18 17 7 79 0 11 14 41 0 0 0 0 0 7 13 35 0 4 1 6 0 168 407 17766 4907 28 21 44
309 62 110 80 30 66 49 1143 88 5 94 179 30.5 17.5 NA 18 17 16 88 0 11 12 43 0 0 0 0 0 7 12 36 0 4 0 7 3 160 407 17820 4906 29 19 46
310 58 107 78 29 67 42 1155 77 15 93 185 31 16 NA 18 13.5 9 77 1 11 14 41 0 0 0 0 0 8 13 36 1 3 1 5 0 163 411 17879 4907 27 21 45
311 83 104 75 29 66 52 1117 95 6 90 182 31.5 15.5 NA 17 13.5 18 95 2 10 13 41 0 0 0 0 1 7 12 36 1 3 1 5 1 139 412 17939 4910 25 20 45
312 77 107 78 29 68 44 1109 86 12 91 195 30 16.5 NA 18 15 6 86 2 10 13 43 0 0 0 0 1 7 11 38 1 3 2 5 2 160 412 18004 4909 26 19 46
313 84 103 75 28 65 48 1110 93 8 88 198 31 17 NA 18.5 15 13 93 2 9 12 42 0 0 0 0 1 6 10 37 1 3 2 5 0 174 412 18064 4912 24 18 46
314 80 103 74 29 64 49 1137 96 9 89 205 32 17.5 NA 18.5 13.5 15 96 2 9 12 41 0 0 0 0 1 6 11 36 1 3 1 5 2 179 414 18109 4911 24 20 45
315 82 101 73 28 62 44 1156 81 13 88 206 32 17.5 NA 17.5 18 10 81 2 8 11 41 0 0 0 0 1 6 10 35 1 2 1 6 0 163 416 18163 4912 24 19 45
316 78 107 76 31 66 41 1148 92 11 88 200 30 17.5 NA 17.5 18 10 92 2 11 11 42 0 0 0 0 1 9 10 36 1 2 1 6 6 157 419 18219 4912 23 18 47
317 76 106 76 30 65 33 1143 79 13 85 200 30 18 NA 17.5 21 9 79 2 13 11 39 0 0 0 0 1 11 10 34 1 2 1 5 0 156 421 18280 4915 21 20 44
318 63 104 75 29 64 30 1126 78 6 84 197 31 18.5 NA 18 21 3 78 2 12 11 39 0 0 0 0 1 10 10 34 1 2 1 5 0 135 422 18340 4916 19 19 46
319 84 100 73 27 64 30 1101 80 12 81 192 32 17.5 NA 17.5 16.5 13 80 3 9 14 38 0 0 0 0 2 8 12 34 1 1 2 4 0 131 423 18399 4919 14 22 45
320 86 98 71 27 63 30 1120 78 10 78 202 32.5 18 NA 18 16.5 9 78 3 8 14 38 0 0 0 0 2 8 11 34 1 0 3 4 1 176 423 18458 4922 12 23 43
321 80 98 69 29 59 29 1107 77 8 76 189 31.5 16 NA 16.5 12 8 77 1 9 14 35 0 0 0 0 1 8 11 32 0 1 3 3 2 159 425 18532 4924 13 23 40
322 72 95 66 29 57 30 1110 93 7 74 194 32 16 NA 16.5 12 10 93 1 8 11 37 0 0 0 0 1 7 9 33 0 1 2 4 0 177 427 18599 4926 11 21 42
323 87 93 65 28 56 30 1101 90 9 72 186 32 15.5 NA 16 12 9 90 2 7 12 35 0 0 0 0 2 6 10 31 0 1 2 4 1 154 427 18650 4928 11 20 41
324 92 94 66 28 54 27 1115 67 10 74 190 31 15.5 NA 16 12 8 67 2 7 11 34 0 0 0 0 2 6 9 30 0 1 2 4 1 165 428 18705 4926 13 21 40
325 66 94 66 28 54 30 1116 104 8 72 194 31 14.5 NA 15 12 13 104 2 8 10 34 0 0 0 0 2 7 8 30 0 1 2 4 1 177 430 18765 4928 12 20 40
326 84 91 63 28 52 31 1087 96 8 70 182 31 15 NA 15 12 11 96 2 8 12 30 0 0 0 0 2 7 10 26 0 1 2 4 1 149 430 18827 4930 12 20 38
327 56 90 62 28 52 32 1108 90 9 70 187 32 15 NA 15 12 13 90 2 6 13 31 0 0 0 0 2 5 11 27 0 1 2 4 0 185 432 18884 4930 11 20 39
328 70 92 63 29 50 31 1118 85 12 73 183 32.5 15 NA 15 12 11 85 0 8 12 30 0 0 0 0 0 7 10 26 0 1 2 4 2 168 432 18943 4927 16 19 38
329 73 92 64 28 50 39 1116 103 5 73 187 32 15.5 NA 15.5 14.5 13 103 0 9 12 29 0 0 0 0 0 7 10 25 0 2 2 4 2 176 432 19002 4927 18 17 38
330 83 90 62 28 50 35 1125 84 11 71 184 33 15.5 NA 15.5 13 9 84 1 8 11 30 0 0 0 0 0 6 9 27 1 2 2 3 0 156 434 19046 4929 17 15 39
331 76 87 59 28 48 30 1147 99 15 68 198 32 14.5 NA 15 9 10 99 2 8 7 31 0 0 0 0 0 6 6 27 2 2 1 4 1 184 434 19082 4932 18 11 39
332 76 84 57 27 47 30 1144 72 6 66 209 31.5 15 NA 15 9 6 72 2 9 6 30 0 0 0 0 0 7 6 25 2 2 0 5 0 148 435 19144 4934 19 9 38
333 71 84 58 26 47 33 1158 92 8 67 209 31 15 NA 15 9 13 92 2 8 8 29 0 0 0 0 0 7 7 24 2 1 1 5 1 178 437 19196 4933 20 11 36
334 76 81 56 25 46 41 1129 100 7 64 207 32 15 NA 15 9 16 100 2 8 7 29 0 0 0 0 0 7 6 24 2 1 1 5 1 150 438 19256 4936 19 9 36
335 75 80 57 23 42 34 1149 75 16 61 205 29 14.5 NA 15 9 9 75 2 6 7 27 0 0 0 0 0 5 6 22 2 1 1 5 2 152 438 19296 4939 18 9 34
336 69 79 58 21 40 35 1139 96 9 60 204 24 15 NA 15 9 12 96 1 5 8 26 0 0 0 0 0 4 6 23 1 1 2 3 2 151 439 19345 4940 18 10 32
337 71 79 57 22 41 31 1125 84 16 59 181 23 15 NA 15 9 11 84 1 7 8 25 0 0 0 0 1 5 6 22 0 2 2 3 3 150 440 19403 4941 20 9 30
338 83 76 56 20 38 28 1118 87 10 56 172 24 15 NA 15 17 8 87 1 6 5 26 0 0 0 0 1 5 4 23 0 1 1 3 1 162 440 19465 4944 17 8 31
339 70 78 58 20 38 36 1113 89 3 56 179 24.5 15 NA 15 17 12 89 1 6 4 27 0 0 0 0 1 5 3 24 0 1 1 3 2 179 441 19534 4944 16 8 32
340 87 79 59 20 39 42 1091 99 8 58 186 24 15 NA 15 17 15 99 1 5 5 28 0 0 0 0 1 4 4 24 0 1 1 4 2 158 442 19599 4942 16 11 31
341 74 79 60 19 40 38 1095 90 14 58 197 25 15 NA 15 17 14 90 1 6 6 27 0 0 0 0 0 5 5 23 1 1 1 4 2 169 446 19654 4942 16 12 30
342 74 82 62 20 42 34 1090 101 13 57 193 24 14.5 NA 14 17 9 101 2 7 7 26 0 0 0 0 1 6 6 22 1 1 1 4 2 174 446 19713 4943 16 12 29
343 65 80 61 19 42 33 1074 88 10 55 191 25 15 NA 15 17 9 88 2 7 8 25 0 0 0 0 1 6 7 21 1 1 1 4 0 152 446 19776 4945 14 13 28
344 71 81 64 17 41 32 1065 94 8 54 186 25 15 NA 15 17 10 94 2 6 8 25 0 0 0 0 1 5 7 21 1 1 1 4 1 163 448 19834 4946 12 14 28
345 64 80 63 17 41 30 1088 75 10 54 191 24.5 15 NA 15 13 6 75 1 7 8 25 0 0 0 0 1 5 7 22 0 2 1 3 1 167 448 19891 4946 13 14 27
346 75 78 61 17 37 36 1093 78 6 51 188 23.5 15 NA 15 17 14 78 1 6 8 22 0 0 0 0 1 5 7 19 0 1 1 3 2 156 450 19941 4949 12 15 24
347 80 75 58 17 34 30 1101 94 12 50 193 23 15 NA 15 17 7 94 1 6 7 20 0 0 0 0 1 5 6 17 0 1 1 3 1 168 451 19991 4950 13 15 22
348 80 73 57 16 33 30 1141 79 9 50 205 23 15 NA 15 17 9 79 1 5 6 21 0 0 0 0 1 5 5 17 0 0 1 4 0 182 452 20037 4950 14 14 22
349 86 71 55 16 31 34 1156 83 10 48 212 21 14 NA 14 13 14 83 1 6 7 17 0 0 0 0 0 6 6 13 1 0 1 4 2 169 454 20080 4952 15 15 18
350 79 75 58 17 33 31 1133 100 9 50 206 21 15 NA 15 13 9 100 1 6 9 17 0 0 0 0 0 6 8 13 1 0 1 4 3 155 456 20134 4950 16 15 19
351 75 76 60 16 36 31 1123 93 10 52 195 22 15 NA 15 13 11 93 1 9 9 17 0 0 0 0 0 9 8 13 1 0 1 4 1 161 457 20192 4948 18 14 20
352 77 79 61 18 36 27 1136 79 12 55 199 19 15 NA 15 13 9 79 0 8 9 19 0 0 0 0 0 7 8 15 0 1 1 4 3 168 458 20246 4945 18 14 23
353 80 79 60 19 36 32 1124 84 7 57 196 20 15 NA 15 13 13 84 0 6 9 21 0 0 0 0 0 5 8 17 0 1 1 4 1 155 458 20307 4943 18 14 25
354 69 80 59 21 39 33 1137 83 13 58 193 19 15 NA 15 13 12 83 1 8 10 20 0 0 0 0 1 7 9 16 0 1 1 4 1 172 458 20368 4942 21 14 23
355 80 78 58 20 37 23 1147 92 10 55 193 19 15 NA 15 13 3 92 1 7 10 19 0 0 0 0 1 6 9 15 0 1 1 4 1 178 459 20421 4945 20 13 22
356 61 78 59 19 35 33 1149 102 2 55 196 20 15 NA 15 13 15 102 0 7 9 19 0 0 0 0 0 6 8 15 0 1 1 4 0 177 462 20481 4945 21 12 22
357 67 80 60 20 34 37 1152 82 6 52 199 19 15 NA 15 17 11 82 1 6 9 18 0 0 0 0 1 5 8 15 0 1 1 3 5 155 464 20534 4948 20 12 20
358 93 79 59 20 35 27 1155 96 17 53 198 20 15 NA 15 17 5 96 1 8 8 18 0 0 0 0 1 7 7 15 0 1 1 3 0 184 464 20590 4947 22 11 20
359 84 78 61 17 32 35 1149 81 4 51 192 19 14.5 NA 14.5 13 12 81 1 9 8 14 0 0 0 0 1 8 7 12 0 1 1 2 1 151 465 20646 4949 22 12 17
360 67 80 62 18 33 35 1122 92 10 51 191 19.5 14 NA 14.5 9 10 92 2 6 9 16 0 0 0 0 1 5 9 13 1 1 0 3 3 146 465 20709 4949 19 13 19
