1 94 100 84 16 46 31 1234 67 13 75 18 25 18 NA 18 NA 10 67 1 6 17 22 0 0 0 0 1 6 17 22 0 0 0 0 2 153 0 0 4925 19 27 29
2 70 102 86 16 46 30 1314 72 9 76 46 26 18 NA 18 NA 9 72 1 5 17 23 0 0 0 0 1 5 17 23 0 0 0 0 1 171 0 0 4924 19 27 30
3 85 102 86 16 46 34 1347 81 8 76 68 26.5 18 NA 18 NA 12 81 1 5 17 23 0 0 0 0 1 5 17 23 0 0 0 0 1 138 0 0 4924 19 27 30
4 80 100 84 16 48 35 1392 80 11 77 89 27.5 18 NA 18 NA 10 80 1 6 17 24 0 0 0 0 1 6 17 24 0 0 0 0 0 148 0 0 4923 20 27 30
5 66 103 86 17 49 37 1427 68 10 78 109 28 18 NA 18 NA 12 68 1 6 18 24 0 0 0 0 1 6 18 24 0 0 0 0 2 130 0 0 4922 22 27 29
6 86 102 82 20 49 37 1431 95 7 75 115 29 18 NA 18 20 7 95 0 5 18 26 0 0 0 0 0 5 18 25 0 0 0 1 0 120 0 0 4925 17 26 32
7 90 102 81 21 50 40 1431 86 9 73 115 28 18 NA 18 13 12 86 0 7 16 27 0 0 0 0 0 7 15 26 0 0 1 1 2 110 0 0 4927 17 24 32
8 73 100 79 21 48 43 1477 78 8 72 124 28.5 18.5 NA 18.5 13 12 78 0 5 17 26 0 0 0 0 0 5 16 25 0 0 1 1 1 142 0 0 4928 16 25 31
9 79 98 76 22 47 40 1510 83 7 71 129 28 19 NA 19 13 5 83 0 5 15 27 0 0 0 0 0 5 14 26 0 0 1 1 1 132 0 0 4929 17 22 32
10 86 96 74 22 50 44 1515 101 10 73 124 27 19 NA 19 16 10 101 0 8 15 27 0 0 0 0 0 7 14 25 0 1 1 2 2 133 0 0 4927 20 21 32
11 83 96 75 21 51 36 1555 65 14 75 142 28 19 NA 19 16 7 65 0 6 15 30 0 0 0 0 0 5 15 27 0 1 0 3 1 132 0 0 4925 18 21 36
12 73 99 77 22 50 40 1578 89 6 74 155 27 19 NA 19 16 10 89 0 5 14 31 0 0 0 0 0 4 14 28 0 1 0 3 3 133 0 0 4926 17 19 38
13 79 100 77 23 49 34 1019 48 7 76 155 26.5 19 NA 19 16 4 48 0 5 11 33 0 0 0 0 0 4 11 30 0 1 0 3 2 112 4 602 4924 21 16 39
14 79 99 75 24 48 34 1012 81 6 75 162 27 19 NA 19 16 8 81 1 5 9 33 0 0 0 0 1 4 9 30 0 1 0 3 1 162 6 670 4925 22 14 39
15 77 98 72 26 46 31 1012 74 7 73 155 26 18.5 NA 18 20 5 74 1 5 8 32 0 0 0 0 1 4 8 28 0 1 0 4 1 154 7 726 4927 22 13 38
16 81 96 71 25 44 28 1000 69 5 70 154 25.5 19 NA 19 16 4 69 1 4 8 31 0 0 0 0 1 3 8 26 0 1 0 5 0 134 9 789 4930 19 14 37
17 55 96 71 25 46 32 1042 63 7 71 167 25 19 NA 19 16 10 63 2 5 10 29 0 0 0 0 2 4 10 24 0 1 0 5 1 167 10 840 4929 22 14 35
18 73 92 67 25 44 29 1031 73 8 70 165 25 18.5 NA 18 20 10 73 1 4 11 28 0 0 0 0 1 3 11 24 0 1 0 4 0 128 15 888 4930 22 15 33
19 77 94 71 23 41 26 1057 64 6 69 155 22.5 19 NA 19 20 6 64 0 5 11 25 0 0 0 0 0 4 11 21 0 1 0 4 2 147 16 933 4931 23 16 30
20 70 93 69 24 42 40 1038 76 4 68 166 23 19 NA 19 27.5 18 76 0 7 9 26 0 0 0 0 0 6 9 23 0 1 0 3 1 129 18 993 4932 23 15 30
21 77 91 69 22 41 39 1046 62 14 67 175 23 19 NA 19 27.5 13 62 0 7 8 26 0 0 0 0 0 7 8 24 0 0 0 2 1 149 19 1050 4933 22 15 30
22 77 90 68 22 45 30 1062 65 15 66 183 24 19 NA 19 27.5 7 65 0 9 8 28 0 0 0 0 0 9 8 26 0 0 0 2 2 156 21 1110 4934 18 16 32
23 74 90 67 23 44 31 1062 71 7 66 186 25 19 NA 19 27.5 8 71 0 8 8 28 0 0 0 0 0 8 8 26 0 0 0 2 0 148 22 1163 4934 17 16 33
24 68 89 63 26 44 32 1106 72 11 66 191 25 19.5 NA 19 27.5 11 72 0 9 7 28 0 0 0 0 0 9 7 26 0 0 0 2 2 165 23 1197 4934 20 15 31
25 74 91 65 26 47 29 1103 96 14 65 185 24 19 NA 19 18.5 12 96 1 10 9 27 0 0 0 0 1 10 9 25 0 0 0 2 0 158 27 1243 4935 18 17 30
26 78 89 64 25 45 36 1106 72 6 65 189 25 19 NA 19 18.5 13 72 1 9 8 27 0 0 0 0 1 9 8 25 0 0 0 2 0 154 27 1305 4935 18 17 30
27 81 92 65 27 45 32 1089 71 12 66 180 25 19 NA 19 18.5 8 71 1 8 8 28 0 0 0 0 1 8 8 26 0 0 0 2 4 134 27 1367 4934 18 17 31
28 71 97 70 27 45 33 1113 71 5 68 178 23 19 NA 19 18.5 7 71 1 8 8 28 0 0 0 0 1 8 8 26 0 0 0 2 2 159 27 1413 4932 20 15 33
29 64 97 70 27 45 44 1103 92 4 70 165 24 19 NA 19 18.5 15 92 1 8 8 28 0 0 0 0 1 8 8 26 0 0 0 2 0 167 27 1481 4930 20 17 33
30 77 98 72 26 45 33 1114 64 17 67 168 24 18 NA 18.5 18 7 64 2 7 8 28 0 0 0 0 2 6 8 26 0 1 0 2 3 137 29 1525 4933 17 17 33
31 84 101 73 28 46 32 1098 83 9 70 177 23 19 NA 19 18 11 83 1 7 10 28 0 0 0 0 1 6 10 26 0 1 0 2 3 154 32 1586 4930 20 17 33
32 71 100 73 27 47 38 1113 78 8 70 172 23.5 19 NA 19 17.5 16 78 2 7 11 27 0 0 0 0 1 6 11 25 1 1 0 2 0 160 33 1641 4930 20 17 33
33 65 99 71 28 47 37 1122 71 8 69 165 22 19 NA 19 17.5 8 71 1 7 11 28 0 0 0 0 0 5 11 25 1 2 0 3 1 157 34 1699 4931 20 16 33
34 67 99 71 28 47 33 1098 76 11 68 156 22 19 NA 19 17 8 76 2 8 9 28 0 0 0 0 1 6 9 26 1 2 0 2 1 125 35 1760 4932 21 13 34
35 83 98 69 29 44 35 1089 88 8 66 164 22 18.5 NA 19 17 11 88 2 7 9 26 0 0 0 0 1 5 9 24 1 2 0 2 2 152 35 1810 4934 21 13 32
36 83 99 69 30 41 39 1090 78 6 65 153 21 18 NA 19 14 11 78 1 5 13 22 0 0 0 0 1 3 12 21 0 2 1 1 3 156 35 1874 4935 21 16 28
37 80 95 65 30 40 40 1070 87 11 64 145 20 18.5 NA 19 11 11 87 2 5 11 22 0 0 0 0 1 3 10 21 1 2 1 1 2 146 36 1937 4936 22 14 28
38 79 94 63 31 39 41 1083 72 12 63 158 21 19 NA 19.5 11 13 72 2 5 9 23 0 0 0 0 1 3 8 22 1 2 1 1 1 162 36 1996 4937 21 13 29
39 75 96 63 33 40 38 1091 67 8 65 159 20 18.5 NA 19 14 10 67 2 5 10 23 0 0 0 0 1 3 9 21 1 2 1 2 2 140 39 2041 4935 21 15 29
40 71 93 61 32 40 30 1095 77 15 65 160 21 18 NA 19 17 7 77 2 6 10 22 0 0 0 0 1 4 9 19 1 2 1 3 1 163 41 2105 4935 23 16 26
41 96 97 63 34 40 35 1117 77 5 64 172 19 18 NA 19 17 13 77 2 7 9 22 0 0 0 0 1 5 8 19 1 2 1 3 2 175 44 2167 4936 22 15 27
42 88 104 71 33 41 32 1146 75 11 67 188 17.5 18 NA 19 14 9 75 3 7 8 23 0 0 0 0 1 5 7 20 2 2 1 3 2 177 45 2216 4933 26 12 29
43 65 110 77 33 41 29 1162 82 11 69 194 16.5 18 NA 18.5 17 7 82 2 7 9 23 0 0 0 0 1 6 7 20 1 1 2 3 5 174 45 2272 4931 25 15 29
44 77 110 78 32 42 32 1114 94 6 68 197 17.5 18 NA 18 17 10 94 2 8 8 24 0 0 0 0 1 7 6 21 1 1 2 3 1 136 46 2343 4932 23 15 30
45 95 108 76 32 40 35 1099 78 8 66 188 18 18 NA 19 17 13 78 2 8 7 23 0 0 0 0 1 7 5 20 1 1 2 3 0 142 50 2397 4934 23 14 29
46 75 106 75 31 40 32 1107 88 13 65 187 18.5 18 NA 19 13 11 88 2 9 8 21 0 0 0 0 1 7 6 19 1 2 2 2 0 159 50 2445 4935 23 15 27
47 58 105 74 31 41 35 1129 72 7 68 180 19 18 NA 18.5 13 9 72 2 10 7 22 0 0 0 0 2 7 5 20 0 3 2 2 1 160 50 2495 4932 26 15 27
48 64 101 70 31 44 36 1143 78 11 70 187 21 17 NA 17.5 15 10 78 3 10 8 23 0 0 0 0 3 8 6 19 0 2 2 4 0 160 51 2553 4930 26 17 27
49 81 104 73 31 45 34 1132 79 11 71 189 21 17 NA 17 15 10 79 2 11 9 23 0 0 0 0 2 9 7 19 0 2 2 4 2 147 52 2611 4929 25 19 27
50 68 104 73 31 47 34 1139 84 8 70 192 22 17 NA 17 15 10 84 2 12 8 25 0 0 0 0 2 10 6 21 0 2 2 4 3 172 53 2674 4930 24 18 28
51 55 104 74 30 47 39 1171 79 7 72 199 22 17 NA 18 15 13 79 2 11 8 26 0 0 0 0 2 9 6 22 0 2 2 4 1 183 54 2728 4928 24 18 30
52 74 104 73 31 46 38 1163 89 11 71 208 22 17.5 NA 19 13 13 89 2 10 9 25 0 0 0 0 1 8 7 21 1 2 2 4 2 163 56 2794 4929 21 20 30
53 64 106 76 30 46 36 1149 91 10 74 214 22 18 NA 19 13 8 91 2 10 10 24 0 0 0 0 1 8 8 20 1 2 2 4 3 166 57 2871 4926 25 19 30
54 68 106 75 31 49 37 1163 86 12 82 211 22 18 NA 19 13 10 86 2 11 12 24 0 0 0 0 1 9 10 20 1 2 2 4 1 180 58 2929 4918 31 22 29
55 62 108 77 31 48 34 1157 93 13 84 212 19.5 16 NA 18 12 10 93 0 13 11 24 0 0 0 0 0 10 10 20 0 3 1 4 4 155 59 2985 4916 35 20 29
56 84 109 78 31 49 32 1133 87 11 84 192 20 15 NA 17 12 8 87 0 14 10 25 0 0 0 0 0 11 9 21 0 3 1 4 2 145 59 3042 4916 36 18 30
57 75 112 80 32 49 33 1135 89 8 82 181 20 15 NA 16 11 9 89 0 14 11 24 0 0 0 0 0 12 9 21 0 2 2 3 6 161 61 3097 4918 35 18 29
58 84 116 84 32 49 31 1133 67 8 81 184 19 14 NA 15 11 11 67 1 14 11 23 0 0 0 0 1 12 9 20 0 2 2 3 3 140 65 3155 4919 35 17 29
59 68 111 78 33 47 25 1142 93 8 77 188 19 17 NA 18 11 3 93 0 14 13 20 0 0 0 0 0 13 10 17 0 1 3 3 1 174 68 3214 4923 32 18 27
60 76 111 77 34 48 30 1125 80 8 76 192 19 17 NA 18 11 11 80 0 14 13 21 0 0 0 0 0 13 11 17 0 1 2 4 2 149 69 3281 4924 28 19 29
61 73 110 75 35 48 40 1110 96 7 76 179 19 17 NA 18.5 12 18 96 0 13 13 22 0 0 0 0 0 11 12 19 0 2 1 3 2 149 70 3329 4924 30 19 27
62 72 112 75 37 49 36 1115 75 13 76 178 20 19 NA 19.5 13 8 75 0 16 13 20 0 0 0 0 0 14 12 18 0 2 1 2 1 148 71 3382 4924 31 19 26
63 97 113 76 37 47 38 1104 75 7 74 194 21 19 NA 20 15 9 75 0 14 12 21 0 0 0 0 0 13 11 19 0 1 1 2 3 161 71 3456 4926 28 20 26
64 80 111 76 35 49 34 1078 100 12 72 183 21 19 NA 19 21.5 10 100 1 15 13 20 0 0 0 0 1 14 11 19 0 1 2 1 1 147 74 3518 4928 28 19 25
65 63 108 75 33 47 30 1054 87 8 71 173 22 19 NA 19 17 6 87 2 13 13 19 0 0 0 0 2 12 12 18 0 1 1 1 0 143 76 3579 4929 26 21 24
66 59 107 76 31 48 30 1068 70 6 71 168 23 19 NA 19 17 7 70 2 7 19 20 0 0 0 0 2 6 18 19 0 1 1 1 1 159 77 3641 4929 19 26 26
67 81 106 75 31 48 32 1067 97 6 75 172 24 19 NA 19 17 9 97 2 3 21 22 0 0 0 0 2 2 20 21 0 1 1 1 0 162 78 3693 4925 19 28 28
68 67 109 77 32 49 39 1074 85 5 79 178 25 19 NA 19 17 9 85 1 4 22 22 0 0 0 0 1 4 20 21 0 0 2 1 2 153 79 3736 4921 22 29 28
69 84 114 83 31 54 47 1049 89 10 82 181 22.5 18.5 NA 19 15 17 89 1 9 22 22 0 0 0 0 0 9 21 20 1 0 1 2 3 151 80 3797 4918 26 29 27
70 90 111 81 30 54 45 1027 84 18 84 179 23 17 NA 18 13 15 84 2 10 21 21 0 0 0 0 1 10 20 20 1 0 1 1 0 134 80 3848 4916 29 29 26
71 85 110 82 28 49 36 1024 78 11 80 181 21 17 NA 17 13 5 78 2 9 20 18 0 0 0 0 1 9 19 17 1 0 1 1 3 162 83 3919 4920 30 26 24
72 77 110 81 29 50 34 1054 61 11 81 193 21.5 17 NA 17 15 7 61 2 10 16 22 0 0 0 0 1 9 15 21 1 1 1 1 1 159 83 3970 4919 32 21 28
73 72 113 82 31 51 41 1056 88 6 83 199 21 17 NA 17 15 12 88 2 10 16 23 0 0 0 0 1 10 14 22 1 0 2 1 1 160 84 4022 4917 30 24 29
74 82 111 80 31 51 36 1071 80 13 82 204 21 17 NA 17 15 12 80 1 12 16 22 0 0 0 0 0 12 14 21 1 0 2 1 0 168 88 4069 4918 29 25 28
75 61 113 82 31 52 45 1077 99 8 87 197 22 17 NA 17 14 18 99 1 13 15 23 0 0 0 0 0 12 13 22 1 1 2 1 2 168 90 4119 4913 33 23 31
76 77 112 79 33 53 37 1108 72 14 86 193 21 17 NA 17 14 8 72 0 14 15 24 0 0 0 0 0 12 13 23 0 2 2 1 2 175 91 4170 4914 33 23 30
77 72 114 82 32 55 35 1131 85 12 85 185 22 17 NA 17 14.5 10 85 0 16 15 24 0 0 0 0 0 13 13 23 0 3 2 1 2 180 92 4222 4915 31 23 31
78 79 116 83 33 57 38 1120 97 9 86 185 22.5 17 NA 17 14.5 12 97 0 18 11 28 0 0 0 0 0 15 9 27 0 3 2 1 1 169 92 4282 4914 32 18 36
79 86 117 84 33 56 43 1123 84 8 84 191 23 17 NA 17 14 13 84 1 15 10 30 0 0 0 0 0 12 8 29 1 3 2 1 3 157 92 4336 4916 28 17 39
80 88 118 84 34 54 44 1131 84 6 85 202 23 17 NA 17 14 10 84 1 11 12 30 0 0 0 0 0 8 11 28 1 3 1 2 1 171 95 4391 4915 27 19 39
81 62 117 83 34 52 40 1122 90 12 89 184 24 16.5 NA 17 14 11 90 1 9 13 29 0 0 0 0 0 6 12 27 1 3 1 2 0 149 97 4443 4911 29 22 38
82 79 116 83 33 51 42 1133 89 11 84 174 24 16 NA 16.5 14 15 89 2 7 13 29 0 0 0 0 1 4 12 27 1 3 1 2 2 156 99 4481 4916 24 22 38
83 77 114 81 33 49 43 1119 96 10 82 164 23.5 16 NA 17 14 11 96 2 7 14 26 0 0 0 0 1 3 13 24 1 4 1 2 1 162 101 4544 4918 25 22 35
84 60 112 79 33 52 45 1123 90 12 83 167 24.5 16.5 NA 17 14 10 90 3 8 15 26 0 0 0 0 2 4 14 24 1 4 1 2 0 166 101 4603 4917 25 23 35
85 84 115 82 33 53 48 1119 85 10 85 166 24 17 NA 17 14 14 85 2 9 15 27 0 0 0 0 1 6 14 24 1 3 1 3 4 157 102 4656 4915 26 22 37
86 81 113 80 33 54 49 1112 102 8 83 163 25 17 NA 17 14.5 10 102 2 6 19 27 0 0 0 0 1 4 16 23 1 2 3 4 1 178 104 4714 4917 22 23 38
87 60 113 81 32 55 42 1108 88 10 82 169 25 17 NA 17 14.5 6 88 1 9 18 27 0 0 0 0 1 6 15 23 0 3 3 4 1 157 108 4775 4918 21 24 37
88 71 111 81 30 56 43 1098 78 7 84 168 26 16.5 NA 17 14 12 78 2 7 19 28 0 0 0 0 1 5 15 24 1 2 4 4 0 152 110 4837 4916 21 25 38
89 82 111 82 29 59 40 1084 90 14 82 164 26 17 NA 18 14.5 9 90 1 12 18 28 0 0 0 0 0 10 14 23 1 2 4 5 2 167 111 4911 4918 23 24 35
90 81 112 84 28 60 34 1052 86 9 80 175 25 17 NA 18 14 4 86 2 13 18 27 0 0 0 0 1 11 15 22 1 2 3 5 3 133 112 4972 4920 23 23 34
91 78 108 82 26 57 40 1047 89 3 79 165 24 17 NA 18 14 12 89 1 13 16 27 0 0 0 0 1 10 13 23 0 3 3 4 0 147 115 5020 4921 25 20 34
92 72 109 83 26 56 43 1042 80 7 80 167 24 17 NA 18 14 11 80 1 12 16 27 0 0 0 0 1 9 13 24 0 3 3 3 1 142 116 5072 4920 25 21 34
93 78 108 82 26 55 48 1076 70 6 79 181 24 17 NA 17 14 13 70 1 10 17 27 0 0 0 0 1 7 13 24 0 3 4 3 1 175 117 5123 4921 21 24 34
94 86 105 80 25 52 38 1079 68 16 77 185 25 17 NA 17.5 14 7 68 1 11 15 25 0 0 0 0 1 8 11 22 0 3 4 3 2 144 119 5171 4923 24 20 33
95 70 103 79 24 52 38 1139 72 5 78 204 24 17 NA 17.5 14 11 72 1 8 19 24 0 0 0 0 1 6 14 21 0 2 5 3 0 198 122 5222 4922 24 23 31
96 71 102 78 24 54 35 1140 86 8 77 199 25 17 NA 18 14 6 86 2 7 20 25 0 0 0 0 2 5 15 23 0 2 5 2 0 167 124 5278 4923 24 23 30
97 73 101 77 24 54 37 1143 85 6 79 194 26 17 NA 18 14 10 85 1 7 19 27 0 0 0 0 1 5 15 24 0 2 4 3 1 155 126 5336 4921 25 22 32
98 68 99 77 22 55 44 1126 92 7 76 193 26 18 NA 18 14 15 92 1 11 16 27 0 0 0 0 1 9 13 23 0 2 3 4 3 152 129 5398 4924 24 20 32
99 83 102 80 22 56 40 1130 82 15 78 186 24.5 17 NA 18 14 9 82 0 13 16 27 0 0 0 0 0 12 12 23 0 1 4 4 2 171 129 5460 4922 26 18 34
100 81 103 81 22 52 44 1152 84 7 74 184 23 17 NA 18 14 10 84 0 10 15 27 0 0 0 0 0 9 13 23 0 1 2 4 5 176 129 5512 4926 23 17 34
101 73 108 86 22 54 42 1152 77 8 77 188 22 17 NA 18 14 9 77 0 11 15 28 0 0 0 0 0 10 13 24 0 1 2 4 5 156 131 5575 4923 25 18 34
102 78 109 86 23 54 38 1164 83 11 80 194 23 17 NA 18 14 9 83 0 10 15 29 0 0 0 0 0 9 13 25 0 1 2 4 2 178 132 5633 4920 27 18 35
103 77 110 87 23 53 38 1133 102 6 78 185 23 17 NA 18 14 9 102 0 8 16 29 0 0 0 0 0 7 13 25 0 1 3 4 3 150 134 5693 4922 25 19 34
104 76 111 90 21 52 44 1120 105 8 78 189 22 17.5 NA 18 14 15 105 0 7 15 30 0 0 0 0 0 6 12 26 0 1 3 4 4 159 136 5742 4922 24 19 35
105 68 112 91 21 53 48 1118 85 10 78 188 22.5 17 NA 18 14 15 85 2 7 11 33 0 0 0 0 2 6 8 29 0 1 3 4 0 165 137 5809 4922 24 16 38
106 84 111 90 21 56 44 1138 79 16 77 188 23 16.5 NA 18 14 12 79 3 8 12 33 0 0 0 0 3 7 9 29 0 1 3 4 2 175 138 5866 4923 23 17 37
107 73 109 89 20 57 40 1111 103 13 74 187 24 17 NA 18 14 8 103 4 8 12 33 0 0 0 0 3 7 10 28 1 1 2 5 2 169 138 5935 4926 19 18 37
108 78 110 89 21 57 42 1131 68 5 73 196 23.5 16 NA 18 14 12 68 5 7 12 33 0 0 0 0 4 5 10 28 1 2 2 5 2 171 142 6000 4927 18 18 37
109 74 108 87 21 57 40 1149 79 12 72 204 24 16 NA 18 14 10 79 4 8 13 32 0 0 0 0 3 6 11 27 1 2 2 5 1 173 144 6055 4928 17 19 36
110 59 107 87 20 57 27 1173 84 15 72 209 23 16 NA 18 14 7 84 5 7 14 31 0 0 0 0 4 5 12 26 1 2 2 5 0 171 148 6105 4928 19 18 35
111 71 107 87 20 57 37 1173 86 5 75 210 24 16 NA 18 14 18 86 5 6 14 32 0 0 0 0 4 4 13 26 1 2 1 6 1 159 152 6161 4925 20 19 36
112 78 106 86 20 57 33 1140 101 12 78 199 25 16 NA 18 14 10 101 2 9 13 33 0 0 0 0 2 6 12 27 0 3 1 6 0 155 153 6223 4922 24 17 37
113 89 106 86 20 57 34 1137 85 12 80 190 25 16 NA 18 14 12 85 2 9 14 32 0 0 0 0 2 7 12 26 0 2 2 6 1 145 153 6268 4920 25 19 36
114 77 109 87 22 58 32 1120 95 12 81 191 25 16 NA 17.5 14 10 95 2 9 14 33 0 0 0 0 2 7 12 27 0 2 2 6 3 159 155 6328 4919 23 21 37
115 85 108 86 22 59 31 1126 94 9 83 193 25 16 NA 16.5 14 7 94 2 10 13 34 0 0 0 0 2 9 11 26 0 1 2 8 0 164 156 6371 4917 25 20 38
116 69 107 85 22 59 33 1116 99 7 86 178 26 16 NA 17.5 14 9 99 0 12 12 35 0 0 0 0 0 11 10 27 0 1 2 8 1 167 156 6427 4914 28 18 40
117 72 106 86 20 57 31 1128 86 11 85 182 26 16 NA 17 14.5 10 86 1 11 13 32 0 0 0 0 1 10 11 25 0 1 2 7 0 175 157 6489 4915 29 19 37
118 90 102 84 18 52 34 1106 87 5 79 185 23 16 NA 16.5 14.5 9 87 1 11 12 28 0 0 0 0 1 10 10 23 0 1 2 5 1 154 157 6553 4921 28 18 33
119 81 104 86 18 55 29 1111 92 15 80 172 21.5 16 NA 16.5 15 9 92 2 14 10 29 0 0 0 0 2 13 8 23 0 1 2 6 1 183 158 6617 4920 30 15 35
120 70 106 88 18 56 27 1114 79 9 82 164 22 16 NA 16 14.5 7 79 2 15 10 29 0 0 0 0 2 14 8 24 0 1 2 5 3 168 158 6692 4918 32 15 35
121 83 106 89 17 55 27 1110 81 5 80 162 22 16 NA 16 14.5 5 81 2 15 9 29 0 0 0 0 2 14 7 24 0 1 2 5 0 159 158 6753 4920 31 14 35
122 78 106 89 17 55 29 1126 83 8 81 170 23 16 NA 16 14.5 10 83 1 14 10 30 0 0 0 0 1 13 8 25 0 1 2 5 0 176 158 6808 4919 29 16 36
123 61 107 91 16 54 27 1121 100 10 81 176 24 16 NA 16 14.5 9 100 1 11 12 30 0 0 0 0 1 10 10 25 0 1 2 5 3 156 159 6858 4919 27 18 36
124 83 106 90 16 53 26 1136 76 8 79 182 24 16 NA 16 14.5 8 76 0 10 13 30 0 0 0 0 0 10 10 25 0 0 3 5 1 177 160 6915 4921 24 20 35
125 65 106 90 16 53 28 1145 88 9 81 187 25 16 NA 16 14.5 11 88 0 7 15 31 0 0 0 0 0 7 13 25 0 0 2 6 0 155 160 6962 4919 22 22 37
126 60 106 90 16 51 28 1162 81 11 81 187 25 16 NA 16 14.5 16 81 0 8 13 30 0 0 0 0 0 8 11 24 0 0 2 6 2 167 165 7015 4919 24 21 36
127 79 106 90 16 56 23 1136 98 18 81 195 26 16 NA 16 15 14 98 0 9 16 31 0 0 0 0 0 8 15 24 0 1 1 7 0 156 168 7070 4919 20 23 38
128 81 107 91 16 55 25 1134 104 7 80 194 27 16 NA 16 15 12 104 0 7 18 30 0 0 0 0 0 6 17 23 0 1 1 7 2 169 170 7121 4920 18 26 36
129 61 109 93 16 58 19 1163 67 13 81 197 27 16 NA 16 15 6 67 1 8 18 31 0 0 0 0 1 7 17 24 0 1 1 7 0 162 170 7178 4919 17 27 37
130 79 111 92 19 57 23 1128 95 6 83 194 27 16 NA 16 16.5 9 95 1 7 19 30 0 0 0 0 1 7 17 24 0 0 2 6 0 148 170 7245 4917 20 26 37
131 80 107 88 19 58 24 1115 83 9 82 199 27 17.5 NA 17 18 8 83 1 11 19 27 0 0 0 0 1 11 18 21 0 0 1 6 1 153 171 7314 4918 21 27 34
132 66 107 86 21 58 35 1097 96 8 81 195 27 17.5 NA 17 18 17 96 1 8 21 28 0 0 0 0 1 8 20 22 0 0 1 6 2 154 171 7372 4919 20 27 34
133 70 105 84 21 60 29 1116 83 12 80 194 28 16.5 NA 17 15 6 83 1 11 21 27 0 0 0 0 1 11 20 21 0 0 1 6 1 179 171 7433 4920 20 26 34
134 79 105 83 22 59 28 1117 81 7 80 191 29 17 NA 17.5 15 7 81 1 9 20 29 0 0 0 0 1 9 19 23 0 0 1 6 1 167 171 7493 4920 19 24 37
135 75 107 81 26 59 34 1120 88 7 81 185 28 17 NA 17 16.5 12 88 0 10 18 31 0 0 0 0 0 10 17 26 0 0 1 5 2 160 171 7542 4919 20 22 39
136 82 105 79 26 60 39 1136 86 9 80 179 29 17.5 NA 17.5 16.5 14 86 0 10 18 32 0 0 0 0 0 10 17 27 0 0 1 5 1 171 172 7600 4920 20 21 39
137 70 107 80 27 61 41 1141 99 11 80 189 29 17 NA 17 16.5 11 99 0 11 16 34 0 0 0 0 0 11 15 29 0 0 1 5 1 178 172 7651 4920 19 20 41
138 78 107 80 27 62 37 1143 73 11 80 194 30 16.5 NA 16.5 16.5 8 73 0 10 19 33 0 0 0 0 0 10 18 28 0 0 1 5 1 153 173 7714 4920 18 23 39
139 87 105 79 26 61 38 1160 80 5 79 196 31 16 NA 16 18 10 80 0 10 15 36 0 0 0 0 0 10 14 32 0 0 1 4 0 172 175 7763 4921 18 18 43
140 80 103 79 24 60 31 1151 78 13 79 182 30 16 NA 16 21 6 78 1 11 13 35 0 0 0 0 1 11 11 32 0 0 2 3 1 155 176 7829 4921 21 15 43
141 68 101 77 24 59 34 1158 79 4 79 192 30 16 NA 16 20 11 79 1 11 12 35 0 0 0 0 1 10 10 32 0 1 2 3 0 160 178 7894 4921 22 14 43
142 78 99 75 24 57 37 1163 80 9 81 197 31 16 NA 15 20 14 80 0 10 13 34 0 0 0 0 0 9 12 30 0 1 1 4 0 161 179 7953 4919 23 16 42
143 81 103 80 23 58 28 1178 87 14 82 203 30 15.5 NA 15 20 7 87 0 9 13 36 0 0 0 0 0 9 11 32 0 0 2 4 3 176 180 8007 4918 22 16 44
144 71 104 82 22 57 37 1159 88 3 84 198 30 15 NA 15 20 11 88 0 7 12 38 0 0 0 0 0 7 10 34 0 0 2 4 1 148 181 8060 4916 22 16 46
145 82 100 78 22 53 39 1139 91 10 81 192 27.5 15 NA 15 20 14 91 0 7 12 34 0 0 0 0 0 7 10 30 0 0 2 4 1 164 183 8124 4919 22 17 42
146 79 103 78 25 52 37 1145 87 13 81 189 28 15 NA 15 21 13 87 1 7 10 34 0 0 0 0 1 7 8 31 0 0 2 3 2 168 184 8181 4919 24 15 42
147 73 100 76 24 52 31 1163 83 14 80 200 28 15 NA 15 22.5 8 83 1 7 10 34 0 0 0 0 1 7 9 31 0 0 1 3 0 175 185 8237 4920 23 16 41
148 80 100 75 25 54 31 1150 85 7 81 215 28.5 15 NA 15 22.5 7 85 2 8 10 34 0 0 0 0 2 8 9 31 0 0 1 3 1 160 186 8299 4919 23 17 41
149 79 101 75 26 54 33 1161 87 8 83 228 29 15 NA 15 22.5 12 87 2 8 10 34 0 0 0 0 2 8 9 31 0 0 1 3 1 192 187 8373 4917 25 16 42
150 65 97 72 25 50 30 1163 87 9 81 220 30 15 NA 15 21.5 6 87 1 6 10 33 0 0 0 0 1 6 9 32 0 0 1 1 0 163 187 8434 4919 24 16 41
151 73 96 72 24 46 39 1169 96 5 77 215 28 15 NA 15 21.5 15 96 1 6 10 29 0 0 0 0 1 6 9 28 0 0 1 1 3 177 187 8496 4923 23 17 37
152 69 95 71 24 50 40 1166 89 14 76 216 29 15 NA 15 19 13 89 1 10 10 29 0 0 0 0 1 9 9 28 0 1 1 1 1 167 187 8554 4924 21 19 36
153 76 93 70 23 50 38 1163 93 12 72 210 27 15 NA 15 19 10 93 1 11 12 26 0 0 0 0 0 10 11 26 1 1 1 0 2 165 188 8610 4928 19 20 33
154 71 95 72 23 51 38 1160 104 11 72 213 27 15 NA 15 19 12 104 1 8 14 28 0 0 0 0 0 7 13 28 1 1 1 0 3 173 189 8666 4928 15 21 36
155 73 93 70 23 51 38 1133 87 8 75 208 28 15 NA 15 13 13 87 2 8 12 29 0 0 0 0 0 7 12 28 2 1 0 1 0 142 192 8727 4925 19 19 37
156 65 92 67 25 51 33 1109 102 12 73 198 28.5 15 NA 15 19 11 102 2 8 11 30 0 0 0 0 0 7 10 29 2 1 1 1 1 161 194 8796 4927 16 19 38
157 78 91 65 26 50 27 1133 75 11 71 191 28 15 NA 15 19 7 75 2 7 13 28 0 0 0 0 0 7 11 27 2 0 2 1 2 166 195 8839 4929 16 19 36
158 83 92 64 28 48 28 1130 91 4 72 179 28 15 NA 15 19 6 91 1 6 15 26 0 0 0 0 0 5 13 25 1 1 2 1 3 167 197 8900 4928 17 21 34
159 80 91 65 26 48 28 1123 81 8 69 182 29 15 NA 15 19 9 81 1 6 13 28 0 0 0 0 0 5 11 27 1 1 2 1 1 158 198 8960 4931 15 19 35
160 84 92 67 25 46 26 1141 74 9 68 195 29 15 NA 15 19 8 74 1 5 12 28 0 0 0 0 0 4 10 26 1 1 2 2 3 164 199 9006 4932 15 17 36
161 78 91 67 24 45 25 1130 82 8 68 182 29 15 NA 15 19 9 82 1 5 11 28 0 0 0 0 0 4 9 26 1 1 2 2 0 166 201 9072 4932 14 18 36
162 82 91 64 27 42 24 1128 83 7 64 182 28 15 NA 15 19 6 83 1 4 12 25 0 0 0 0 0 3 10 24 1 1 2 1 3 158 202 9125 4936 12 19 33
163 82 94 66 28 43 28 1135 75 5 65 187 27 15 NA 15 19 8 75 1 4 11 27 0 0 0 0 0 3 9 26 1 1 2 1 3 170 202 9190 4935 14 18 33
164 87 97 68 29 44 34 1122 92 7 64 197 26 15 NA 15 13 13 92 3 3 12 26 0 0 0 0 1 2 10 25 2 1 2 1 2 150 203 9246 4936 14 17 33
165 73 97 66 31 45 35 1136 89 12 64 196 27 15 NA 15 13 14 89 2 5 10 28 0 0 0 0 1 3 9 26 1 2 1 2 0 183 203 9305 4936 14 15 35
166 73 98 66 32 47 29 1115 86 15 65 175 24.5 15 NA 15 13 9 86 2 7 7 31 0 0 0 0 1 5 6 29 1 2 1 2 1 150 204 9371 4935 16 12 37
167 75 98 66 32 47 29 1131 90 8 63 185 22 15 NA 15 9 10 90 4 6 8 29 0 0 0 0 2 4 7 27 2 2 1 2 1 170 206 9417 4937 15 13 35
168 61 99 67 32 47 32 1152 83 8 64 195 22 15 NA 15 11.5 14 83 4 7 6 30 0 0 0 0 2 4 5 28 2 3 1 2 1 187 208 9483 4936 17 9 38
169 78 94 64 30 44 32 1169 80 8 62 200 23 15 NA 15 11.5 8 80 4 5 7 28 0 0 0 0 2 2 7 25 2 3 0 3 0 179 208 9546 4938 16 10 36
170 75 94 64 30 46 29 1160 95 10 64 204 23 15 NA 15.5 11.5 7 95 3 7 7 29 0 0 0 0 2 4 6 26 1 3 1 3 1 163 208 9601 4936 17 10 37
171 85 94 64 30 47 34 1158 94 7 63 202 22.5 15 NA 16 11.5 12 94 3 8 6 30 0 0 0 0 2 5 5 27 1 3 1 3 2 174 210 9658 4937 17 9 37
172 82 94 63 31 48 29 1152 89 12 66 193 22 15 NA 16 9 7 89 4 7 7 30 0 0 0 0 2 4 6 27 2 3 1 3 1 174 211 9717 4934 20 10 36
173 73 96 65 31 49 34 1160 92 6 65 195 21.5 15 NA 16 11.5 11 92 4 7 7 31 0 0 0 0 2 5 6 28 2 2 1 3 2 177 211 9781 4935 19 10 36
174 70 93 63 30 47 46 1168 87 8 66 199 21 15 NA 15 11.5 20 87 3 9 5 30 0 0 0 0 2 6 4 27 1 3 1 3 1 162 211 9834 4934 23 7 36
175 82 98 67 31 48 35 1170 89 20 69 179 20 15 NA 15 11.5 12 89 2 10 6 30 0 0 0 0 2 6 5 27 0 4 1 3 4 167 213 9896 4931 24 9 36
176 74 99 68 31 49 29 1162 89 14 72 186 20 15 NA 15 11.5 8 89 0 13 7 29 0 0 0 0 0 9 6 26 0 4 1 3 1 151 214 9953 4928 27 10 35
177 80 102 68 34 48 28 1149 90 11 72 187 19 15 NA 15 11.5 12 90 0 12 8 28 0 0 0 0 0 8 7 25 0 4 1 3 2 156 215 10013 4928 28 11 33
178 78 102 67 35 49 28 1157 81 8 73 190 19.5 15 NA 15 9 10 81 2 12 9 26 0 0 0 0 1 9 7 24 1 3 2 2 2 163 216 10061 4927 29 13 31
179 86 101 67 34 50 26 1147 95 7 74 202 20 15 NA 15 9 9 95 2 14 8 26 0 0 0 0 1 11 6 24 1 3 2 2 1 171 219 10125 4926 31 12 31
180 76 107 71 36 50 28 1164 75 7 74 209 20 15 NA 15 9 8 75 2 13 10 25 0 0 0 0 1 11 8 23 1 2 2 2 3 179 219 10186 4926 30 14 30
181 73 107 70 37 48 32 1132 88 7 72 191 19 15 NA 15 9 12 88 2 12 9 25 0 0 0 0 1 10 8 24 1 2 1 1 1 143 220 10257 4928 28 14 30
182 79 112 75 37 48 30 1133 80 12 74 192 20 15 NA 15 9 11 80 1 11 10 26 0 0 0 0 1 9 8 25 0 2 2 1 5 157 221 10319 4926 27 15 32
183 86 112 73 39 48 33 1141 75 4 75 199 20 15 NA 15 9 8 75 1 11 10 26 0 0 0 0 1 9 8 25 0 2 2 1 1 167 221 10386 4925 28 16 31
184 78 112 74 38 46 29 1150 80 7 73 216 20 14 NA 15 11 6 80 1 11 10 24 0 0 0 0 1 8 8 23 0 3 2 1 3 168 222 10449 4927 27 17 29
185 70 116 77 39 48 30 1128 85 7 75 206 20.5 14 NA 15 9 9 85 0 13 11 24 0 0 0 0 0 9 9 23 0 4 2 1 3 151 223 10515 4925 28 17 30
186 91 113 75 38 48 30 1139 77 8 75 203 22 14.5 NA 15 9 8 77 0 11 12 25 0 0 0 0 0 8 9 24 0 3 3 1 0 168 223 10573 4925 24 21 30
187 70 110 73 37 47 34 1129 94 7 75 195 22 14 NA 15 9 11 94 1 9 13 24 0 0 0 0 0 7 8 22 1 2 5 2 1 163 223 10635 4925 25 22 28
188 73 111 74 37 46 34 1112 75 7 74 200 22 14.5 NA 15.5 9 9 75 1 6 15 24 0 0 0 0 0 4 10 22 1 2 5 2 2 134 224 10689 4926 21 25 28
189 62 111 73 38 49 32 1112 65 8 78 202 23 15 NA 16 9 5 65 1 7 17 24 0 0 0 0 0 5 14 21 1 2 3 3 1 136 225 10742 4922 24 26 28
190 99 110 72 38 49 39 1098 89 6 77 201 23.5 15 NA 16 13 12 89 1 7 17 24 0 0 0 0 0 4 15 21 1 3 2 3 1 158 226 10800 4923 22 27 28
191 83 107 71 36 45 41 1119 91 10 74 193 21 14 NA 15 13 16 91 1 7 16 21 0 0 0 0 0 4 14 18 1 3 2 3 3 198 230 10863 4926 23 26 25
192 83 106 71 35 46 31 1120 74 9 80 186 22 14 NA 15 13.5 4 74 1 7 17 21 0 0 0 0 0 4 14 18 1 3 3 3 1 159 234 10929 4920 28 26 26
193 80 103 69 34 45 35 1116 95 8 78 182 23 14 NA 15 14 10 95 1 7 16 21 0 0 0 0 0 5 13 18 1 2 3 3 1 160 234 10981 4922 28 24 26
194 77 105 71 34 46 37 1143 94 9 82 188 23 14 NA 15 14 10 94 0 8 15 23 0 0 0 0 0 6 12 19 0 2 3 4 2 184 234 11030 4918 30 24 28
195 79 103 69 34 46 32 1141 86 10 82 182 24 14 NA 15 14 10 86 0 9 14 23 0 0 0 0 0 7 11 19 0 2 3 4 1 164 238 11091 4918 30 23 29
196 89 102 68 34 48 37 1112 97 9 85 176 25.5 15 NA 15.5 14 14 97 0 9 15 24 0 0 0 0 0 7 13 20 0 2 2 4 0 162 240 11158 4915 32 21 32
197 100 100 67 33 48 44 1114 95 9 83 179 23.5 14.5 NA 15 14 15 95 1 10 14 23 0 0 0 0 0 6 12 19 1 4 2 4 1 174 240 11211 4917 33 20 30
198 76 100 67 33 49 45 1106 84 13 83 184 24.5 15 NA 15.5 14 14 84 0 11 12 26 0 0 0 0 0 6 11 21 0 5 1 5 1 154 241 11274 4917 32 17 34
199 78 103 69 34 51 32 1118 88 16 83 176 24 15 NA 15.5 14 6 88 0 13 11 27 0 0 0 0 0 8 10 22 0 5 1 5 3 176 243 11333 4917 28 20 35
200 75 102 69 33 51 33 1166 79 7 82 184 25 15 NA 16 13 8 79 0 13 10 28 0 0 0 0 0 9 9 23 0 4 1 5 1 175 245 11362 4918 29 18 35
201 66 101 70 31 49 36 1184 92 8 82 189 26 15 NA 16.5 12 8 92 0 10 11 28 0 0 0 0 0 6 11 23 0 4 0 5 2 168 245 11405 4918 26 20 36
202 87 103 71 32 52 37 1191 92 13 84 185 25 16.5 NA 17 13 13 92 0 12 10 30 0 0 0 0 0 10 9 25 0 2 1 5 1 166 246 11450 4916 27 18 39
203 91 105 71 34 53 32 1170 83 11 85 192 26 16 NA 17 12 8 83 1 10 12 30 0 0 0 0 0 8 11 25 1 2 1 5 1 157 247 11525 4915 27 19 39
204 81 102 68 34 49 31 1156 79 13 82 193 26.5 15 NA 16.5 12 14 79 1 6 15 27 0 0 0 0 0 4 14 22 1 2 1 5 1 152 250 11585 4918 23 23 36
205 78 101 69 32 48 35 1158 90 7 80 184 26 14.5 NA 16 14 10 90 1 7 16 24 0 0 0 0 0 4 15 22 1 3 1 2 3 164 250 11642 4920 22 25 33
206 60 101 69 32 48 31 1135 90 11 80 181 27 14.5 NA 16 14 8 90 1 6 15 26 0 0 0 0 0 3 14 24 1 3 1 2 1 154 251 11711 4920 19 26 35
207 84 100 68 32 45 34 1137 72 7 77 179 27 16 NA 17 14 10 72 1 5 16 23 0 0 0 0 0 2 15 21 1 3 1 2 0 165 253 11782 4923 18 26 33
208 77 95 65 30 41 32 1161 88 6 73 186 28 17 NA 18 14 7 88 1 4 16 20 0 0 0 0 0 1 15 18 1 3 1 2 0 173 255 11829 4927 14 29 30
209 77 93 63 30 40 29 1148 83 9 73 178 29 17.5 NA 18 14 6 83 1 2 17 20 0 0 0 0 0 0 15 18 1 2 2 2 1 160 255 11897 4927 14 29 30
210 85 90 62 28 39 33 1141 86 4 71 182 29.5 17 NA 18 14 10 86 0 3 15 21 0 0 0 0 0 1 12 19 0 2 3 2 0 153 257 11954 4929 13 27 31
211 89 91 64 27 41 24 1115 86 14 70 173 29 17 NA 18 13 6 86 1 5 15 20 0 0 0 0 0 3 12 18 1 2 3 2 2 160 257 12024 4930 15 24 31
212 79 93 66 27 44 27 1120 80 6 72 182 29 18 NA 18.5 13 10 80 0 5 18 21 0 0 0 0 0 2 15 19 0 3 3 2 1 152 257 12072 4928 15 26 31
213 89 93 66 27 46 26 1129 79 8 71 184 30 18 NA 18.5 13 7 79 0 6 15 25 0 0 0 0 0 3 12 23 0 3 3 2 1 170 258 12134 4929 13 22 36
214 79 90 66 24 45 29 1125 77 8 68 174 30.5 18 NA 18 13 10 77 0 6 14 25 0 0 0 0 0 3 12 22 0 3 2 3 1 154 258 12200 4932 12 22 34
215 78 91 64 27 44 27 1132 83 9 66 168 31 17.5 NA 18 13 7 83 0 6 13 25 0 0 0 0 0 4 10 22 0 2 3 3 2 160 258 12255 4934 12 21 33
216 82 92 63 29 44 30 1141 84 10 65 169 31 17.5 NA 18.5 13 15 84 0 5 12 27 0 0 0 0 0 3 9 24 0 2 3 3 2 159 260 12304 4935 12 18 35
217 63 89 60 29 43 37 1134 93 10 66 174 32 18 NA 18.5 14 16 93 0 5 12 26 0 0 0 0 0 4 9 23 0 1 3 3 0 162 260 12359 4934 13 17 36
218 81 90 62 28 45 25 1144 100 17 68 167 33 18 NA 18 14 6 100 0 7 11 27 0 0 0 0 0 6 9 24 0 1 2 3 3 180 261 12409 4932 14 16 38
219 74 88 59 29 45 27 1127 86 7 69 163 33.5 17 NA 18 14 13 86 1 7 9 28 0 0 0 0 1 6 7 25 0 1 2 3 0 150 264 12476 4931 17 14 38
220 61 87 58 29 44 22 1125 85 12 67 148 32 17.5 NA 18 14 7 85 1 7 7 29 0 0 0 0 1 6 5 27 0 1 2 2 0 160 264 12540 4933 17 10 40
221 75 88 58 30 46 27 1138 89 8 68 153 33 17.5 NA 18 14 12 89 1 9 5 31 0 0 0 0 1 8 4 28 0 1 1 3 2 178 264 12595 4932 17 9 42
222 86 93 62 31 48 28 1135 79 10 68 151 31 16.5 NA 17 14 10 79 1 10 5 32 0 0 0 0 1 10 3 29 0 0 2 3 1 156 264 12649 4932 16 9 43
223 81 94 63 31 48 37 1124 79 8 69 153 30.5 16.5 NA 17 14 19 79 1 8 7 32 0 0 0 0 1 8 5 29 0 0 2 3 2 150 265 12711 4931 16 11 42
224 71 95 67 28 44 32 1135 87 14 67 162 25 16 NA 16 13 10 87 1 7 7 29 0 0 0 0 1 7 5 25 0 0 2 4 1 170 266 12762 4933 17 10 40
225 73 96 67 29 42 30 1133 82 9 64 178 22.5 16 NA 16 13 8 82 1 7 7 27 0 0 0 0 1 7 5 23 0 0 2 4 2 164 267 12835 4936 17 9 38
226 87 96 66 30 44 36 1122 83 6 61 175 21 16 NA 17 12 13 83 1 8 9 26 0 0 0 0 1 8 7 23 0 0 2 3 3 149 267 12888 4939 16 10 35
227 74 95 66 29 44 43 1113 103 7 64 173 22 16 NA 16 12 14 103 0 9 9 26 0 0 0 0 0 9 8 22 0 0 1 4 1 163 268 12937 4936 19 10 35
228 81 95 66 29 43 42 1128 83 12 65 173 23 16 NA 16 12 11 83 0 10 8 25 0 0 0 0 0 10 7 21 0 0 1 4 0 168 268 12996 4935 21 10 34
229 75 97 68 29 43 39 1137 82 9 65 175 23 16 NA 16 12 8 82 0 7 10 26 0 0 0 0 0 7 9 22 0 0 1 4 1 169 269 13054 4935 17 13 35
230 75 97 69 28 44 37 1142 78 10 68 184 24 16 NA 16 12 9 78 0 6 12 26 0 0 0 0 0 6 11 22 0 0 1 4 0 165 270 13113 4932 19 14 35
231 78 98 71 27 43 30 1134 92 13 66 174 23 16 NA 16 12 6 92 1 5 14 23 0 0 0 0 1 5 13 19 0 0 1 4 3 160 270 13171 4934 17 17 32
232 75 101 75 26 41 39 1142 81 4 64 177 20 16 NA 16 12 13 81 1 6 13 21 0 0 0 0 1 6 12 17 0 0 1 4 4 165 271 13225 4936 18 16 30
233 76 99 73 26 39 41 1144 82 7 64 177 18 16 NA 16.5 12 7 82 1 6 13 19 0 0 0 0 1 6 12 15 0 0 1 4 0 173 271 13294 4936 20 16 28
234 64 97 72 25 38 39 1168 73 7 63 181 18 16 NA 17 12 6 73 0 8 11 19 0 0 0 0 0 8 11 14 0 0 0 5 1 162 273 13347 4937 23 13 27
235 67 98 74 24 36 41 1186 91 7 62 186 17 16.5 NA 18 14 9 91 0 7 11 18 0 0 0 0 0 6 11 14 0 1 0 4 4 180 273 13402 4938 24 14 24
236 81 99 75 24 39 39 1182 77 10 64 190 17 17 NA 18 14 8 77 0 10 11 18 0 0 0 0 0 9 11 14 0 1 0 4 2 161 275 13462 4936 26 14 24
237 81 99 72 27 41 39 1195 84 8 65 185 17 17 NA 18 13 8 84 0 12 11 18 0 0 0 0 0 10 11 14 0 2 0 4 0 171 277 13511 4935 28 13 24
238 72 100 71 29 42 44 1187 93 6 68 186 17.5 17 NA 18 13 13 93 0 13 10 19 0 0 0 0 0 11 10 15 0 2 0 4 2 162 280 13566 4932 31 12 25
239 76 101 72 29 43 39 1181 82 9 68 191 18 17 NA 18 13 12 82 1 9 13 20 0 0 0 0 1 8 12 16 0 1 1 4 1 152 283 13624 4932 28 15 25
240 80 103 75 28 42 35 1201 74 9 68 202 18 16.5 NA 17.5 13 7 74 0 9 14 19 0 0 0 0 0 9 12 15 0 0 2 4 0 180 285 13687 4932 26 18 24
241 77 106 78 28 42 37 1183 92 9 69 205 18 16.5 NA 17.5 13 13 92 0 10 11 21 0 0 0 0 0 10 9 17 0 0 2 4 1 157 287 13751 4931 28 15 26
242 66 107 78 29 39 43 1194 79 8 67 193 18 16 NA 17 12 15 79 0 7 12 20 0 0 0 0 0 6 10 16 0 1 2 4 3 166 287 13811 4933 25 17 25
243 80 113 80 33 39 41 1212 73 8 70 200 18 16 NA 17 12 6 73 0 6 12 21 0 0 0 0 0 5 10 17 0 1 2 4 4 169 287 13871 4930 27 16 27
244 84 111 77 34 40 38 1171 99 9 73 188 19 15.5 NA 17 12 4 99 0 7 13 20 0 0 0 0 0 6 11 16 0 1 2 4 1 156 288 13946 4927 31 17 25
245 90 107 74 33 39 46 1149 104 3 71 183 20 15 NA 17 12 15 104 0 7 12 20 0 0 0 0 0 6 10 16 0 1 2 4 1 168 292 14008 4929 29 18 24
246 83 109 77 32 42 49 1136 86 10 72 178 20 15 NA 16 12 13 86 0 9 14 19 0 0 0 0 0 8 12 15 0 1 2 4 1 158 294 14068 4928 28 21 23
247 68 110 78 32 45 50 1123 104 15 75 177 20.5 15 NA 16 13 15 104 1 10 14 20 0 0 0 0 1 9 13 16 0 1 1 4 3 176 296 14140 4925 30 21 24
248 71 111 79 32 47 44 1107 73 15 77 178 20 15 NA 15.5 14 10 73 0 12 15 20 0 0 0 0 0 11 13 16 0 1 2 4 2 136 298 14200 4923 30 22 25
249 66 114 82 32 47 48 1130 81 8 78 176 19.5 15 NA 15 13 11 81 0 11 17 19 0 0 0 0 0 11 14 16 0 0 3 3 3 168 299 14253 4922 28 26 24
250 75 111 80 31 46 48 1124 88 8 76 166 19 15 NA 15 14 10 88 0 9 20 17 0 0 0 0 0 9 17 15 0 0 3 2 1 150 301 14304 4924 25 29 22
251 80 113 82 31 45 53 1140 80 3 77 174 20 15 NA 15 14 12 80 0 9 17 19 0 0 0 0 0 9 14 17 0 0 3 2 1 163 304 14354 4923 26 27 24
252 79 113 80 33 48 42 1131 77 13 79 184 20 15 NA 15 14 5 77 1 10 18 19 0 0 0 0 1 10 16 16 0 0 2 3 2 160 306 14424 4921 28 25 26
253 72 112 80 32 47 42 1121 92 10 77 199 21 15 NA 15 14.5 11 92 1 11 18 17 0 0 0 0 1 11 16 15 0 0 2 2 4 152 308 14481 4923 28 26 23
254 69 112 80 32 49 40 1125 81 14 77 194 21.5 15 NA 15 14.5 14 81 1 13 15 20 0 0 0 0 1 13 13 18 0 0 2 2 1 159 310 14540 4923 28 23 26
255 76 116 84 32 53 33 1107 99 15 81 189 20 15 NA 16 14.5 10 99 1 16 16 20 0 0 0 0 1 15 13 18 0 1 3 2 1 164 312 14613 4919 31 24 26
256 82 115 84 31 52 34 1113 83 10 81 189 21 15 NA 15 15 13 83 1 12 19 20 0 0 0 0 1 11 17 18 0 1 2 2 0 162 314 14665 4919 28 28 25
257 81 117 83 34 52 41 1117 88 9 80 187 21 15 NA 15 15 17 88 2 11 17 22 0 0 0 0 2 10 16 19 0 1 1 3 3 171 314 14725 4920 27 26 27
258 87 114 82 32 54 39 1103 88 14 81 171 21.5 15 NA 15 15 14 88 4 11 15 24 0 0 0 0 4 10 14 21 0 1 1 3 0 156 315 14787 4919 29 23 29
259 101 116 83 33 56 34 1111 73 12 84 165 21.5 15 NA 15 15 8 73 3 12 15 26 0 0 0 0 3 11 14 23 0 1 1 3 1 153 316 14836 4916 30 23 31
260 75 114 81 33 56 38 1136 96 9 82 172 21.5 15 NA 15 14.5 13 96 5 8 18 25 0 0 0 0 5 7 17 21 0 1 1 4 1 182 317 14881 4918 28 23 31
261 73 111 78 33 57 34 1129 89 7 83 165 22 15 NA 15 14 7 89 4 12 15 26 0 0 0 0 4 11 15 22 0 1 0 4 1 169 320 14948 4917 30 20 33
262 79 111 80 31 56 41 1142 80 5 81 173 22 15 NA 15 14 13 80 5 11 16 24 0 0 0 0 5 10 16 20 0 1 0 4 1 167 321 15001 4919 29 19 33
263 73 114 82 32 58 40 1157 86 13 83 172 22 15 NA 15 15 13 86 5 14 15 24 0 0 0 0 5 12 14 20 0 2 1 4 1 175 323 15060 4917 30 19 34
264 71 115 82 33 57 34 1160 81 10 82 168 21 15 NA 15 15 5 81 5 13 16 23 0 0 0 0 5 12 14 19 0 1 2 4 4 155 324 15115 4918 30 21 31
265 73 115 82 33 57 36 1127 105 12 85 163 22 15 NA 14.5 15 14 105 4 13 16 24 0 0 0 0 4 12 14 20 0 1 2 4 1 143 324 15163 4915 31 22 32
266 79 113 80 33 55 36 1137 84 10 82 167 21 15 NA 14 15 11 84 3 14 17 21 0 0 0 0 3 13 15 18 0 1 2 3 1 165 325 15218 4918 30 23 29
267 72 111 78 33 56 29 1153 75 13 84 163 22 14.5 NA 14 15 10 75 3 13 18 22 0 0 0 0 3 12 16 19 0 1 2 3 0 165 328 15273 4916 30 24 30
268 67 111 79 32 56 35 1136 84 6 85 156 23 14.5 NA 14 15 12 84 2 13 16 25 0 0 0 0 2 13 13 22 0 0 3 3 0 148 329 15335 4915 30 22 33
269 89 110 79 31 55 30 1145 76 10 84 163 22.5 15 NA 14.5 15 5 76 1 15 16 23 0 0 0 0 1 15 14 20 0 0 2 3 0 169 331 15392 4916 31 22 31
270 71 108 77 31 56 33 1128 89 9 83 168 23.5 15 NA 15 15 12 89 2 15 17 22 0 0 0 0 2 15 15 19 0 0 2 3 0 147 332 15455 4917 29 24 30
271 81 107 76 31 57 36 1159 80 8 81 187 24 15 NA 14.5 15 12 80 2 16 16 23 0 0 0 0 2 16 14 20 0 0 2 3 1 181 332 15512 4919 26 24 31
272 70 109 78 31 59 31 1194 69 10 83 195 25 15 NA 15.5 15 6 69 2 15 16 26 0 0 0 0 2 15 14 23 0 0 2 3 2 176 333 15569 4917 26 24 33
273 75 111 80 31 58 35 1186 87 8 81 192 24 15 NA 16 15 11 87 2 13 19 24 0 0 0 0 2 13 17 21 0 0 2 3 4 160 335 15634 4919 24 25 32
274 74 110 79 31 59 34 1154 98 13 82 185 24.5 15 NA 15 15 11 98 2 16 16 25 0 0 0 0 2 15 14 22 0 1 2 3 0 148 337 15698 4918 26 23 33
275 65 111 81 30 59 36 1157 70 8 84 190 24 15 NA 16 15 11 70 2 13 19 25 0 0 0 0 2 13 16 22 0 0 3 3 1 157 339 15762 4916 27 24 33
276 84 110 81 29 60 38 1156 95 11 87 192 25 16.5 NA 17 15 16 95 0 13 22 25 0 0 0 0 0 13 20 22 0 0 2 3 1 167 341 15814 4913 28 25 34
277 82 110 80 30 62 42 1184 78 11 88 190 26 16.5 NA 17 15.5 14 78 0 11 24 27 0 0 0 0 0 10 22 24 0 1 2 3 0 175 341 15861 4912 25 26 37
278 65 107 77 30 60 37 1185 74 10 85 184 26 16 NA 16 16 6 74 1 10 23 26 0 0 0 0 1 9 21 24 0 1 2 2 1 155 341 15922 4915 25 25 35
279 89 110 80 30 59 41 1174 91 9 83 192 26 16 NA 15.5 16 13 91 1 8 23 27 0 0 0 0 1 7 21 25 0 1 2 2 4 173 341 15995 4917 21 26 36
280 75 111 83 28 59 38 1188 93 11 82 187 27 16 NA 15.5 16 8 93 1 7 24 27 0 0 0 0 1 6 23 24 0 1 1 3 3 174 342 16044 4918 20 26 36
281 87 113 85 28 59 39 1184 92 8 84 188 27 16 NA 15.5 16 9 92 1 7 23 28 0 0 0 0 1 6 22 25 0 1 1 3 3 172 342 16102 4916 20 27 37
282 73 115 86 29 59 37 1204 76 9 83 192 27 16 NA 15.5 16 8 76 1 8 22 28 0 0 0 0 1 7 21 25 0 1 1 3 3 166 343 16154 4917 20 26 37
283 78 114 84 30 57 38 1168 90 9 82 172 27.5 16 NA 15.5 16 10 90 1 7 20 29 0 0 0 0 1 6 19 26 0 1 1 3 2 151 343 16230 4918 21 23 38
284 83 113 84 29 54 35 1160 86 8 80 189 24 15.5 NA 15.5 15.5 9 86 1 7 19 27 0 0 0 0 1 6 18 25 0 1 1 2 4 167 346 16294 4920 22 23 35
285 74 112 84 28 54 35 1172 61 6 83 195 25 16 NA 16 15.5 5 61 0 8 17 29 0 0 0 0 0 8 15 27 0 0 2 2 2 147 347 16353 4917 25 20 38
286 75 113 85 28 54 33 1182 84 9 82 197 24 15.5 NA 15.5 15.5 9 84 1 7 17 29 0 0 0 0 1 7 15 27 0 0 2 2 2 180 348 16415 4918 23 21 38
287 69 113 84 29 57 33 1187 74 10 84 198 25 15 NA 15 15.5 9 74 1 10 14 32 0 0 0 0 1 10 13 29 0 0 1 3 0 161 350 16477 4916 24 20 40
288 91 112 83 29 55 39 1129 102 4 83 190 25.5 15 NA 15 15.5 11 102 1 8 14 32 0 0 0 0 1 8 13 29 0 0 1 3 1 131 351 16542 4917 21 22 40
289 83 112 83 29 53 39 1124 74 11 81 183 25.5 15 NA 14 15.5 12 74 1 7 12 33 0 0 0 0 1 7 11 30 0 0 1 3 2 150 352 16603 4919 20 20 41
290 67 108 81 27 52 43 1118 87 10 80 182 26 14.5 NA 14 15.5 14 87 2 7 12 31 0 0 0 0 1 7 11 29 1 0 1 2 0 162 353 16668 4920 21 20 39
291 75 108 82 26 54 43 1138 71 14 82 188 27 14.5 NA 14 15.5 15 71 2 8 10 34 0 0 0 0 1 8 9 32 1 0 1 2 1 173 354 16734 4918 25 16 41
292 72 108 82 26 54 44 1133 91 8 83 199 26.5 15 NA 14.5 15.5 12 91 0 10 10 34 0 0 0 0 0 9 9 32 0 1 1 2 1 172 356 16795 4917 27 15 41
293 87 105 78 27 50 37 1131 87 13 80 197 24 15 NA 15 15.5 6 87 0 9 11 30 0 0 0 0 0 8 10 28 0 1 1 2 2 169 357 16861 4920 26 16 38
294 78 101 75 26 50 40 1116 91 6 78 180 25 15 NA 15 16 10 91 0 11 10 29 0 0 0 0 0 9 9 27 0 2 1 2 0 151 358 16925 4922 26 15 37
295 81 104 79 25 51 39 1128 79 7 78 173 23.5 15 NA 15 16 9 79 0 14 10 27 0 0 0 0 0 11 9 26 0 3 1 1 4 168 361 16987 4922 26 17 35
296 87 102 78 24 50 47 1116 95 8 79 163 24 15.5 NA 15 16 14 95 0 13 9 28 0 0 0 0 0 10 8 27 0 3 1 1 1 166 361 17049 4921 27 17 35
297 84 104 79 25 52 42 1119 81 14 79 172 24 16 NA 16 16 10 81 0 10 13 29 0 0 0 0 0 7 13 27 0 3 0 2 2 153 362 17099 4921 24 20 35
298 72 105 79 26 53 41 1128 83 10 81 183 25 16 NA 16.5 16 9 83 0 9 13 31 0 0 0 0 0 6 13 29 0 3 0 2 1 174 362 17162 4919 25 19 37
299 72 101 75 26 51 41 1124 80 5 77 186 26 17 NA 17 16 6 80 0 8 15 28 0 0 0 0 0 6 14 26 0 2 1 2 1 155 364 17223 4923 21 21 35
300 90 101 76 25 48 40 1109 89 10 74 174 25 17 NA 17 16 9 89 0 8 12 28 0 0 0 0 0 6 11 26 0 2 1 2 2 146 364 17263 4926 21 18 35
301 80 100 76 24 49 43 1090 96 7 76 183 26 17 NA 17 16 13 96 0 10 12 27 0 0 0 0 0 8 11 25 0 2 1 2 0 158 369 17320 4924 24 18 34
302 70 103 76 27 48 39 1108 71 9 75 188 24 17 NA 17 16 8 71 0 10 12 26 0 0 0 0 0 8 11 24 0 2 1 2 2 151 371 17371 4925 23 18 34
303 82 101 73 28 46 41 1109 94 9 74 175 24 17 NA 17 17.5 13 94 0 8 13 25 0 0 0 0 0 7 12 23 0 1 1 2 1 185 373 17437 4926 21 21 32
304 77 100 72 28 45 38 1124 80 13 73 187 25 17 NA 17 17.5 14 80 0 7 14 24 0 0 0 0 0 6 13 22 0 1 1 2 1 169 378 17487 4927 20 21 32
305 82 100 72 28 47 35 1120 89 13 75 185 25.5 17 NA 17 17.5 11 89 0 8 13 26 0 0 0 0 0 8 11 24 0 0 2 2 2 175 378 17551 4925 21 20 34
306 78 100 71 29 49 40 1126 88 9 74 196 26 17 NA 17 17.5 13 88 0 9 14 26 0 0 0 0 0 9 12 24 0 0 2 2 1 174 378 17612 4926 21 20 33
307 78 103 73 30 51 39 1150 84 11 78 208 26 17 NA 17 17.5 9 84 0 11 13 27 0 0 0 0 0 11 11 25 0 0 2 2 3 182 378 17667 4922 24 20 34
308 82 104 75 29 51 40 1140 80 7 77 217 24.5 17 NA 17 17.5 12 80 0 10 15 26 0 0 0 0 0 10 13 24 0 0 2 2 1 155 380 17726 4923 21 23 33
309 72 102 73 29 52 37 1106 93 10 78 210 25 16 NA 16 17.5 9 93 0 12 11 29 0 0 0 0 0 12 9 27 0 0 2 2 1 130 383 17776 4922 24 19 35
310 74 101 74 27 51 43 1112 92 6 75 196 26 17 NA 16.5 19 14 92 0 9 12 30 0 0 0 0 0 9 11 28 0 0 1 2 2 168 384 17824 4925 21 19 35
311 86 100 74 26 51 35 1129 67 11 74 191 25 17 NA 17 19 6 67 0 9 10 32 0 0 0 0 0 9 10 29 0 0 0 3 0 165 386 17889 4926 21 17 36
312 77 101 75 26 51 42 1124 88 10 76 200 25 17 NA 17 19 16 88 0 10 11 30 0 0 0 0 0 10 11 27 0 0 0 3 4 150 386 17938 4924 24 18 34
313 80 100 74 26 51 39 1146 77 14 75 199 25.5 17 NA 17 19 11 77 0 8 13 30 0 0 0 0 0 8 13 27 0 0 0 3 1 165 387 17979 4925 20 21 34
314 75 99 74 25 53 29 1166 86 15 78 201 26 17 NA 17 17.5 8 86 0 10 14 29 0 0 0 0 0 9 14 26 0 1 0 3 0 174 389 18029 4922 24 20 34
315 80 99 74 25 51 36 1131 83 6 78 195 26 17 NA 17 16 13 83 0 10 12 29 0 0 0 0 0 9 12 27 0 1 0 2 2 145 389 18103 4922 24 19 35
316 76 102 78 24 52 32 1124 92 7 79 195 27 16.5 NA 17 16 6 92 0 10 11 31 0 0 0 0 0 9 11 29 0 1 0 2 1 167 392 18167 4921 24 18 37
317 85 102 77 25 52 37 1088 98 8 75 175 24 16.5 NA 17 16 15 98 1 9 14 28 0 0 0 0 1 8 14 26 0 1 0 2 3 153 395 18239 4925 22 19 34
318 96 98 74 24 51 40 1098 83 12 70 183 25 17 NA 17 17 15 83 1 9 13 28 0 0 0 0 1 7 13 26 0 2 0 2 0 178 396 18305 4930 20 18 32
319 76 101 76 25 53 33 1090 86 14 73 182 24 17 NA 17 17 10 86 2 8 14 29 0 0 0 0 2 6 14 27 0 2 0 2 2 149 399 18355 4927 20 19 34
320 84 100 75 25 53 30 1111 83 9 74 185 25 16 NA 16 17 6 83 2 8 13 30 0 0 0 0 2 6 13 28 0 2 0 2 1 176 399 18406 4926 22 17 35
321 75 101 76 25 54 32 1122 87 6 75 189 26 16 NA 16 17 7 87 2 8 14 30 0 0 0 0 2 6 14 28 0 2 0 2 2 166 399 18457 4925 22 18 35
322 80 102 76 26 55 30 1131 96 8 77 185 25.5 16 NA 16 17 8 96 1 10 12 32 0 0 0 0 1 8 12 30 0 2 0 2 1 185 401 18515 4923 24 16 37
323 78 97 74 23 49 32 1129 90 5 71 184 23 15 NA 15 17 10 90 1 8 10 30 0 0 0 0 1 6 10 28 0 2 0 2 1 177 403 18586 4929 23 13 35
324 97 100 75 25 49 44 1103 93 5 73 185 23.5 15 NA 15 17 14 93 1 9 11 28 0 0 0 0 1 8 10 26 0 1 1 2 2 153 403 18651 4927 23 17 33
325 70 100 75 25 52 44 1083 110 16 72 192 24.5 15.5 NA 15 17 15 110 1 8 11 32 0 0 0 0 1 7 10 30 0 1 1 2 1 163 403 18708 4928 21 15 36
326 84 99 75 24 51 36 1100 77 15 69 187 24 16 NA 16 17 7 77 1 7 12 31 0 0 0 0 1 7 10 29 0 0 2 2 2 162 404 18760 4931 17 17 35
327 80 99 74 25 50 33 1111 88 9 68 180 25 16 NA 15.5 17 8 88 0 7 13 30 0 0 0 0 0 7 11 28 0 0 2 2 1 163 405 18804 4932 15 18 35
328 71 105 78 27 50 32 1157 80 6 72 202 25 16 NA 15 18 9 80 0 7 12 31 0 0 0 0 0 7 10 28 0 0 2 3 5 194 409 18853 4928 19 17 36
329 71 105 77 28 53 35 1162 95 13 75 204 22 15 NA 15 16 15 95 1 9 11 32 0 0 0 0 0 8 9 29 1 1 2 3 2 180 410 18913 4925 23 15 37
330 85 103 75 28 54 37 1160 101 13 75 204 23 15.5 NA 15 18 15 101 1 10 11 32 0 0 0 0 0 8 10 29 1 2 1 3 0 174 412 18974 4925 24 15 36
331 73 99 73 26 53 28 1174 83 12 76 197 26 15 NA 15 18 6 83 1 10 9 33 0 0 0 0 0 8 8 30 1 2 1 3 0 166 414 19025 4924 24 15 37
332 80 100 73 27 53 29 1172 92 4 76 190 25 16 NA 15 18 5 92 1 8 12 32 0 0 0 0 0 6 11 29 1 2 1 3 1 175 415 19087 4924 23 17 36
333 87 101 74 27 52 39 1150 99 5 75 196 24 16 NA 15.5 17 16 99 1 9 11 31 0 0 0 0 0 7 10 29 1 2 1 2 3 159 417 19147 4925 24 16 35
334 92 100 75 25 49 36 1147 79 4 74 189 24 16 NA 15.5 16 3 79 1 7 11 30 0 0 0 0 0 6 8 28 1 1 3 2 1 156 417 19205 4926 23 17 34
335 83 102 74 28 49 39 1129 99 7 75 187 23.5 16 NA 15.5 16 13 99 1 8 10 30 0 0 0 0 0 7 7 28 1 1 3 2 1 162 420 19263 4925 24 17 34
336 72 98 71 27 48 42 1132 93 11 75 182 24 16 NA 16 16 12 93 1 6 12 29 0 0 0 0 0 5 10 26 1 1 2 3 0 164 420 19309 4925 24 16 35
337 73 98 72 26 46 50 1145 90 8 70 181 21 16 NA 16 17 19 90 1 6 11 28 0 0 0 0 0 5 9 24 1 1 2 4 7 164 421 19359 4930 23 15 32
338 80 97 71 26 45 44 1139 97 17 69 175 21 16 NA 16 17 13 97 1 7 8 29 0 0 0 0 0 6 7 24 1 1 1 5 1 167 423 19417 4931 25 12 32
339 62 94 69 25 45 44 1110 91 14 68 169 22 16 NA 15 17 11 91 1 8 7 29 0 0 0 0 0 7 6 24 1 1 1 5 0 151 423 19486 4932 25 11 32
340 68 96 72 24 45 43 1126 79 10 71 183 22.5 16 NA 16 16 10 79 0 10 8 27 0 0 0 0 0 9 6 23 0 1 2 4 3 172 424 19546 4929 27 14 30
341 65 95 71 24 49 42 1133 85 13 71 187 23 16 NA 16 14.5 11 85 1 11 10 27 0 0 0 0 0 10 8 23 1 1 2 4 1 165 425 19604 4929 24 18 29
342 72 98 74 24 49 39 1140 80 6 71 191 23 16 NA 16 14.5 7 80 1 11 10 27 0 0 0 0 0 10 8 23 1 1 2 4 2 164 428 19666 4929 23 19 29
343 80 100 77 23 49 40 1135 76 7 69 190 22.5 16 NA 16 14.5 10 76 3 10 10 26 0 0 0 0 1 9 8 23 2 1 2 3 2 155 428 19729 4931 20 19 30
344 57 100 77 23 49 41 1119 88 8 71 188 23.5 16 NA 16 14.5 13 88 2 10 10 27 0 0 0 0 1 8 8 24 1 2 2 3 1 143 431 19789 4929 21 19 31
345 72 98 76 22 44 34 1134 92 14 70 177 22.5 15.5 NA 16 13 8 92 2 8 12 22 0 0 0 0 1 6 10 20 1 2 2 2 1 179 432 19843 4930 23 21 26
346 77 96 74 22 45 31 1171 78 7 68 188 22 14 NA 14.5 13 8 78 3 9 10 23 0 0 0 0 2 7 9 20 1 2 1 3 0 188 437 19902 4932 22 18 28
347 82 97 73 24 44 34 1176 87 7 68 182 23 16 NA 16 14.5 9 87 2 9 11 22 0 0 0 0 2 7 10 19 0 2 1 3 3 170 437 19964 4932 23 17 28
348 75 98 74 24 44 33 1169 75 8 67 199 23.5 16 NA 16 14.5 9 75 2 6 13 23 0 0 0 0 2 4 12 20 0 2 1 3 1 148 438 20026 4933 18 20 29
349 96 95 71 24 41 27 1158 84 9 70 186 23 16 NA 16 14.5 5 84 1 6 12 22 0 0 0 0 1 4 11 19 0 2 1 3 1 162 440 20094 4930 23 19 28
350 82 92 69 23 38 26 1147 85 6 69 171 23.5 15.5 NA 16 13 6 85 1 5 13 19 0 0 0 0 1 3 12 17 0 2 1 2 0 148 441 20150 4931 23 21 25
351 78 91 68 23 38 25 1136 86 9 67 181 23 15.5 NA 16 13 6 86 1 5 13 19 0 0 0 0 1 3 12 17 0 2 1 2 1 152 441 20206 4933 22 20 25
352 70 93 70 23 39 27 1138 83 8 69 189 24 16 NA 16.5 13 10 83 1 3 15 20 0 0 0 0 1 2 14 17 0 1 1 3 1 166 442 20270 4931 20 21 28
353 75 90 68 22 38 34 1129 85 4 66 181 25 17 NA 17 13 12 85 1 3 13 21 0 0 0 0 1 2 12 18 0 1 1 3 0 150 443 20326 4934 18 20 28
354 68 93 69 24 41 31 1111 83 14 68 171 25 17 NA 17 14 13 83 1 6 14 20 0 0 0 0 1 5 13 18 0 1 1 2 2 151 446 20400 4932 21 20 27
355 72 91 68 23 39 31 1105 67 8 69 168 23 17 NA 17 14 7 67 0 7 12 20 0 0 0 0 0 6 11 18 0 1 1 2 1 145 446 20465 4931 25 16 28
356 67 92 68 24 39 33 1152 80 12 69 179 23.5 17 NA 17 14 13 80 0 6 13 20 0 0 0 0 0 6 11 18 0 0 2 2 1 187 447 20513 4931 23 18 28
357 70 91 68 23 43 31 1120 82 12 71 166 25 17 NA 17 14 11 82 0 8 13 22 0 0 0 0 0 8 11 20 0 0 2 2 0 142 449 20583 4929 21 20 30
358 75 89 67 22 42 31 1114 77 7 69 173 25 17 NA 17 14 8 77 0 9 12 21 0 0 0 0 0 9 10 19 0 0 2 2 1 166 451 20658 4931 21 19 29
359 78 91 66 25 43 28 1090 84 8 71 173 26 19 NA 19 14 5 84 0 9 12 22 0 0 0 0 0 9 10 20 0 0 2 2 0 153 451 20730 4929 22 20 29
360 79 89 66 23 42 26 1121 89 6 71 180 27 18 NA 18 14 8 89 0 9 10 23 0 0 0 0 0 9 8 21 0 0 2 2 0 186 452 20779 4929 23 18 30
