1 75 98 83 15 46 28 1226 52 11 75 24 25.5 18 NA 18 NA 5 52 1 6 16 23 0 0 0 0 1 6 16 23 0 0 0 0 1 129 0 0 4925 19 26 30
2 87 100 82 18 48 17 1270 73 14 76 48 26 18 NA 18 NA 4 73 1 7 16 24 0 0 0 0 1 7 16 24 0 0 0 0 1 136 0 0 4924 19 26 31
3 77 100 80 20 47 27 1338 71 2 76 76 27 18 NA 18 NA 11 71 1 6 16 24 0 0 0 0 1 6 16 24 0 0 0 0 1 164 0 0 4924 18 26 32
4 74 101 80 21 47 27 1394 70 3 78 96 28 18 NA 18 NA 3 70 1 6 15 25 0 0 0 0 1 6 15 25 0 0 0 0 1 146 0 0 4922 19 26 33
5 98 103 82 21 48 29 1427 75 11 77 106 28 18 NA 18 NA 12 75 2 6 17 23 0 0 0 0 2 6 17 23 0 0 0 0 2 140 0 0 4923 20 26 31
6 80 102 80 22 47 36 1417 100 5 76 115 29 18 NA 18 NA 12 100 1 4 17 25 0 0 0 0 1 4 17 25 0 0 0 0 1 127 0 0 4924 17 25 34
7 79 108 84 24 47 34 1420 101 7 74 113 27.5 18 NA 18 NA 4 101 1 5 15 26 0 0 0 0 1 5 15 26 0 0 0 0 6 138 0 0 4926 16 23 35
8 69 106 82 24 47 44 1428 97 3 73 117 27 18 NA 18 NA 14 97 2 4 15 26 0 0 0 0 2 4 15 26 0 0 0 0 1 130 0 0 4927 16 23 34
9 78 105 82 23 46 54 1468 73 7 73 134 27 18 NA 18 NA 17 73 2 4 14 26 0 0 0 0 2 4 14 26 0 0 0 0 2 131 0 0 4927 18 21 34
10 84 108 84 24 47 51 1490 82 14 77 137 25 18 NA 18 NA 12 82 2 5 13 27 0 0 0 0 2 5 13 27 0 0 0 0 4 136 0 0 4923 21 21 35
11 70 108 85 23 47 52 1499 105 11 76 135 24.5 18 NA 18 NA 14 105 2 4 12 29 0 0 0 0 2 4 12 29 0 0 0 0 3 136 0 0 4924 19 20 37
12 92 104 81 23 45 47 1523 96 13 72 136 25 18 NA 18 NA 8 96 2 4 9 30 0 0 0 0 2 4 9 30 0 0 0 0 0 144 0 0 4928 17 17 38
13 69 109 86 23 48 43 980 54 10 72 140 22 17.5 NA 18 3 9 54 3 6 8 31 0 0 0 0 2 6 8 31 1 0 0 0 5 115 5 585 4928 19 14 39
14 77 109 86 23 49 47 987 73 9 73 159 23 18 NA 18 3 14 73 3 5 9 32 0 0 0 0 2 5 9 32 1 0 0 0 1 156 6 641 4927 19 14 40
15 69 106 83 23 49 41 998 64 9 72 167 23.5 18 NA 18 11.5 5 64 1 8 6 34 0 0 0 0 0 8 6 33 1 0 0 1 0 159 8 707 4928 19 12 41
16 83 103 80 23 47 37 1006 63 12 68 177 22 18 NA 18 11.5 8 63 1 9 7 30 0 0 0 0 0 9 7 29 1 0 0 1 1 144 8 769 4932 18 13 37
17 82 101 78 23 46 37 1029 63 7 70 179 23 18 NA 18 11.5 5 63 1 8 9 28 0 0 0 0 0 8 9 27 1 0 0 1 0 151 8 824 4930 21 14 35
18 72 102 79 23 47 32 1048 83 9 71 174 21.5 18 NA 18 20 9 83 1 6 11 29 0 0 0 0 0 6 11 27 1 0 0 2 2 167 12 873 4929 21 15 35
19 77 101 78 23 50 32 1081 68 5 77 178 22 17.5 NA 17 20 5 68 1 9 11 29 0 0 0 0 0 9 11 27 1 0 0 2 1 165 15 926 4923 28 13 36
20 77 99 78 21 49 34 1105 74 6 74 187 22 17 NA 17 20 8 74 1 9 11 28 0 0 0 0 0 9 11 26 1 0 0 2 0 176 16 981 4926 27 13 34
21 81 98 77 21 46 38 1115 77 4 73 185 22.5 17.5 NA 17 20 11 77 1 9 11 25 0 0 0 0 0 9 11 23 1 0 0 2 2 157 19 1029 4927 28 14 31
22 63 96 75 21 48 41 1123 72 8 75 186 22 17 NA 17 20 12 72 1 11 10 26 0 0 0 0 1 10 9 24 0 1 1 2 1 155 22 1081 4925 29 15 31
23 86 97 74 23 50 38 1127 69 11 76 181 21 17 NA 17 20 8 69 1 12 10 27 0 0 0 0 1 11 9 25 0 1 1 2 1 141 24 1133 4924 30 14 32
24 75 96 74 22 52 41 1108 95 15 73 177 20.5 17 NA 17 20 15 95 1 14 11 26 0 0 0 0 1 13 10 24 0 1 1 2 1 151 25 1190 4927 29 13 31
25 75 97 75 22 55 35 1105 74 15 76 181 20 17 NA 17 20 8 74 2 15 12 26 0 0 0 0 2 14 11 24 0 1 1 2 1 130 26 1236 4924 32 14 30
26 87 94 72 22 55 34 1088 78 8 75 172 21 17 NA 17 20 7 78 2 16 12 25 0 0 0 0 2 15 11 23 0 1 1 2 0 135 27 1288 4925 31 15 29
27 85 93 72 21 54 29 1066 82 11 72 170 22 17 NA 17 20 7 82 3 14 12 25 0 0 0 0 2 13 11 23 1 1 1 2 2 136 29 1345 4928 30 14 28
28 77 97 75 22 54 34 1065 68 7 74 176 22 17 NA 16.5 20 13 68 2 15 12 25 0 0 0 0 1 14 10 23 1 1 2 2 1 150 30 1408 4926 31 15 28
29 66 97 75 22 54 39 1076 67 7 74 180 22 17 NA 16.5 20 12 67 2 12 14 26 0 0 0 0 1 11 12 24 1 1 2 2 1 158 31 1476 4926 28 17 29
30 88 99 75 24 54 43 1080 76 10 76 182 23 17 NA 16.5 20 15 76 2 10 15 27 0 0 0 0 1 9 13 25 1 1 2 2 1 161 31 1537 4924 28 18 30
31 89 100 76 24 55 32 1078 84 14 76 180 24 16 NA 16 20 9 84 3 10 17 25 0 0 0 0 2 9 15 23 1 1 2 2 2 156 37 1598 4924 24 24 28
32 75 97 72 25 53 28 1058 70 7 74 176 25 15 NA 15 20 5 70 4 10 16 23 0 0 0 0 3 9 14 21 1 1 2 2 1 143 39 1671 4926 25 23 26
33 67 95 71 24 54 28 1057 73 5 74 163 26 15.5 NA 15 20 6 73 3 10 18 23 0 0 0 0 2 9 16 21 1 1 2 2 0 143 40 1728 4926 23 25 26
34 74 95 72 23 54 27 1078 67 8 73 165 25 15 NA 15 20 5 67 2 10 17 25 0 0 0 0 2 9 16 21 0 1 1 4 1 170 40 1787 4927 19 25 29
35 79 95 73 22 53 29 1105 73 3 71 168 25 15 NA 15 20 6 73 2 8 17 26 0 0 0 0 2 7 16 21 0 1 1 5 2 174 42 1841 4929 18 25 28
36 75 97 75 22 54 32 1117 79 8 71 170 26 16 NA 15 20 11 79 2 10 17 25 0 0 0 0 2 9 16 20 0 1 1 5 4 155 43 1888 4929 20 24 27
37 70 96 74 22 53 36 1131 88 7 72 176 26.5 16 NA 15 20 12 88 1 8 20 24 0 0 0 0 1 7 19 19 0 1 1 5 0 170 43 1939 4928 19 27 26
38 69 97 75 22 53 35 1173 76 10 71 188 27 16 NA 15 20 10 76 2 8 19 24 0 0 0 0 1 7 18 19 1 1 1 5 1 183 44 1991 4929 18 26 27
39 67 97 77 20 51 31 1193 68 8 71 188 26 15 NA 15 20 5 68 2 9 17 23 0 0 0 0 1 8 16 18 1 1 1 5 1 155 45 2040 4929 20 25 26
40 81 98 79 19 54 28 1214 76 10 72 194 25.5 15 NA 15 20 5 76 2 10 19 23 0 0 0 0 1 9 18 18 1 1 1 5 2 171 47 2090 4928 21 24 27
41 77 95 76 19 52 37 1219 84 3 71 202 26 15 NA 15 20 15 84 2 10 14 26 0 0 0 0 1 9 13 21 1 1 1 5 1 164 49 2148 4929 21 20 30
42 67 96 78 18 54 30 1188 91 15 70 193 25.5 15.5 NA 15 20 9 91 2 9 16 27 0 0 0 0 1 8 15 22 1 1 1 5 1 143 51 2211 4930 19 21 30
43 70 97 78 19 52 25 1177 79 7 70 198 25 16 NA 16 20 6 79 1 8 14 29 0 0 0 0 0 7 13 25 1 1 1 4 1 159 53 2277 4930 19 18 33
44 78 98 79 19 50 26 1165 84 6 69 196 25 17 NA 15.5 20 7 84 1 7 14 28 0 0 0 0 0 7 13 24 1 0 1 4 2 156 54 2337 4931 19 18 32
45 71 101 81 20 51 31 1164 80 6 67 199 22 18 NA 18 20 10 80 1 7 14 29 0 0 0 0 0 7 13 26 1 0 1 3 4 151 54 2394 4933 17 17 33
46 70 98 80 18 47 32 1162 78 11 63 193 21.5 18 NA 17 20 13 78 1 8 10 28 0 0 0 0 0 8 10 24 1 0 0 4 3 156 55 2455 4937 19 12 32
47 71 98 80 18 45 37 1154 87 6 63 195 22 18 NA 18 20 12 87 1 6 10 28 0 0 0 0 0 6 10 24 1 0 0 4 3 166 57 2529 4937 18 13 32
48 75 95 78 17 45 29 1160 75 14 64 184 21 19 NA 18.5 20 6 75 0 10 10 25 0 0 0 0 0 9 10 21 0 1 0 4 1 159 57 2593 4936 20 15 29
49 88 93 76 17 45 24 1170 68 7 64 193 22 19 NA 18.5 20 3 68 0 8 10 27 0 0 0 0 0 7 10 23 0 1 0 4 0 174 59 2668 4936 18 15 31
50 62 93 76 17 47 26 1134 82 7 66 184 23 19 NA 18.5 20 8 82 0 9 11 27 0 0 0 0 0 7 11 22 0 2 0 5 0 134 60 2741 4934 20 15 31
51 64 90 73 17 46 32 1168 76 6 65 189 23 17 NA 16 20 15 76 1 10 11 24 0 0 0 0 1 8 11 19 0 2 0 5 0 186 63 2802 4935 21 15 29
52 76 90 73 17 45 28 1159 76 10 67 186 24 16 NA 15.5 20 6 76 0 7 14 24 0 0 0 0 0 6 13 19 0 1 1 5 1 157 64 2872 4933 20 18 29
53 79 90 73 17 45 32 1164 76 8 67 187 25 16 NA 15.5 20 12 76 0 7 14 24 0 0 0 0 0 6 13 19 0 1 1 5 0 162 64 2929 4933 21 17 29
54 83 91 74 17 44 32 1151 81 7 68 178 26 17 NA 16 20 7 81 0 6 13 25 0 0 0 0 0 5 12 20 0 1 1 5 0 148 64 2981 4932 22 16 30
55 73 92 75 17 45 32 1136 86 8 70 177 25.5 16 NA 15.5 20 10 86 0 6 12 27 0 0 0 0 0 5 11 22 0 1 1 5 1 144 65 3039 4930 23 15 32
56 82 92 75 17 45 34 1135 76 7 71 174 23 15 NA 15.5 14 9 76 0 7 12 26 0 0 0 0 0 4 11 21 0 3 1 5 1 160 65 3103 4929 25 16 30
57 75 91 75 16 46 36 1109 83 9 72 171 23 15 NA 15 14 9 83 0 9 11 26 0 0 0 0 0 6 10 21 0 3 1 5 0 128 66 3161 4928 28 15 29
58 69 88 72 16 46 31 1095 77 8 73 155 23.5 15 NA 15 14 6 77 0 10 11 25 0 0 0 0 0 7 10 20 0 3 1 5 0 136 69 3221 4927 29 16 28
59 82 86 70 16 43 27 1107 78 8 71 165 23.5 15 NA 15 17 7 78 1 8 11 23 0 0 0 0 1 5 10 19 0 3 1 4 1 176 71 3290 4929 28 16 27
60 67 88 72 16 44 32 1132 79 2 71 183 24 15 NA 15 17 6 79 1 6 12 25 0 0 0 0 1 4 10 21 0 2 2 4 1 193 71 3364 4929 25 18 28
61 92 89 73 16 45 36 1115 79 6 70 178 25 15 NA 15.5 14 9 79 1 8 11 25 0 0 0 0 1 6 9 22 0 2 2 3 0 151 71 3425 4930 25 16 29
62 76 90 74 16 47 41 1136 85 6 69 174 24 15 NA 16 13 11 85 1 10 12 24 0 0 0 0 1 8 10 22 0 2 2 2 1 171 71 3471 4931 23 18 28
63 78 90 74 16 49 51 1131 104 10 68 176 24.5 16 NA 16 13 20 104 1 7 16 25 0 0 0 0 1 5 13 22 0 2 3 3 2 173 73 3531 4932 20 19 29
64 68 89 73 16 48 49 1116 80 14 67 172 25 17.5 NA 19 13 14 80 1 7 12 28 0 0 0 0 1 5 10 24 0 2 2 4 1 137 74 3592 4933 19 16 32
65 81 91 75 16 47 44 1121 72 10 67 179 25 16 NA 19 13 6 72 1 6 13 27 0 0 0 0 1 4 11 23 0 2 2 4 3 149 75 3648 4933 19 17 31
66 73 92 76 16 46 40 1128 86 5 66 194 25.5 16 NA 17.5 13 5 86 1 5 13 27 0 0 0 0 1 4 10 23 0 1 3 4 0 167 79 3709 4934 17 18 31
67 81 95 79 16 47 44 1140 86 5 67 201 25 16 NA 19 13 10 86 0 6 15 26 0 0 0 0 0 6 11 22 0 0 4 4 4 158 81 3753 4933 16 21 30
68 68 95 79 16 48 43 1141 79 11 69 199 25 17.5 NA 19 13 11 79 0 5 16 27 0 0 0 0 0 5 12 23 0 0 4 4 0 164 83 3817 4931 16 22 31
69 72 98 81 17 49 44 1139 102 7 71 192 26 16 NA 19 13 10 102 1 3 18 27 0 0 0 0 1 3 14 23 0 0 4 4 2 171 84 3862 4929 15 25 31
70 68 99 82 17 50 42 1189 58 9 72 200 27 17.5 NA 19 13 8 58 1 3 17 29 0 0 0 0 1 3 13 25 0 0 4 4 1 179 85 3917 4928 13 26 33
71 89 98 81 17 48 49 1169 103 4 72 192 27 16 NA 17.5 13 13 103 1 2 17 28 0 0 0 0 1 2 13 24 0 0 4 4 0 168 86 3980 4928 13 26 33
72 70 100 83 17 49 47 1150 93 11 74 181 28 16 NA 16 13 12 93 2 2 13 32 0 0 0 0 2 2 10 27 0 0 3 5 1 155 88 4047 4926 15 22 37
73 73 102 86 16 49 43 1126 90 15 74 186 28 16 NA 16 13 11 90 2 3 13 31 0 0 0 0 2 3 10 26 0 0 3 5 1 139 89 4102 4926 17 22 35
74 85 103 88 15 48 42 1117 73 7 74 179 28 16 NA 17.5 13 9 73 1 4 11 32 0 0 0 0 1 4 9 28 0 0 2 4 3 155 92 4168 4926 19 19 36
75 71 102 87 15 49 33 1111 76 12 74 184 29 16 NA 16 13 6 76 1 4 10 34 0 0 0 0 1 4 8 30 0 0 2 4 0 152 95 4229 4926 19 18 37
76 80 98 83 15 48 37 1132 77 7 71 188 30 15.5 NA 16 12 13 77 1 5 10 32 0 0 0 0 1 5 8 29 0 0 2 3 1 156 96 4277 4929 18 17 36
77 84 93 77 16 45 34 1122 80 8 68 188 25 15 NA 15 12 8 80 3 4 9 29 0 0 0 0 2 4 7 26 1 0 2 3 0 148 99 4330 4932 20 15 33
78 75 91 75 16 45 42 1110 85 6 68 185 25 15 NA 15 12 17 85 4 4 8 29 0 0 0 0 3 4 7 25 1 0 1 4 0 152 102 4387 4932 22 13 33
79 64 88 73 15 44 38 1133 63 12 69 182 24 15 NA 16 12 7 63 2 6 7 29 0 0 0 0 2 5 7 25 0 1 0 4 0 158 102 4443 4931 24 12 33
80 84 90 71 19 44 38 1134 78 10 67 183 23 15 NA 16 11 9 78 2 7 7 28 0 0 0 0 2 6 7 25 0 1 0 3 1 156 103 4504 4933 23 11 33
81 74 90 71 19 46 39 1129 81 6 68 187 24 15.5 NA 16.5 11 9 81 2 8 6 30 0 0 0 0 2 7 6 27 0 1 0 3 0 155 105 4565 4932 22 11 35
82 89 87 67 20 45 43 1098 77 8 65 185 24 15 NA 16 11 12 77 1 9 6 29 0 0 0 0 1 8 6 26 0 1 0 3 1 147 106 4639 4935 21 10 34
83 77 86 67 19 43 34 1105 77 10 63 183 23.5 15 NA 16 11 4 77 1 8 5 29 0 0 0 0 1 7 5 26 0 1 0 3 0 178 109 4713 4937 20 9 34
84 76 86 66 20 42 39 1110 81 3 64 179 23.5 15 NA 16.5 11 8 81 0 8 6 28 0 0 0 0 0 7 6 25 0 1 0 3 1 164 110 4771 4936 21 10 33
85 53 87 67 20 45 34 1132 85 9 67 177 24 15 NA 16 12 7 85 0 9 8 28 0 0 0 0 0 7 8 25 0 2 0 3 1 167 112 4821 4933 22 12 33
86 74 86 67 19 47 30 1123 78 9 68 172 25.5 16 NA 16.5 12 6 78 0 9 10 28 0 0 0 0 0 7 10 25 0 2 0 3 2 154 113 4884 4932 21 14 33
87 85 89 70 19 46 36 1129 85 7 68 178 25 15.5 NA 16 12 14 85 0 8 11 27 0 0 0 0 0 7 10 24 0 1 1 3 0 161 114 4938 4932 21 15 32
88 67 90 72 18 44 38 1131 90 8 66 178 24 15.5 NA 16 12 11 90 0 8 11 25 0 0 0 0 0 7 10 23 0 1 1 2 1 167 115 4996 4934 21 14 31
89 79 92 74 18 44 36 1149 95 10 65 172 23.5 15.5 NA 16 12 9 95 0 9 10 25 0 0 0 0 0 8 10 23 0 1 0 2 3 188 116 5049 4935 19 15 31
90 77 92 74 18 46 27 1159 66 13 63 178 23.5 16 NA 16 12 5 66 1 9 12 24 0 0 0 0 1 8 12 22 0 1 0 2 1 155 119 5107 4937 17 17 29
91 82 95 76 19 46 31 1155 85 2 63 199 24 15.5 NA 16 11 11 85 2 7 12 25 0 0 0 0 1 7 11 23 1 0 1 2 2 158 124 5163 4937 14 19 30
92 63 92 74 18 45 33 1175 99 11 64 199 23.5 15 NA 15 11 13 99 3 8 10 24 0 0 0 0 2 8 9 22 1 0 1 2 1 188 124 5217 4936 18 16 30
93 74 90 73 17 42 34 1147 109 10 63 189 24.5 15 NA 15 11 14 109 2 6 9 25 0 0 0 0 1 6 8 23 1 0 1 2 1 163 127 5274 4937 17 15 31
94 72 96 79 17 44 36 1117 106 9 64 179 22.5 15 NA 15 12 11 106 2 5 11 26 0 0 0 0 1 5 9 24 1 0 2 2 4 150 128 5327 4936 17 15 32
95 67 97 80 17 46 39 1103 91 14 65 192 23 15 NA 15.5 11 18 91 3 4 12 27 0 0 0 0 1 4 10 25 2 0 2 2 0 167 129 5402 4935 18 15 32
96 76 96 80 16 47 34 1116 73 16 62 188 22 15 NA 15 11 10 73 6 4 12 25 0 0 0 0 4 4 10 23 2 0 2 2 1 161 129 5456 4938 17 16 29
97 81 97 79 18 50 36 1100 90 11 61 187 20 15 NA 15 11 10 90 7 6 11 26 0 0 0 0 5 6 9 24 2 0 2 2 1 161 129 5521 4939 16 16 29
98 75 97 80 17 50 34 1118 75 8 64 184 21 15 NA 15 11 7 75 6 6 11 27 0 0 0 0 4 6 9 25 2 0 2 2 0 157 130 5566 4936 17 17 30
99 63 98 81 17 50 33 1158 81 5 68 195 21 15 NA 15 11 6 81 6 5 12 27 0 0 0 0 4 5 10 25 2 0 2 2 1 188 131 5620 4932 20 18 30
100 81 98 82 16 51 38 1171 83 6 70 195 20.5 15 NA 15.5 12 10 83 5 8 12 26 0 0 0 0 3 7 10 24 2 1 2 2 0 160 134 5667 4930 23 18 29
101 80 97 79 18 50 32 1160 89 11 70 185 21 15 NA 15 12 6 89 6 9 11 24 0 0 0 0 4 8 9 22 2 1 2 2 1 166 136 5738 4930 25 16 29
102 68 98 80 18 53 33 1128 93 9 71 173 22 15 NA 15 12 8 93 5 13 10 25 0 0 0 0 4 11 8 23 1 2 2 2 1 144 137 5801 4929 26 14 31
103 94 97 79 18 51 30 1150 65 11 71 176 21 14 NA 15 12 7 65 4 14 8 25 0 0 0 0 3 12 7 22 1 2 1 3 4 162 137 5855 4929 29 12 30
104 87 97 78 19 50 25 1131 85 11 69 176 20 14 NA 15 12 7 85 3 13 9 25 0 0 0 0 2 12 8 21 1 1 1 4 2 153 138 5922 4931 25 16 28
105 81 99 80 19 49 30 1132 79 5 68 184 20 14 NA 15 11 11 79 3 11 9 26 0 0 0 0 2 9 8 22 1 2 1 4 2 153 138 5977 4932 23 16 29
106 73 102 82 20 50 19 1155 72 12 73 192 19.5 14.5 NA 15 12 2 72 1 14 9 26 0 0 0 0 0 11 8 22 1 3 1 4 2 165 139 6031 4927 28 16 29
107 86 105 85 20 50 25 1169 94 3 73 182 20 14.5 NA 15 12 9 94 1 13 9 27 0 0 0 0 0 11 7 23 1 2 2 4 3 190 139 6092 4927 26 17 30
108 72 106 85 21 50 26 1157 106 5 74 179 20.5 14.5 NA 15.5 11 7 106 0 13 10 27 0 0 0 0 0 10 9 23 0 3 1 4 3 178 140 6151 4926 27 16 31
109 74 102 83 19 49 26 1121 111 6 71 173 20.5 14 NA 15 11 7 111 0 14 10 25 0 0 0 0 0 11 9 21 0 3 1 4 0 154 141 6212 4929 26 15 30
110 74 105 86 19 48 24 1122 84 9 70 171 21 14 NA 15 11 9 84 0 13 10 25 0 0 0 0 0 10 9 21 0 3 1 4 5 151 141 6257 4930 25 14 31
111 91 101 82 19 47 22 1124 87 8 66 167 21 15 NA 15.5 12 7 87 0 11 11 25 0 0 0 0 0 9 10 21 0 2 1 4 0 172 141 6318 4934 21 16 29
112 67 102 83 19 49 23 1161 67 9 68 182 22 15 NA 16 12 9 67 0 11 13 25 0 0 0 0 0 9 12 21 0 2 1 4 2 181 142 6381 4932 22 17 29
113 75 101 82 19 49 25 1157 99 6 70 182 23 15 NA 16 12 8 99 0 9 15 25 0 0 0 0 0 7 14 21 0 2 1 4 0 164 142 6437 4930 21 19 30
114 91 103 83 20 50 27 1188 77 6 73 184 23 15.5 NA 16 12 8 77 0 8 17 25 0 0 0 0 0 7 15 21 0 1 2 4 1 190 143 6503 4927 22 21 30
115 72 101 80 21 48 32 1180 92 6 72 184 24 15 NA 16 12 13 92 1 7 17 23 0 0 0 0 1 6 15 19 0 1 2 4 2 157 145 6560 4928 20 24 28
116 88 97 77 20 46 33 1199 89 9 70 194 22 15.5 NA 16 12 11 89 1 8 14 23 0 0 0 0 1 5 13 20 0 3 1 3 0 181 145 6608 4930 23 20 27
117 82 97 74 23 48 31 1188 91 14 71 195 23 15 NA 16 12 12 91 2 8 15 23 0 0 0 0 2 6 13 20 0 2 2 3 0 165 146 6673 4929 24 20 27
118 71 93 70 23 46 27 1209 81 11 71 188 24 14.5 NA 16 10 9 81 1 6 18 21 0 0 0 0 0 5 15 17 1 1 3 4 0 171 147 6730 4929 24 23 24
119 73 93 69 24 46 29 1198 94 10 73 192 23 14.5 NA 16 10 11 94 1 7 15 23 0 0 0 0 0 6 12 19 1 1 3 4 1 176 147 6802 4927 27 20 26
120 78 98 75 23 47 28 1196 78 9 75 192 21 14 NA 16 10 7 78 0 9 15 23 0 0 0 0 0 6 12 20 0 3 3 3 3 165 148 6870 4925 28 21 26
121 84 98 74 24 48 24 1186 78 8 73 184 20.5 15.5 NA 16 10 3 78 1 10 15 22 0 0 0 0 1 7 12 19 0 3 3 3 1 146 149 6925 4927 27 20 26
122 72 97 74 23 48 29 1196 76 5 78 197 21 15.5 NA 16 10 10 76 1 11 15 21 0 0 0 0 1 8 12 18 0 3 3 3 1 161 150 6981 4922 32 21 25
123 82 95 72 23 49 27 1179 101 9 74 184 22 16 NA 17 10.5 5 101 1 13 13 22 0 0 0 0 1 9 10 19 0 4 3 3 2 168 150 7047 4926 31 17 26
124 96 96 73 23 50 26 1151 88 6 76 185 22.5 16 NA 17 11 5 88 0 15 12 23 0 0 0 0 0 11 9 19 0 4 3 4 0 158 150 7116 4924 31 18 27
125 64 99 75 24 49 23 1173 80 4 74 195 23 16 NA 18 11 5 80 0 14 11 24 0 0 0 0 0 10 8 20 0 4 3 4 4 165 152 7167 4926 27 18 29
126 60 99 74 25 50 35 1144 91 5 74 187 23 16 NA 18 11 15 91 0 13 13 24 0 0 0 0 0 9 11 19 0 4 2 5 1 154 153 7241 4926 25 20 29
127 78 102 78 24 51 34 1166 81 10 75 194 23 16 NA 18 11 9 81 0 12 13 26 0 0 0 0 0 9 10 21 0 3 3 5 3 166 154 7292 4925 25 19 31
128 88 100 77 23 51 30 1149 81 12 72 189 23 16 NA 17.5 11 8 81 0 12 15 24 0 0 0 0 0 9 12 19 0 3 3 5 1 163 156 7369 4928 23 20 29
129 71 99 78 21 52 26 1133 84 13 71 177 24 15.5 NA 17 10 7 84 0 13 16 23 0 0 0 0 0 10 14 19 0 3 2 4 3 141 157 7423 4929 21 22 28
130 70 97 77 20 51 29 1114 79 6 68 170 24 16 NA 17 10 8 79 0 12 16 23 0 0 0 0 0 10 14 18 0 2 2 5 0 146 157 7494 4932 17 23 28
131 80 98 78 20 52 27 1148 71 6 67 195 25 14.5 NA 16.5 10.5 6 71 2 12 16 22 0 0 0 0 1 10 14 17 1 2 2 5 0 186 159 7560 4933 15 25 27
132 73 97 77 20 51 30 1161 84 5 71 199 26 14 NA 17 10.5 11 84 1 10 17 23 0 0 0 0 1 9 13 18 0 1 4 5 1 165 163 7613 4929 16 26 29
133 64 99 78 21 51 35 1136 94 6 73 193 26 14 NA 17 10.5 12 94 1 10 16 24 0 0 0 0 1 9 12 19 0 1 4 5 4 136 164 7669 4927 19 24 30
134 87 103 78 25 52 30 1110 82 12 73 181 26 14.5 NA 17 10.5 9 82 1 7 20 24 0 0 0 0 1 6 16 19 0 1 4 5 1 151 165 7745 4927 15 28 30
135 75 105 79 26 51 25 1124 70 11 72 196 25 14 NA 17 10.5 9 70 1 7 19 24 0 0 0 0 1 7 15 18 0 0 4 6 3 174 166 7814 4928 16 26 30
136 74 105 78 27 51 22 1147 76 8 73 197 26 14 NA 17 10.5 6 76 1 6 18 26 0 0 0 0 1 6 14 20 0 0 4 6 0 170 166 7866 4927 17 24 32
137 86 106 79 27 51 21 1141 87 8 75 186 27 14 NA 17 11 7 87 1 7 17 26 0 0 0 0 1 6 13 20 0 1 4 6 2 165 166 7928 4925 20 22 33
138 92 105 79 26 51 30 1135 90 7 72 198 23 15 NA 17 10.5 16 90 1 8 15 27 0 0 0 0 1 7 11 22 0 1 4 5 0 177 167 7992 4928 20 20 32
139 81 104 78 26 50 30 1101 95 12 73 205 22.5 14.5 NA 17 10 14 95 0 9 14 27 0 0 0 0 0 8 11 22 0 1 3 5 1 146 169 8054 4927 22 19 32
140 81 105 78 27 52 29 1119 79 9 74 197 23 14.5 NA 17 10 10 79 0 10 13 29 0 0 0 0 0 9 10 24 0 1 3 5 2 162 170 8098 4926 22 18 34
141 66 107 80 27 51 33 1127 93 8 74 194 21 14 NA 16.5 10 14 93 0 9 13 29 0 0 0 0 0 8 10 24 0 1 3 5 1 180 171 8156 4926 22 18 34
142 87 106 79 27 51 31 1123 90 11 74 205 22 15 NA 16.5 10 9 90 0 11 11 29 0 0 0 0 0 10 9 23 0 1 2 6 1 167 171 8214 4926 24 15 35
143 72 110 82 28 51 31 1133 96 11 75 205 22 16 NA 16.5 10 12 96 0 12 11 28 0 0 0 0 0 11 9 22 0 1 2 6 4 183 172 8278 4925 26 13 36
144 80 107 79 28 49 29 1143 78 10 73 210 23 15 NA 16 10 10 78 0 9 12 28 0 0 0 0 0 8 12 20 0 1 0 8 2 171 174 8341 4927 21 15 37
145 77 110 82 28 49 35 1146 87 6 75 203 21 15 NA 16 10 13 87 0 9 13 27 0 0 0 0 0 8 13 19 0 1 0 8 1 161 175 8388 4925 22 17 36
146 71 107 80 27 48 35 1156 85 11 76 204 21 14 NA 16 10 12 85 0 9 10 29 0 0 0 0 0 8 10 21 0 1 0 8 0 158 175 8435 4924 25 14 37
147 67 109 82 27 48 35 1139 88 10 80 200 22 14 NA 16 10 12 88 1 9 9 29 0 0 0 0 0 8 9 21 1 1 0 8 2 151 176 8496 4920 30 13 37
148 76 108 81 27 52 30 1138 80 13 80 203 22.5 14 NA 16 10 5 80 1 12 9 30 0 0 0 0 0 11 9 22 1 1 0 8 0 155 176 8552 4920 29 14 37
149 88 111 81 30 51 34 1145 90 4 81 206 22 14 NA 16 10 9 90 0 12 10 29 0 0 0 0 0 11 9 21 0 1 1 8 1 178 176 8611 4919 28 17 36
150 67 112 82 30 52 42 1141 103 8 82 202 23 14.5 NA 16 10 18 103 0 11 11 30 0 0 0 0 0 10 10 22 0 1 1 8 0 174 178 8661 4918 28 17 37
151 87 112 84 28 51 29 1180 72 14 80 199 22.5 14 NA 16 10 5 72 0 9 14 28 0 0 0 0 0 8 13 20 0 1 1 8 0 170 180 8702 4920 25 20 35
152 85 113 85 28 50 40 1170 105 7 80 193 23 14.5 NA 16 10 18 105 0 8 13 29 0 0 0 0 0 7 12 21 0 1 1 8 1 187 181 8770 4920 25 19 36
153 84 117 89 28 53 41 1151 84 9 82 202 22 15 NA 16 10 11 84 1 8 13 31 0 0 0 0 0 7 12 23 1 1 1 8 0 157 182 8835 4918 25 19 38
154 94 115 85 30 52 39 1145 82 16 81 194 21 14.5 NA 16 10 13 82 1 9 13 29 0 0 0 0 0 8 12 21 1 1 1 8 0 148 182 8885 4919 26 20 35
155 75 115 85 30 54 38 1141 76 11 87 188 22 14.5 NA 16 10 12 76 0 12 13 29 0 0 0 0 0 9 12 21 0 3 1 8 0 149 183 8946 4913 31 21 35
156 84 115 86 29 55 46 1116 91 7 86 184 22 15 NA 16 10 14 91 0 14 11 30 0 0 0 0 0 11 10 22 0 3 1 8 2 145 184 9003 4914 32 16 38
157 61 112 83 29 54 42 1109 83 9 85 178 23 16 NA 17.5 10.5 6 83 0 13 13 28 0 0 0 0 0 10 12 22 0 3 1 6 0 146 186 9064 4915 32 17 36
158 70 109 80 29 52 41 1124 86 13 81 183 23 16 NA 18 11 13 86 0 11 15 26 0 0 0 0 0 8 14 21 0 3 1 5 2 186 187 9131 4919 29 19 33
159 74 112 80 32 56 40 1129 92 12 84 179 24 16 NA 16 11 10 92 1 9 20 26 0 0 0 0 1 6 19 21 0 3 1 5 4 162 189 9178 4916 27 24 33
160 77 112 81 31 56 45 1139 85 8 83 191 23.5 16 NA 17 11 12 85 1 10 19 26 0 0 0 0 1 7 18 21 0 3 1 5 1 173 189 9236 4917 27 22 34
161 65 110 79 31 55 44 1133 111 10 85 184 24 16 NA 17 10.5 7 111 1 9 18 27 0 0 0 0 1 7 17 22 0 2 1 5 0 181 190 9297 4915 29 21 35
162 82 109 78 31 55 40 1123 82 10 83 176 23 16 NA 16.5 10 7 82 2 11 17 25 0 0 0 0 2 9 16 21 0 2 1 4 1 155 191 9358 4917 29 22 32
163 64 111 80 31 54 47 1118 94 3 86 167 23 16 NA 17 10 13 94 1 11 15 27 0 0 0 0 1 9 14 23 0 2 1 4 2 161 194 9419 4914 31 21 34
164 89 107 78 29 49 47 1111 79 8 83 175 23 16 NA 18 10.5 8 79 1 8 16 24 0 0 0 0 1 5 15 20 0 3 1 4 2 171 195 9494 4917 30 23 30
165 77 110 80 30 50 46 1133 93 8 84 187 22.5 17 NA 18 10.5 9 93 0 10 15 25 0 0 0 0 0 7 14 21 0 3 1 4 5 176 196 9539 4916 31 23 30
166 74 111 82 29 52 46 1138 86 11 84 193 23 16 NA 18 10.5 10 86 0 11 17 24 0 0 0 0 0 8 16 20 0 3 1 4 2 163 197 9596 4916 30 24 30
167 82 112 82 30 52 42 1153 80 8 82 206 24 16.5 NA 18 10 4 80 0 10 19 23 0 0 0 0 0 9 16 20 0 1 3 3 1 163 197 9647 4918 24 29 29
168 75 114 83 31 54 40 1155 85 5 84 202 25 16.5 NA 18 10 8 85 0 12 19 23 0 0 0 0 0 11 16 20 0 1 3 3 3 162 203 9702 4916 25 30 29
169 66 116 85 31 55 41 1172 67 6 84 205 24.5 17 NA 18 10 10 67 0 11 19 25 0 0 0 0 0 10 16 22 0 1 3 3 2 159 206 9760 4916 25 28 31
170 90 116 85 31 57 52 1158 97 10 84 217 24.5 17 NA 18 10 22 97 0 12 16 29 0 0 0 0 0 11 13 26 0 1 3 3 0 170 206 9825 4916 26 23 35
171 61 116 86 30 58 41 1152 90 17 87 210 24 17.5 NA 18 11 9 90 0 12 14 32 0 0 0 0 0 12 10 30 0 0 4 2 2 155 208 9884 4913 27 22 38
172 84 116 86 30 59 41 1159 79 13 87 213 24.5 18 NA 19 11 13 79 0 13 15 31 0 0 0 0 0 13 11 29 0 0 4 2 2 179 211 9947 4913 28 22 37
173 70 116 86 30 57 40 1160 91 9 85 212 24.5 18 NA 19 11 9 91 0 9 17 31 0 0 0 0 0 9 14 28 0 0 3 3 3 169 212 10007 4915 23 24 38
174 69 112 84 28 56 36 1159 82 12 85 203 25 18 NA 19 12 10 82 0 9 16 31 0 0 0 0 0 9 13 29 0 0 3 2 0 157 213 10070 4915 24 24 37
175 63 113 87 26 56 42 1164 80 11 85 198 26 18 NA 18.5 11 19 80 1 9 16 30 0 0 0 0 0 9 13 28 1 0 3 2 1 150 215 10122 4915 23 26 36
176 80 113 87 26 54 36 1146 86 11 84 187 25 17.5 NA 18.5 11 8 86 1 7 18 28 0 0 0 0 0 7 15 26 1 0 3 2 2 153 218 10184 4916 22 27 35
177 83 114 86 28 54 41 1157 82 8 87 192 26 17.5 NA 18 12 13 82 0 8 17 29 0 0 0 0 0 8 14 27 0 0 3 2 2 183 220 10246 4913 23 27 37
178 77 115 86 29 57 41 1141 95 12 87 193 26 18 NA 18.5 12 9 95 0 9 17 31 0 0 0 0 0 9 14 29 0 0 3 2 2 167 220 10308 4913 23 25 39
179 87 111 82 29 58 42 1128 72 8 87 188 28 18 NA 19.5 12 8 72 0 10 14 34 0 0 0 0 0 10 12 30 0 0 2 4 0 148 220 10372 4913 24 19 44
180 71 113 83 30 59 45 1139 83 14 87 192 28 18 NA 18.5 12 16 83 0 10 14 35 0 0 0 0 0 10 13 31 0 0 1 4 3 164 221 10428 4913 24 19 44
181 84 115 86 29 61 44 1140 86 10 90 200 28 17 NA 18 12 10 86 1 11 14 35 0 0 0 0 1 11 13 31 0 0 1 4 2 168 222 10488 4910 27 19 44
182 84 113 86 27 61 50 1163 84 10 87 205 28 17 NA 18 12 16 84 1 12 16 32 0 0 0 0 1 12 15 28 0 0 1 4 1 182 222 10544 4913 26 20 41
183 65 117 85 32 59 41 1178 89 13 86 210 25 17 NA 18 12 8 89 1 10 17 31 0 0 0 0 1 10 17 27 0 0 0 4 3 172 225 10598 4914 23 22 41
184 74 117 86 31 59 36 1122 104 10 86 197 25 17 NA 18 12 8 104 1 9 17 32 0 0 0 0 1 9 17 27 0 0 0 5 1 136 226 10668 4914 22 23 41
185 77 117 86 31 58 40 1140 79 8 87 199 26 17 NA 18 12 12 79 1 9 14 34 0 0 0 0 1 9 14 29 0 0 0 5 0 177 228 10731 4913 24 19 44
186 87 117 84 33 59 37 1130 83 11 84 206 27 17 NA 18 12 12 83 1 10 15 33 0 0 0 0 1 10 15 29 0 0 0 4 2 153 230 10790 4916 21 20 43
187 74 118 86 32 59 32 1148 82 10 84 206 26 17 NA 18 12 5 82 1 10 14 34 0 0 0 0 1 10 14 31 0 0 0 3 3 175 231 10845 4916 22 19 43
188 76 118 85 33 55 34 1165 78 7 80 216 23.5 17 NA 18 12 12 78 1 9 13 32 0 0 0 0 1 9 12 29 0 0 1 3 3 163 235 10897 4920 21 18 41
189 81 121 86 35 54 31 1169 80 9 81 217 24 17 NA 18 12 9 80 1 7 14 32 0 0 0 0 1 7 13 29 0 0 1 3 3 156 236 10952 4919 20 20 41
190 92 119 86 33 58 29 1155 78 12 82 220 25 18 NA 19 12 11 78 2 7 15 34 0 0 0 0 1 7 14 31 1 0 1 3 1 158 238 11016 4918 21 19 42
191 64 115 83 32 53 32 1151 78 6 77 223 24 18 NA 18 12 10 78 1 6 17 29 0 0 0 0 1 6 16 26 0 0 1 3 0 147 239 11075 4923 19 21 37
192 88 113 81 32 52 37 1134 77 6 78 216 23 17 NA 18 12 11 77 1 7 14 30 0 0 0 0 1 7 13 27 0 0 1 3 2 147 239 11143 4922 22 20 36
193 80 111 81 30 52 39 1137 84 9 78 214 24 17 NA 18 12 13 84 2 4 18 28 0 0 0 0 1 4 17 25 1 0 1 3 1 171 241 11206 4922 21 23 34
194 86 112 79 33 51 39 1119 88 7 78 227 22.5 17 NA 18 12 7 88 2 5 16 28 0 0 0 0 1 5 15 25 1 0 1 3 2 167 242 11277 4922 23 21 34
195 62 110 78 32 51 41 1114 88 12 77 226 22 17 NA 19 12 12 88 1 5 14 31 0 0 0 0 0 4 13 28 1 1 1 3 2 158 243 11338 4923 24 17 36
196 56 107 76 31 49 40 1136 83 10 78 216 23 18 NA 20 12 10 83 1 5 12 31 0 0 0 0 0 4 11 28 1 1 1 3 0 171 243 11387 4922 26 16 36
197 83 108 77 31 47 46 1084 103 7 75 199 21.5 18 NA 20 12 15 103 1 5 12 29 0 0 0 0 0 4 11 26 1 1 1 3 3 153 245 11463 4925 24 18 33
198 76 109 78 31 49 40 1063 94 14 77 191 22 17 NA 19 12 8 94 1 7 12 29 0 0 0 0 0 6 11 26 1 1 1 3 1 151 247 11518 4923 26 18 33
199 72 109 78 31 49 44 1084 73 7 77 205 22 17 NA 19 12 9 73 1 5 13 30 0 0 0 0 0 4 13 26 1 1 0 4 2 178 247 11582 4923 24 19 34
200 69 107 76 31 53 39 1088 90 11 80 205 23 17 NA 18.5 12 6 90 1 8 13 31 0 0 0 0 0 6 13 27 1 2 0 4 1 162 249 11636 4920 27 18 35
201 76 109 78 31 54 46 1107 92 8 82 218 23 17.5 NA 18.5 12 16 92 1 9 12 32 0 0 0 0 0 7 12 29 1 2 0 3 1 180 250 11687 4918 28 17 37
202 90 110 80 30 58 45 1113 103 18 83 210 24 18 NA 18.5 12 16 103 0 10 15 33 0 0 0 0 0 8 14 30 0 2 1 3 0 182 250 11735 4917 26 19 38
203 76 111 79 32 58 45 1121 93 7 83 215 23 17.5 NA 18 12 9 93 1 11 13 33 0 0 0 0 1 9 12 31 0 2 1 2 1 189 253 11799 4917 28 17 38
204 68 111 79 32 61 35 1114 104 14 84 201 24 17 NA 18 12 9 104 1 13 13 34 0 0 0 0 1 11 12 32 0 2 1 2 1 173 257 11857 4916 25 20 39
205 78 113 81 32 60 34 1122 82 4 85 196 25 17 NA 18 12 5 82 1 13 11 35 0 0 0 0 1 11 10 33 0 2 1 2 2 161 259 11899 4915 28 18 39
206 82 111 80 31 60 33 1152 73 6 84 198 24 17.5 NA 18 12 7 73 1 12 15 32 0 0 0 0 1 10 14 30 0 2 1 2 0 171 262 11951 4916 28 20 36
207 96 113 80 33 62 35 1170 89 7 83 204 24 18 NA 18 12 9 89 1 12 15 34 0 0 0 0 1 10 14 32 0 2 1 2 3 175 263 11993 4917 26 21 36
208 65 112 79 33 61 36 1173 94 10 80 205 24 18 NA 18 11 12 94 2 9 17 33 0 0 0 0 1 7 15 32 1 2 2 1 0 170 264 12052 4920 23 21 36
209 58 113 80 33 61 41 1187 88 4 84 204 23 18 NA 18 12 14 88 1 11 16 33 0 0 0 0 0 10 14 32 1 1 2 1 1 163 268 12100 4916 28 20 36
210 97 109 76 33 57 32 1169 83 13 80 197 23 17 NA 18 12 7 83 1 11 16 29 0 0 0 0 0 10 14 28 1 1 2 1 0 150 270 12161 4920 27 21 32
211 67 108 77 31 56 34 1180 79 5 80 197 23.5 17.5 NA 18 14.5 8 79 0 8 17 31 0 0 0 0 0 7 15 30 0 1 2 1 3 174 271 12224 4920 26 20 34
212 88 109 78 31 58 30 1162 87 9 81 180 24 17.5 NA 18 14.5 5 87 0 7 19 32 0 0 0 0 0 7 16 31 0 0 3 1 0 146 272 12279 4919 23 23 35
213 73 111 79 32 55 33 1156 92 5 82 191 25 18 NA 18 12 8 92 0 5 19 31 0 0 0 0 0 4 16 30 0 1 3 1 3 178 273 12346 4918 24 24 34
214 75 110 79 31 56 32 1159 81 13 82 191 25 17.5 NA 18 12 11 81 0 5 18 33 0 0 0 0 0 5 15 31 0 0 3 2 1 163 273 12410 4918 24 23 35
215 75 111 81 30 58 29 1112 108 10 84 186 25 18 NA 18 12 8 108 0 7 19 32 0 0 0 0 0 7 16 30 0 0 3 2 2 155 276 12480 4916 26 25 33
216 79 110 80 30 57 30 1091 91 6 84 180 25.5 18 NA 18 13.5 8 91 0 7 16 34 0 0 0 0 0 7 15 31 0 0 1 3 0 141 277 12536 4916 25 23 36
217 67 109 79 30 56 33 1086 98 6 86 187 26 17.5 NA 18 13.5 13 98 0 7 15 34 0 0 0 0 0 7 14 31 0 0 1 3 0 173 280 12592 4914 25 25 36
218 76 108 78 30 58 37 1108 70 8 86 193 27.5 17.5 NA 18 13.5 8 70 0 7 16 35 0 0 0 0 0 7 15 32 0 0 1 3 1 165 280 12651 4914 23 25 38
219 76 111 82 29 62 36 1110 89 13 89 192 27 17.5 NA 18 13.5 11 89 0 10 17 35 0 0 0 0 0 10 16 32 0 0 1 3 3 168 281 12706 4911 27 23 39
220 80 111 83 28 64 34 1132 80 10 88 203 27 17 NA 18 12 10 80 1 12 14 37 0 0 0 0 1 11 13 34 0 1 1 3 2 184 283 12765 4912 28 20 40
221 70 111 83 28 64 40 1116 104 8 86 196 28 17.5 NA 18 12 15 104 1 9 18 36 0 0 0 0 1 8 17 33 0 1 1 3 4 159 285 12819 4914 23 25 38
222 85 112 83 29 66 37 1138 68 11 86 202 28 17.5 NA 18 11 8 68 1 11 19 35 0 0 0 0 1 10 18 33 0 1 1 2 1 166 286 12874 4914 24 25 37
223 86 108 78 30 63 32 1148 83 8 82 198 26 17 NA 17 12 9 83 1 10 15 37 0 0 0 0 1 9 15 35 0 1 0 2 2 170 290 12933 4918 23 20 39
224 73 104 76 28 61 30 1150 78 8 79 194 27 17 NA 17 12 7 78 2 9 14 36 0 0 0 0 1 8 14 34 1 1 0 2 1 152 291 12988 4921 23 17 39
225 83 109 77 32 61 34 1134 79 5 82 190 25 17 NA 17 12 8 79 2 8 14 37 0 0 0 0 1 7 14 35 1 1 0 2 1 134 291 13044 4918 23 19 40
226 66 110 78 32 60 33 1128 82 6 82 193 25 16.5 NA 17.5 12 6 82 2 8 13 37 0 0 0 0 1 7 13 35 1 1 0 2 1 147 292 13102 4918 23 19 40
227 94 112 82 30 61 31 1133 85 9 83 181 26 18 NA 18 15.5 6 85 1 6 16 38 0 0 0 0 0 6 16 37 1 0 0 1 3 160 292 13148 4917 20 22 41
228 57 112 83 29 61 36 1145 80 5 82 189 26.5 17 NA 17 15.5 9 80 1 7 16 37 0 0 0 0 0 7 16 36 1 0 0 1 1 154 292 13195 4918 20 22 40
229 69 109 78 31 57 37 1152 76 9 77 190 26 18 NA 18 15.5 11 76 1 7 15 34 0 0 0 0 0 7 15 33 1 0 0 1 2 169 292 13267 4923 19 19 39
230 76 111 79 32 58 37 1152 91 9 76 201 26 18 NA 18 5 12 91 2 6 14 36 0 0 0 0 0 6 14 35 2 0 0 1 2 169 295 13322 4924 17 19 40
231 79 109 76 33 58 36 1137 85 12 76 196 26 18 NA 18 15.5 10 85 2 6 14 36 0 0 0 0 1 5 14 34 1 1 0 2 1 160 296 13393 4924 17 21 38
232 61 110 77 33 61 39 1135 83 9 79 192 26.5 18 NA 18 15.5 11 83 3 7 15 36 0 0 0 0 2 6 15 34 1 1 0 2 0 147 296 13448 4921 19 22 38
233 66 108 76 32 60 32 1150 83 13 81 185 26.5 18 NA 18 15.5 8 83 3 8 10 39 0 0 0 0 2 7 10 37 1 1 0 2 0 170 298 13510 4919 22 18 41
234 72 110 78 32 60 28 1158 76 7 83 185 27 18 NA 18 10 6 76 3 8 11 38 0 0 0 0 2 7 10 37 1 1 1 1 1 170 301 13577 4917 24 19 40
235 71 109 78 31 59 33 1153 76 4 82 185 28 18 NA 18 10 8 76 3 7 11 38 0 0 0 0 2 6 10 37 1 1 1 1 1 156 301 13647 4918 24 18 40
236 82 108 76 32 60 28 1146 86 9 82 189 28 18 NA 18 5 8 86 3 8 10 39 0 0 0 0 2 7 10 38 1 1 0 1 1 160 307 13703 4918 24 17 41
237 84 107 76 31 57 36 1158 79 11 84 185 25 18 NA 18 5 18 79 2 8 9 38 0 0 0 0 1 7 9 37 1 1 0 1 2 168 307 13760 4916 26 18 40
238 74 107 74 33 58 37 1180 86 8 83 175 25 17.5 NA 18 5 8 86 2 8 11 37 0 0 0 0 1 7 11 36 1 1 0 1 0 168 307 13799 4917 26 17 40
239 86 107 73 34 57 35 1182 95 11 84 181 25 17 NA 17.5 5 10 95 2 7 10 38 0 0 0 0 2 5 10 37 0 2 0 1 3 186 309 13865 4916 28 15 41
240 74 108 71 37 57 32 1197 73 10 84 194 24.5 17 NA 17.5 5 6 73 1 9 10 37 0 0 0 0 1 7 10 36 0 2 0 1 0 168 309 13930 4916 29 16 39
241 74 106 69 37 55 43 1143 116 5 84 194 25.5 17 NA 17 26.5 17 116 1 7 10 37 0 0 0 0 1 6 10 36 0 1 0 1 1 155 311 13999 4916 29 16 39
242 70 104 68 36 54 38 1121 104 11 84 184 26.5 18 NA 18 26.5 8 104 0 7 11 36 0 0 0 0 0 6 11 35 0 1 0 1 0 167 312 14060 4916 30 15 39
243 75 108 72 36 58 37 1114 83 14 84 178 24 17.5 NA 17.5 26.5 10 83 0 11 11 36 0 0 0 0 0 11 10 35 0 0 1 1 3 150 312 14114 4916 28 16 40
244 74 108 73 35 58 31 1126 82 7 85 186 25 17.5 NA 17.5 26.5 6 82 0 11 11 36 0 0 0 0 0 11 10 35 0 0 1 1 0 160 316 14162 4915 26 19 40
245 70 106 71 35 58 37 1120 96 10 83 191 26 17.5 NA 17.5 26.5 16 96 0 12 10 36 0 0 0 0 0 12 9 35 0 0 1 1 0 165 316 14220 4917 22 21 40
246 69 104 71 33 55 35 1109 78 9 82 189 26.5 17 NA 17 48 8 78 0 11 10 34 0 0 0 0 0 11 10 33 0 0 0 1 1 147 317 14278 4918 23 20 39
247 75 105 71 34 57 34 1104 76 9 82 195 27 18 NA 18 48 5 76 0 11 12 34 0 0 0 0 0 11 12 33 0 0 0 1 2 149 317 14336 4918 23 20 39
248 69 104 71 33 56 37 1138 76 7 80 195 27 17.5 NA 17.5 32 12 76 0 11 12 33 0 0 0 0 0 10 12 32 0 1 0 1 1 184 319 14397 4920 23 19 38
249 63 100 68 32 55 37 1130 89 11 78 201 27 17 NA 17 32 13 89 0 8 14 33 0 0 0 0 0 7 14 32 0 1 0 1 2 150 321 14455 4922 19 21 38
250 61 100 68 32 55 35 1142 71 10 79 197 27.5 17 NA 17 32 10 71 0 7 15 33 0 0 0 0 0 6 15 32 0 1 0 1 2 171 324 14527 4921 19 22 38
251 76 101 69 32 57 40 1125 86 12 81 187 27 17 NA 17 32 13 86 0 7 16 34 0 0 0 0 0 6 16 33 0 1 0 1 1 155 324 14593 4919 19 23 39
252 84 100 67 33 55 36 1108 79 11 80 175 27 17 NA 17 48 10 79 0 6 17 32 0 0 0 0 0 6 17 31 0 0 0 1 1 142 329 14651 4920 19 23 38
253 86 97 65 32 52 40 1107 86 5 76 172 28 17 NA 17 48 11 86 0 6 15 31 0 0 0 0 0 6 15 30 0 0 0 1 0 165 329 14706 4924 18 22 36
254 74 97 64 33 52 47 1111 99 11 74 170 29 17 NA 17 30.5 18 99 0 7 15 30 0 0 0 0 0 6 15 29 0 1 0 1 1 177 330 14763 4926 17 22 35
255 65 96 63 33 51 46 1098 79 13 78 179 30 17 NA 17 30.5 13 79 0 7 13 31 0 0 0 0 0 6 13 30 0 1 0 1 0 144 331 14821 4922 22 20 36
256 64 95 64 31 50 44 1102 62 11 77 179 30 17 NA 17 13 9 62 0 7 13 30 0 0 0 0 0 6 13 30 0 1 0 0 0 145 331 14882 4923 23 19 35
257 62 97 66 31 52 44 1101 90 11 77 175 31 17 NA 17 13 10 90 0 7 14 31 0 0 0 0 0 6 14 31 0 1 0 0 2 159 332 14939 4923 23 16 38
258 97 100 68 32 53 38 1117 82 11 76 175 29.5 17 NA 17 18.5 7 82 0 7 13 33 0 0 0 0 0 6 12 33 0 1 1 0 1 182 335 15001 4924 21 17 38
259 77 100 70 30 52 42 1129 82 5 75 170 25 17 NA 17 13 11 82 0 6 12 34 0 0 0 0 0 5 11 33 0 1 1 1 2 165 336 15058 4925 22 16 37
260 91 98 70 28 52 40 1129 71 10 71 169 23.5 17 NA 17 13 6 71 1 10 11 30 0 0 0 0 1 9 10 29 0 1 1 1 2 165 337 15135 4929 22 16 33
261 78 97 71 26 52 38 1139 84 14 70 180 24 17 NA 17 13 13 84 0 10 10 32 0 0 0 0 0 9 9 31 0 1 1 1 0 158 339 15185 4930 21 14 35
262 70 95 70 25 51 41 1119 92 6 70 176 25 17 NA 17 13 13 92 0 8 10 33 0 0 0 0 0 7 9 32 0 1 1 1 1 148 342 15244 4930 19 14 37
263 77 96 71 25 51 45 1130 86 11 70 188 25 17 NA 17 13 15 86 0 8 10 33 0 0 0 0 0 7 9 32 0 1 1 1 1 160 344 15288 4930 18 15 37
264 68 98 73 25 54 31 1133 81 17 71 190 25.5 17 NA 17 13 6 81 1 8 11 34 0 0 0 0 1 7 10 33 0 1 1 1 3 164 346 15350 4929 17 16 38
265 66 98 73 25 53 28 1144 79 11 70 186 26 17 NA 17.5 13 10 79 1 6 11 35 0 0 0 0 1 6 9 34 0 0 2 1 1 167 348 15413 4930 16 15 39
266 66 97 74 23 50 27 1167 83 8 68 179 26 17 NA 17 13 7 83 1 7 11 31 0 0 0 0 1 7 9 30 0 0 2 1 0 172 349 15471 4932 18 15 35
267 77 96 74 22 49 25 1150 79 6 66 169 25 17 NA 17 13 4 79 1 4 14 30 0 0 0 0 1 4 12 29 0 0 2 1 1 142 349 15532 4934 14 19 33
268 92 99 77 22 48 24 1133 82 5 66 163 25 17 NA 17 13 6 82 1 3 15 29 0 0 0 0 1 3 13 28 0 0 2 1 1 155 351 15595 4934 14 20 32
269 81 99 78 21 50 24 1144 85 6 66 166 26 17.5 NA 18 13 6 85 1 5 15 29 0 0 0 0 0 5 13 27 1 0 2 2 2 177 353 15656 4934 15 19 32
270 77 95 76 19 51 26 1134 76 6 67 165 24 17 NA 17 15.5 11 76 2 6 15 28 0 0 0 0 1 5 14 25 1 1 1 3 0 150 355 15719 4933 19 17 31
271 74 94 77 17 49 30 1131 80 8 69 162 24 17 NA 17 18 12 80 1 6 14 28 0 0 0 0 1 5 13 25 0 1 1 3 2 168 355 15792 4931 22 16 31
272 80 93 76 17 49 30 1133 89 11 70 166 23 17 NA 17 18 10 89 0 8 15 26 0 0 0 0 0 7 14 23 0 1 1 3 0 160 356 15846 4930 24 17 29
273 81 96 80 16 49 30 1151 85 8 70 164 22.5 18 NA 17.5 18 8 85 0 7 13 29 0 0 0 0 0 6 12 26 0 1 1 3 3 175 356 15899 4930 24 15 31
274 82 91 77 14 44 32 1174 89 9 64 166 21 18.5 NA 19 18 11 89 0 6 13 25 0 0 0 0 0 5 12 24 0 1 1 1 0 185 357 15955 4936 22 15 27
275 86 92 78 14 43 36 1172 76 9 64 176 20 19 NA 19 13 14 76 0 6 13 24 0 0 0 0 0 4 12 22 0 2 1 2 2 149 359 16005 4936 23 15 26
276 75 92 78 14 48 41 1170 89 12 64 177 21 18.5 NA 19 13 13 89 2 8 11 27 0 0 0 0 2 7 9 25 0 1 2 2 2 165 359 16061 4936 22 13 29
277 74 95 82 13 53 40 1166 88 13 65 177 20 18 NA 18.5 13 12 88 2 12 11 28 0 0 0 0 2 11 10 25 0 1 1 3 2 161 360 16116 4935 22 14 29
278 76 98 85 13 53 39 1157 81 10 65 174 20 18 NA 18 15.5 10 81 2 11 13 27 0 0 0 0 2 11 12 24 0 0 1 3 2 163 362 16191 4935 21 16 28
279 74 99 86 13 54 42 1171 94 8 64 193 20 18 NA 18 18 12 94 2 14 11 27 0 0 0 0 2 14 10 25 0 0 1 2 2 191 363 16249 4936 23 13 28
280 72 101 88 13 56 38 1164 101 13 67 181 21 18 NA 18 18 7 101 2 15 11 28 0 0 0 0 2 15 10 26 0 0 1 2 1 161 363 16301 4933 25 13 29
281 74 101 88 13 59 36 1167 94 13 67 177 21 18 NA 17.5 21 10 94 2 16 14 27 0 0 0 0 2 15 13 26 0 1 1 1 1 181 363 16371 4933 25 14 28
282 87 100 88 12 60 32 1165 89 8 66 177 22 18 NA 17.5 21 5 89 2 16 14 28 0 0 0 0 2 16 13 27 0 0 1 1 0 164 364 16425 4934 20 17 29
283 71 99 87 12 61 35 1163 81 3 69 181 23 18 NA 18 17 8 81 2 14 17 28 0 0 0 0 2 13 16 28 0 1 1 0 0 149 366 16475 4931 20 20 29
284 67 102 90 12 62 30 1178 90 11 68 180 20.5 18 NA 18 17 8 90 2 14 19 27 0 0 0 0 2 13 18 27 0 1 1 0 5 168 369 16530 4932 19 21 28
285 71 101 89 12 60 31 1189 82 6 69 177 21 18 NA 18 17 8 82 2 14 17 27 0 0 0 0 2 13 16 27 0 1 1 0 1 171 369 16593 4931 22 19 28
286 84 101 90 11 61 28 1168 72 10 70 184 22 18 NA 18 17 7 72 2 14 16 29 0 0 0 0 2 13 15 29 0 1 1 0 0 146 370 16668 4930 23 17 30
287 79 100 90 10 60 38 1178 89 4 71 187 21 18 NA 18 16 16 89 2 15 16 27 0 0 0 0 1 14 15 27 1 1 1 0 2 155 373 16710 4929 26 17 28
288 93 101 91 10 58 35 1146 100 14 71 166 20 18 NA 18 16 11 100 2 13 16 27 0 0 0 0 1 12 16 26 1 1 0 1 1 149 374 16769 4929 25 18 28
289 59 99 89 10 58 32 1166 84 10 72 173 21 18 NA 18 16 9 84 2 11 17 28 0 0 0 0 1 10 17 27 1 1 0 1 0 175 377 16828 4928 25 18 29
290 80 100 89 11 58 41 1166 86 6 76 182 22 18 NA 18 14 15 86 2 11 16 29 0 0 0 0 1 9 16 28 1 2 0 1 1 175 378 16894 4924 29 17 30
291 91 101 89 12 56 39 1132 97 11 76 179 20 18 NA 18 14 10 97 1 11 17 27 0 0 0 0 0 10 16 26 1 1 1 1 2 153 378 16960 4924 30 18 28
292 67 98 86 12 54 32 1115 98 11 75 182 21 18 NA 18 14 7 98 1 8 18 27 0 0 0 0 0 8 16 26 1 0 2 1 0 167 380 17030 4925 28 19 28
293 72 96 84 12 54 39 1085 88 10 74 180 22 18 NA 18 16 14 88 1 9 17 27 0 0 0 0 0 9 16 26 1 0 1 1 0 151 380 17105 4926 28 18 28
294 79 95 83 12 56 33 1124 79 12 73 178 23 18 NA 18 15.5 7 79 1 12 14 29 0 0 0 0 0 11 13 28 1 1 1 1 0 193 381 17163 4927 28 14 31
295 65 95 83 12 57 27 1128 86 14 73 188 24 18 NA 18 16 9 86 1 13 12 31 0 0 0 0 0 11 11 30 1 2 1 1 0 161 382 17222 4927 25 15 33
296 64 96 84 12 58 32 1108 92 9 78 187 24.5 17.5 NA 18 16 15 92 0 14 12 32 0 0 0 0 0 11 11 30 0 3 1 2 1 152 383 17285 4922 29 15 34
297 64 100 88 12 57 26 1122 72 14 78 184 24 18 NA 18 16 9 72 0 11 14 32 0 0 0 0 0 8 13 30 0 3 1 2 2 161 384 17349 4922 27 18 33
298 81 100 88 12 58 25 1125 83 8 79 176 24.5 18 NA 18 16 6 83 0 10 16 32 0 0 0 0 0 7 15 30 0 3 1 2 1 161 386 17400 4921 28 18 33
299 85 101 87 14 56 23 1131 78 5 78 195 24 17.5 NA 18 16 6 78 0 8 16 32 0 0 0 0 0 5 15 30 0 3 1 2 2 155 388 17448 4922 25 20 33
300 83 104 90 14 56 26 1145 85 4 81 191 25 17.5 NA 18 16 7 85 0 7 15 34 0 0 0 0 0 4 14 32 0 3 1 2 2 157 388 17490 4919 26 20 35
301 85 100 88 12 51 30 1133 84 5 76 199 24.5 16 NA 17 16 10 84 0 7 13 31 0 0 0 0 0 4 12 29 0 3 1 2 1 165 389 17562 4924 24 20 32
302 80 100 89 11 49 35 1126 84 5 75 193 24 16 NA 16 16 10 84 0 6 14 29 0 0 0 0 0 3 13 27 0 3 1 2 2 162 390 17626 4925 22 23 30
303 64 102 91 11 49 33 1123 106 10 78 189 25 16 NA 16 16 11 106 0 4 15 30 0 0 0 0 0 3 13 27 0 1 2 3 2 167 393 17674 4922 22 25 31
304 76 101 90 11 46 27 1116 84 13 74 173 25 16 NA 16 16 7 84 0 5 14 27 0 0 0 0 0 4 12 24 0 1 2 3 3 162 394 17738 4926 21 25 28
305 90 102 91 11 47 21 1113 72 8 73 173 25 16 NA 16 16 3 72 0 5 15 27 0 0 0 0 0 4 13 24 0 1 2 3 3 158 394 17796 4927 20 25 28
306 72 102 90 12 47 28 1094 93 4 72 165 26 16 NA 16 16 12 93 0 5 15 27 0 0 0 0 0 4 13 24 0 1 2 3 2 161 396 17873 4928 19 25 28
307 88 105 92 13 50 35 1084 87 7 71 164 23 16 NA 16 16 13 87 0 5 16 29 0 0 0 0 0 4 14 26 0 1 2 3 1 148 396 17927 4929 19 22 30
308 85 107 92 15 50 32 1099 78 11 71 166 24 16 NA 16 16 9 78 1 4 16 29 0 0 0 0 1 4 13 26 0 0 3 3 2 166 396 17977 4929 17 24 30
309 97 106 90 16 50 28 1096 78 7 74 158 24.5 16 NA 16 16 5 78 1 5 13 31 0 0 0 0 1 5 10 28 0 0 3 3 0 155 398 18039 4926 19 23 32
310 75 105 89 16 50 27 1124 78 5 74 171 25 16 NA 16 16 6 78 1 4 14 31 0 0 0 0 1 4 11 28 0 0 3 3 0 177 400 18099 4926 18 24 32
311 71 102 87 15 49 30 1150 77 5 74 180 26.5 16 NA 16 16 8 77 1 4 10 34 0 0 0 0 0 4 8 31 1 0 2 3 0 173 400 18147 4926 20 18 36
312 82 102 87 15 51 24 1143 85 11 76 181 27 16 NA 16 16 5 85 1 5 11 34 0 0 0 0 0 4 9 31 1 1 2 3 1 155 401 18206 4924 19 21 36
313 86 104 90 14 52 27 1147 78 10 75 190 25 16 NA 16 14.5 9 78 1 8 10 33 0 0 0 0 0 7 8 31 1 1 2 2 2 162 401 18266 4925 21 19 35
314 65 104 90 14 53 31 1161 87 8 78 204 26 16 NA 16 13 12 87 1 8 10 34 0 0 0 0 0 6 8 32 1 2 2 2 0 184 402 18333 4922 22 18 38
315 70 101 87 14 52 34 1142 81 6 77 190 27 16 NA 17 14.5 11 81 0 9 9 34 0 0 0 0 0 7 8 31 0 2 1 3 1 128 403 18382 4923 22 17 38
316 85 101 87 14 52 36 1126 83 11 78 190 26 16 NA 16.5 14.5 16 83 0 9 8 35 0 0 0 0 0 7 7 32 0 2 1 3 2 161 405 18447 4922 23 16 39
317 77 98 85 13 51 32 1133 80 9 77 186 26 16 NA 16.5 13 10 80 1 9 7 34 0 0 0 0 1 7 6 32 0 2 1 2 0 169 407 18515 4923 26 15 36
318 79 98 85 13 53 34 1143 83 9 76 195 24 16 NA 17 12 10 83 2 10 8 33 0 0 0 0 2 8 7 32 0 2 1 1 2 180 408 18580 4924 27 14 35
319 85 99 87 12 55 30 1146 79 13 79 200 23 16 NA 17 12 11 79 2 12 8 33 0 0 0 0 2 10 7 32 0 2 1 1 1 154 411 18626 4921 30 14 35
320 65 98 86 12 55 34 1138 95 10 80 195 23.5 16 NA 18 12 14 95 1 13 8 33 0 0 0 0 1 11 8 31 0 2 0 2 1 178 412 18697 4920 31 12 37
321 76 105 92 13 57 29 1152 87 16 81 199 24 16 NA 17 12 11 87 2 11 10 34 0 0 0 0 2 9 10 32 0 2 0 2 5 169 414 18745 4919 28 15 38
322 87 108 93 15 59 37 1125 85 9 81 192 23.5 16 NA 18 13.5 15 85 2 11 12 34 0 0 0 0 2 9 12 30 0 2 0 4 2 143 414 18805 4919 27 15 39
323 93 107 91 16 57 33 1104 76 12 78 190 23 18 NA 18 15 9 76 1 10 14 32 0 0 0 0 1 8 13 29 0 2 1 3 3 144 415 18873 4922 25 17 36
324 63 105 89 16 55 38 1100 104 8 75 190 23 18 NA 18 15 14 104 2 10 12 31 0 0 0 0 2 8 11 28 0 2 1 3 2 171 415 18927 4925 23 15 37
325 87 106 90 16 55 31 1109 88 16 75 186 23 18 NA 18 14 9 88 2 11 13 29 0 0 0 0 2 10 11 27 0 1 2 2 3 179 416 18983 4925 23 17 35
326 73 106 90 16 52 33 1114 67 5 71 185 22.5 17.5 NA 18 13.5 8 67 2 10 12 28 0 0 0 0 2 9 11 26 0 1 1 2 2 144 417 19037 4929 21 17 33
327 91 106 91 15 53 30 1114 87 9 71 176 23 16 NA 18 13 9 87 4 7 13 29 0 0 0 0 3 7 11 27 1 0 2 2 3 157 418 19087 4929 19 18 34
328 77 103 88 15 53 24 1104 83 11 68 162 24 17 NA 18 13 8 83 3 6 13 31 0 0 0 0 3 5 11 29 0 1 2 2 0 153 419 19149 4932 16 19 33
329 77 103 88 15 53 32 1145 65 4 70 174 25 17 NA 18 13 14 65 3 5 14 31 0 0 0 0 3 4 12 29 0 1 2 2 1 192 422 19208 4930 16 21 33
330 71 102 87 15 53 31 1149 70 9 69 182 25 17 NA 18 13 10 70 2 7 14 30 0 0 0 0 2 6 12 28 0 1 2 2 1 160 423 19273 4931 16 21 32
331 73 105 89 16 58 27 1138 75 11 72 183 25 16.5 NA 18 13 6 75 3 8 17 30 0 0 0 0 3 7 15 28 0 1 2 2 2 133 423 19324 4928 15 25 32
332 91 112 94 18 55 26 1129 82 3 70 186 24 17 NA 18 12 5 82 3 6 17 29 0 0 0 0 3 5 15 28 0 1 2 1 9 165 424 19396 4930 13 26 31
333 87 109 90 19 53 33 1101 93 6 69 188 20 15 NA 17 12 11 93 1 8 15 29 0 0 0 0 1 7 13 28 0 1 2 1 2 149 424 19462 4931 17 21 31
334 66 110 91 19 52 28 1098 88 6 70 181 18.5 15.5 NA 17.5 12 3 88 1 8 15 28 0 0 0 0 1 7 13 27 0 1 2 1 1 158 425 19520 4930 19 21 30
335 71 111 90 21 51 34 1104 86 5 71 190 17 15 NA 17 12 12 86 1 9 13 28 0 0 0 0 1 8 12 26 0 1 1 2 1 149 426 19565 4929 22 19 30
336 75 118 91 27 51 34 1102 91 12 72 191 15.5 15 NA 16 13 12 91 0 11 13 27 0 0 0 0 0 9 12 25 0 2 1 2 4 165 427 19629 4928 23 18 31
337 75 115 89 26 50 37 1095 87 15 71 193 16 15 NA 15 12 19 87 1 11 13 25 0 0 0 0 0 9 12 23 1 2 1 2 2 163 428 19696 4929 24 17 30
338 67 117 91 26 52 32 1127 86 14 72 195 17 15 NA 15 12 7 86 1 13 12 26 0 0 0 0 0 11 11 24 1 2 1 2 2 174 428 19735 4928 27 16 29
339 72 117 91 26 53 38 1143 74 7 75 203 17 15 NA 15 12 12 74 0 16 9 28 0 0 0 0 0 13 9 25 0 3 0 3 1 157 428 19789 4925 30 14 31
340 76 118 92 26 51 39 1148 107 9 74 197 17 15 NA 15 13 9 107 0 16 9 26 0 0 0 0 0 14 8 24 0 2 1 2 3 178 428 19836 4926 31 14 29
341 73 117 91 26 53 36 1143 82 12 73 202 17 15 NA 15 13 10 82 2 15 9 27 0 0 0 0 2 13 8 25 0 2 1 2 0 165 431 19909 4927 30 14 29
342 71 120 95 25 55 36 1149 93 11 73 202 17 15 NA 15 13 12 93 2 16 10 27 0 0 0 0 2 14 9 25 0 2 1 2 1 177 433 19972 4927 30 14 29
343 72 124 99 25 59 44 1163 90 8 75 213 17 15 NA 15 13 13 90 2 19 8 30 0 0 0 0 2 17 8 28 0 2 0 2 2 166 434 20021 4925 31 12 32
344 65 121 98 23 60 40 1137 98 16 81 207 17 15 NA 15 13 11 98 2 22 8 28 0 0 0 0 2 20 8 26 0 2 0 2 0 146 436 20082 4919 39 12 30
345 77 122 100 22 59 38 1180 63 8 83 204 17.5 15 NA 15 13 7 63 2 17 12 28 0 0 0 0 2 15 12 26 0 2 0 2 4 177 437 20130 4917 37 16 30
346 96 118 96 22 56 38 1177 79 6 80 199 16.5 14 NA 14 13 7 79 4 17 11 24 0 0 0 0 3 15 11 22 1 2 0 2 2 157 438 20187 4920 38 16 26
347 61 120 97 23 58 38 1181 87 11 82 206 17 14 NA 14 13 11 87 4 17 13 24 0 0 0 0 3 15 12 22 1 2 1 2 1 164 438 20243 4918 38 18 26
348 84 121 100 21 58 39 1160 85 12 87 204 17 14 NA 14 13 14 85 4 17 13 24 0 0 0 0 3 15 12 22 1 2 1 2 2 148 439 20301 4913 42 19 26
349 72 119 99 20 58 45 1132 106 7 87 191 18 14 NA 14 13 13 106 3 19 12 24 0 0 0 0 1 17 11 22 2 2 1 2 0 165 440 20368 4913 41 20 26
350 70 116 95 21 55 41 1151 92 9 88 203 18 14 NA 14 13 11 92 1 19 13 22 0 0 0 0 0 17 12 20 1 2 1 2 1 188 444 20430 4912 42 22 24
351 75 114 94 20 54 37 1166 76 10 84 213 19 14 NA 14.5 13 7 76 1 17 16 20 0 0 0 0 0 16 14 18 1 1 2 2 2 173 445 20491 4916 39 23 22
352 72 112 92 20 56 40 1144 87 11 85 205 20 14 NA 15 13 13 87 2 19 17 18 0 0 0 0 0 18 15 16 2 1 2 2 2 152 446 20562 4915 40 25 20
353 76 115 95 20 57 37 1157 104 15 85 211 21 14 NA 14.5 13 11 104 2 20 17 18 0 0 0 0 0 19 15 16 2 1 2 2 3 194 447 20623 4915 40 24 21
354 73 114 94 20 60 41 1143 97 9 88 205 21 14 NA 14.5 11.5 14 97 2 23 16 19 0 0 0 0 0 22 15 17 2 1 1 2 1 157 449 20679 4912 43 22 23
355 83 112 91 21 61 41 1111 95 15 88 198 22 14 NA 15 10 14 95 1 24 17 19 0 0 0 0 0 23 15 18 1 1 2 1 1 148 451 20739 4912 42 23 23
356 83 112 90 22 61 43 1121 82 10 86 205 23 14 NA 15 10 14 82 1 20 22 18 0 0 0 0 0 19 20 17 1 1 2 1 1 166 452 20794 4914 33 31 22
357 86 113 91 22 62 43 1106 85 13 87 185 23 14 NA 15 10 16 85 2 18 20 22 0 0 0 0 1 16 18 21 1 2 2 1 2 161 454 20871 4913 31 30 26
358 75 109 88 21 60 43 1142 77 11 85 205 24 14.5 NA 15 10 11 77 2 16 21 21 0 0 0 0 1 14 20 20 1 2 1 1 0 185 454 20925 4915 30 30 25
359 57 108 87 21 61 45 1176 79 10 87 209 25 14 NA 15 10 13 79 2 15 22 22 0 0 0 0 2 12 21 21 0 3 1 1 0 183 454 20980 4913 30 31 26
360 76 109 88 21 64 47 1157 95 14 89 199 25 14 NA 15 10 16 95 1 16 23 24 0 0 0 0 1 13 22 23 0 3 1 1 0 150 454 21039 4911 27 36 26
