1 84 97 81 16 46 28 1226 55 14 74 28 25 18 NA 18 NA 8 55 1 6 17 22 0 0 0 0 1 6 17 22 0 0 0 0 1 133 0 0 4926 19 26 29
2 93 96 80 16 46 25 1268 73 14 73 53 26 18 NA 18 NA 11 73 1 6 17 22 0 0 0 0 1 6 17 22 0 0 0 0 0 143 0 0 4927 19 25 29
3 77 96 80 16 49 28 1309 80 7 75 75 27 18 NA 18 NA 9 80 2 6 18 23 0 0 0 0 2 6 18 23 0 0 0 0 0 151 0 0 4925 19 25 31
4 90 96 80 16 51 32 1323 72 6 74 89 27.5 18 NA 18 NA 8 72 2 7 18 24 0 0 0 0 2 7 18 24 0 0 0 0 1 116 0 0 4926 19 23 32
5 72 93 77 16 53 32 1352 74 11 74 96 28 18 NA 18 28 10 74 3 8 18 24 0 0 0 0 3 8 17 24 0 0 1 0 0 127 0 0 4926 21 22 31
6 88 90 74 16 54 30 1379 68 8 73 107 30 18 NA 18 28 5 68 2 7 18 27 0 0 0 0 2 7 18 26 0 0 0 1 1 122 0 0 4927 18 22 33
7 64 94 78 16 54 36 1433 94 6 74 125 30 18 NA 18 28 12 94 2 7 16 29 0 0 0 0 2 7 16 28 0 0 0 1 0 166 0 0 4926 18 20 36
8 78 95 79 16 56 38 1458 76 8 75 134 31 18 NA 18 28 10 76 2 7 17 30 0 0 0 0 2 7 17 29 0 0 0 1 1 128 0 0 4925 17 21 37
9 80 96 80 16 59 43 1475 91 12 77 141 32 18 NA 18 28 14 91 2 10 15 32 0 0 0 0 2 10 15 31 0 0 0 1 1 130 0 0 4923 19 19 39
10 87 95 79 16 58 43 1510 93 8 80 144 32 18 NA 18 NA 9 93 2 9 13 34 0 0 0 0 2 9 13 34 0 0 0 0 2 158 0 0 4920 22 18 40
11 79 97 81 16 58 35 1530 90 13 81 153 32 18 NA 18 NA 5 90 0 10 14 34 0 0 0 0 0 10 14 34 0 0 0 0 2 144 0 0 4919 21 20 40
12 65 98 81 17 57 42 1568 79 5 78 166 29.5 18 NA 18 NA 10 79 0 11 11 35 0 0 0 0 0 11 11 35 0 0 0 0 3 136 0 0 4922 20 17 41
13 75 97 80 17 56 37 999 78 4 77 162 29 18 NA 18 NA 6 78 0 11 10 35 0 0 0 0 0 11 10 35 0 0 0 0 0 116 7 587 4923 21 15 41
14 69 99 80 19 58 34 1012 61 11 77 161 30 18 NA 18 18 9 61 0 13 9 36 0 0 0 0 0 12 9 35 0 1 0 1 2 145 9 645 4923 20 15 42
15 62 100 80 20 58 33 1039 61 9 77 170 30 18 NA 18 19.5 9 61 0 11 9 38 0 0 0 0 0 10 9 35 0 1 0 3 0 163 10 708 4923 18 15 44
16 84 98 79 19 54 37 1031 81 6 73 161 29 18 NA 18 19 10 81 0 9 11 34 0 0 0 0 0 8 11 32 0 1 0 2 1 132 10 751 4927 16 16 41
17 76 98 80 18 54 37 1061 72 6 71 159 30 18 NA 18 17.5 6 72 0 8 13 33 0 0 0 0 0 7 13 30 0 1 0 3 2 165 11 797 4929 15 16 40
18 70 96 78 18 52 34 1087 59 8 69 168 30.5 18 NA 18 17.5 6 59 0 8 11 33 0 0 0 0 0 6 11 31 0 2 0 2 0 142 12 844 4931 14 15 40
19 81 97 79 18 51 37 1091 80 5 72 177 28 18 NA 18 17 10 80 0 7 12 32 0 0 0 0 0 5 12 29 0 2 0 3 2 171 13 917 4928 17 15 40
20 80 99 80 19 53 35 1106 66 9 73 174 28 18 NA 18 18 11 66 0 7 12 34 0 0 0 0 0 5 12 30 0 2 0 4 3 154 17 968 4927 17 14 42
21 77 100 81 19 53 32 1114 60 7 72 191 27 18 NA 18 18 5 60 0 8 13 32 0 0 0 0 0 6 13 28 0 2 0 4 3 151 19 1023 4928 17 16 39
22 99 100 81 19 50 34 1111 89 6 71 184 25.5 18 NA 18 18 7 89 0 6 14 30 0 0 0 0 0 5 13 26 0 1 1 4 2 173 19 1088 4929 15 18 38
23 73 99 80 19 50 32 1140 72 7 73 177 26 18 NA 18 18 7 72 1 4 14 31 0 0 0 0 1 3 13 27 0 1 1 4 1 171 20 1142 4927 16 17 40
24 67 100 81 19 49 33 1150 71 5 74 163 26 18 NA 18 18 7 71 1 4 13 31 0 0 0 0 1 3 12 27 0 1 1 4 0 151 21 1197 4926 18 16 40
25 73 100 81 19 49 33 1142 84 6 74 160 27 17 NA 17.5 17 7 84 1 5 13 30 0 0 0 0 1 4 12 27 0 1 1 3 1 148 23 1244 4926 18 17 39
26 79 99 80 19 49 36 1140 82 8 74 173 28 17 NA 17.5 17 14 82 1 6 13 29 0 0 0 0 1 5 12 26 0 1 1 3 0 155 26 1301 4926 19 17 38
27 82 97 80 17 49 30 1129 80 11 72 168 29 17 NA 17.5 17 6 80 2 6 12 29 0 0 0 0 2 5 11 26 0 1 1 3 0 162 27 1370 4928 20 16 36
28 89 98 78 20 50 28 1142 65 8 70 178 26.5 17.5 NA 18 17 7 65 2 5 11 32 0 0 0 0 2 5 9 29 0 0 2 3 3 154 28 1425 4930 20 14 36
29 88 99 77 22 48 30 1139 92 2 68 173 22 17.5 NA 18 17 7 92 2 5 10 31 0 0 0 0 2 5 8 28 0 0 2 3 2 175 31 1490 4932 21 13 34
30 86 98 76 22 46 32 1139 74 6 65 177 22.5 17.5 NA 18 17 9 74 2 3 9 32 0 0 0 0 2 3 7 29 0 0 2 3 2 148 31 1540 4935 19 12 34
31 79 104 82 22 48 36 1140 71 6 65 171 21 17.5 NA 17.5 25 11 71 2 3 10 33 0 0 0 0 2 3 7 30 0 0 3 3 2 158 31 1605 4935 16 14 35
32 60 103 81 22 46 34 1159 79 9 65 172 22 17.5 NA 17.5 25 10 79 2 3 9 32 0 0 0 0 2 3 6 29 0 0 3 3 1 179 32 1669 4935 18 13 34
33 68 104 82 22 45 36 1125 99 7 67 170 22 18 NA 18 17 13 99 2 2 10 31 0 0 0 0 2 2 7 27 0 0 3 4 1 155 35 1737 4933 19 14 34
34 97 105 83 22 44 36 1111 101 9 70 170 22 17.5 NA 18 17 10 101 1 2 7 34 0 0 0 0 1 2 6 28 0 0 1 6 1 169 35 1796 4930 20 12 38
35 67 106 84 22 43 39 1111 85 7 71 180 22.5 18 NA 18 25 11 85 0 3 5 35 0 0 0 0 0 3 4 30 0 0 1 5 1 169 36 1863 4929 20 12 39
36 87 107 85 22 46 39 1135 70 10 72 184 22 17.5 NA 17.5 25 9 70 0 6 5 35 0 0 0 0 0 6 4 30 0 0 1 5 2 161 36 1913 4928 20 13 39
37 71 110 87 23 47 45 1149 91 9 74 181 21.5 17 NA 17 33 16 91 0 7 5 35 0 0 0 0 0 7 4 29 0 0 1 6 3 184 37 1977 4926 21 14 39
38 68 112 90 22 51 42 1143 74 10 73 192 21.5 17 NA 17 33 8 74 0 10 7 34 0 0 0 0 0 10 6 28 0 0 1 6 3 148 38 2037 4927 20 15 38
39 84 115 92 23 51 44 1147 84 8 74 198 19 17 NA 17 33 12 84 0 10 8 33 0 0 0 0 0 10 7 27 0 0 1 6 1 169 40 2093 4926 21 16 37
40 80 113 92 21 51 49 1158 72 10 76 193 19 18 NA 17.5 33 15 72 0 11 8 32 0 0 0 0 0 11 8 25 0 0 0 7 1 157 41 2148 4924 23 17 36
41 74 114 93 21 51 47 1164 69 15 77 190 19 17 NA 17 25 12 69 0 11 10 30 0 0 0 0 0 11 10 24 0 0 0 6 3 155 43 2211 4923 26 17 34
42 78 113 92 21 51 36 1165 87 15 77 186 20 17 NA 17 16.5 5 87 1 11 9 30 0 0 0 0 0 11 9 25 1 0 0 5 1 160 44 2261 4923 28 15 34
43 76 112 92 20 54 36 1156 79 8 82 186 21 17 NA 17 16.5 7 79 1 13 8 32 0 0 0 0 0 13 8 27 1 0 0 5 1 144 45 2321 4918 33 13 36
44 70 115 94 21 56 38 1138 86 7 83 176 21 17 NA 17 16 9 86 1 14 9 32 0 0 0 0 0 14 9 28 1 0 0 4 2 149 46 2387 4917 33 14 36
45 80 111 91 20 55 37 1128 96 10 80 176 21 17 NA 17 15 8 96 1 13 10 31 0 0 0 0 0 12 10 27 1 1 0 4 1 156 46 2442 4920 32 14 34
46 74 111 91 20 57 29 1128 72 10 82 173 22 17 NA 17 16 5 72 1 13 11 32 0 0 0 0 0 12 10 28 1 1 1 4 0 160 49 2514 4918 30 16 36
47 79 113 94 19 56 30 1136 73 4 81 179 19 17 NA 17 16 6 73 1 12 12 31 0 0 0 0 0 11 11 27 1 1 1 4 5 161 50 2572 4919 30 16 35
48 68 113 93 20 56 30 1156 85 13 82 193 20 16.5 NA 16.5 16.5 12 85 1 12 12 31 0 0 0 0 0 11 11 26 1 1 1 5 0 178 51 2636 4918 30 17 35
49 104 109 90 19 54 33 1149 66 7 81 197 21 16.5 NA 16.5 16.5 12 66 0 12 10 32 0 0 0 0 0 10 9 27 0 2 1 5 0 156 53 2709 4919 29 16 36
50 78 108 90 18 58 23 1150 81 15 81 190 22 17 NA 17 16 6 81 0 16 11 31 0 0 0 0 0 14 10 27 0 2 1 4 1 151 58 2764 4919 30 16 35
51 68 106 87 19 56 20 1154 76 8 82 192 23 17 NA 17 16 6 76 0 16 12 28 0 0 0 0 0 14 11 24 0 2 1 4 0 154 58 2824 4918 33 16 33
52 75 105 87 18 58 25 1161 89 7 81 194 23 16.5 NA 17 15 14 89 1 16 13 28 0 0 0 0 0 14 12 24 1 2 1 4 1 171 60 2883 4919 29 19 33
53 74 105 88 17 58 25 1154 84 10 83 187 23 16.5 NA 17 15 12 84 1 16 13 28 0 0 0 0 0 14 12 24 1 2 1 4 0 159 62 2948 4917 31 20 32
54 84 107 89 18 57 29 1130 107 7 84 181 23 16 NA 17 15 12 107 1 14 15 27 0 0 0 0 0 12 14 23 1 2 1 4 2 150 63 3000 4916 31 22 31
55 74 109 92 17 57 31 1139 87 8 82 205 24 16 NA 16.5 14 11 87 1 10 20 26 0 0 0 0 0 9 18 23 1 1 2 3 2 163 64 3049 4918 24 28 30
56 82 110 93 17 57 26 1151 68 9 85 196 25 17 NA 17 14 5 68 1 11 19 26 0 0 0 0 0 10 17 23 1 1 2 3 1 163 65 3106 4915 27 28 30
57 68 110 94 16 58 27 1146 76 11 82 199 24 16 NA 16 14 10 76 1 13 18 26 0 0 0 0 1 11 17 22 0 2 1 4 3 149 65 3170 4918 26 27 29
58 78 108 92 16 59 32 1137 90 10 80 182 24.5 16 NA 16.5 14 13 90 1 12 19 27 0 0 0 0 1 10 18 23 0 2 1 4 0 172 66 3243 4920 24 25 31
59 62 112 95 17 60 32 1124 82 11 84 183 23.5 16 NA 16 14 10 82 0 15 17 28 0 0 0 0 0 13 16 24 0 2 1 4 3 140 66 3296 4916 28 23 33
60 78 114 97 17 61 35 1115 82 9 82 196 22.5 16 NA 16 14 13 82 1 15 17 28 0 0 0 0 1 13 16 25 0 2 1 3 2 149 66 3357 4918 27 23 32
61 76 114 97 17 58 26 1134 76 15 81 181 22.5 16 NA 16 14 7 76 1 13 18 26 0 0 0 0 1 12 17 23 0 1 1 3 1 170 68 3412 4919 27 24 30
62 71 115 98 17 59 30 1140 75 4 82 201 23 16 NA 16 14 8 75 1 11 20 27 0 0 0 0 1 10 19 24 0 1 1 3 0 154 68 3467 4918 25 26 31
63 74 116 98 18 62 32 1122 101 9 82 188 24 16 NA 16 14 9 101 1 13 20 28 0 0 0 0 1 12 19 25 0 1 1 3 2 168 68 3528 4918 23 27 32
64 83 118 100 18 61 44 1145 90 8 83 193 23.5 16 NA 16 14 21 90 1 11 21 28 0 0 0 0 1 10 20 25 0 1 1 3 0 192 69 3592 4917 24 25 34
65 90 118 99 19 62 40 1120 79 12 84 190 24.5 16 NA 16 14 8 79 1 8 22 31 0 0 0 0 1 7 21 28 0 1 1 3 1 135 69 3653 4916 21 27 36
66 56 118 99 19 61 43 1141 87 11 83 204 25 16 NA 16.5 14 13 87 0 9 21 31 0 0 0 0 0 8 20 28 0 1 1 3 3 181 69 3705 4917 21 27 35
67 63 116 97 19 61 40 1151 83 12 86 204 26 16 NA 16 14 11 83 1 8 17 35 0 0 0 0 1 7 17 31 0 1 0 4 0 171 71 3772 4914 24 22 40
68 78 120 101 19 64 39 1144 85 12 86 200 24.5 16 NA 16 14 10 85 1 9 20 34 0 0 0 0 1 8 20 30 0 1 0 4 1 165 72 3836 4914 22 25 39
69 73 118 99 19 62 41 1147 86 8 85 200 25 16 NA 16 15.5 10 86 2 9 18 33 0 0 0 0 2 9 17 30 0 0 1 3 0 165 72 3900 4915 24 23 38
70 87 117 96 21 62 43 1124 89 9 83 201 25 16 NA 16 15.5 12 89 3 9 17 33 0 0 0 0 3 9 16 30 0 0 1 3 2 155 74 3970 4917 24 21 38
71 74 116 96 20 60 44 1122 89 12 85 203 24 15.5 NA 15.5 15.5 15 89 1 8 20 31 0 0 0 0 1 8 19 28 0 0 1 3 2 152 75 4021 4915 24 24 37
72 64 113 93 20 60 39 1145 84 11 85 198 25 15.5 NA 15.5 15.5 7 84 1 9 18 32 0 0 0 0 1 9 17 29 0 0 1 3 1 170 75 4071 4915 27 22 36
73 72 111 91 20 60 35 1144 78 11 86 196 26 15.5 NA 16 14 9 78 0 10 17 33 0 0 0 0 0 10 16 31 0 0 1 2 0 152 77 4129 4914 28 22 36
74 81 108 90 18 58 33 1146 72 7 83 193 26 15.5 NA 16 14 6 72 0 11 13 34 0 0 0 0 0 10 12 33 0 1 1 1 0 145 78 4175 4917 27 19 37
75 91 105 88 17 58 34 1133 78 7 82 184 25 15.5 NA 16 10.5 10 78 2 11 12 33 0 0 0 0 1 10 11 32 1 1 1 1 0 156 80 4243 4918 28 17 37
76 79 104 87 17 59 39 1119 73 5 84 190 26.5 16 NA 16 10.5 11 73 1 12 11 35 0 0 0 0 0 11 10 34 1 1 1 1 0 158 81 4320 4916 27 18 39
77 82 106 90 16 57 38 1105 99 11 83 184 25 16 NA 16 10.5 13 99 1 10 11 35 0 0 0 0 0 10 9 34 1 0 2 1 3 157 84 4373 4917 27 16 40
78 82 105 89 16 57 29 1116 79 14 84 178 26 16 NA 16 10.5 6 79 1 10 11 35 0 0 0 0 0 10 9 34 1 0 2 1 0 171 85 4435 4916 28 16 40
79 77 105 86 19 57 34 1107 88 7 81 173 26 16 NA 16 10.5 12 88 2 8 14 33 0 0 0 0 0 7 12 32 2 1 2 1 0 171 87 4505 4919 24 19 38
80 74 102 84 18 55 36 1119 76 10 80 178 25.5 16 NA 16 10.5 13 76 1 7 15 32 0 0 0 0 0 6 12 31 1 1 3 1 2 170 88 4567 4920 24 19 37
81 88 98 81 17 55 34 1129 78 11 77 189 26 16 NA 16 14 10 78 1 9 15 30 0 0 0 0 0 8 13 29 1 1 2 1 0 172 89 4629 4923 22 20 35
82 86 98 84 14 55 35 1123 110 8 76 176 26.5 16 NA 16 14 10 110 1 9 16 29 0 0 0 0 0 8 14 28 1 1 2 1 2 167 91 4673 4924 22 20 34
83 81 100 86 14 58 39 1124 98 9 79 184 27 16 NA 16 14 14 98 1 10 14 33 0 0 0 0 0 9 12 32 1 1 2 1 2 164 94 4721 4921 21 19 39
84 74 103 89 14 57 39 1131 78 11 80 181 27 16 NA 16 14 12 78 1 9 15 32 0 0 0 0 0 8 13 31 1 1 2 1 3 164 95 4778 4920 20 22 38
85 69 103 87 16 57 41 1134 88 10 79 187 28 16 NA 16 14 12 88 1 8 15 33 0 0 0 0 0 7 13 32 1 1 2 1 3 163 95 4833 4921 19 21 39
86 71 101 86 15 56 41 1182 81 7 77 192 27 16 NA 16 14 8 81 2 7 16 31 0 0 0 0 1 6 14 30 1 1 2 1 1 189 97 4878 4923 19 20 38
87 66 102 86 16 54 44 1156 104 7 76 181 27.5 16 NA 16 14 9 104 1 8 15 30 0 0 0 0 0 7 13 29 1 1 2 1 2 160 97 4949 4924 19 20 37
88 70 100 84 16 52 41 1185 84 7 74 185 29 16 NA 16 17.5 6 84 1 6 13 32 0 0 0 0 0 5 11 30 1 1 2 2 0 180 99 5001 4926 17 18 39
89 82 99 83 16 53 46 1134 98 9 75 181 28 16 NA 16 17.5 16 98 0 9 13 31 0 0 0 0 0 7 12 28 0 2 1 3 1 131 100 5066 4925 20 18 37
90 59 98 82 16 52 40 1147 90 9 72 190 27.5 16 NA 16 17.5 4 90 0 9 12 31 0 0 0 0 0 7 11 28 0 2 1 3 1 181 101 5131 4928 18 17 37
91 74 98 82 16 52 45 1158 74 8 72 202 26 16 NA 16 14 12 74 1 10 9 32 0 0 0 0 1 8 9 30 0 2 0 2 1 168 101 5195 4928 21 14 37
92 67 101 85 16 56 45 1177 99 10 74 206 26 16 NA 16 20 10 99 2 10 11 33 0 0 0 0 1 8 10 29 1 2 1 4 3 189 102 5254 4926 20 17 37
93 97 103 88 15 57 47 1156 91 9 72 211 25 16 NA 16 20.5 11 91 2 10 12 33 0 0 0 0 1 7 10 29 1 3 2 4 2 168 103 5328 4928 18 16 38
94 86 100 86 14 55 44 1171 91 12 72 197 26 16 NA 16 20.5 14 91 1 11 10 33 0 0 0 0 0 8 8 29 1 3 2 4 1 188 107 5389 4928 20 14 38
95 64 102 87 15 54 36 1165 88 14 73 194 25 16 NA 16 20.5 8 88 1 8 12 33 0 0 0 0 0 6 9 29 1 2 3 4 2 142 109 5438 4927 19 15 39
96 70 96 83 13 49 34 1155 81 8 70 198 24.5 16 NA 16 21 8 81 1 8 12 28 0 0 0 0 0 6 10 24 1 2 2 4 1 149 112 5501 4930 20 14 36
97 78 99 85 14 48 31 1133 87 9 71 191 25 16 NA 16 21.5 9 87 0 7 12 29 0 0 0 0 0 4 10 26 0 3 2 3 4 145 115 5568 4929 20 14 37
98 69 102 87 15 47 34 1129 85 5 71 212 22.5 16 NA 16 21.5 10 85 0 6 12 29 0 0 0 0 0 4 9 26 0 2 3 3 3 167 117 5640 4929 20 14 37
99 79 99 84 15 45 27 1148 76 14 70 213 22 16 NA 15.5 21 9 76 1 7 12 25 0 0 0 0 1 5 8 22 0 2 4 3 0 172 119 5699 4930 23 13 34
100 81 98 83 15 43 33 1162 88 6 67 210 22 16 NA 16 21 14 88 1 7 11 24 0 0 0 0 1 5 7 21 0 2 4 3 1 181 121 5758 4933 23 12 32
101 69 100 85 15 45 35 1155 87 12 69 214 22 16 NA 16 20.5 13 87 2 4 14 25 0 0 0 0 1 3 9 22 1 1 5 3 3 142 121 5803 4931 20 16 33
102 80 98 83 15 45 33 1168 76 10 67 209 22.5 16 NA 16 14 9 76 3 5 12 25 0 0 0 0 1 4 8 22 2 1 4 3 2 174 122 5865 4933 21 14 32
103 73 99 82 17 45 37 1169 90 8 68 207 21 16 NA 16 21 13 90 3 4 13 25 0 0 0 0 1 3 10 22 2 1 3 3 0 156 122 5913 4932 20 16 32
104 78 101 84 17 45 46 1149 87 10 70 209 21 16 NA 16 20.5 22 87 3 4 10 28 0 0 0 0 1 3 8 23 2 1 2 5 1 158 123 5984 4930 21 14 35
105 71 96 79 17 42 44 1152 76 12 70 203 21 16 NA 16 18 9 76 2 6 9 25 0 0 0 0 0 4 7 21 2 2 2 4 0 164 123 6046 4930 25 13 32
106 82 95 79 16 43 34 1130 94 13 66 196 21 16 NA 16 18 5 94 3 7 9 24 0 0 0 0 1 5 7 20 2 2 2 4 1 169 124 6119 4934 24 13 29
107 69 93 77 16 42 45 1125 85 3 67 194 22 16 NA 16 16 15 85 3 8 7 24 0 0 0 0 1 5 5 20 2 3 2 4 1 148 125 6176 4933 26 12 29
108 85 93 77 16 44 43 1105 84 16 66 187 22 16 NA 16 16 15 84 3 8 10 23 0 0 0 0 1 5 8 19 2 3 2 4 1 138 126 6230 4934 23 14 29
109 79 94 78 16 46 43 1138 70 12 71 192 22.5 16 NA 16 16 12 70 4 8 10 24 0 0 0 0 2 6 8 19 2 2 2 5 0 169 126 6281 4929 25 16 30
110 68 93 77 16 47 35 1142 95 15 73 187 23 16 NA 16 16 9 95 2 12 9 24 0 0 0 0 2 8 8 18 0 4 1 6 0 176 128 6343 4927 28 15 30
111 91 96 80 16 49 31 1130 90 10 73 188 22 16 NA 16 16 7 90 2 12 12 23 0 0 0 0 2 8 11 17 0 4 1 6 1 169 129 6409 4927 26 18 29
112 70 96 80 16 50 33 1118 80 7 74 193 22.5 16 NA 16 15 9 80 2 13 12 23 0 0 0 0 2 8 11 17 0 5 1 6 1 155 129 6477 4926 28 18 28
113 90 97 80 17 50 36 1126 99 6 76 208 23 16 NA 16 14 13 99 2 12 10 26 0 0 0 0 2 8 8 21 0 4 2 5 1 180 133 6525 4924 29 16 31
114 81 96 80 16 48 30 1126 91 11 74 200 22.5 16 NA 16 15 7 91 2 13 10 23 0 0 0 0 2 9 8 19 0 4 2 4 1 172 135 6588 4926 28 18 28
115 87 96 81 15 47 32 1112 100 8 73 203 22.5 16 NA 16 15 11 100 2 12 9 24 0 0 0 0 2 8 7 20 0 4 2 4 0 167 136 6650 4927 26 17 30
116 83 100 83 17 50 33 1145 83 12 76 209 23 16 NA 16 15 11 83 2 14 10 24 0 0 0 0 2 9 8 20 0 5 2 4 2 183 136 6698 4924 28 17 31
117 75 102 84 18 51 38 1157 105 8 75 218 23 16 NA 16 15 13 105 2 12 12 25 0 0 0 0 2 8 9 21 0 4 3 4 1 186 137 6749 4925 24 20 31
118 85 104 86 18 52 36 1180 74 8 76 217 22.5 16 NA 16 15 9 74 1 14 12 25 0 0 0 0 1 10 9 21 0 4 3 4 2 169 139 6803 4924 27 18 31
119 93 101 84 17 49 32 1188 99 15 72 202 22 16 NA 16 15 10 99 0 12 16 21 0 0 0 0 0 8 13 17 0 4 3 4 0 169 139 6850 4928 24 20 28
120 84 100 84 16 52 24 1159 111 15 71 188 23 16 NA 16 16 5 111 0 14 15 23 0 0 0 0 0 10 12 19 0 4 3 4 1 159 140 6905 4929 24 19 28
121 63 98 83 15 53 31 1149 78 5 71 197 24 16 NA 16 17.5 13 78 0 12 14 27 0 0 0 0 0 8 13 22 0 4 1 5 0 143 143 6963 4929 20 20 31
122 80 102 87 15 53 24 1168 93 11 70 189 24 16 NA 16 17.5 5 93 0 11 15 27 0 0 0 0 0 8 13 22 0 3 2 5 1 186 144 7016 4930 18 22 30
123 90 100 87 13 49 27 1156 99 6 67 191 23 16 NA 16 16 10 99 0 9 15 25 0 0 0 0 0 6 13 21 0 3 2 4 3 158 145 7069 4933 18 21 28
124 69 99 87 12 47 28 1157 79 8 66 190 23 16 NA 16 16 9 79 1 7 16 23 0 0 0 0 1 5 13 19 0 2 3 4 2 161 145 7125 4934 17 23 26
125 72 92 81 11 47 25 1154 90 9 61 166 24.5 16 NA 16 16 6 90 1 6 15 25 0 0 0 0 1 6 11 20 0 0 4 5 1 174 146 7190 4939 12 22 27
126 59 96 84 12 47 25 1161 71 7 63 177 25 16 NA 16 16 11 71 0 7 15 25 0 0 0 0 0 7 11 20 0 0 4 5 3 158 150 7254 4937 14 21 28
127 75 97 84 13 45 27 1157 91 7 62 176 23 16 NA 16 15.5 9 91 0 7 13 25 0 0 0 0 0 7 9 21 0 0 4 4 2 165 150 7312 4938 15 19 28
128 95 97 84 13 45 29 1103 96 9 64 168 24 16 NA 16 15.5 12 96 0 6 15 24 0 0 0 0 0 6 11 20 0 0 4 4 0 144 150 7384 4936 15 22 27
129 62 98 84 14 45 31 1123 75 9 64 182 23 16 NA 16 15.5 13 75 0 6 13 26 0 0 0 0 0 6 9 22 0 0 4 4 2 169 151 7444 4936 16 19 29
130 72 103 88 15 46 29 1124 86 11 66 185 22 16 NA 16 15.5 10 86 0 4 16 26 0 0 0 0 0 4 12 22 0 0 4 4 4 168 153 7500 4934 16 21 29
131 77 105 89 16 47 29 1125 90 14 66 179 20 16 NA 16 13.5 10 90 1 4 15 27 0 0 0 0 0 4 11 24 1 0 4 3 3 169 153 7553 4934 17 19 30
132 77 103 88 15 49 29 1141 89 11 67 179 21 16 NA 16 13.5 10 89 1 8 14 26 0 0 0 0 0 8 10 23 1 0 4 3 0 181 154 7605 4933 19 19 29
133 79 104 89 15 50 42 1148 98 6 65 180 19 15.5 NA 16 13.5 18 98 2 9 10 29 0 0 0 0 1 9 6 26 1 0 4 3 2 170 154 7651 4935 18 14 33
134 72 109 94 15 50 38 1140 88 12 69 173 18 16 NA 16 12 11 88 2 9 9 30 0 0 0 0 1 9 7 26 1 0 2 4 5 169 156 7724 4931 23 12 34
135 82 106 92 14 50 39 1141 83 13 68 178 17 16 NA 16 13 9 83 1 12 9 28 0 0 0 0 0 12 8 24 1 0 1 4 1 164 156 7784 4932 24 12 32
136 75 105 91 14 52 36 1155 88 13 69 179 18 16 NA 16 9.5 10 88 2 12 10 28 0 0 0 0 0 12 9 23 2 0 1 5 2 168 156 7834 4931 24 12 33
137 78 103 90 13 51 35 1175 75 8 69 190 18 16 NA 16 12 9 75 2 12 9 28 0 0 0 0 0 12 9 23 2 0 0 5 1 187 158 7900 4931 25 11 33
138 64 101 88 13 51 38 1169 94 12 71 198 19 16 NA 16 12 13 94 2 11 12 26 0 0 0 0 0 11 12 21 2 0 0 5 0 167 158 7958 4929 27 13 31
139 76 101 88 13 52 39 1186 86 12 72 207 19 16 NA 16 12 15 86 2 12 12 26 0 0 0 0 0 12 12 21 2 0 0 5 0 177 160 8012 4928 29 12 31
140 70 101 89 12 53 39 1188 92 10 71 198 18 16 NA 16 12.5 9 92 3 12 10 28 0 0 0 0 1 12 10 24 2 0 0 4 1 159 161 8061 4929 28 10 33
141 91 101 89 12 53 33 1162 93 15 72 184 19 16 NA 16 18 10 93 3 14 9 27 0 0 0 0 2 12 9 23 1 2 0 4 2 154 161 8124 4928 31 9 32
142 67 102 90 12 53 34 1148 91 7 76 182 20 16 NA 16 18 9 91 2 13 10 28 0 0 0 0 2 10 10 24 0 3 0 4 1 157 161 8181 4924 33 10 33
143 64 101 90 11 52 35 1169 79 7 78 187 21 16 NA 16 18.5 8 79 1 13 11 27 0 0 0 0 1 10 11 24 0 3 0 3 0 175 162 8233 4922 34 12 32
144 74 102 91 11 53 31 1165 83 9 78 188 21 16 NA 16 18.5 7 83 1 14 12 26 0 0 0 0 1 12 11 23 0 2 1 3 2 171 165 8308 4922 33 14 31
145 73 103 93 10 50 36 1146 87 6 77 198 21 16 NA 16 18.5 12 87 1 13 11 25 0 0 0 0 1 11 10 22 0 2 1 3 1 152 165 8372 4923 34 13 30
146 81 106 95 11 50 33 1119 89 12 81 195 21.5 16 NA 16 18 13 89 0 13 12 25 0 0 0 0 0 11 11 23 0 2 1 2 4 143 169 8434 4919 35 16 30
147 68 111 97 14 50 37 1101 103 7 82 187 21 16 NA 16 12.5 13 103 0 8 16 26 0 0 0 0 0 6 15 25 0 2 1 1 3 159 171 8485 4918 32 19 31
148 87 110 96 14 50 30 1096 75 15 82 188 22 16 NA 16 12.5 8 75 1 7 16 26 0 0 0 0 1 5 15 25 0 2 1 1 2 153 171 8548 4918 30 21 31
149 73 107 94 13 47 44 1073 92 5 79 179 23 16 NA 16 13 19 92 1 7 15 24 0 0 0 0 1 4 14 22 0 3 1 2 1 155 172 8618 4921 29 21 29
150 70 108 95 13 50 37 1081 91 15 76 163 21 16 NA 17 13 9 91 2 9 16 23 0 0 0 0 1 6 15 21 1 3 1 2 1 179 173 8678 4924 24 24 28
151 74 108 95 13 47 37 1083 80 7 74 164 21 16 NA 17 13 8 80 2 9 15 21 0 0 0 0 1 6 14 19 1 3 1 2 3 151 173 8733 4926 25 23 26
152 67 105 92 13 44 37 1079 85 6 73 165 22 16 NA 16 13 10 85 1 10 13 20 0 0 0 0 1 7 12 19 0 3 1 1 0 153 177 8790 4927 27 21 25
153 69 107 95 12 44 43 1081 83 4 76 164 23 16 NA 16 13 11 83 1 9 14 20 0 0 0 0 1 7 12 19 0 2 2 1 3 153 178 8844 4924 27 24 25
154 71 111 98 13 48 42 1087 81 15 77 172 23 16 NA 16 13 12 81 2 11 13 22 0 0 0 0 2 10 10 21 0 1 3 1 4 149 180 8891 4923 24 26 27
155 98 109 96 13 51 33 1082 98 14 75 170 24 16 NA 16.5 10 4 98 5 8 14 24 0 0 0 0 3 7 11 23 2 1 3 1 0 183 180 8954 4925 20 26 29
156 69 109 96 13 52 31 1072 98 7 76 179 25 16 NA 17 11.5 9 98 4 8 15 25 0 0 0 0 2 7 12 23 2 1 3 2 0 171 183 9018 4924 20 25 31
157 69 110 97 13 51 36 1092 86 8 79 186 24.5 16 NA 17 10 15 86 2 9 16 24 0 0 0 0 1 7 13 23 1 2 3 1 1 160 184 9058 4921 22 27 30
158 72 116 104 12 50 32 1102 88 12 79 197 24 16 NA 17 10 10 88 2 9 15 24 0 0 0 0 1 7 13 22 1 2 2 2 5 167 185 9109 4921 20 29 30
159 87 119 106 13 51 30 1086 93 8 85 191 24 16 NA 17 11 8 93 2 10 12 27 0 0 0 0 1 7 10 25 1 3 2 2 3 162 187 9168 4915 25 27 33
160 73 115 101 14 51 29 1080 92 9 82 187 24 16 NA 17 11 9 92 2 8 16 25 0 0 0 0 1 6 13 23 1 2 3 2 0 153 188 9221 4918 23 27 32
161 65 115 99 16 53 28 1084 93 9 82 188 25 16 NA 16 12.5 9 93 3 10 16 24 0 0 0 0 2 9 13 21 1 1 3 3 0 165 189 9273 4918 23 27 32
162 97 116 99 17 53 26 1093 71 6 84 191 24 16 NA 16 13 6 71 3 11 15 24 0 0 0 0 2 11 12 21 1 0 3 3 2 162 192 9337 4916 26 23 35
163 84 119 100 19 54 27 1102 80 7 88 199 23 16 NA 16 13 9 80 2 12 16 24 0 0 0 0 1 12 13 21 1 0 3 3 4 162 193 9387 4912 29 24 35
164 70 117 100 17 52 28 1103 87 10 85 195 23 16 NA 16 13 9 87 3 10 18 21 0 0 0 0 2 9 15 19 1 1 3 2 2 153 194 9435 4915 27 27 31
165 93 116 99 17 50 31 1128 79 6 83 208 22 15 NA 16 13 13 79 2 12 16 20 0 0 0 0 2 10 14 17 0 2 2 3 1 168 197 9484 4917 27 26 30
166 96 117 99 18 49 31 1140 75 7 83 223 21 14 NA 16 13 6 75 1 13 14 21 0 0 0 0 1 12 13 17 0 1 1 4 5 167 197 9545 4917 28 23 32
167 73 117 99 18 51 34 1135 76 9 81 228 21 16 NA 17 13 12 76 1 15 11 24 0 0 0 0 1 14 10 20 0 1 1 4 1 159 198 9617 4919 27 20 34
168 86 115 97 18 50 42 1131 87 5 80 231 22 16 NA 17 13 13 87 1 14 11 24 0 0 0 0 1 13 10 20 0 1 1 4 0 174 198 9675 4920 27 20 33
169 69 116 98 18 49 36 1128 89 13 80 228 22.5 16 NA 17 13 7 89 1 11 13 24 0 0 0 0 1 10 12 20 0 1 1 4 1 155 199 9726 4920 25 21 34
170 78 119 100 19 48 43 1132 88 6 83 228 23 16 NA 17 13 14 88 1 10 9 28 0 0 0 0 1 9 8 24 0 1 1 4 3 164 200 9779 4917 27 17 39
171 69 118 99 19 49 37 1113 98 19 85 226 24 16 NA 17 13 12 98 0 8 12 29 0 0 0 0 0 7 11 25 0 1 1 4 0 150 201 9830 4915 25 21 39
172 79 115 96 19 49 33 1101 92 12 83 211 25 17 NA 17 13 8 92 0 9 9 31 0 0 0 0 0 8 9 26 0 1 0 5 1 152 201 9879 4917 25 17 41
173 72 116 97 19 49 48 1107 96 7 85 214 25 17 NA 17 13 23 96 0 9 9 31 0 0 0 0 0 8 9 26 0 1 0 5 1 174 203 9940 4915 26 17 42
174 64 112 94 18 48 42 1126 83 15 83 201 24 17 NA 18 13 9 83 0 7 13 28 0 0 0 0 0 7 12 24 0 0 1 4 0 175 205 9996 4917 24 21 38
175 72 116 94 22 49 32 1135 94 15 84 203 24 17 NA 17 13 7 94 0 6 16 27 0 0 0 0 0 6 15 23 0 0 1 4 3 177 206 10054 4916 24 23 37
176 85 112 90 22 49 38 1116 109 6 84 184 25 17 NA 17 13 12 109 0 7 15 27 0 0 0 0 0 7 14 23 0 0 1 4 1 166 207 10112 4916 25 22 37
177 74 110 89 21 48 43 1130 100 7 84 172 25 17 NA 17 13 13 100 0 7 16 25 0 0 0 0 0 7 15 21 0 0 1 4 1 178 207 10161 4916 27 22 35
178 70 114 90 24 48 42 1122 97 10 87 165 24 16.5 NA 17 13 11 97 0 7 15 26 0 0 0 0 0 7 14 22 0 0 1 4 2 171 210 10221 4913 28 22 37
179 78 117 92 25 51 41 1144 69 14 88 173 25 17 NA 17 13 12 69 0 9 16 26 0 0 0 0 0 9 15 22 0 0 1 4 2 169 211 10277 4912 29 22 37
180 72 115 90 25 52 41 1129 84 9 86 176 24 16.5 NA 17 13.5 11 84 0 10 16 26 0 0 0 0 0 10 15 23 0 0 1 3 0 151 214 10336 4914 28 22 36
181 66 113 88 25 52 34 1125 97 12 88 166 24 16 NA 16.5 13.5 6 97 0 12 14 26 0 0 0 0 0 12 13 23 0 0 1 3 0 163 216 10392 4912 31 21 36
182 74 113 85 28 50 36 1137 97 8 91 169 24 16.5 NA 17 13.5 9 97 0 10 14 26 0 0 0 0 0 10 13 23 0 0 1 3 0 187 217 10449 4909 32 23 36
183 82 115 88 27 50 36 1145 93 8 89 168 24 17 NA 17 13.5 10 93 0 11 13 26 0 0 0 0 0 11 12 23 0 0 1 3 3 161 218 10494 4911 29 22 38
184 79 118 91 27 51 34 1147 88 8 91 168 25 17 NA 17 13.5 8 88 0 11 14 26 0 0 0 0 0 11 13 23 0 0 1 3 2 168 219 10551 4909 30 23 38
185 93 118 90 28 51 33 1138 85 6 88 174 24 17 NA 17 13.5 8 85 1 8 16 26 0 0 0 0 1 8 15 23 0 0 1 3 3 167 221 10608 4912 28 23 37
186 79 119 93 26 50 30 1171 75 9 86 185 24 17 NA 17 13 6 75 1 8 13 28 0 0 0 0 0 8 13 24 1 0 0 4 5 187 222 10664 4914 25 21 40
187 75 114 89 25 47 34 1169 84 9 85 189 24.5 17 NA 17 13.5 11 84 1 6 12 28 0 0 0 0 0 6 12 23 1 0 0 5 1 160 223 10731 4915 26 20 39
188 78 116 92 24 46 32 1146 90 8 85 182 24.5 17 NA 17 13.5 7 90 1 5 12 28 0 0 0 0 0 5 12 23 1 0 0 5 2 145 225 10789 4915 24 22 39
189 71 114 90 24 44 29 1134 87 5 82 184 25 16.5 NA 17 13.5 5 87 1 5 11 27 0 0 0 0 0 5 11 22 1 0 0 5 1 156 228 10854 4918 23 22 37
190 78 113 89 24 43 32 1145 80 3 84 182 24 17 NA 17 13 7 80 1 3 11 28 0 0 0 0 0 3 11 24 1 0 0 4 1 163 229 10904 4916 24 22 38
191 90 110 87 23 44 38 1132 81 6 83 181 26 17 NA 17.5 13 13 81 0 4 12 28 0 0 0 0 0 2 12 24 0 2 0 4 0 154 230 10968 4917 23 22 38
192 74 112 89 23 45 33 1152 80 12 81 182 26 17 NA 17.5 13 11 80 1 6 10 28 0 0 0 0 0 4 10 24 1 2 0 4 3 176 234 11026 4919 23 20 38
193 66 112 90 22 43 31 1170 95 9 79 176 25.5 17 NA 17.5 13 8 95 1 6 10 26 0 0 0 0 0 4 10 22 1 2 0 4 1 173 234 11072 4921 20 22 37
194 98 110 88 22 43 29 1180 81 7 79 180 25 17 NA 17.5 13 6 81 1 6 9 27 0 0 0 0 0 4 9 23 1 2 0 4 1 184 234 11136 4921 18 22 39
195 87 114 93 21 45 30 1215 72 7 82 187 25 17 NA 17.5 13 6 72 1 8 8 28 0 0 0 0 0 6 8 24 1 2 0 4 4 172 235 11184 4918 21 20 41
196 93 114 91 23 47 31 1201 92 10 82 192 26 17 NA 17 12.5 10 92 0 9 9 29 0 0 0 0 0 6 9 26 0 3 0 3 1 172 235 11250 4918 21 21 40
197 82 113 90 23 49 40 1210 80 7 85 197 27 16 NA 17 13 13 80 0 12 7 30 0 0 0 0 0 8 7 27 0 4 0 3 1 163 235 11301 4915 25 20 40
198 78 113 90 23 51 43 1182 96 12 87 188 26 16 NA 17 13 12 96 0 13 9 29 0 0 0 0 0 8 9 26 0 5 0 3 2 151 235 11364 4913 28 20 39
199 86 116 95 21 50 38 1177 86 10 83 183 24 16 NA 17 13 9 86 0 12 9 29 0 0 0 0 0 7 9 26 0 5 0 3 5 165 239 11432 4917 23 22 38
200 79 115 94 21 49 35 1196 84 7 83 190 24 16 NA 17 13 8 84 0 11 10 28 0 0 0 0 0 6 10 25 0 5 0 3 1 170 243 11480 4917 25 20 38
201 70 116 92 24 50 35 1205 93 9 81 192 23 16.5 NA 17 13 7 93 1 10 13 26 0 0 0 0 1 5 13 23 0 5 0 3 2 185 243 11545 4919 25 20 36
202 74 118 92 26 49 40 1202 91 8 82 197 23 16 NA 17 13 14 91 0 10 12 27 0 0 0 0 0 6 11 24 0 4 1 3 2 171 245 11608 4918 24 21 37
203 66 115 90 25 49 36 1220 72 14 78 207 21 17 NA 17 13 10 72 0 10 14 25 0 0 0 0 0 9 11 22 0 1 3 3 1 161 245 11662 4922 21 22 35
204 74 114 90 24 48 33 1189 99 11 79 188 21 17 NA 17 13.5 10 99 0 10 13 25 0 0 0 0 0 9 11 22 0 1 2 3 1 157 246 11737 4921 25 21 33
205 84 116 91 25 47 37 1184 93 13 78 185 20 17 NA 17 13.5 15 93 0 11 12 24 0 0 0 0 0 10 10 21 0 1 2 3 4 174 246 11804 4922 27 18 33
206 76 117 93 24 46 26 1171 89 12 78 189 21 17 NA 17 13.5 3 89 0 10 11 25 0 0 0 0 0 9 9 22 0 1 2 3 1 159 247 11865 4922 26 16 36
207 68 114 89 25 45 36 1161 77 1 79 187 21 17 NA 17 13.5 11 77 0 8 13 24 0 0 0 0 0 8 10 21 0 0 3 3 1 157 247 11935 4921 28 19 32
208 76 115 91 24 46 34 1152 86 10 80 181 22 17 NA 17 13.5 9 86 1 8 12 25 0 0 0 0 1 8 9 22 0 0 3 3 2 148 248 11984 4920 29 18 33
209 81 113 89 24 45 33 1131 93 8 78 193 21 17 NA 17 14 9 93 1 7 15 22 0 0 0 0 1 7 12 20 0 0 3 2 1 160 251 12052 4922 27 20 31
210 73 114 89 25 45 36 1128 88 5 78 192 21.5 17 NA 17 13 9 88 2 6 14 23 0 0 0 0 1 6 12 21 1 0 2 2 2 153 253 12104 4922 24 22 32
211 88 112 86 26 46 34 1118 86 7 80 191 21.5 17 NA 17 16.5 9 86 2 6 11 27 0 0 0 0 1 6 9 24 1 0 2 3 0 162 255 12167 4920 27 18 35
212 81 117 90 27 48 29 1103 90 8 81 181 20 17 NA 17 16.5 7 90 3 5 11 29 0 0 0 0 2 5 9 26 1 0 2 3 4 162 258 12236 4919 27 19 35
213 68 116 90 26 47 37 1078 107 6 82 190 21 17 NA 17 16.5 11 107 3 5 11 28 0 0 0 0 2 5 9 25 1 0 2 3 1 165 258 12303 4918 30 19 33
214 86 115 89 26 51 40 1090 83 12 83 185 21 17 NA 17 13 13 83 3 7 11 30 0 0 0 0 2 7 10 27 1 0 1 3 3 150 258 12343 4917 30 18 35
215 86 111 87 24 51 40 1099 103 11 81 179 22 17 NA 17 16 12 103 2 10 9 30 0 0 0 0 1 8 9 26 1 2 0 4 0 183 261 12398 4919 30 16 35
216 64 112 89 23 53 33 1117 78 12 80 191 22 17 NA 17 14.5 7 78 3 10 11 29 0 0 0 0 2 8 11 26 1 2 0 3 0 166 263 12452 4920 26 20 34
217 83 114 89 25 51 33 1116 83 7 82 198 22 17 NA 17 14.5 7 83 3 10 9 29 0 0 0 0 2 8 9 26 1 2 0 3 2 169 264 12514 4918 29 19 34
218 79 115 88 27 53 35 1109 87 7 85 188 23 17 NA 17 14.5 10 87 3 11 10 29 0 0 0 0 2 9 10 26 1 2 0 3 0 161 268 12572 4915 31 20 34
219 63 115 88 27 56 31 1129 88 10 87 185 24 17 NA 17 14.5 6 88 3 12 12 29 0 0 0 0 2 10 12 26 1 2 0 3 0 175 268 12625 4913 28 24 35
220 82 114 87 27 57 32 1161 76 8 89 193 24.5 17 NA 17 15 7 76 0 15 11 31 0 0 0 0 0 11 11 28 0 4 0 3 0 174 269 12675 4911 29 24 36
221 78 119 90 29 59 27 1145 92 8 90 187 25 17 NA 17 15 4 92 1 16 9 33 0 0 0 0 1 12 9 30 0 4 0 3 5 167 271 12742 4910 30 22 38
222 84 118 89 29 59 29 1174 79 5 92 196 25 17 NA 17 15 8 79 1 15 11 32 0 0 0 0 1 12 10 29 0 3 1 3 2 185 273 12796 4908 32 21 39
223 92 116 88 28 57 27 1193 92 6 89 193 24.5 17 NA 17 16 8 92 1 11 13 32 0 0 0 0 1 9 11 27 0 2 2 5 1 190 277 12848 4911 27 24 38
224 83 116 87 29 55 24 1210 75 13 91 209 25 17 NA 17 16 9 75 1 10 13 31 0 0 0 0 1 8 11 26 0 2 2 5 3 169 277 12901 4909 30 24 37
225 82 114 85 29 56 33 1209 102 6 91 206 26 17 NA 17 15.5 16 102 1 9 16 30 0 0 0 0 1 7 14 26 0 2 2 4 0 176 277 12951 4909 28 27 36
226 76 112 83 29 59 25 1203 82 16 92 194 27 17 NA 17 15 8 82 1 12 16 30 0 0 0 0 0 10 14 26 1 2 2 4 1 146 277 13005 4908 26 28 38
227 76 111 82 29 57 22 1166 83 11 89 184 27 17 NA 17 14 10 83 2 11 17 27 0 0 0 0 0 9 15 23 2 2 2 4 1 136 279 13077 4911 25 29 35
228 93 112 85 27 57 15 1174 75 10 87 191 27 17 NA 17 14 3 75 2 12 14 29 0 0 0 0 0 10 12 25 2 2 2 4 4 167 279 13141 4913 26 24 37
229 66 114 87 27 57 24 1166 98 3 90 192 27 17 NA 17 14 12 98 2 12 15 28 0 0 0 0 0 11 12 24 2 1 3 4 2 164 280 13196 4910 28 25 37
230 88 112 85 27 57 33 1174 85 7 88 198 26 16 NA 17 14 14 85 3 9 16 29 0 0 0 0 1 8 13 25 2 1 3 4 0 169 280 13250 4912 26 27 35
231 71 111 84 27 59 29 1174 87 13 87 197 26 16 NA 17 14 9 87 3 10 16 30 0 0 0 0 1 9 13 26 2 1 3 4 0 176 281 13323 4913 24 25 38
232 88 111 85 26 61 30 1170 85 9 87 193 27 16 NA 16.5 15 11 85 3 8 20 30 0 0 0 0 1 7 16 26 2 1 4 4 0 163 284 13383 4913 21 26 40
233 86 108 82 26 61 36 1161 94 9 86 205 27 16 NA 16 15 11 94 3 9 20 29 0 0 0 0 1 8 16 25 2 1 4 4 1 168 284 13452 4914 22 27 37
234 73 110 83 27 62 36 1158 76 10 85 209 27 16 NA 16 15 8 76 2 10 19 31 0 0 0 0 1 8 16 26 1 2 3 5 3 159 284 13520 4915 22 27 36
235 63 108 81 27 62 34 1138 90 13 85 200 27.5 15.5 NA 16 14 11 90 2 10 17 33 0 0 0 0 1 8 14 27 1 2 3 6 0 156 284 13589 4915 23 24 38
236 60 111 84 27 62 34 1121 98 8 86 191 28 15.5 NA 16 14 8 98 1 10 17 34 0 0 0 0 1 7 14 28 0 3 3 6 3 152 284 13645 4914 21 26 39
237 92 108 83 25 61 31 1099 90 11 81 185 28.5 16 NA 16 15 7 90 1 10 15 35 0 0 0 0 1 8 12 29 0 2 3 6 0 165 284 13708 4919 18 24 39
238 80 108 84 24 61 36 1100 89 5 79 187 27.5 16 NA 16 15 13 89 1 7 17 36 0 0 0 0 1 5 14 30 0 2 3 6 2 159 286 13755 4921 16 24 39
239 83 105 82 23 58 33 1120 79 11 75 181 28 15 NA 15.5 14 8 79 0 9 14 35 0 0 0 0 0 7 11 30 0 2 3 5 3 168 286 13804 4925 17 20 38
240 75 107 84 23 57 30 1133 78 11 76 181 27 15 NA 15 14 8 78 1 9 14 33 0 0 0 0 1 7 11 28 0 2 3 5 5 170 286 13861 4924 19 21 36
241 67 106 83 23 58 34 1145 83 5 77 172 27.5 15 NA 15 15 10 83 2 9 14 33 0 0 0 0 2 7 12 28 0 2 2 5 1 171 286 13920 4923 19 22 36
242 72 102 80 22 53 36 1135 76 10 74 168 25.5 14 NA 14 15 15 76 2 8 11 32 0 0 0 0 2 6 9 27 0 2 2 5 1 154 289 13989 4926 19 19 36
243 66 103 82 21 52 33 1134 82 8 72 170 25 14 NA 14 15 10 82 2 8 10 32 0 0 0 0 2 6 8 27 0 2 2 5 2 156 293 14047 4928 19 16 37
244 85 101 81 20 50 32 1150 76 10 70 183 23 14.5 NA 14.5 13.5 7 76 2 9 7 32 0 0 0 0 2 7 6 27 0 2 1 5 1 178 293 14110 4930 20 14 36
245 85 97 78 19 48 33 1152 83 5 67 186 25 14 NA 14 13.5 7 83 2 7 8 31 0 0 0 0 2 5 7 26 0 2 1 5 0 163 294 14167 4933 17 14 36
246 74 100 81 19 48 38 1113 99 6 71 180 23 14 NA 14 13.5 11 99 2 7 8 31 0 0 0 0 2 5 7 26 0 2 1 5 4 144 295 14226 4929 22 13 36
247 67 98 80 18 45 35 1117 79 15 67 178 23.5 14 NA 14 15 11 79 2 6 7 30 0 0 0 0 2 5 6 23 0 1 1 7 1 159 295 14284 4933 18 14 35
248 69 96 78 18 44 42 1085 95 7 68 167 24 14 NA 14 12 14 95 2 5 8 29 0 0 0 0 2 5 5 23 0 0 3 6 0 135 296 14340 4932 19 14 35
249 81 97 79 18 44 31 1081 75 13 67 167 21 15 NA 15 13.5 4 75 2 8 6 28 0 0 0 0 2 8 4 22 0 0 2 6 3 151 298 14394 4933 21 12 34
250 92 99 81 18 43 27 1111 82 9 66 174 21 15 NA 15 13.5 6 82 2 9 6 26 0 0 0 0 2 9 4 20 0 0 2 6 3 188 299 14444 4934 22 12 32
251 71 98 79 19 41 33 1119 94 7 65 186 19 15 NA 15 12 15 94 0 9 8 24 0 0 0 0 0 9 6 19 0 0 2 5 2 171 300 14499 4935 22 14 29
252 66 96 78 18 42 29 1111 87 12 69 183 20 15 NA 15 12 9 87 0 9 10 23 0 0 0 0 0 8 8 18 0 1 2 5 0 155 302 14562 4931 24 16 29
253 68 95 79 16 40 33 1092 83 10 67 175 19 15 NA 15 12 14 83 1 8 9 22 0 0 0 0 1 7 8 17 0 1 1 5 1 155 302 14635 4933 23 15 29
254 67 97 81 16 40 32 1088 90 11 67 167 18 14.5 NA 14.5 13.5 10 90 2 8 8 22 0 0 0 0 2 7 8 17 0 1 0 5 2 164 302 14693 4933 24 13 30
255 63 95 79 16 42 27 1115 77 9 67 174 19 14 NA 14 13.5 5 77 2 9 9 22 0 0 0 0 2 8 9 17 0 1 0 5 1 170 303 14747 4933 25 13 29
256 74 98 77 21 43 27 1128 86 6 68 178 18.5 14 NA 14 13.5 7 86 2 9 9 23 0 0 0 0 2 8 9 18 0 1 0 5 0 169 305 14803 4932 26 12 30
257 66 99 78 21 45 26 1156 58 7 67 187 19 15 NA 15 13 6 58 2 11 8 24 0 0 0 0 2 10 8 18 0 1 0 6 1 167 306 14866 4933 25 11 31
258 85 99 78 21 47 29 1158 101 7 71 197 20 15 NA 15 13 11 101 1 12 10 24 0 0 0 0 1 11 10 18 0 1 0 6 0 173 308 14910 4929 27 13 31
259 89 96 76 20 47 26 1150 85 16 69 189 21 15 NA 15 12 11 85 1 13 9 24 0 0 0 0 1 12 9 18 0 1 0 6 1 151 308 14967 4931 27 11 31
260 82 93 73 20 44 25 1156 87 10 64 196 20 15 NA 15 12 10 87 1 12 10 21 0 0 0 0 1 11 10 17 0 1 0 4 2 163 309 15017 4936 25 13 26
261 63 96 76 20 45 18 1170 90 10 68 189 21 15 NA 15 12 7 90 2 11 11 21 0 0 0 0 2 10 11 17 0 1 0 4 3 172 313 15070 4932 27 15 26
262 79 99 79 20 45 23 1176 93 4 72 200 22 15 NA 15 12 9 93 1 11 12 21 0 0 0 0 1 10 12 17 0 1 0 4 2 193 313 15142 4928 28 18 26
263 81 99 81 18 45 24 1142 77 7 73 197 21 15 NA 15 12 8 77 0 12 11 22 0 0 0 0 0 11 11 18 0 1 0 4 1 137 314 15219 4927 29 18 26
264 78 100 82 18 46 26 1140 94 9 73 194 21.5 15 NA 15 12 10 94 0 10 12 24 0 0 0 0 0 10 11 20 0 0 1 4 1 166 314 15273 4927 25 20 28
265 97 101 82 19 49 23 1142 87 12 74 196 22 15 NA 15 12 10 87 0 12 12 25 0 0 0 0 0 12 11 21 0 0 1 4 1 168 314 15333 4926 26 19 29
266 75 100 82 18 47 21 1130 83 10 74 194 22 15 NA 15 12 8 83 0 13 11 23 0 0 0 0 0 13 10 19 0 0 1 4 1 155 314 15401 4926 28 19 27
267 70 99 82 17 46 22 1128 95 8 73 184 23 15 NA 15 12 10 95 0 11 13 22 0 0 0 0 0 10 12 18 0 1 1 4 0 163 316 15452 4927 25 22 26
268 81 96 79 17 42 23 1145 84 11 73 186 22 15 NA 15 12 11 84 0 9 13 20 0 0 0 0 0 8 12 16 0 1 1 4 0 183 316 15511 4927 26 22 25
269 64 96 79 17 41 24 1162 82 7 71 192 22.5 15 NA 15 12.5 6 82 0 10 13 18 0 0 0 0 0 9 12 14 0 1 1 4 1 171 316 15569 4929 27 22 22
270 83 94 79 15 42 29 1195 81 9 69 199 23.5 15 NA 15 12.5 13 81 0 7 14 21 0 0 0 0 0 7 12 17 0 0 2 4 1 192 316 15622 4931 22 23 24
271 67 93 77 16 40 29 1196 82 11 66 202 22 15 NA 15 12.5 11 82 0 8 14 18 0 0 0 0 0 8 12 14 0 0 2 4 2 155 317 15673 4934 22 24 20
272 71 91 75 16 42 27 1221 92 11 68 215 23 15 NA 15 12.5 10 92 1 9 13 19 0 0 0 0 1 9 11 15 0 0 2 4 0 200 318 15735 4932 25 22 21
273 77 88 73 15 41 27 1220 89 6 67 214 24 15 NA 15 14 7 89 1 7 15 18 0 0 0 0 1 7 12 15 0 0 3 3 1 168 319 15797 4933 22 24 21
274 67 86 71 15 41 35 1231 95 5 65 220 24 15 NA 15 14 14 95 1 6 16 18 0 0 0 0 1 6 13 15 0 0 3 3 1 177 319 15850 4935 20 25 20
275 72 85 69 16 42 35 1222 110 12 66 203 25 15 NA 15 14 10 110 1 6 19 16 0 0 0 0 1 6 16 13 0 0 3 3 1 167 321 15900 4934 21 27 18
276 83 89 68 21 41 39 1207 92 10 64 210 23 15 NA 15 13 13 92 1 7 16 17 0 0 0 0 1 7 14 14 0 0 2 3 4 156 322 15957 4936 21 23 20
277 72 90 69 21 45 41 1174 91 12 66 202 23.5 15 NA 15 12.5 13 91 2 8 16 19 0 0 0 0 1 8 14 16 1 0 2 3 1 136 322 16020 4934 21 24 21
278 86 92 71 21 45 42 1172 91 7 66 198 24 15 NA 15 12.5 10 91 1 8 17 19 0 0 0 0 1 7 15 16 0 1 2 3 2 168 322 16074 4934 18 26 22
279 68 94 71 23 46 44 1167 89 8 67 196 25 15 NA 15 12.5 10 89 1 8 16 21 0 0 0 0 1 7 14 18 0 1 2 3 0 164 322 16135 4933 19 24 24
280 83 92 69 23 44 44 1161 79 8 64 201 24 15 NA 15 12 9 79 2 6 14 22 0 0 0 0 1 5 13 18 1 1 1 4 2 151 324 16197 4936 16 23 25
281 75 93 70 23 45 43 1158 80 7 67 205 25 15 NA 15 12 8 80 1 8 14 22 0 0 0 0 1 6 13 18 0 2 1 4 1 159 325 16262 4933 17 25 25
282 86 92 68 24 45 38 1146 70 10 65 196 26 15 NA 15 12 6 70 1 8 11 25 0 0 0 0 1 6 11 20 0 2 0 5 0 153 326 16331 4935 16 21 28
283 80 90 67 23 43 38 1155 88 9 65 199 27 15 NA 15 12 11 88 0 8 11 24 0 0 0 0 0 6 11 19 0 2 0 5 1 181 328 16393 4935 17 20 28
284 75 86 65 21 44 30 1131 77 15 60 192 27 15 NA 15 12 8 77 0 8 12 24 0 0 0 0 0 6 12 19 0 2 0 5 0 159 330 16478 4940 13 19 28
285 64 86 65 21 43 35 1126 89 4 60 200 26.5 15 NA 15 12 10 89 0 7 10 26 0 0 0 0 0 5 10 21 0 2 0 5 0 161 330 16540 4940 13 17 30
286 61 87 65 22 43 36 1152 96 11 59 195 26 15 NA 15 12 13 96 0 7 9 27 0 0 0 0 0 5 9 22 0 2 0 5 2 189 332 16599 4941 12 16 31
287 69 88 66 22 44 31 1145 80 11 59 193 25.5 15 NA 16 12 8 80 0 6 11 27 0 0 0 0 0 4 11 22 0 2 0 5 2 153 333 16664 4941 11 17 31
288 78 90 67 23 45 31 1117 96 6 66 197 26 15 NA 15.5 12 8 96 0 7 11 27 0 0 0 0 0 5 11 22 0 2 0 5 2 147 336 16722 4934 17 18 31
289 79 95 68 27 46 26 1122 89 9 68 194 26 15 NA 15 12 7 89 0 8 10 28 0 0 0 0 0 6 10 23 0 2 0 5 3 161 338 16775 4932 19 16 33
290 86 91 66 25 46 27 1120 71 6 68 194 27 15 NA 15 12 8 71 0 8 10 28 0 0 0 0 0 7 9 24 0 1 1 4 0 142 341 16832 4932 20 14 34
291 58 91 66 25 45 21 1154 91 8 68 190 25 15 NA 15 12 3 91 0 8 10 27 0 0 0 0 0 7 9 23 0 1 1 4 3 201 343 16897 4932 21 14 33
292 81 92 66 26 46 22 1165 71 6 68 201 25.5 15 NA 15 12 6 71 1 8 9 28 0 0 0 0 1 7 8 24 0 1 1 4 2 160 343 16953 4932 20 13 35
293 64 90 64 26 45 29 1153 93 5 68 204 25.5 15 NA 15 11 11 93 1 7 10 27 0 0 0 0 1 7 8 24 0 0 2 3 0 161 343 17011 4932 21 12 35
294 88 90 64 26 46 31 1139 93 10 68 194 25.5 15 NA 15 11 11 93 1 8 10 27 0 0 0 0 1 8 8 24 0 0 2 3 0 156 343 17066 4932 22 12 34
295 56 92 65 27 47 32 1125 94 11 69 186 25 15 NA 15 11 11 94 1 7 12 27 0 0 0 0 1 7 10 24 0 0 2 3 2 150 343 17120 4931 21 14 34
296 85 91 65 26 46 33 1139 86 12 68 189 23 15 NA 15 11 13 86 1 8 10 27 0 0 0 0 1 8 8 24 0 0 2 3 1 174 343 17169 4932 23 11 34
297 84 86 62 24 45 36 1100 88 10 65 186 23.5 15 NA 15.5 11 12 88 1 8 10 26 0 0 0 0 1 8 8 23 0 0 2 3 0 123 343 17228 4935 22 11 32
298 73 87 63 24 47 29 1093 89 13 67 184 24 15 NA 15.5 11 6 89 2 9 8 28 0 0 0 0 2 9 6 25 0 0 2 3 1 176 343 17299 4933 23 10 34
299 78 89 64 25 49 29 1085 86 5 68 189 23 15 NA 16.5 11 9 86 2 10 8 29 0 0 0 0 2 10 6 26 0 0 2 3 2 170 347 17362 4932 24 9 35
300 64 88 63 25 49 32 1093 93 6 69 189 24 16 NA 17 11 11 93 2 7 12 28 0 0 0 0 2 7 10 25 0 0 2 3 1 167 349 17412 4931 21 14 34
301 83 89 63 26 48 33 1089 93 9 70 190 25 15.5 NA 17 11 10 93 2 6 13 27 0 0 0 0 2 6 11 24 0 0 2 3 2 159 349 17462 4930 21 16 33
302 69 88 62 26 47 30 1103 86 8 68 182 26 15 NA 17 11 10 86 3 4 14 26 0 0 0 0 2 4 13 22 1 0 1 4 2 161 351 17512 4932 17 19 32
303 77 87 63 24 45 27 1116 74 9 67 199 26 15 NA 15.5 11 7 74 3 3 13 26 0 0 0 0 2 3 12 21 1 0 1 5 0 162 351 17576 4933 17 18 32
304 70 83 60 23 44 30 1103 97 4 66 186 27 15 NA 15 11 9 97 1 6 13 24 0 0 0 0 0 6 12 19 1 0 1 5 1 156 352 17637 4934 19 17 30
305 88 81 59 22 44 26 1141 61 6 65 195 28 15 NA 15.5 11 4 61 1 6 13 24 0 0 0 0 0 6 13 19 1 0 0 5 0 174 353 17697 4935 17 18 30
306 59 83 60 23 46 31 1151 69 5 63 203 28 15 NA 16.5 11 9 69 1 8 13 24 0 0 0 0 0 8 13 19 1 0 0 5 4 152 353 17752 4937 16 19 28
307 90 80 58 22 43 39 1131 89 4 61 200 27 15 NA 17 11 13 89 1 7 12 23 0 0 0 0 0 7 12 18 1 0 0 5 1 154 354 17816 4939 17 17 27
308 86 78 56 22 43 40 1127 93 13 62 200 28 15 NA 15 11 14 93 1 7 13 22 0 0 0 0 0 7 13 17 1 0 0 5 0 160 355 17873 4938 17 19 26
309 69 77 55 22 43 37 1127 99 11 61 185 30 15 NA 15 11 9 99 1 6 14 22 0 0 0 0 0 6 14 17 1 0 0 5 0 161 356 17909 4939 16 19 26
310 85 79 57 22 43 37 1101 87 9 60 179 28 15 NA 15 11 13 87 2 6 14 21 0 0 0 0 1 6 14 16 1 0 0 5 2 145 360 17972 4940 15 20 25
311 62 78 55 23 42 32 1086 91 12 59 175 26.5 15 NA 15 11 9 91 2 5 14 21 0 0 0 0 1 5 14 17 1 0 0 4 1 156 361 18036 4941 16 20 23
312 87 80 58 22 40 38 1094 80 5 59 169 25.5 15 NA 15 11 14 80 2 4 10 24 0 0 0 0 1 4 10 21 1 0 0 3 3 166 364 18091 4941 16 16 27
313 78 77 55 22 40 33 1096 85 10 56 164 25 14.5 NA 15 11 6 85 3 5 9 23 0 0 0 0 2 5 9 20 1 0 0 3 0 165 365 18152 4944 16 15 25
314 77 80 57 23 38 27 1078 96 8 56 158 22.5 14.5 NA 15 12 5 96 1 7 8 22 0 0 0 0 1 6 8 19 0 1 0 3 4 165 367 18226 4944 18 13 25
315 69 83 60 23 38 33 1117 77 4 58 173 23 14.5 NA 15 12 11 77 1 6 8 23 0 0 0 0 1 5 8 20 0 1 0 3 3 178 368 18272 4942 18 14 26
316 66 87 64 23 39 37 1133 77 6 56 176 21 15 NA 15 12 11 77 1 4 12 22 0 0 0 0 1 3 12 19 0 1 0 3 1 163 369 18327 4944 14 17 25
317 100 93 69 24 40 32 1138 75 10 57 183 21 15 NA 15 12 7 75 1 5 10 24 0 0 0 0 1 4 10 21 0 1 0 3 2 162 372 18382 4943 14 16 27
318 78 94 72 22 39 43 1155 94 6 57 196 18.5 15 NA 15 12 17 94 1 5 9 24 0 0 0 0 1 4 9 21 0 1 0 3 2 187 373 18442 4943 17 14 26
319 71 96 73 23 42 44 1163 95 13 58 208 19 15 NA 15 12 14 95 0 6 11 25 0 0 0 0 0 5 11 22 0 1 0 3 1 179 373 18499 4942 16 15 27
320 68 97 74 23 43 35 1165 79 11 57 213 19 15 NA 15 12 6 79 0 5 12 26 0 0 0 0 0 4 12 23 0 1 0 3 0 154 376 18559 4943 14 15 28
321 59 99 73 26 42 42 1168 91 8 56 211 18 15 NA 16 12 15 91 0 6 11 25 0 0 0 0 0 5 11 22 0 1 0 3 2 163 376 18617 4944 15 14 27
322 84 101 75 26 44 42 1161 95 9 59 204 17 15 NA 15 11 10 95 1 7 11 25 0 0 0 0 0 6 11 22 1 1 0 3 2 167 378 18665 4941 17 14 28
323 71 99 76 23 46 40 1184 80 10 58 210 17 15 NA 15 8 9 80 2 9 11 24 0 0 0 0 0 8 11 21 2 1 0 3 1 196 378 18733 4942 17 15 26
324 78 98 75 23 45 50 1163 105 6 61 205 18 15 NA 15 8 20 105 2 8 10 25 0 0 0 0 0 7 10 22 2 1 0 3 0 163 382 18792 4939 19 15 27
325 77 96 75 21 43 48 1151 91 11 59 202 17 15 NA 15 8 11 91 2 8 10 23 0 0 0 0 0 7 10 20 2 1 0 3 0 163 384 18862 4941 19 15 25
326 74 96 75 21 44 39 1159 95 14 62 193 16.5 15 NA 17 8 6 95 2 8 11 23 0 0 0 0 0 8 10 20 2 0 1 3 1 171 385 18916 4938 21 16 25
327 80 95 74 21 42 36 1163 88 11 62 193 17 15 NA 17 8 10 88 2 7 10 23 0 0 0 0 0 7 9 20 2 0 1 3 0 172 385 18974 4938 23 14 25
328 70 97 76 21 45 33 1154 74 6 67 185 17 15 NA 16 11 3 74 2 10 8 25 0 0 0 0 0 9 7 22 2 1 1 3 2 142 386 19036 4933 28 12 27
329 72 96 76 20 43 38 1159 83 7 70 189 17.5 15 NA 16 11 14 83 1 11 8 23 0 0 0 0 0 9 7 20 1 2 1 3 1 163 388 19094 4930 32 13 25
330 85 99 79 20 42 38 1147 85 9 73 190 18 14.5 NA 17 11 11 85 1 9 10 22 0 0 0 0 0 7 9 19 1 2 1 3 4 164 389 19162 4927 33 16 24
331 64 98 78 20 45 41 1150 95 13 75 183 19 15 NA 17 13 14 95 1 11 10 23 0 0 0 0 1 8 9 20 0 3 1 3 0 178 390 19224 4925 34 15 26
332 72 98 78 20 46 33 1168 82 12 73 183 20 15 NA 17 13 7 82 1 12 8 25 0 0 0 0 1 9 7 22 0 3 1 3 2 168 393 19278 4927 33 13 27
333 77 95 75 20 46 35 1154 85 10 73 185 20 15 NA 17 13 10 85 1 14 9 22 0 0 0 0 1 11 8 19 0 3 1 3 0 152 394 19338 4927 35 14 24
334 62 97 77 20 50 28 1163 82 11 75 196 20 15 NA 17 13 6 82 1 15 10 24 0 0 0 0 1 12 8 21 0 3 2 3 2 160 395 19392 4925 34 16 25
335 74 98 79 19 50 31 1168 81 7 74 195 21 15 NA 16 13 9 81 1 14 12 23 0 0 0 0 1 11 10 20 0 3 2 3 1 168 396 19454 4926 32 16 26
336 74 99 82 17 50 31 1152 95 6 72 179 21 15 NA 16 13 7 95 1 13 14 22 0 0 0 0 1 10 12 19 0 3 2 3 2 161 398 19518 4928 29 17 26
337 85 97 81 16 47 29 1155 101 9 70 177 21 15 NA 15 12 8 101 1 12 13 21 0 0 0 0 1 10 11 19 0 2 2 2 1 178 400 19575 4930 29 16 25
338 78 99 84 15 48 31 1149 86 9 71 175 22 15 NA 15 12 11 86 1 10 16 21 0 0 0 0 1 8 15 18 0 2 1 3 2 162 401 19639 4929 27 19 25
339 82 98 84 14 47 31 1127 98 7 72 173 22 15 NA 16 11 9 98 2 8 17 20 0 0 0 0 1 7 16 16 1 1 1 4 2 154 401 19696 4928 28 20 24
340 81 98 85 13 50 30 1157 85 13 74 186 23 15 NA 17 12 10 85 1 9 19 21 0 0 0 0 0 8 17 17 1 1 2 4 0 191 403 19748 4926 26 24 24
341 73 100 86 14 52 31 1184 82 7 74 199 24 14.5 NA 16 12 8 82 1 8 22 21 0 0 0 0 1 7 19 17 0 1 3 4 2 177 403 19802 4926 20 29 25
342 81 101 87 14 54 32 1183 74 9 77 195 25 14 NA 15 12 9 74 1 9 21 23 0 0 0 0 1 8 18 19 0 1 3 4 3 154 404 19859 4923 21 29 27
343 74 103 89 14 54 31 1185 74 8 76 196 25 14 NA 14.5 12 6 74 2 9 20 23 0 0 0 0 2 8 17 19 0 1 3 4 3 159 405 19927 4924 21 28 27
344 83 104 90 14 58 27 1167 83 13 77 191 26 14.5 NA 17 12 9 83 2 11 22 23 0 0 0 0 2 10 19 19 0 1 3 4 0 161 407 19995 4923 22 28 27
345 69 102 89 13 57 28 1176 81 4 76 186 27 15 NA 17 12 7 81 1 11 22 23 0 0 0 0 1 9 19 19 0 2 3 4 1 162 410 20048 4924 19 30 27
346 82 102 89 13 57 28 1169 87 9 76 175 28 14 NA 17 12 9 87 1 11 21 24 0 0 0 0 1 9 19 19 0 2 2 5 1 156 411 20101 4924 18 30 28
347 76 101 89 12 57 34 1156 90 7 77 166 29 14 NA 17 12 16 90 0 12 19 26 0 0 0 0 0 10 17 21 0 2 2 5 0 168 414 20169 4923 19 29 29
348 78 103 91 12 59 28 1154 89 15 79 169 27 15 NA 17 12 7 89 0 11 21 27 0 0 0 0 0 9 19 22 0 2 2 5 0 164 414 20230 4921 21 27 31
349 69 102 90 12 59 28 1132 80 7 78 175 28 15 NA 17 11.5 7 80 1 10 22 26 0 0 0 0 1 8 20 22 0 2 2 4 2 151 415 20303 4922 21 27 30
350 87 104 91 13 61 30 1148 82 7 81 169 28.5 15 NA 17 11.5 7 82 1 11 19 30 0 0 0 0 1 10 16 26 0 1 3 4 1 181 415 20360 4919 22 25 34
351 74 108 92 16 59 31 1151 92 6 81 187 27.5 15 NA 17 12 8 92 1 9 19 30 0 0 0 0 1 9 17 25 0 0 2 5 4 161 416 20409 4919 21 26 34
352 76 108 92 16 57 32 1162 75 6 80 196 27.5 17 NA 17 12 8 75 1 6 18 32 0 0 0 0 1 6 16 27 0 0 2 5 1 169 416 20476 4920 19 24 37
353 70 106 90 16 59 35 1132 93 10 82 194 28.5 17 NA 17.5 12 12 93 0 8 14 37 0 0 0 0 0 8 13 31 0 0 1 6 0 154 417 20549 4918 22 18 42
354 76 106 90 16 59 34 1137 83 11 84 187 28.5 17 NA 17.5 12 11 83 0 5 15 39 0 0 0 0 0 5 14 33 0 0 1 6 1 160 418 20599 4916 20 19 45
355 86 108 92 16 58 39 1129 83 5 85 192 27.5 17 NA 17 12 10 83 0 6 15 37 0 0 0 0 0 6 14 31 0 0 1 6 1 164 419 20659 4915 23 19 43
356 93 108 91 17 59 36 1120 79 10 83 193 28 17 NA 18 11.5 7 79 0 7 15 37 0 0 0 0 0 6 14 31 0 1 1 6 2 161 419 20723 4917 22 19 42
357 76 107 89 18 59 37 1109 100 10 83 176 29 17 NA 18 11.5 14 100 0 7 12 40 0 0 0 0 0 6 11 34 0 1 1 6 0 162 420 20782 4917 22 16 45
358 88 106 89 17 56 32 1111 81 10 78 180 28 17.5 NA 19 12 6 81 0 9 11 36 0 0 0 0 0 8 10 31 0 1 1 5 4 149 423 20825 4922 22 14 42
359 70 105 88 17 56 38 1083 101 8 76 178 29 17 NA 18 12 14 101 0 8 12 36 0 0 0 0 0 7 11 31 0 1 1 5 0 146 423 20883 4924 20 15 41
360 75 103 86 17 54 34 1081 84 12 74 166 28 17 NA 18 12 9 84 0 7 12 35 0 0 0 0 0 6 11 30 0 1 1 5 1 156 424 20934 4926 18 16 40
