1 79 122 103 19 53 159 1762 116 373 98 440 28.5 23 16.5 23 24.5 12 116 0 5 15 33 0 1 1 0 0 4 14 29 0 0 0 4
2 72 118 99 19 52 159 1728 147 381 96 751 29 23 16.5 24 22 19 147 0 5 15 32 0 1 1 0 0 4 13 28 0 0 1 4
3 76 119 100 19 51 164 1701 143 388 94 1002 29 23 18 24 22 19 143 0 7 14 30 0 2 1 0 0 5 12 26 0 0 1 4
4 77 120 100 20 51 170 1663 161 396 94 1226 28.5 23 18 24 22 20 161 0 6 16 29 0 1 2 0 0 5 13 25 0 0 1 4
5 94 118 97 21 48 177 1610 173 405 92 1422 28 23 20.5 23.5 18.5 29 173 0 5 15 28 0 1 3 0 0 3 11 24 0 1 1 4
6 87 117 96 21 47 179 1562 185 406 93 1565 28 23 20.5 23 18.5 19 185 0 5 13 29 0 1 3 0 0 3 9 25 0 1 1 4
1 57 122 105 17 50 151 1772 98 381 95 489 28 23 11 23.5 22 8 98 0 4 13 33 0 1 0 0 0 3 13 32 0 0 0 1
2 73 124 107 17 56 150 1710 145 393 96 795 29 24 20.5 24 42.5 20 145 0 5 15 36 0 1 1 0 0 4 14 34 0 0 0 2
3 83 122 104 18 52 153 1681 131 394 93 1044 27.5 24.5 20.5 25 17 18 131 0 5 14 33 0 1 1 0 0 3 12 32 0 1 1 1
4 74 120 102 18 50 164 1630 156 401 92 1247 27 24.5 11 25 17 29 156 0 5 14 31 0 1 0 0 0 3 13 30 0 1 1 1
5 90 122 104 18 51 168 1623 160 406 92 1434 26 24 12 25 17 18 160 0 7 13 31 0 3 0 0 0 3 12 30 0 1 1 1
6 69 121 103 18 50 176 1581 175 411 93 1562 26 23.5 14 24 17 23 175 0 7 11 32 0 3 1 1 0 3 9 30 0 1 1 1
7 70 121 103 18 52 184 1539 188 420 93 1676 27 23 14 24 16 25 188 0 7 11 34 0 5 1 1 0 1 9 31 0 1 1 2
8 81 118 102 16 52 170 1500 188 434 91 1746 28 22 14 24 16 16 188 0 8 11 33 0 7 0 2 0 0 10 29 0 1 1 2
9 90 115 100 15 51 170 1470 209 443 90 1816 28 20 14 24.5 16 23 209 0 8 10 33 0 8 0 1 0 0 8 30 0 0 2 2
10 74 111 97 14 49 166 1483 176 453 86 1888 28 21 14.5 25 16 23 176 1 6 10 32 1 6 1 0 0 0 8 29 0 0 1 3
11 81 108 95 13 47 172 1497 187 455 84 1955 28 20 14.5 25 16 25 187 1 6 9 31 1 6 1 0 0 0 7 28 0 0 1 3
12 74 107 94 13 47 166 1493 185 461 84 2027 29 20 15 24 16 15 185 0 8 8 31 0 8 1 0 0 0 6 28 0 0 1 3
13 89 109 94 15 47 163 1443 206 463 86 2053 30 20 14.5 23 16 18 206 1 7 7 32 1 7 2 0 0 0 4 29 0 0 1 3
14 77 108 93 15 47 181 1449 192 464 86 2085 30.5 20 14.5 23 16 31 192 1 7 7 32 1 7 2 0 0 0 4 29 0 0 1 3
15 62 108 92 16 47 178 1467 192 480 86 2133 30.5 21 15 24 16 23 192 0 7 8 32 0 7 3 1 0 0 4 28 0 0 1 3
16 69 109 94 15 48 192 1456 195 482 86 2183 31 22 17.5 24 16 28 195 0 6 9 33 0 6 5 1 0 0 3 29 0 0 1 3
17 75 109 94 15 48 201 1450 210 485 89 2241 31 20.5 18 23 17 28 210 0 6 10 32 0 5 6 2 0 1 3 26 0 0 1 4
18 61 109 94 15 49 202 1462 192 496 89 2269 29 23 19 24 17 27 192 0 5 11 33 0 4 7 3 0 1 3 26 0 0 1 4
19 75 110 94 16 51 195 1478 171 506 87 2291 28.5 23 19 24 17 22 171 0 5 10 36 0 4 8 4 0 1 1 28 0 0 1 4
20 73 111 95 16 51 205 1474 198 515 87 2318 28 23 19 24 17 32 198 0 5 9 37 0 4 8 4 0 1 0 29 0 0 1 4
21 66 109 93 16 51 199 1457 211 527 84 2348 28 21 15 25 17 21 211 2 4 8 37 2 4 7 4 0 0 1 28 0 0 0 5
22 80 106 90 16 48 199 1456 204 535 82 2381 28.5 20 15 25 16 27 204 2 3 8 35 2 3 7 5 0 0 1 26 0 0 0 4
23 69 106 90 16 52 200 1461 185 537 82 2415 29 20 15 23 16 21 185 3 4 10 35 3 3 9 6 0 1 1 25 0 0 0 4
24 75 106 90 16 53 206 1495 183 539 82 2442 29.5 20 16.5 23 16 23 183 3 5 10 35 3 4 9 6 0 1 1 25 0 0 0 4
25 77 106 90 16 53 207 1502 209 551 86 2459 30.5 20 16.5 23 16 24 209 3 4 9 37 3 4 7 8 0 0 2 25 0 0 0 4
26 72 106 90 16 55 215 1492 208 558 84 2501 29 20 16.5 22 16 31 208 5 4 11 35 5 4 9 8 0 0 2 23 0 0 0 4
27 74 107 90 17 55 204 1480 227 568 86 2525 30 20 15 21.5 16 16 227 4 4 13 34 4 4 11 8 0 0 2 22 0 0 0 4
28 64 105 85 20 52 209 1476 218 579 83 2554 29 20 14.5 21.5 16 35 218 4 4 12 32 4 4 10 8 0 0 2 20 0 0 0 4
29 66 104 83 21 52 209 1503 208 588 82 2578 30 20 14.5 21.5 16 28 208 4 3 12 33 4 3 10 9 0 0 2 20 0 0 0 4
30 87 103 82 21 50 201 1484 224 597 80 2604 29 19.5 14 22 16 22 224 4 3 11 32 4 3 9 9 0 0 2 19 0 0 0 4
31 85 99 79 20 51 205 1478 230 606 78 2616 30 20 14.5 21.5 17 31 230 4 3 13 31 4 3 11 8 0 0 2 18 0 0 0 5
32 67 98 78 20 50 218 1445 227 608 81 2624 31 20 15 21.5 17 33 227 1 5 12 32 1 5 10 9 0 0 2 18 0 0 0 5
33 86 101 78 23 52 222 1437 222 607 82 2639 30 20 18 21.5 17 29 222 1 5 11 35 1 5 10 11 0 0 1 19 0 0 0 5
34 81 103 80 23 54 217 1456 215 622 82 2645 31 20 18 21.5 17 31 215 1 6 11 36 1 6 10 12 0 0 1 19 0 0 0 5
35 86 102 79 23 55 214 1475 211 626 83 2638 32 20 17.5 21.5 17 22 211 1 6 11 37 1 6 10 13 0 0 1 19 0 0 0 5
36 72 103 79 24 56 217 1505 210 634 83 2659 32 20 17 22 17 27 210 2 7 11 36 2 7 10 13 0 0 1 18 0 0 0 5
37 73 102 78 24 57 216 1513 217 639 81 2669 32.5 20 18 22 17 26 217 2 8 9 38 2 8 9 14 0 0 0 19 0 0 0 5
38 81 102 78 24 55 212 1515 216 651 82 2685 33 20 18 21 17 27 216 2 8 9 36 2 8 9 14 0 0 0 17 0 0 0 5
39 94 98 75 23 56 216 1503 213 652 80 2679 34 20.5 19 21 27 25 213 2 7 10 37 2 7 10 17 0 0 0 15 0 0 0 5
40 82 95 72 23 54 220 1501 222 659 79 2692 35 20.5 18 21 27 29 222 2 6 10 36 2 6 10 16 0 0 0 15 0 0 0 5
41 85 94 71 23 53 215 1504 195 671 79 2703 36 20 18 20.5 27 21 195 1 6 7 39 1 6 7 20 0 0 0 14 0 0 0 5
42 78 92 70 22 53 211 1509 229 680 76 2712 37 19 18 20 27 25 229 1 8 6 38 1 7 6 19 0 1 0 14 0 0 0 5
43 95 95 72 23 52 206 1510 206 681 75 2714 34 19.5 18 20 33 19 206 1 5 8 38 1 4 8 20 0 1 0 14 0 0 0 4
44 83 96 72 24 50 209 1487 234 681 73 2724 30.5 19.5 18 20 33 29 234 1 3 10 36 1 2 10 20 0 1 0 12 0 0 0 4
45 87 97 74 23 50 209 1501 199 683 73 2717 30 19.5 18 19.5 33 22 199 0 4 10 36 0 3 10 21 0 1 0 11 0 0 0 4
46 53 99 75 24 50 215 1491 217 689 74 2734 29 19.5 18 19 33 30 217 0 4 11 35 0 3 11 21 0 1 0 10 0 0 0 4
47 83 95 72 23 51 215 1476 221 689 72 2733 30 20 19.5 17 33 27 221 1 5 12 33 0 4 12 20 1 1 0 9 0 0 0 4
48 69 93 70 23 52 217 1523 214 690 72 2746 33 20.5 21 17 33 22 214 1 5 13 33 1 3 13 20 0 2 0 9 0 0 0 4
49 99 101 78 23 53 214 1518 211 691 73 2736 30 21 22.5 17 33 27 211 1 5 12 35 1 3 12 22 0 2 0 9 0 0 0 4
50 72 100 77 23 53 220 1496 210 696 73 2754 30.5 21 22.5 17 33 24 210 1 3 13 36 1 2 12 23 0 1 1 9 0 0 0 4
51 79 92 69 23 46 223 1512 239 689 65 2761 30.5 19 19.5 17 33 21 239 1 3 9 33 1 2 8 21 0 1 1 8 0 0 0 4
52 66 94 71 23 47 216 1525 209 703 66 2771 26 18 18 17 39 27 209 2 4 9 32 2 3 8 21 0 1 1 8 0 0 0 3
53 79 101 73 28 48 223 1507 242 706 66 2784 26 18 18 17 39 30 242 2 3 10 33 2 2 9 22 0 1 1 8 0 0 0 3
54 74 103 74 29 49 224 1545 214 709 64 2796 25 18 18 17 39 23 214 2 4 12 31 2 3 11 21 0 1 1 7 0 0 0 3
55 69 101 73 28 46 225 1538 230 719 64 2811 25 19 18 18.5 39 30 230 1 4 10 31 1 3 8 23 0 1 2 5 0 0 0 3
56 89 96 70 26 43 231 1507 227 711 58 2812 22.5 18 18 17 39 27 227 1 4 8 30 1 3 6 23 0 1 2 4 0 0 0 3
57 78 99 76 23 41 230 1513 198 712 58 2821 17 18 21 17 22.5 21 198 0 4 9 28 0 3 7 22 0 1 2 4 0 0 0 2
58 71 99 76 23 43 215 1533 225 726 60 2831 16 18 21 18 22.5 16 225 0 5 9 29 0 3 7 22 0 2 2 5 0 0 0 2
59 88 103 79 24 46 210 1510 229 731 61 2824 16 18 18 19.5 22.5 25 229 0 7 10 29 0 5 7 22 0 2 3 5 0 0 0 2
60 94 100 76 24 45 217 1507 215 724 59 2812 15.5 18 17 19.5 22.5 32 215 2 5 12 26 2 4 8 19 0 1 4 5 0 0 0 2
61 81 100 76 24 46 219 1507 233 729 66 2814 16.5 17.5 16.5 19.5 22.5 27 233 1 7 12 26 1 6 8 19 0 1 4 5 0 0 0 2
62 70 102 77 25 45 223 1528 203 728 66 2810 17 17 16 19.5 22.5 28 203 1 6 11 27 1 5 8 19 0 1 3 6 0 0 0 2
63 68 104 79 25 46 216 1520 231 739 66 2823 18 17 16 19.5 22.5 19 231 1 7 9 29 1 6 6 21 0 1 3 6 0 0 0 2
64 70 102 78 24 46 206 1525 209 743 68 2827 19 17 16 18 22.5 18 209 1 7 8 30 1 6 4 22 0 1 4 6 0 0 0 2
65 75 102 78 24 46 202 1514 205 748 71 2825 19 17 16 18 22.5 22 205 1 9 7 29 1 8 3 21 0 1 4 6 0 0 0 2
66 78 105 80 25 48 207 1538 223 753 75 2836 20 17 16 19.5 22.5 30 223 0 11 8 29 0 10 3 21 0 1 5 6 0 0 0 2
67 74 105 81 24 51 209 1551 211 746 76 2846 20 17 16 19.5 22.5 27 211 1 14 7 29 1 13 3 20 0 1 4 7 0 0 0 2
68 71 105 81 24 52 211 1574 223 742 78 2863 19 16.5 16 18 22.5 21 223 1 14 7 30 1 13 4 21 0 1 3 7 0 0 0 2
69 64 103 79 24 54 216 1552 237 756 82 2881 21 16.5 16 18 22.5 35 237 1 13 9 31 1 12 6 22 0 1 3 7 0 0 0 2
70 84 105 81 24 55 219 1544 210 755 82 2868 21 16 16 19.5 22.5 29 210 1 13 10 31 1 12 7 21 0 1 3 8 0 0 0 2
71 75 106 82 24 56 220 1550 218 757 84 2882 22 16 15 19.5 39 30 218 1 15 11 29 1 14 8 20 0 1 3 8 0 0 0 1
72 77 108 85 23 55 220 1543 221 761 83 2885 21 17 16 19.5 39 23 221 1 14 11 29 1 13 9 19 0 1 2 9 0 0 0 1
73 83 110 87 23 55 231 1529 229 760 83 2907 21 16 15.5 19.5 39 33 229 2 10 15 28 2 10 12 18 0 0 3 9 0 0 0 1
74 61 108 86 22 53 242 1531 234 762 82 2903 21 16 15 19.5 39 36 234 2 11 13 27 2 11 10 17 0 0 3 9 0 0 0 1
75 77 108 86 22 55 237 1546 207 764 83 2908 22 16 15 19.5 39 28 207 2 14 13 26 2 14 10 16 0 0 3 9 0 0 0 1
76 79 108 86 22 56 226 1571 185 769 81 2915 22 16 15 21 39 22 185 3 14 12 27 3 14 11 16 0 0 1 10 0 0 0 1
77 93 108 85 23 59 217 1534 233 770 82 2910 23 16 15 18 39 26 233 3 15 14 27 2 14 13 16 1 1 1 10 0 0 0 1
78 82 107 85 22 57 211 1542 198 771 82 2910 24 16 15 17 39 19 198 3 13 17 24 2 12 16 15 1 1 1 8 0 0 0 1
79 67 106 84 22 59 211 1533 224 773 82 2919 24.5 16 15 17 39 25 224 4 12 20 23 3 11 19 14 1 1 1 8 0 0 0 1
80 74 105 83 22 60 210 1516 238 773 82 2919 25 16 16 17 39 18 238 3 13 21 23 2 12 20 15 1 1 1 7 0 0 0 1
81 64 109 87 22 60 208 1554 220 775 82 2925 25 16 15 17 39 19 220 4 10 21 25 3 9 20 17 1 1 1 7 0 0 0 1
82 80 106 83 23 59 208 1548 224 774 80 2921 26 16 15 17 39 24 224 3 11 19 26 3 9 19 17 0 2 0 8 0 0 0 1
83 76 106 82 24 60 218 1563 230 773 82 2917 26.5 15.5 14 17 39 36 230 4 9 21 26 4 7 21 17 0 2 0 8 0 0 0 1
84 72 107 83 24 63 221 1580 214 773 85 2928 27 16 15 17 39 27 214 2 13 21 27 2 11 21 18 0 2 0 8 0 0 0 1
85 75 102 80 22 58 221 1565 200 772 82 2926 28 16 15.5 17 39 27 200 1 12 18 27 1 10 18 19 0 2 0 7 0 0 0 1
86 89 101 79 22 57 218 1554 207 774 80 2919 29 16 15.5 20.5 39 21 207 0 12 21 24 0 11 19 16 0 1 2 7 0 0 0 1
87 71 99 78 21 56 210 1543 238 781 78 2927 28 16 15.5 17 39 19 238 0 11 23 22 0 10 21 15 0 1 2 6 0 0 0 1
88 84 97 76 21 54 215 1571 212 778 75 2914 28 16 16 16 39 33 212 0 12 21 21 0 10 20 15 0 2 1 5 0 0 0 1
89 80 98 77 21 54 227 1574 207 770 72 2916 26.5 16 16 16 39 33 207 0 13 18 23 0 11 17 17 0 2 1 5 0 0 0 1
90 73 101 80 21 52 223 1582 213 770 71 2917 24 16 16 16 39 22 213 0 10 16 26 0 8 15 20 0 2 1 5 0 0 0 1
91 75 98 75 23 52 220 1584 205 768 69 2919 27 16 16 16 39 22 205 0 10 14 28 0 8 13 22 0 2 1 5 0 0 0 1
92 96 99 76 23 49 228 1539 221 755 66 2907 24 16 16 15 39 21 221 0 9 14 26 0 7 13 21 0 2 1 4 0 0 0 1
93 74 99 76 23 50 233 1525 227 766 70 2914 24 16 16 15 39 33 227 0 9 12 29 0 7 11 24 0 2 1 4 0 0 0 1
94 78 102 79 23 53 228 1553 201 770 71 2920 24 16 16 14.5 39 23 201 0 8 15 30 0 6 13 25 0 2 2 4 0 0 0 1
95 83 100 78 22 51 236 1556 236 763 69 2932 24.5 16 16 14.5 39 26 236 0 8 12 31 0 6 10 26 0 2 2 4 0 0 0 1
96 81 99 78 21 50 235 1577 222 763 69 2934 25 16 16 14.5 39 21 222 0 6 12 32 0 4 10 27 0 2 2 4 0 0 0 1
97 66 99 79 20 50 238 1561 220 765 69 2945 26 16 16 14.5 39 30 220 0 5 13 32 0 3 11 27 0 2 2 4 0 0 0 1
98 79 97 77 20 47 234 1569 226 771 68 2947 26 15 16 13 39 23 226 0 4 13 30 0 3 11 26 0 1 2 3 0 0 0 1
99 89 96 76 20 46 233 1528 243 767 66 2946 26.5 14.5 15 13 39 31 243 1 4 12 29 1 3 10 25 0 1 2 3 0 0 0 1
100 73 97 78 19 47 241 1563 209 767 66 2949 27 15 15.5 13 39 27 209 1 3 14 29 1 2 12 25 0 1 2 3 0 0 0 1
101 66 94 76 18 44 237 1547 229 775 65 2961 26 15.5 16 14 39 24 229 1 4 12 27 1 3 11 23 0 1 1 3 0 0 0 1
102 84 92 74 18 44 240 1539 226 778 67 2965 21 15.5 16 14 39 35 226 1 5 10 28 1 4 9 24 0 1 1 3 0 0 0 1
103 79 94 75 19 47 245 1542 225 783 68 2955 22 15 16 14 39 34 225 2 7 10 28 2 6 9 24 0 1 1 3 0 0 0 1
104 76 91 73 18 42 257 1559 205 772 66 2950 19 15 15.5 14 39 28 205 2 7 9 24 2 6 8 22 0 1 1 1 0 0 0 1
105 86 92 73 19 43 256 1563 209 778 67 2942 20 15 15.5 14.5 39 33 209 2 5 12 24 2 3 11 22 0 2 1 1 0 0 0 1
106 80 95 74 21 44 249 1542 235 786 71 2935 20 15 16 14 39 31 235 2 6 11 25 2 4 9 23 0 2 2 1 0 0 0 1
107 71 95 75 20 42 240 1532 227 792 69 2931 19 15 15.5 14 39 20 227 1 7 11 23 1 5 9 21 0 2 2 1 0 0 0 1
108 70 99 79 20 43 231 1525 216 800 69 2961 19 15 17 14 39 27 216 1 8 9 25 1 6 7 23 0 2 2 1 0 0 0 1
109 90 98 80 18 41 221 1545 213 787 68 2946 19 15 16 14 39 18 213 0 10 7 24 0 8 5 22 0 2 2 1 0 0 0 1
110 73 96 78 18 43 220 1566 202 792 68 2944 20 15 15 14 39 21 202 2 10 6 25 2 8 5 22 0 2 1 2 0 0 0 1
111 94 92 75 17 40 224 1552 210 790 64 2939 21 15 15 14 NA 24 210 1 10 7 22 1 8 6 20 0 2 1 2 0 0 0 0
112 73 92 74 18 40 229 1575 213 791 66 2952 22 15 15 14 NA 26 213 1 9 7 23 1 7 6 21 0 2 1 2 0 0 0 0
113 71 92 73 19 40 222 1584 210 797 65 2961 22 15 15 14.5 NA 16 210 1 10 8 21 1 7 7 19 0 3 1 2 0 0 0 0
114 74 93 73 20 41 222 1589 215 796 63 2955 22 15 15 14.5 NA 25 215 2 9 11 19 2 7 9 17 0 2 2 2 0 0 0 0
115 83 92 71 21 38 225 1586 218 789 62 2957 23 15 16.5 14.5 NA 23 218 0 9 12 17 0 7 10 15 0 2 2 2 0 0 0 0
116 87 92 73 19 41 236 1561 244 778 62 2951 22.5 15 17 15 12 33 244 1 8 14 18 1 7 11 16 0 0 3 2 0 1 0 0
117 70 90 71 19 39 238 1550 234 785 59 2959 23 15 17 15 12 29 234 1 8 12 18 1 7 9 16 0 0 3 2 0 1 0 0
118 70 88 69 19 38 226 1557 196 793 61 2956 23.5 15.5 17 15 12 18 196 1 6 13 18 1 6 10 16 0 0 2 2 0 0 1 0
119 79 89 70 19 40 231 1551 198 796 63 2958 24 15.5 17 15 12 28 198 1 6 14 19 1 6 11 17 0 0 2 2 0 0 1 0
120 93 88 68 20 41 234 1550 214 787 67 2954 24.5 15 16.5 15 12 21 214 1 6 16 18 1 6 13 16 0 0 2 2 0 0 1 0
121 80 86 67 19 40 242 1551 229 783 67 2953 25.5 15.5 17.5 15 12 31 229 0 6 16 18 0 6 14 16 0 0 1 2 0 0 1 0
122 70 86 67 19 42 242 1566 214 788 66 2965 26.5 16.5 18 15 12 27 214 0 6 18 18 0 6 16 16 0 0 1 2 0 0 1 0
123 81 90 70 20 46 242 1540 222 795 68 2963 26 17 18 15 12 35 222 0 8 18 20 0 7 16 18 0 1 1 2 0 0 1 0
124 83 91 70 21 46 247 1480 244 791 70 2949 27 17 18 15 12 35 244 0 6 19 21 0 6 16 19 0 0 2 2 0 0 1 0
125 80 94 72 22 46 232 1509 215 801 70 2949 26 17 17 15 12 20 215 0 6 18 22 0 6 15 20 0 0 2 2 0 0 1 0
126 80 97 75 22 45 232 1508 222 803 71 2945 26 17 17 15 12 33 222 0 6 15 24 0 6 13 21 0 0 1 3 0 0 1 0
127 94 104 80 24 46 230 1478 231 799 75 2954 23 17 17 15 12 26 231 0 5 15 26 0 5 13 23 0 0 1 3 0 0 1 0
128 66 107 82 25 46 209 1492 214 820 78 2954 22 17 17 15 12 17 214 0 5 13 28 0 5 11 25 0 0 1 3 0 0 1 0
129 87 106 80 26 44 210 1513 230 818 75 2948 22 17 18 15 12 26 230 0 5 12 27 0 5 10 24 0 0 1 3 0 0 1 0
130 69 106 80 26 43 220 1504 222 823 72 2954 22 17 17.5 15 12 34 222 0 5 10 28 0 5 9 24 0 0 1 3 0 0 0 1
131 86 109 83 26 44 218 1524 215 823 73 2952 23 17 18 15 12 25 215 0 5 9 30 0 5 8 26 0 0 1 3 0 0 0 1
132 71 110 81 29 45 221 1550 225 827 71 2951 24 17 17.5 15 12 29 225 1 3 10 31 1 3 9 27 0 0 1 3 0 0 0 1
133 72 109 79 30 44 219 1537 231 830 70 2976 22 17 17 15 12 26 231 2 3 9 30 2 3 8 26 0 0 1 3 0 0 0 1
134 67 109 80 29 46 216 1525 212 833 69 2986 23 17 17 15 12 19 212 2 4 9 31 2 4 8 27 0 0 1 3 0 0 0 1
135 66 110 81 29 48 207 1520 231 830 73 2983 24 17 17 15 12 20 231 1 7 8 32 1 7 7 28 0 0 1 3 0 0 0 1
136 68 110 83 27 48 216 1531 208 824 73 2987 24 17 17 15 12 26 208 1 5 10 32 1 5 10 27 0 0 0 4 0 0 0 1
137 70 110 84 26 46 228 1526 217 817 75 2978 22.5 17 17 15 12 28 217 0 5 10 31 0 5 10 26 0 0 0 4 0 0 0 1
138 70 114 88 26 48 240 1514 233 814 78 2978 23 16.5 17 15 12 34 233 1 6 10 31 1 5 10 26 0 1 0 4 0 0 0 1
139 84 110 85 25 47 240 1517 211 816 80 2975 23 15 17 15 12 30 211 1 7 8 31 1 6 8 26 0 1 0 4 0 0 0 1
140 68 110 85 25 50 234 1523 213 812 84 2970 24 15.5 17 15 12 25 213 2 7 10 31 2 6 10 26 0 1 0 4 0 0 0 1
141 63 109 85 24 48 233 1536 210 818 84 2974 22 15 17 14 12 28 210 1 9 10 28 1 8 10 24 0 1 0 3 0 0 0 1
142 77 110 86 24 48 232 1563 218 824 86 2978 23 15 17 14 12 32 218 1 8 9 30 1 7 9 26 0 1 0 3 0 0 0 1
143 89 105 84 21 44 231 1544 236 825 82 2967 20 15 15 14 12 29 236 0 10 9 25 0 9 9 21 0 1 0 3 0 0 0 1
144 88 106 85 21 45 233 1559 207 824 83 2965 21 15 15 14 12 28 207 1 10 6 28 1 9 6 24 0 1 0 3 0 0 0 1
145 74 106 84 22 44 228 1551 232 828 82 2969 22 15 15 14 12 32 232 0 10 6 28 0 9 6 24 0 1 0 3 0 0 0 1
146 79 106 85 21 45 245 1535 233 816 82 2965 22.5 15 16 14 12 38 233 0 10 7 28 0 9 7 24 0 1 0 3 0 0 0 1
147 80 104 82 22 43 246 1536 217 809 80 2964 22.5 15 17 14 12 24 217 0 8 9 26 0 7 9 22 0 1 0 3 0 0 0 1
148 89 104 81 23 42 242 1566 209 812 79 2951 23 15 17 13 12 29 209 0 9 8 25 0 8 8 22 0 1 0 2 0 0 0 1
149 63 107 83 24 43 239 1598 203 811 82 2953 24 15 17 13 12 23 203 0 7 10 26 0 7 9 23 0 0 1 2 0 0 0 1
150 56 106 82 24 44 232 1570 219 821 85 2962 25 15 17 13 12 18 219 0 7 10 27 0 7 9 24 0 0 1 2 0 0 0 1
151 83 103 81 22 43 238 1548 240 810 82 2962 25 15 16 14 12 28 240 0 6 10 27 0 6 8 24 0 0 2 2 0 0 0 1
152 76 105 81 24 46 245 1538 247 810 81 2960 25 16.5 17 15 12 35 247 0 8 11 27 0 7 9 24 0 1 2 2 0 0 0 1
153 70 105 81 24 45 235 1551 215 814 82 2956 26 17 17 15 12 19 215 0 6 14 25 0 6 11 22 0 0 3 2 0 0 0 1
154 71 105 81 24 48 242 1558 213 815 83 2952 27 17 18 15 12 29 213 1 6 16 25 1 6 13 22 0 0 3 2 0 0 0 1
155 88 101 77 24 46 231 1561 203 819 81 2952 28 18 19 19 12 19 203 1 5 17 23 1 5 14 21 0 0 3 1 0 0 0 1
156 69 102 77 25 48 226 1578 197 823 80 2939 28 16.5 17 19 12 20 197 2 6 19 21 2 6 16 19 0 0 3 1 0 0 0 1
157 76 98 74 24 46 238 1536 253 814 78 2938 28.5 16.5 17 19 12 37 253 2 5 19 20 2 5 16 18 0 0 3 1 0 0 0 1
158 53 99 75 24 46 244 1514 233 823 79 2958 29 16.5 17 19 12 31 233 2 4 20 20 2 4 17 18 0 0 3 1 0 0 0 1
159 74 98 75 23 46 244 1541 212 825 78 2974 30 18 19 19 12 29 212 2 4 20 20 2 4 17 18 0 0 3 1 0 0 0 1
160 69 99 76 23 48 231 1562 223 838 80 2981 31 18.5 19 18 12 22 223 2 4 21 21 2 3 18 19 0 1 3 1 0 0 0 1
161 78 104 79 25 49 222 1563 230 846 82 2971 30.5 19 19 18 12 26 230 2 4 18 25 2 3 16 22 0 1 2 2 0 0 0 1
162 72 102 77 25 50 229 1581 205 846 78 2972 30.5 19.5 20 18 12 31 205 3 3 19 25 3 2 17 22 0 1 2 2 0 0 0 1
163 82 98 73 25 44 231 1575 220 834 73 2979 27.5 19.5 21 18 12 23 220 3 2 15 24 3 1 14 22 0 1 1 1 0 0 0 1
164 73 94 70 24 43 239 1588 220 838 72 2987 28.5 20 22 18 12 32 220 1 4 13 25 1 3 12 23 0 1 1 1 0 0 0 1
165 79 93 68 25 47 237 1589 207 834 71 2983 30 19 19.5 17 12 22 207 2 7 10 28 2 5 10 25 0 2 0 2 0 0 0 1
166 77 94 69 25 44 243 1582 210 832 70 2992 29.5 17.5 19.5 16 12 27 210 2 6 8 28 2 5 7 26 0 1 1 1 0 0 0 1
167 78 93 68 25 46 253 1557 212 828 70 2991 31 17.5 19.5 16 12 32 212 2 6 7 31 2 5 6 29 0 1 1 1 0 0 0 1
168 82 89 67 22 46 244 1551 222 830 69 2989 32 17.5 19.5 16 12 22 222 1 7 7 31 1 6 6 29 0 1 1 1 0 0 0 1
169 58 91 69 22 46 250 1525 236 832 67 3003 31 17.5 19.5 16 12 31 236 2 8 6 30 2 7 5 28 0 1 1 1 0 0 0 1
170 66 90 68 22 46 247 1535 213 829 66 3003 31.5 17.5 19.5 16 12 24 213 2 7 7 30 2 6 6 28 0 1 1 1 0 0 0 1
171 69 89 67 22 47 250 1540 205 827 65 3012 32 18 20 16 12 25 205 2 7 8 30 2 6 7 28 0 1 1 1 0 0 0 1
172 83 89 67 22 48 240 1553 217 830 67 3002 33 18.5 21 16 12 19 217 2 6 7 33 2 5 6 31 0 1 1 1 0 0 0 1
173 93 90 68 22 48 224 1559 201 838 71 3000 31.5 18.5 21 16 12 16 201 2 6 8 32 2 6 6 30 0 0 2 1 0 0 0 1
174 85 88 66 22 45 233 1541 222 825 70 2994 29.5 18 20 16 12 31 222 2 6 7 30 2 6 5 28 0 0 2 1 0 0 0 1
175 79 87 65 22 44 246 1551 212 825 70 2989 27 17.5 19.5 16 12 31 212 2 7 6 29 2 7 4 27 0 0 2 1 0 0 0 1
176 81 86 64 22 45 239 1579 205 830 69 2993 29 17 19 16 12 22 205 2 6 8 29 2 6 6 27 0 0 2 1 0 0 0 1
177 65 88 65 23 45 236 1583 217 827 70 3002 29 17 19 16 12 25 217 2 5 8 30 2 5 6 28 0 0 2 1 0 0 0 1
178 73 87 65 22 45 242 1553 237 819 73 2995 30 17 19 16 12 24 237 0 7 8 30 0 7 7 27 0 0 1 2 0 0 0 1
179 77 87 65 22 46 238 1546 198 828 74 3007 31 17.5 18.5 16 12 25 198 0 8 7 31 0 8 6 28 0 0 1 2 0 0 0 1
180 74 91 68 23 47 235 1539 233 841 74 3010 31 18 19 16 12 23 233 0 8 8 31 0 8 7 28 0 0 1 2 0 0 0 1
181 76 91 66 25 44 243 1519 208 839 74 3011 29 16.5 18 15.5 12 26 208 0 8 8 28 0 8 7 26 0 0 1 1 0 0 0 1
182 73 96 70 26 48 237 1546 197 836 72 3011 28.5 16.5 18 15.5 12 23 197 0 10 9 29 0 10 8 27 0 0 1 1 0 0 0 1
183 95 98 72 26 49 233 1511 210 830 70 2993 27 17 18.5 15.5 12 27 210 0 12 9 28 0 12 8 26 0 0 1 1 0 0 0 1
184 81 95 70 25 48 241 1571 182 825 69 2996 28 16.5 17 15.5 12 28 182 0 11 10 27 0 11 9 25 0 0 1 1 0 0 0 1
185 69 96 72 24 51 236 1574 207 833 71 2987 25 16 17 15.5 12 22 207 2 8 12 29 2 8 12 26 0 0 0 2 0 0 0 1
186 68 97 73 24 51 229 1555 237 851 71 2995 25 16 17 15.5 12 30 237 2 9 11 29 2 9 11 26 0 0 0 2 0 0 0 1
187 71 95 71 24 50 230 1552 226 846 69 2995 26 16.5 17 15.5 12 27 226 2 6 14 28 2 6 14 25 0 0 0 2 0 0 0 1
188 73 94 70 24 48 230 1559 205 849 65 3015 27 16.5 17 15.5 12 26 205 2 7 12 27 2 7 12 24 0 0 0 2 0 0 0 1
189 72 96 71 25 49 230 1539 229 852 67 3012 28 16 17 15.5 12 23 229 2 7 12 28 2 7 12 25 0 0 0 2 0 0 0 1
190 85 97 72 25 48 217 1551 209 862 67 3007 28 16 17 15.5 12 19 209 2 4 14 28 2 4 14 25 0 0 0 2 0 0 0 1
191 71 97 73 24 47 209 1564 211 866 64 3011 26 16 16.5 15.5 12 20 211 3 3 15 26 3 3 15 23 0 0 0 2 0 0 0 1
192 69 95 71 24 45 221 1555 227 858 65 3003 26 16 16 16 12 27 227 2 4 13 26 2 4 13 24 0 0 0 1 0 0 0 1
193 85 93 69 24 43 216 1577 201 853 63 2996 26 16 16 16 12 23 201 4 2 14 23 4 2 14 21 0 0 0 1 0 0 0 1
194 63 93 69 24 43 223 1593 247 843 70 3011 27 16 16 16 12 25 247 1 5 14 23 1 5 14 21 0 0 0 1 0 0 0 1
195 65 94 70 24 43 217 1570 250 849 72 3010 26 16 16 16 12 23 250 1 5 14 23 1 5 14 21 0 0 0 1 0 0 0 1
196 80 94 69 25 41 221 1572 224 842 69 3013 23 14 14 16 12 28 224 1 6 13 21 1 6 13 19 0 0 0 1 0 0 0 1
197 82 93 69 24 42 225 1574 229 841 69 3008 23 14.5 14.5 16 12 25 229 0 9 8 25 0 9 8 23 0 0 0 1 0 0 0 1
198 56 92 68 24 43 228 1583 223 847 69 3020 22 14 14 16 12 28 223 0 9 9 25 0 9 9 23 0 0 0 1 0 0 0 1
199 62 93 69 24 43 229 1584 222 850 69 3014 22 14 14 16 12 27 222 0 9 8 26 0 9 8 24 0 0 0 1 0 0 0 1
200 51 92 69 23 45 224 1583 245 865 72 3031 21 15 15 16 12 25 245 0 13 8 24 0 13 8 22 0 0 0 1 0 0 0 1
201 84 91 70 21 42 228 1555 234 854 69 3026 21 15 15 16 12 27 234 0 12 8 22 0 12 8 20 0 0 0 1 0 0 0 1
202 90 93 72 21 47 227 1549 220 861 70 3011 21 15 15 17.5 12 30 220 2 13 6 26 2 12 6 24 0 1 0 1 0 0 0 1
203 80 93 72 21 45 239 1548 216 855 70 3013 21 15 15 17.5 12 32 216 1 14 5 25 1 13 5 23 0 1 0 1 0 0 0 1
204 89 91 72 19 43 239 1538 230 848 66 2992 22 16 15.5 17.5 12 26 230 1 12 7 23 1 11 7 21 0 1 0 1 0 0 0 1
205 73 94 75 19 45 227 1548 201 855 68 2994 23 16 16 17.5 12 24 201 1 13 6 25 1 12 6 23 0 1 0 1 0 0 0 1
206 73 95 75 20 47 237 1545 216 851 68 2985 24 16 16 17.5 12 36 216 1 9 13 24 1 8 13 22 0 1 0 1 0 0 0 1
207 74 95 75 20 50 226 1547 218 859 67 2998 24 16 16 17.5 12 20 218 3 7 17 23 3 7 16 21 0 0 1 1 0 0 0 1
208 95 90 70 20 48 220 1542 226 851 64 2993 24 16 16 19 12 21 226 3 7 18 20 3 7 17 19 0 0 1 0 0 0 0 1
209 78 92 71 21 48 219 1559 202 852 65 2992 23.5 16 16 19 12 25 202 3 6 17 22 3 6 16 21 0 0 1 0 0 0 0 1
210 80 90 69 21 46 214 1575 219 848 63 2989 24 15.5 15.5 19 12 17 219 3 5 17 21 3 5 16 20 0 0 1 0 0 0 0 1
211 70 91 71 20 46 218 1522 252 837 64 2985 24 14.5 14.5 19 12 24 252 3 5 18 20 3 5 17 19 0 0 1 0 0 0 0 1
212 69 91 72 19 44 221 1535 209 835 63 2976 24 15.5 15.5 19 12 23 209 3 2 21 18 3 2 20 17 0 0 1 0 0 0 0 1
213 77 95 76 19 44 228 1517 247 825 65 2971 25 15.5 15.5 19 12 32 247 2 3 20 19 2 3 19 18 0 0 1 0 0 0 0 1
214 58 95 76 19 47 224 1517 234 839 67 2976 24 16 16 19 12 24 234 2 5 20 20 2 5 19 19 0 0 1 0 0 0 0 1
215 85 93 75 18 44 234 1523 230 829 65 2966 24 16.5 16 19 12 34 230 1 6 20 17 1 5 19 16 0 1 1 0 0 0 0 1
216 76 92 74 18 42 219 1551 206 834 63 2973 20.5 16.5 16 19 12 15 206 2 7 17 16 2 6 16 15 0 1 1 0 0 0 0 1
217 76 92 74 18 43 225 1550 224 831 65 2974 21.5 17 16.5 19 12 30 224 1 8 16 18 1 7 15 17 0 1 1 0 0 0 0 1
218 80 89 72 17 42 217 1563 193 830 63 2960 22 17.5 17 19 12 17 193 0 9 10 23 0 8 9 22 0 1 1 0 0 0 0 1
219 71 90 74 16 41 211 1561 218 833 63 2973 21.5 17 16.5 19 12 24 218 1 8 8 24 1 7 8 22 0 1 0 1 0 0 0 1
220 81 90 73 17 42 201 1534 233 840 64 2970 21 17 17 19 12 21 233 1 8 9 24 1 8 8 22 0 0 1 1 0 0 0 1
221 75 94 76 18 43 208 1518 237 837 66 2973 20 17 16.5 19 12 28 237 1 9 8 25 1 9 7 23 0 0 1 1 0 0 0 1
222 91 95 77 18 42 219 1502 236 841 65 2969 20 17 17 19 12 41 236 1 10 7 24 1 10 6 22 0 0 1 1 0 0 0 1
223 80 98 80 18 43 209 1482 253 850 66 2967 19.5 18 17.5 19 12 25 253 1 9 9 24 1 9 8 22 0 0 1 1 0 0 0 1
224 64 94 75 19 41 205 1493 220 852 65 2979 20 18 17.5 19 12 22 220 1 9 5 26 1 9 4 24 0 0 1 1 0 0 0 1
225 70 95 75 20 40 202 1523 212 855 68 2986 21 18 18 19 12 18 212 1 8 6 25 1 8 5 23 0 0 1 1 0 0 0 1
226 84 93 73 20 40 201 1516 197 856 64 2973 20 17.5 17 19 12 22 197 1 8 7 24 1 8 6 21 0 0 1 2 0 0 0 1
227 85 93 74 19 42 202 1522 233 845 64 2976 21 18 18 22 12 25 233 0 9 10 23 0 9 8 20 0 0 2 2 0 0 0 1
228 67 91 72 19 41 195 1565 185 843 64 2973 21 19 18 22 12 21 185 0 8 11 22 0 8 9 19 0 0 2 2 0 0 0 1
229 80 90 71 19 40 205 1534 232 837 62 2994 21 18.5 18 22 12 27 232 0 6 12 22 0 6 10 19 0 0 2 2 0 0 0 1
230 58 91 72 19 39 213 1523 228 833 60 3007 21 18 18 25 12 28 228 0 6 12 21 0 6 11 18 0 0 1 2 0 0 0 1
231 67 95 77 18 37 214 1545 210 833 60 3012 19 18 18 25 12 27 210 0 5 13 19 0 5 12 16 0 0 1 2 0 0 0 1
232 79 95 77 18 37 228 1546 239 832 62 3005 20 18 18 25 12 39 239 0 5 13 19 0 5 12 16 0 0 1 2 0 0 0 1
233 82 97 79 18 39 234 1546 229 833 65 2991 21 18 18 25 12 32 229 1 5 14 19 1 5 13 16 0 0 1 2 0 0 0 1
234 78 98 79 19 39 243 1564 219 828 68 2992 21.5 18 18 25 12 35 219 0 6 14 19 0 6 13 16 0 0 1 2 0 0 0 1
235 69 99 80 19 38 239 1551 213 829 70 3007 22 17.5 17 25 12 28 213 0 5 12 21 0 5 11 18 0 0 1 2 0 0 0 1
236 78 102 82 20 39 243 1554 241 829 71 2999 20.5 18 17 25 12 33 241 0 6 12 21 0 6 11 18 0 0 1 2 0 0 0 1
237 86 102 82 20 42 245 1522 233 827 71 3009 20 17.5 17 25 12 33 233 0 9 12 21 0 9 11 18 0 0 1 2 0 0 0 1
238 76 98 79 19 42 239 1528 207 830 70 2997 21 18 18 25 12 16 207 0 9 12 21 0 9 12 17 0 0 0 3 0 0 0 1
239 96 98 79 19 43 243 1552 213 824 70 3002 20.5 18 18 25 12 29 213 0 10 11 22 0 10 11 18 0 0 0 3 0 0 0 1
240 78 100 81 19 44 241 1541 218 826 70 3007 20.5 18.5 18 25 12 24 218 1 9 11 23 1 9 11 19 0 0 0 3 0 0 0 1
241 88 99 80 19 44 248 1566 226 819 71 3008 21 18.5 18 25 12 30 226 1 9 10 24 1 9 10 20 0 0 0 3 0 0 0 1
242 73 103 81 22 46 248 1536 219 818 73 3029 21 18.5 18 25 12 25 219 2 8 11 25 2 8 11 21 0 0 0 3 0 0 0 1
243 85 105 83 22 45 250 1553 220 821 77 3020 21 18 18 25 12 26 220 2 7 10 26 2 7 10 22 0 0 0 3 0 0 0 1
244 86 107 85 22 47 252 1568 193 817 77 3014 21 18 18 22 12 29 193 2 8 11 26 2 7 11 22 0 1 0 3 0 0 0 1
245 89 105 81 24 47 246 1543 216 817 76 2997 22 19 18.5 22 12 21 216 0 9 12 26 0 8 12 22 0 1 0 3 0 0 0 1
246 77 103 81 22 48 239 1544 228 818 75 2998 22 19 19 22 12 26 228 0 9 14 25 0 8 13 22 0 1 1 2 0 0 0 1
247 77 104 82 22 49 226 1571 213 831 76 3000 22 19 18.5 22 12 18 213 1 9 13 26 1 8 13 22 0 1 0 3 0 0 0 1
248 74 100 78 22 47 228 1568 233 819 74 2989 22.5 18 18 22 12 21 233 2 9 11 25 2 8 11 21 0 1 0 3 0 0 0 1
249 76 98 75 23 49 233 1554 229 816 74 2996 22.5 18 18 19 12 30 229 2 9 12 26 2 7 12 22 0 2 0 3 0 0 0 1
250 77 98 75 23 50 236 1551 219 813 73 2991 23.5 18 18 17.5 18.5 27 219 3 7 14 26 3 5 14 22 0 2 0 2 0 0 0 2
251 77 101 77 24 51 231 1559 202 823 73 2983 22 18 18 17.5 18.5 22 202 2 8 15 26 2 6 15 22 0 2 0 2 0 0 0 2
252 79 104 80 24 53 241 1568 222 825 75 2986 22 18 18 17.5 18.5 32 222 2 10 13 28 2 8 13 24 0 2 0 2 0 0 0 2
253 83 101 80 21 52 242 1579 216 820 72 2990 22 18 18 17.5 18.5 31 216 3 9 14 26 3 7 14 22 0 2 0 2 0 0 0 2
254 89 103 81 22 54 226 1559 213 835 74 2988 23 18 18 19 18.5 23 213 3 7 17 27 3 6 15 23 0 1 2 2 0 0 0 2
255 77 104 84 20 54 223 1573 229 837 76 2991 24 18 18 19 18.5 27 229 2 6 19 27 2 5 17 23 0 1 2 2 0 0 0 2
256 84 103 83 20 54 223 1575 216 834 77 2982 25 18 18 23 18.5 24 216 2 6 18 28 2 5 17 24 0 1 1 2 0 0 0 2
257 69 104 84 20 53 219 1576 199 831 79 2986 25.5 18 18 23 18.5 19 199 2 4 18 29 2 4 16 25 0 0 2 2 0 0 0 2
258 79 100 81 19 52 222 1554 226 829 76 2991 25.5 18 18 23 18.5 23 226 4 4 15 29 4 4 13 25 0 0 2 2 0 0 0 2
259 80 100 80 20 52 213 1561 207 834 78 2995 26 18 18 23 18.5 22 207 3 5 14 30 3 5 12 26 0 0 2 2 0 0 0 2
260 65 99 79 20 51 212 1584 203 829 75 2998 25 19 18 23 18.5 22 203 3 6 14 28 3 6 12 24 0 0 2 2 0 0 0 2
261 70 98 78 20 52 208 1545 250 834 75 3005 26.5 19 18.5 23 18.5 22 250 2 6 14 30 2 6 12 26 0 0 2 2 0 0 0 2
262 85 100 80 20 51 196 1548 194 832 74 2987 26 19 18 23 18.5 15 194 1 7 13 30 1 7 11 26 0 0 2 2 0 0 0 2
263 88 100 80 20 51 187 1512 231 842 75 2972 27 19 18 20 18.5 21 231 1 7 13 30 1 5 12 25 0 2 1 3 0 0 0 2
264 72 101 80 21 50 192 1505 237 841 76 2974 27 19 18.5 20 18.5 29 237 1 7 12 30 1 5 11 25 0 2 1 3 0 0 0 2
265 65 102 82 20 51 189 1545 198 848 78 2979 28 20 20 20 18.5 18 198 0 9 12 30 0 7 11 25 0 2 1 3 0 0 0 2
266 81 99 80 19 51 187 1533 228 839 77 2981 29 22 22 20 18.5 20 228 0 8 14 29 0 7 12 24 0 1 2 3 0 0 0 2
267 76 101 82 19 50 187 1536 231 838 77 2982 25 21.5 22 20 18.5 22 231 1 5 13 31 1 4 11 26 0 1 2 3 0 0 0 2
268 78 101 80 21 51 183 1564 221 837 77 2972 25 22 22 20 18.5 19 221 1 4 13 33 1 3 11 28 0 1 2 3 0 0 0 2
269 65 104 83 21 53 186 1537 253 843 78 2982 25.5 22 22 20 18.5 29 253 0 4 14 35 0 4 12 29 0 0 2 4 0 0 0 2
270 76 97 79 18 48 188 1563 205 834 70 2974 25 20.5 20 20 25 29 205 0 6 12 30 0 6 10 25 0 0 2 4 0 0 0 1
271 92 101 83 18 48 185 1545 224 830 72 2971 24 20.5 20 20 25 25 224 0 5 12 31 0 5 10 26 0 0 2 4 0 0 0 1
272 80 103 86 17 48 193 1568 205 830 72 2977 23 20.5 20 20 25 34 205 1 5 10 32 1 5 8 27 0 0 2 4 0 0 0 1
273 78 104 87 17 48 198 1577 220 827 71 2978 23 21.5 22 20 25 31 220 1 3 10 34 1 3 8 29 0 0 2 4 0 0 0 1
274 74 99 84 15 48 183 1552 239 829 69 2983 23 20.5 22 19.5 25 15 239 1 5 10 32 1 4 8 28 0 1 2 3 0 0 0 1
275 85 98 82 16 45 183 1573 217 824 67 2983 22.5 20 20 19.5 NA 23 217 1 5 9 30 1 4 7 27 0 1 2 3 0 0 0 0
276 70 100 85 15 43 190 1545 240 825 67 2973 22 19 19 19.5 NA 32 240 1 6 9 27 1 5 7 24 0 1 2 3 0 0 0 0
277 73 99 83 16 44 185 1571 212 821 65 2982 22 19.5 19 20 NA 21 212 2 6 11 25 2 5 8 22 0 1 3 3 0 0 0 0
278 71 101 85 16 43 199 1588 216 812 65 2985 19 20 19 20.5 NA 32 216 3 5 10 25 3 5 7 22 0 0 3 3 0 0 0 0
279 71 100 84 16 41 209 1564 262 806 67 2976 18 20 20 20.5 NA 36 262 2 4 10 25 2 4 7 22 0 0 3 3 0 0 0 0
280 84 101 85 16 41 204 1579 212 812 65 2978 18 18 17.5 20 NA 21 212 4 4 8 25 4 4 5 23 0 0 3 2 0 0 0 0
281 69 101 83 18 40 200 1568 223 815 64 2974 17 19 18 20 NA 24 223 4 5 6 25 4 5 4 22 0 0 2 3 0 0 0 0
282 95 103 84 19 42 206 1580 213 798 65 2963 18 19 19 19 NA 23 213 2 8 7 25 2 7 5 22 0 1 2 3 0 0 0 0
283 82 106 87 19 43 209 1578 222 798 68 2967 17 18 18 19 NA 26 222 1 10 6 26 1 9 4 23 0 1 2 3 0 0 0 0
284 90 106 87 19 45 215 1589 204 789 69 2965 17 18 18 19 NA 23 204 2 11 6 26 2 10 4 23 0 1 2 3 0 0 0 0
285 64 110 88 22 43 211 1588 206 791 70 2975 16.5 18 18 20 NA 21 206 2 11 5 25 2 10 3 23 0 1 2 2 0 0 0 0
286 77 110 87 23 43 214 1589 235 792 69 2970 17 19 18.5 20 NA 32 235 2 11 6 24 2 10 4 22 0 1 2 2 0 0 0 0
287 91 111 87 24 45 217 1599 199 794 70 2964 17 20 19.5 20 NA 30 199 3 10 9 23 3 9 7 21 0 1 2 2 0 0 0 0
288 79 111 86 25 45 219 1583 263 789 73 2965 17 18 18 20 NA 30 263 3 11 8 23 3 10 7 20 0 1 1 3 0 0 0 0
289 78 113 90 23 50 217 1545 223 797 75 2969 18 17.5 17 20 NA 22 223 5 14 8 23 5 13 7 20 0 1 1 3 0 0 0 0
290 87 115 92 23 50 222 1523 236 803 78 2962 19 18 18 20 NA 36 236 4 12 9 25 4 12 8 21 0 0 1 4 0 0 0 0
291 82 117 94 23 51 229 1500 236 800 79 2960 19 17 16 20 NA 29 236 3 14 10 24 3 14 9 20 0 0 1 4 0 0 0 0
292 85 113 90 23 49 221 1509 236 800 78 2954 19 17 17 18 NA 28 236 3 13 11 22 3 13 10 19 0 0 1 3 0 0 0 0
293 65 115 93 22 50 209 1487 241 811 82 2964 20 17.5 17.5 18 NA 23 241 2 14 11 23 2 14 10 20 0 0 1 3 0 0 0 0
294 87 117 95 22 50 213 1484 216 805 84 2953 19 17.5 17.5 18 NA 22 216 1 13 14 22 1 13 13 19 0 0 1 3 0 0 0 0
295 81 118 95 23 52 226 1481 228 799 86 2948 20 17.5 17.5 18 NA 33 228 0 14 15 23 0 14 14 20 0 0 1 3 0 0 0 0
296 90 118 94 24 51 224 1479 215 793 84 2943 20 17 17 18 NA 28 215 0 13 16 22 0 13 15 19 0 0 1 3 0 0 0 0
297 84 111 90 21 48 230 1466 241 798 83 2931 20 16 16 18 NA 32 241 0 15 16 17 0 15 15 14 0 0 1 3 0 0 0 0
298 84 113 93 20 48 224 1481 215 805 82 2936 20 16 15.5 18 NA 27 215 0 16 12 20 0 16 11 17 0 0 1 3 0 0 0 0
299 94 112 92 20 45 230 1495 206 798 79 2924 20 16 15.5 20 NA 32 206 0 14 12 19 0 14 11 17 0 0 1 2 0 0 0 0
300 85 111 93 18 44 235 1492 223 791 76 2922 20 16.5 16 20 NA 30 223 0 13 12 19 0 13 11 17 0 0 1 2 0 0 0 0
301 82 114 92 22 50 227 1487 208 784 78 2916 20 17 16 24 NA 21 208 1 13 15 21 1 13 12 19 0 0 3 2 0 0 0 0
302 68 114 92 22 49 232 1484 234 786 79 2929 21 17 16.5 24 NA 30 234 1 9 18 21 1 9 16 18 0 0 2 3 0 0 0 0
303 76 115 93 22 51 226 1510 204 793 82 2934 22 17 16 24 NA 24 204 2 8 18 23 2 8 16 20 0 0 2 3 0 0 0 0
304 69 113 91 22 56 226 1495 228 796 83 2946 23 17 17 21 NA 29 228 2 10 20 24 2 8 18 21 0 2 2 3 0 0 0 0
305 59 112 91 21 56 222 1489 230 802 84 2957 24 17 17 21 NA 26 230 2 10 19 25 2 8 18 21 0 2 1 4 0 0 0 0
306 91 114 94 20 55 215 1487 215 802 85 2935 24.5 17 17 22 NA 20 215 2 8 18 27 2 7 17 23 0 1 1 4 0 0 0 0
307 76 114 94 20 56 212 1502 198 799 88 2931 25.5 17 17 22 NA 22 198 0 8 19 29 0 7 18 25 0 1 1 4 0 0 0 0
308 74 114 94 20 58 227 1485 235 796 88 2942 25.5 16 16 22 NA 38 235 2 9 18 29 2 8 17 25 0 1 1 4 0 0 0 0
309 88 113 93 20 57 224 1478 219 793 88 2935 26 16 16 22 NA 22 219 2 9 17 29 2 8 16 25 0 1 1 4 0 0 0 0
310 80 112 92 20 58 227 1482 210 790 91 2938 27 16 16 20 NA 31 210 2 9 19 28 2 8 18 25 0 1 1 3 0 0 0 0
311 78 113 92 21 61 221 1493 210 796 92 2961 28 16 16 22 NA 21 210 1 11 19 30 1 10 17 27 0 1 2 3 0 0 0 0
312 79 112 91 21 64 222 1493 222 796 94 2966 27.5 17 16.5 22 NA 29 222 1 14 19 30 1 13 17 27 0 1 2 3 0 0 0 0
313 81 110 90 20 62 221 1493 216 802 95 2968 28 17 17 20 NA 24 216 0 12 20 30 0 11 19 27 0 1 1 3 0 0 0 0
314 77 107 87 20 61 215 1524 196 802 93 2961 29 17 17 18 NA 20 196 0 11 19 31 0 11 17 29 0 0 2 2 0 0 0 0
315 69 107 87 20 60 224 1528 240 808 89 2961 27 17 17 18 NA 33 240 1 11 18 30 1 11 16 28 0 0 2 2 0 0 0 0
316 94 106 85 21 60 223 1518 214 804 86 2951 27.5 17 17 18 NA 30 214 1 10 18 31 1 10 16 29 0 0 2 2 0 0 0 0
317 72 103 82 21 56 208 1523 221 811 82 2941 28 17 17 18 NA 24 221 0 10 15 31 0 10 14 28 0 0 1 3 0 0 0 0
318 85 101 81 20 57 200 1523 224 813 82 2940 29 17 17 25 16 23 224 1 8 16 32 1 8 14 29 0 0 2 2 0 0 0 1
319 82 102 82 20 58 212 1542 243 820 80 2957 29 17 17 25 16 38 243 1 7 16 34 1 7 14 31 0 0 2 2 0 0 0 1
320 60 103 83 20 59 215 1533 233 825 81 2976 30 17 17 25 16 29 233 1 6 17 35 1 6 15 32 0 0 2 2 0 0 0 1
321 70 103 83 20 60 212 1563 197 829 81 2980 30 17 17 20 16 22 197 1 8 14 37 1 7 12 35 0 1 2 1 0 0 0 1
322 85 101 81 20 59 218 1532 218 825 79 2973 30 18 17.5 20 16 28 218 1 8 14 36 1 7 12 34 0 1 2 1 0 0 0 1
323 70 100 80 20 59 222 1566 209 824 79 2986 31.5 18 17.5 20 16 26 209 1 7 15 36 1 6 13 34 0 1 2 1 0 0 0 1
324 61 103 83 20 60 229 1590 212 815 81 2992 31 18 18 20 16 20 212 1 5 16 38 1 4 15 35 0 1 1 2 0 0 0 1
325 70 101 81 20 60 223 1578 215 814 77 2985 31 18 18 20 16 20 215 1 6 15 38 1 6 13 36 0 0 2 1 0 0 0 1
326 64 103 81 22 59 228 1574 232 814 76 2990 31 18 18 20 16 31 232 1 5 14 39 1 5 13 36 0 0 1 2 0 0 0 1
327 78 101 79 22 59 243 1584 220 804 79 2997 32 18 18 20 16 37 220 1 6 14 38 1 6 13 35 0 0 1 2 0 0 0 1
328 74 105 80 25 62 242 1536 225 808 79 3006 30 18 18 20 16 30 225 2 9 13 38 2 9 12 36 0 0 1 1 0 0 0 1
329 76 105 80 25 62 227 1543 229 812 79 2997 31 18 18 20 16 18 229 1 10 12 39 1 10 11 37 0 0 1 1 0 0 0 1
330 71 105 80 25 62 225 1566 221 813 79 3011 31 18 18 20 NA 25 221 1 7 13 41 1 7 12 40 0 0 1 1 0 0 0 0
331 83 107 83 24 63 222 1543 235 824 83 3028 31 18 18 20 NA 24 235 1 8 11 43 1 7 10 42 0 1 1 1 0 0 0 0
332 72 108 83 25 63 217 1523 240 826 84 3029 32 18 18 20 NA 24 240 0 7 12 44 0 6 11 43 0 1 1 1 0 0 0 0
333 63 109 85 24 65 210 1560 199 836 85 3037 32 18 18 20 NA 18 199 2 6 14 43 2 5 13 42 0 1 1 1 0 0 0 0
334 81 107 82 25 68 213 1540 229 829 80 3029 32 18 18 20 NA 22 229 4 8 14 42 4 7 13 41 0 1 1 1 0 0 0 0
335 92 105 80 25 64 216 1550 204 821 77 3014 29 18 18 20 NA 24 204 4 7 13 40 4 6 12 39 0 1 1 1 0 0 0 0
336 66 102 78 24 65 217 1608 185 826 76 3027 30 18 18 20 NA 31 185 3 8 12 42 3 7 11 41 0 1 1 1 0 0 0 0
337 59 104 79 25 66 214 1591 206 838 79 3034 31 18 18 18 NA 21 206 3 9 9 45 3 7 9 43 0 2 0 2 0 0 0 0
338 58 100 76 24 64 214 1593 226 843 80 3050 31 18 18 18 NA 31 226 2 10 9 43 2 8 9 41 0 2 0 2 0 0 0 0
339 78 99 76 23 62 220 1603 219 838 77 3043 30 18 18 18 NA 32 219 2 9 10 41 2 7 10 39 0 2 0 2 0 0 0 0
340 85 102 79 23 64 232 1611 233 831 78 3033 27 18 18 18 NA 32 233 2 10 11 41 2 8 11 39 0 2 0 2 0 0 0 0
341 85 102 78 24 65 237 1584 234 830 78 3032 26.5 18 18 18 NA 37 234 3 7 13 42 3 5 13 40 0 2 0 2 0 0 0 0
342 77 101 78 23 65 237 1565 222 833 77 3030 27 18 18 18 NA 28 222 2 8 10 45 2 6 10 43 0 2 0 2 0 0 0 0
343 73 100 77 23 64 228 1563 226 838 77 3051 27.5 18 18 18 NA 18 226 1 7 13 43 1 6 12 41 0 1 1 2 0 0 0 0
344 65 101 78 23 65 222 1559 219 841 76 3054 27 18 18 18 NA 19 219 2 7 12 44 2 6 11 42 0 1 1 2 0 0 0 0
345 69 101 79 22 65 232 1584 210 842 77 3053 28 18 18 18 NA 27 210 2 7 12 44 2 7 10 42 0 0 2 2 0 0 0 0
346 78 98 76 22 63 228 1571 241 842 77 3049 27.5 18 18 18 NA 24 241 1 9 12 41 1 9 10 39 0 0 2 2 0 0 0 0
347 67 98 76 22 60 228 1584 208 833 76 3041 27.5 18 18 16 NA 23 208 0 10 12 38 0 10 10 37 0 0 2 1 0 0 0 0
348 75 99 76 23 60 228 1587 212 833 75 3045 28 18 18 18 NA 30 212 0 10 12 38 0 10 9 37 0 0 3 1 0 0 0 0
349 80 100 75 25 59 219 1582 235 831 74 3044 27 18 18 18 NA 24 235 0 9 14 36 0 9 11 35 0 0 3 1 0 0 0 0
350 71 100 75 25 57 217 1560 242 830 72 3046 25.5 18 18 18 NA 21 242 0 7 15 35 0 7 12 34 0 0 3 1 0 0 0 0
351 74 97 72 25 56 211 1561 223 833 71 3060 26 18 18 18 NA 28 223 0 7 15 34 0 7 12 33 0 0 3 1 0 0 0 0
352 86 100 72 28 57 215 1549 230 832 73 3036 26 18 18 18 NA 25 230 0 8 16 33 0 8 13 32 0 0 3 1 0 0 0 0
353 91 98 70 28 56 226 1535 233 824 72 3024 27 18 18 18 NA 30 233 0 7 14 35 0 7 11 34 0 0 3 1 0 0 0 0
354 74 96 67 29 55 238 1533 208 824 72 3031 28 18 18 18 NA 36 208 0 6 14 35 0 6 11 34 0 0 3 1 0 0 0 0
355 71 97 68 29 53 231 1529 232 832 71 3017 26 18 18 18 NA 23 232 0 5 13 35 0 5 11 33 0 0 2 2 0 0 0 0
356 68 100 71 29 54 232 1497 237 840 72 3013 25.5 18 18 18 NA 30 237 0 5 13 36 0 5 11 34 0 0 2 2 0 0 0 0
357 89 99 70 29 52 228 1514 218 834 71 2999 26 18 18 18 NA 27 218 0 5 11 36 0 5 10 33 0 0 1 3 0 0 0 0
358 84 100 71 29 54 226 1494 231 837 71 3004 26.5 18 18 18 NA 31 231 0 3 15 36 0 3 14 33 0 0 1 3 0 0 0 0
359 68 97 69 28 52 228 1505 217 836 72 3010 26 18 18 16 NA 25 217 0 2 16 34 0 2 15 32 0 0 1 2 0 0 0 0
360 69 96 70 26 51 224 1526 204 836 73 3020 26 18 18 18 NA 20 204 0 3 15 33 0 3 15 31 0 0 0 2 0 0 0 0
