1 76 121 102 19 50 159 1780 107 374 97 441 29 23 NA 23.5 10.5 13 107 0 4 14 32 0 0 0 0 0 4 13 31 0 0 1 1
2 72 116 95 21 48 161 1760 134 374 90 774 29 23.5 NA 24 6 15 134 0 5 11 32 0 0 0 0 0 5 10 30 0 0 1 2
3 87 120 100 20 48 165 1738 129 372 87 1025 26.5 23.5 NA 24 12.5 19 129 0 5 10 33 0 0 0 0 0 5 9 30 0 0 1 3
4 77 120 99 21 49 179 1688 175 379 87 1224 27 23 34 23 19 26 175 1 4 12 32 0 0 1 0 1 4 10 28 0 0 1 4
5 74 122 99 23 53 172 1640 184 395 88 1399 26 25 33 23.5 19 21 184 1 5 15 32 0 1 4 1 1 4 10 27 0 0 1 4
6 83 125 102 23 52 178 1608 174 401 91 1559 26 24.5 33 23 19 21 174 1 5 13 33 0 1 3 2 1 4 9 27 0 0 1 4
1 80 121 103 18 53 157 1747 125 381 98 462 29 23 31 22.5 NA 11 125 0 6 14 33 0 0 0 1 0 6 14 32 0 0 0 0
2 73 121 103 18 52 165 1717 146 383 95 786 29 23 32 22.5 11 20 146 0 6 13 33 0 0 1 2 0 5 12 31 0 1 0 0
3 87 119 101 18 53 162 1706 141 390 93 1046 30 23 32 22 11 19 141 0 8 13 32 0 1 1 1 0 6 12 31 0 1 0 0
4 70 117 98 19 53 164 1684 161 395 91 1282 30 23 27.5 21.5 11 19 161 0 7 16 30 0 1 2 1 0 5 14 29 0 1 0 0
5 79 116 97 19 52 173 1690 138 399 90 1452 29.5 20 20.5 20 11 22 138 0 8 14 30 0 2 2 0 0 5 12 30 0 1 0 0
6 81 113 92 21 49 181 1649 183 408 89 1587 29 20 18 20 19 33 183 1 8 12 28 1 2 1 1 0 5 11 26 0 1 0 1
7 77 111 90 21 48 183 1601 194 413 87 1696 28 19.5 18 20 11 19 194 1 8 12 27 1 3 1 1 0 4 11 26 0 1 0 0
8 67 113 91 22 51 185 1576 200 425 88 1827 29 20 20 20 11 22 200 1 8 14 28 1 4 2 1 0 3 12 27 0 1 0 0
9 86 110 88 22 53 180 1574 188 446 85 1906 29 20 22 20 11 28 188 1 8 14 30 1 5 3 2 0 2 11 28 0 1 0 0
10 84 107 86 21 56 175 1574 174 459 82 1965 30 21 23 20 8.5 18 174 1 5 17 33 1 3 6 3 0 2 10 29 0 0 1 1
11 74 106 86 20 58 174 1600 182 467 82 2028 31 20 22 20 8.5 21 182 1 7 15 35 1 5 6 3 0 2 8 31 0 0 1 1
12 72 107 87 20 58 173 1573 206 476 81 2099 29 20 20 20 8.5 21 206 1 8 14 35 1 6 6 3 0 2 7 31 0 0 1 1
13 83 108 87 21 59 169 1523 212 486 82 2139 29.5 20 18 20 8.5 22 212 2 5 15 37 2 5 7 3 0 0 7 33 0 0 1 1
14 87 106 85 21 59 164 1529 197 489 82 2175 29.5 20 20 20 11 21 197 2 6 17 34 2 6 9 2 0 0 7 32 0 0 1 0
15 73 105 83 22 59 155 1543 203 507 79 2230 29 20 20 21.5 6.5 18 203 3 6 17 33 3 6 9 3 0 0 7 29 0 0 1 1
16 96 106 83 23 59 157 1543 206 512 78 2266 29.5 20 20 23 6.5 23 206 4 6 13 36 4 6 8 5 0 0 4 30 0 0 1 1
17 80 105 83 22 60 157 1524 202 520 80 2301 30 21 21 23 6.5 21 202 2 7 15 36 2 7 10 5 0 0 4 30 0 0 1 1
18 68 106 83 23 60 167 1521 233 523 79 2326 28.5 20 19.5 20 11 29 233 2 8 16 34 2 8 11 5 0 0 4 27 0 0 1 2
19 68 108 84 24 61 173 1507 208 526 79 2359 28 20 19 20 11 26 208 2 8 14 37 2 8 10 7 0 0 3 28 0 0 1 2
20 83 108 83 25 60 171 1488 215 526 78 2378 26.5 19.5 18.5 20 11 24 215 1 10 13 36 1 10 9 8 0 0 3 26 0 0 1 2
21 72 109 85 24 60 167 1481 220 535 80 2422 27 19 18.5 20 11 17 220 1 9 14 36 1 9 11 7 0 0 2 27 0 0 1 2
22 91 107 82 25 57 168 1454 224 534 77 2441 26 19 18 20 11 23 224 2 9 10 36 2 9 8 8 0 0 2 25 0 0 0 3
23 88 105 80 25 57 176 1454 218 534 77 2452 27 18 17.5 21.5 11 24 218 3 9 9 36 3 9 7 9 0 0 2 24 0 0 0 3
24 74 103 79 24 56 172 1473 201 545 77 2472 27 18 17.5 20 17.5 21 201 2 10 9 35 2 10 7 9 0 0 2 22 0 0 0 4
25 86 104 81 23 58 175 1478 206 546 77 2493 25.5 18 17 20 17.5 20 206 4 10 7 37 4 10 7 10 0 0 0 23 0 0 0 4
26 59 104 81 23 58 178 1537 182 551 74 2527 24.5 18 16.5 20 17.5 24 182 3 10 8 37 3 10 8 11 0 0 0 22 0 0 0 4
27 68 111 87 24 60 187 1544 228 556 77 2555 25 17.5 15.5 20 17.5 29 228 4 11 8 37 4 11 8 11 0 0 0 22 0 0 0 4
28 93 108 85 23 59 194 1531 220 553 76 2569 23.5 17 15 20 17.5 27 220 4 10 11 34 4 10 11 10 0 0 0 20 0 0 0 4
29 83 109 86 23 59 208 1520 241 560 75 2586 24 17 15 20 17.5 35 241 4 8 13 34 4 8 13 10 0 0 0 20 0 0 0 4
30 78 111 89 22 59 195 1540 203 568 77 2603 24 17 15.5 20 17.5 15 203 3 9 14 33 3 9 14 10 0 0 0 19 0 0 0 4
31 91 109 88 21 57 190 1493 240 570 77 2593 25 17 15.5 20 17.5 22 240 3 8 13 33 3 8 13 10 0 0 0 19 0 0 0 4
32 64 109 89 20 57 187 1475 234 579 79 2624 24 17 15 20 11 26 234 2 9 13 33 2 9 13 11 0 0 0 19 0 0 0 3
33 75 110 91 19 56 185 1492 223 584 79 2641 24.5 17 15 21.5 11 18 223 1 10 12 33 1 10 12 12 0 0 0 18 0 0 0 3
34 71 108 89 19 56 177 1513 201 595 76 2669 24.5 17 16.5 21.5 6.5 19 201 1 11 13 31 1 11 12 12 0 0 1 17 0 0 0 2
35 80 106 87 19 57 181 1528 213 590 75 2666 26 17 16 20 11 26 213 1 11 14 31 1 11 13 12 0 0 1 18 0 0 0 1
36 76 103 84 19 54 179 1545 216 592 73 2663 26 17 16 20 11 22 216 0 10 14 30 0 10 13 11 0 0 1 18 0 0 0 1
37 76 106 87 19 55 194 1523 229 590 75 2678 25 17 16 19 11 33 229 0 11 13 31 0 10 12 12 0 1 1 18 0 0 0 1
38 93 106 88 18 55 191 1496 231 597 79 2685 25 17 16 18 11 22 231 0 11 12 32 0 10 11 14 0 1 1 17 0 0 0 1
39 66 109 91 18 56 191 1500 223 610 84 2692 24 17 16.5 19 37 27 223 0 10 15 31 0 9 13 14 0 1 2 15 0 0 0 2
40 78 107 91 16 53 194 1493 228 611 81 2704 24 17 16 19 37 29 228 0 8 15 30 0 7 13 15 0 1 2 13 0 0 0 2
41 74 103 88 15 53 197 1531 194 614 78 2720 23 17 16 19 37 21 194 1 9 12 31 1 8 11 17 0 1 1 12 0 0 0 2
42 93 101 87 14 52 191 1524 236 628 78 2741 24 16.5 16 19 37 22 236 1 8 12 31 1 7 11 17 0 1 1 12 0 0 0 2
43 72 103 88 15 52 188 1544 204 633 77 2750 24 16 15.5 19 37 17 204 2 7 13 30 2 6 12 16 0 1 1 12 0 0 0 2
44 83 104 90 14 51 193 1558 204 628 73 2755 21.5 16 16 19 37 24 204 2 7 14 28 2 6 13 14 0 1 1 12 0 0 0 2
45 70 105 90 15 52 194 1534 241 627 77 2771 21 16 15.5 19 37 20 241 2 6 15 29 2 6 14 14 0 0 1 13 0 0 0 2
46 83 108 93 15 52 203 1498 239 626 76 2774 21.5 16 15.5 19 37 29 239 2 6 14 30 2 6 13 15 0 0 1 13 0 0 0 2
47 77 106 91 15 54 204 1486 245 631 74 2798 22 16 15.5 21.5 37 25 245 4 7 13 30 4 7 12 17 0 0 1 11 0 0 0 2
48 76 107 91 16 53 194 1516 211 637 72 2806 22 17 16 23 37 16 211 3 8 11 31 3 8 11 18 0 0 0 11 0 0 0 2
49 71 104 88 16 50 197 1511 242 630 72 2813 23 16.5 15 23.5 37 20 242 2 10 11 27 2 10 11 15 0 0 0 10 0 0 0 2
50 76 104 88 16 50 191 1540 203 636 72 2839 23.5 16.5 15 23.5 37 17 203 2 7 13 28 2 7 13 16 0 0 0 10 0 0 0 2
51 86 103 87 16 55 187 1533 236 643 72 2841 24 17 16 24 37 30 236 2 6 15 32 2 6 15 19 0 0 0 11 0 0 0 2
52 51 105 89 16 56 194 1549 230 646 73 2867 25 18 16 24 37 25 230 1 8 14 33 1 7 14 21 0 1 0 10 0 0 0 2
53 79 107 93 14 56 194 1554 209 654 71 2856 23 17.5 15.5 23.5 37 21 209 1 10 13 32 1 9 13 21 0 1 0 9 0 0 0 2
54 62 109 96 13 57 200 1540 239 667 71 2875 21 18 16.5 23 37 29 239 1 9 14 33 1 8 14 23 0 1 0 8 0 0 0 2
55 55 105 94 11 55 209 1561 215 668 70 2902 22 18 17 23 37 27 215 1 9 13 32 1 8 13 22 0 1 0 8 0 0 0 2
56 75 105 93 12 55 205 1562 242 678 76 2907 23 18 17 21.5 17 22 242 1 9 13 32 1 7 13 23 0 1 0 7 0 1 0 2
57 75 102 91 11 53 216 1547 252 675 72 2907 20.5 18 17 23 17 30 252 1 8 14 30 1 7 13 22 0 0 1 6 0 1 0 2
58 70 104 93 11 54 214 1579 215 677 76 2921 21 17.5 17 21 37 20 215 0 9 15 30 0 8 14 22 0 1 1 6 0 0 0 2
59 80 104 93 11 53 206 1558 234 683 75 2916 22 18 17.5 19 37 22 234 0 9 15 29 0 8 14 22 0 1 1 5 0 0 0 2
60 72 106 94 12 51 205 1546 221 689 76 2908 21 18 17.5 19 37 24 221 0 9 13 29 0 8 12 22 0 1 1 5 0 0 0 2
61 90 107 95 12 51 203 1550 225 690 75 2928 21 17 17 19 11 17 225 2 6 16 27 2 5 15 21 0 1 1 5 0 0 0 1
62 69 103 91 12 47 206 1536 234 690 73 2938 21 18 18 19 11 26 234 2 5 14 26 2 4 13 20 0 1 1 5 0 0 0 1
63 80 100 87 13 49 210 1557 227 699 72 2931 21.5 18 18 19 11 33 227 3 4 13 29 3 4 11 23 0 0 2 5 0 0 0 1
64 75 101 86 15 50 210 1515 253 712 71 2929 20 18 18 19 11 34 253 3 5 14 28 3 5 12 22 0 0 2 5 0 0 0 1
65 74 100 86 14 51 209 1518 233 714 69 2928 21 19 19.5 18 11 29 233 4 5 15 27 3 5 13 21 1 0 2 5 0 0 0 1
66 74 100 86 14 49 220 1509 240 715 69 2944 21.5 19 19.5 18 11 37 240 3 7 12 27 2 7 10 21 1 0 2 5 0 0 0 1
67 85 103 88 15 48 232 1489 235 711 68 2938 21 18.5 19 18 11 39 235 3 7 12 26 2 7 10 20 1 0 2 5 0 0 0 1
68 86 107 88 19 50 228 1495 217 723 71 2934 22 18.5 19 18 11 29 217 3 6 14 27 2 6 12 21 1 0 2 5 0 0 0 1
69 91 103 84 19 46 226 1527 218 725 68 2930 21 18.5 19.5 17 11 26 218 2 7 12 25 2 6 11 19 0 1 1 5 0 0 0 1
70 88 100 82 18 43 236 1492 238 719 66 2917 20.5 17 18.5 17 11 29 238 1 6 14 22 1 5 13 17 0 1 1 4 0 0 0 1
71 70 100 82 18 45 245 1475 237 714 70 2930 21.5 17 17.5 17 11 31 237 2 6 15 22 2 5 14 17 0 1 1 4 0 0 0 1
72 79 100 81 19 46 237 1498 226 719 72 2924 21.5 17 17 17 11 27 226 1 8 16 21 1 7 15 16 0 1 1 4 0 0 0 1
73 89 101 79 22 44 234 1484 221 714 71 2931 19 17 17 17 NA 23 221 2 9 13 20 2 8 12 16 0 1 1 4 0 0 0 0
74 77 99 77 22 45 237 1475 208 711 67 2935 20 17 17 17 NA 29 208 2 11 12 20 2 10 11 16 0 1 1 4 0 0 0 0
75 86 97 76 21 42 240 1477 232 708 66 2925 20 17 16.5 17 NA 24 232 2 10 10 20 2 9 10 15 0 1 0 5 0 0 0 0
76 82 99 79 20 43 230 1493 213 728 68 2920 20 17 17 17 NA 26 213 2 9 10 22 2 8 10 17 0 1 0 5 0 0 0 0
77 75 101 80 21 44 239 1495 235 726 68 2925 21 17 17 17 NA 32 235 2 10 9 23 2 9 9 18 0 1 0 5 0 0 0 0
78 75 99 78 21 45 243 1508 222 733 70 2924 22 17 17 17 NA 34 222 1 9 12 23 1 8 12 18 0 1 0 5 0 0 0 0
79 67 98 77 21 48 240 1532 196 746 73 2935 23 17 17 17 NA 25 196 0 10 14 24 0 9 14 19 0 1 0 5 0 0 0 0
80 78 100 76 24 46 238 1524 229 752 73 2923 21.5 17 17 17 NA 32 229 1 7 13 25 1 6 13 21 0 1 0 4 0 0 0 0
81 78 104 74 30 48 241 1516 244 758 73 2914 21 17 17 17 NA 37 244 2 8 14 24 2 8 13 20 0 0 1 4 0 0 0 0
82 79 103 73 30 49 240 1504 251 766 72 2930 22 17 17.5 17 NA 32 251 3 7 14 25 3 7 13 21 0 0 1 4 0 0 0 0
83 66 106 76 30 49 251 1493 227 767 71 2923 22 17 17.5 17 NA 34 227 3 5 15 26 3 5 14 22 0 0 1 4 0 0 0 0
84 78 107 77 30 50 234 1524 191 768 73 2917 21 17 18 17 NA 19 191 3 5 14 28 3 5 13 24 0 0 1 4 0 0 0 0
85 69 106 76 30 49 230 1544 214 766 75 2922 21 17 17.5 17 NA 27 214 3 5 15 26 3 5 14 22 0 0 1 4 0 0 0 0
86 73 106 76 30 49 224 1563 189 773 76 2915 22 17 17.5 17 NA 20 189 3 5 15 26 3 5 14 22 0 0 1 4 0 0 0 0
87 102 105 77 28 49 214 1538 233 774 77 2890 23 17 17 17 NA 24 233 3 4 17 25 3 4 15 21 0 0 2 4 0 0 0 0
88 80 101 73 28 48 198 1538 207 781 74 2894 22 17.5 18 17 NA 14 207 2 8 15 23 2 8 13 19 0 0 2 4 0 0 0 0
89 83 99 71 28 47 194 1540 202 778 73 2898 23 17 18 17 NA 24 202 2 8 14 23 2 8 13 18 0 0 1 5 0 0 0 0
90 66 103 75 28 49 204 1518 222 777 73 2897 23 17 18 17 NA 32 222 3 6 15 25 3 6 14 20 0 0 1 5 0 0 0 0
91 78 104 76 28 51 206 1528 219 781 75 2900 24 17 18 17 NA 28 219 3 5 17 26 3 5 16 21 0 0 1 5 0 0 0 0
92 87 106 79 27 53 202 1520 227 788 79 2889 25 17 18 17 NA 23 227 2 8 14 29 2 8 13 24 0 0 1 5 0 0 0 0
93 74 105 78 27 51 205 1530 221 789 80 2893 24 17 17 17 NA 24 221 1 9 12 29 1 9 12 23 0 0 0 6 0 0 0 0
94 67 107 80 27 55 196 1534 240 799 80 2910 22 17 17 17 NA 17 240 2 11 12 30 2 11 12 24 0 0 0 6 0 0 0 0
95 70 107 81 26 55 204 1526 232 789 81 2913 22 17 16.5 17 NA 33 232 1 15 8 31 1 14 8 25 0 1 0 6 0 0 0 0
96 90 114 84 30 57 210 1547 204 779 83 2893 21.5 16 16 16.5 17 24 204 2 15 7 33 2 14 7 27 0 1 0 5 0 0 0 1
97 92 113 82 31 54 210 1565 195 777 81 2881 22 16 16 16.5 17 26 195 2 13 8 31 2 12 8 25 0 1 0 5 0 0 0 1
98 69 115 85 30 54 207 1574 208 775 81 2901 22 16 16 17 17 22 208 2 13 9 30 2 11 9 24 0 2 0 5 0 0 0 1
99 69 114 83 31 52 216 1555 217 765 81 2907 22 16 16 19 17 31 217 1 12 10 29 1 10 10 25 0 2 0 3 0 0 0 1
100 92 114 82 32 53 211 1532 238 757 82 2898 22 17 16 19 17 28 238 1 11 12 29 1 9 12 25 0 2 0 3 0 0 0 1
101 73 113 82 31 54 214 1521 218 759 80 2898 22 16.5 16 19 17 33 218 1 12 13 28 1 10 13 24 0 2 0 3 0 0 0 1
102 86 114 81 33 55 204 1519 204 764 83 2891 22 17 16.5 17 17 20 204 1 14 12 28 1 12 12 25 0 2 0 2 0 0 0 1
103 59 120 85 35 56 206 1546 224 772 84 2905 23 17 17 17 17 23 224 1 12 14 29 1 11 13 26 0 1 1 2 0 0 0 1
104 72 124 89 35 56 211 1528 254 769 85 2911 23 16.5 16 17 17 28 254 1 12 14 29 1 12 12 26 0 0 2 2 0 0 0 1
105 85 127 92 35 57 221 1477 261 767 87 2926 23 17 16.5 17 17 37 261 1 8 19 29 1 8 17 26 0 0 2 2 0 0 0 1
106 68 127 92 35 57 223 1508 198 774 88 2943 23 16 16 17 17 25 198 1 8 18 30 1 8 16 27 0 0 2 2 0 0 0 1
107 74 122 89 33 54 225 1538 215 776 84 2950 23.5 16.5 16 17 17 25 215 1 7 20 26 1 7 18 23 0 0 2 2 0 0 0 1
108 78 122 89 33 55 214 1574 212 785 90 2952 24 16 16 17 17 21 212 1 7 21 26 1 7 19 23 0 0 2 2 0 0 0 1
109 83 124 91 33 56 223 1568 220 789 91 2947 24.5 16 16 17 17 32 220 1 7 19 29 1 7 17 26 0 0 2 2 0 0 0 1
110 69 123 90 33 57 224 1572 238 793 93 2965 26 16 16 17 17 27 238 0 8 19 30 0 8 17 27 0 0 2 2 0 0 0 1
111 83 122 90 32 56 226 1589 204 786 90 2963 24.5 16.5 16 17 17 23 204 1 6 19 30 1 6 17 27 0 0 2 2 0 0 0 1
112 81 121 88 33 54 234 1537 258 783 89 2953 25 16.5 16 17 17 32 258 1 6 17 30 1 6 15 27 0 0 2 2 0 0 0 1
113 81 122 88 34 53 234 1544 217 788 89 2958 23 17 16 19 17 24 217 2 7 16 28 2 7 14 26 0 0 2 1 0 0 0 1
114 69 121 87 34 53 241 1555 225 786 89 2967 24 16 16 19 NA 35 225 3 6 17 27 3 6 15 26 0 0 2 1 0 0 0 0
115 78 117 84 33 55 248 1548 219 785 91 2970 25 16 16 19 NA 34 219 3 10 14 28 3 10 13 26 0 0 1 2 0 0 0 0
116 66 121 88 33 55 255 1552 224 785 95 2986 24 17 16.5 19 NA 32 224 2 11 13 29 2 11 13 26 0 0 0 3 0 0 0 0
117 82 119 86 33 53 257 1556 210 790 95 2991 25 17 16.5 19 NA 28 210 1 10 10 32 1 10 10 29 0 0 0 3 0 0 0 0
118 85 116 84 32 53 250 1539 224 794 94 2984 26 16 16.5 15 NA 23 224 1 9 10 33 1 8 10 31 0 1 0 2 0 0 0 0
119 79 112 82 30 55 243 1568 196 793 92 2971 25.5 17 17 17 NA 28 196 1 12 8 34 1 11 8 33 0 1 0 1 0 0 0 0
120 89 109 80 29 54 237 1558 224 797 87 2958 24 17.5 17.5 17 NA 20 224 1 10 12 31 1 9 12 30 0 1 0 1 0 0 0 0
121 82 109 81 28 56 238 1567 216 799 87 2960 25 18 18 17 NA 28 216 1 11 12 32 1 10 12 31 0 1 0 1 0 0 0 0
122 92 109 82 27 56 233 1559 219 793 86 2940 26 18 18 17 NA 21 219 1 9 14 32 1 8 14 31 0 1 0 1 0 0 0 0
123 83 108 80 28 55 239 1540 231 788 85 2948 27 18 18 17 NA 26 231 0 10 12 33 0 9 12 32 0 1 0 1 0 0 0 0
124 84 108 82 26 55 234 1563 207 798 84 2954 26.5 18 18.5 15 NA 25 207 0 10 14 31 0 9 14 31 0 1 0 0 0 0 0 0
125 75 105 81 24 52 228 1537 254 804 84 2956 27 18.5 18.5 NA NA 25 254 0 9 13 30 0 9 13 30 0 0 0 0 0 0 0 0
126 88 105 81 24 49 233 1502 227 806 81 2951 28 19 19 NA NA 31 227 0 8 12 29 0 8 12 29 0 0 0 0 0 0 0 0
127 71 104 81 23 48 239 1477 237 803 78 2953 27.5 19 19 NA NA 30 237 0 6 14 28 0 6 14 28 0 0 0 0 0 0 0 0
128 93 101 78 23 49 237 1459 206 810 79 2940 29 19 19 NA NA 32 206 0 4 14 31 0 4 14 31 0 0 0 0 0 0 0 0
129 80 99 75 24 48 239 1451 218 806 79 2931 28 19 19 NA NA 26 218 0 2 15 31 0 2 15 31 0 0 0 0 0 0 0 0
130 82 100 76 24 49 231 1490 181 811 76 2931 27 19 19 NA NA 25 181 1 2 15 31 1 2 15 31 0 0 0 0 0 0 0 0
131 75 101 77 24 51 222 1492 205 815 75 2919 28 19 19 NA NA 27 205 1 4 16 30 1 4 16 30 0 0 0 0 0 0 0 0
132 76 103 77 26 53 226 1498 207 817 76 2921 28 19 19 NA NA 29 207 1 5 13 34 1 5 13 34 0 0 0 0 0 0 0 0
133 69 104 78 26 55 224 1534 226 817 77 2942 29 19 19 NA NA 23 226 2 6 12 35 2 6 12 35 0 0 0 0 0 0 0 0
134 73 104 77 27 53 221 1525 224 824 76 2943 29 19 19 NA NA 23 224 1 7 10 35 1 7 10 35 0 0 0 0 0 0 0 0
135 72 104 78 26 51 220 1525 244 833 74 2951 28 19 19 NA NA 31 244 1 6 12 32 1 6 12 32 0 0 0 0 0 0 0 0
136 88 104 78 26 50 218 1543 197 832 74 2944 26 19 19 NA NA 23 197 1 7 12 30 1 7 12 30 0 0 0 0 0 0 0 0
137 64 105 78 27 49 220 1526 227 834 74 2954 26 19 19 NA NA 24 227 0 6 14 29 0 6 14 29 0 0 0 0 0 0 0 0
138 75 106 79 27 52 212 1528 209 838 77 2952 26 19 19 14 NA 25 209 1 6 16 29 1 5 16 29 0 1 0 0 0 0 0 0
139 76 108 80 28 54 206 1538 205 847 79 2962 26 18.5 19 14 NA 27 205 3 6 13 32 3 5 13 32 0 1 0 0 0 0 0 0
140 84 111 83 28 55 211 1529 242 842 79 2962 26 18 18.5 14 NA 31 242 4 5 10 36 4 4 10 36 0 1 0 0 0 0 0 0
141 82 110 81 29 56 208 1541 207 841 79 2968 25 18.5 19 14 NA 25 207 3 7 9 37 3 6 9 37 0 1 0 0 0 0 0 0
142 76 111 82 29 57 208 1535 219 850 81 2982 26 19 19 14 NA 27 219 3 7 8 39 3 6 8 39 0 1 0 0 0 0 0 0
143 62 110 81 29 57 222 1540 214 853 82 3000 27 18 18.5 14 NA 40 214 4 7 8 38 4 6 8 38 0 1 0 0 0 0 0 0
144 75 107 78 29 60 224 1537 232 852 85 3011 28 18.5 19 15 NA 28 232 3 9 8 40 3 7 8 40 0 2 0 0 0 0 0 0
145 73 110 81 29 62 211 1537 217 865 86 3007 28.5 18.5 19 15 NA 22 217 3 9 10 40 3 7 10 40 0 2 0 0 0 0 0 0
146 79 110 81 29 62 204 1545 210 863 87 3010 29 18.5 19 15 NA 14 210 3 8 12 39 3 6 12 39 0 2 0 0 0 0 0 0
147 72 107 80 27 57 211 1571 209 851 82 2997 26 18 18 15 NA 24 209 3 7 9 38 3 5 9 38 0 2 0 0 0 0 0 0
148 91 109 83 26 59 216 1554 231 849 83 2977 26 18 18 15 NA 31 231 3 7 11 38 3 6 10 38 0 1 1 0 0 0 0 0
149 76 110 83 27 60 219 1559 223 850 83 2986 26 17.5 18 15 NA 31 223 3 8 9 40 3 7 8 40 0 1 1 0 0 0 0 0
150 89 107 79 28 56 215 1574 214 848 79 2975 25 16.5 17.5 15 NA 22 214 3 8 9 36 3 7 8 36 0 1 1 0 0 0 0 0
151 80 106 78 28 56 223 1543 240 850 77 2975 24.5 16 16 16 NA 33 240 4 10 9 33 4 8 8 33 0 2 1 0 0 0 0 0
152 67 103 76 27 56 222 1560 220 857 79 2984 26 16 16 16 NA 26 220 4 11 8 33 4 10 7 33 0 1 1 0 0 0 0 0
153 67 102 77 25 55 225 1538 228 854 79 2988 26.5 16 16 16 NA 24 228 4 9 10 32 4 8 9 32 0 1 1 0 0 0 0 0
154 72 102 77 25 58 229 1552 210 859 81 3004 27.5 16 16 16 NA 30 210 3 12 11 32 3 11 10 32 0 1 1 0 0 0 0 0
155 78 102 77 25 58 221 1544 205 870 79 2998 27 16 16 16 NA 31 205 4 12 10 32 4 11 9 32 0 1 1 0 0 0 0 0
156 77 99 75 24 56 238 1549 221 854 76 2990 27 16 16 16 NA 34 221 4 11 11 30 4 10 10 30 0 1 1 0 0 0 0 0
157 88 99 75 24 53 236 1570 225 853 77 2981 26 16 16 18 NA 21 225 2 11 11 29 2 11 10 29 0 0 1 0 0 0 0 0
158 100 98 75 23 51 238 1550 210 847 74 2972 25.5 16 15.5 18 NA 32 210 3 11 10 27 3 11 9 27 0 0 1 0 0 0 0 0
159 70 98 77 21 51 230 1556 202 851 75 2992 25.5 15 15 18 NA 19 202 1 13 11 26 1 13 10 26 0 0 1 0 0 0 0 0
160 81 98 77 21 50 226 1569 202 854 76 2991 25.5 16 16 18 NA 23 202 1 12 12 25 1 12 11 25 0 0 1 0 0 0 0 0
161 77 99 79 20 49 221 1584 219 853 77 2989 25 16 15.5 18 NA 32 219 1 10 13 25 1 10 12 25 0 0 1 0 0 0 0 0
162 81 99 80 19 51 212 1618 209 858 77 2991 26 16 15.5 18 NA 24 209 2 11 12 26 2 11 11 26 0 0 1 0 0 0 0 0
163 72 99 80 19 51 205 1611 214 853 77 2999 26 16 15.5 18 NA 22 214 2 10 13 26 2 10 12 26 0 0 1 0 0 0 0 0
164 58 98 79 19 51 200 1616 215 858 76 3001 26.5 15 15 18 NA 22 215 2 9 14 26 2 9 13 26 0 0 1 0 0 0 0 0
165 62 99 80 19 50 208 1620 206 858 77 3004 26 15.5 15 18 NA 27 206 2 9 11 28 2 9 10 28 0 0 1 0 0 0 0 0
166 77 105 86 19 50 203 1624 225 861 76 2998 26 15.5 15 18 NA 27 225 2 8 11 29 2 8 10 29 0 0 1 0 0 0 0 0
167 95 104 84 20 50 198 1579 227 859 76 2993 25.5 16 16 17 NA 21 227 2 10 11 27 2 9 10 27 0 1 1 0 0 0 0 0
168 65 103 82 21 49 201 1565 221 860 74 3003 26 16 15.5 18 NA 27 221 2 11 11 25 2 9 10 25 0 2 1 0 0 0 0 0
169 89 102 81 21 51 197 1573 221 862 72 2986 24 16 15 18 NA 30 221 4 9 11 27 4 7 11 26 0 2 0 1 0 0 0 0
170 85 99 80 19 49 205 1553 219 865 72 2977 25 15 15 18 NA 33 219 3 9 11 26 3 7 11 25 0 2 0 1 0 0 0 0
171 68 96 76 20 49 188 1570 189 868 70 2977 24 15 15 18 NA 11 189 2 9 13 25 2 7 13 24 0 2 0 1 0 0 0 0
172 56 97 77 20 49 190 1577 214 870 72 2996 25 15 15 18 NA 22 214 2 8 14 25 2 6 14 24 0 2 0 1 0 0 0 0
173 65 95 75 20 51 190 1577 228 877 72 2998 26 15 14.5 18 NA 22 228 3 10 12 26 3 8 12 25 0 2 0 1 0 0 0 0
174 84 90 71 19 47 195 1587 230 867 68 2995 25.5 15 14.5 18 NA 26 230 2 11 11 23 2 10 10 22 0 1 1 1 0 0 0 0
175 62 94 75 19 46 187 1589 212 873 68 2995 24 14.5 14 18 NA 19 212 2 10 13 21 2 10 11 20 0 0 2 1 0 0 0 0
176 97 92 73 19 46 179 1652 189 867 67 3003 24.5 14 14 18 NA 19 189 3 10 11 22 3 10 10 21 0 0 1 1 0 0 0 0
177 73 90 71 19 44 198 1623 229 858 66 3003 24.5 14 13.5 18 NA 33 229 3 9 10 22 3 9 9 21 0 0 1 1 0 0 0 0
178 88 87 69 18 45 197 1618 218 863 70 2997 25 14 14 18 NA 31 218 2 12 10 21 2 12 9 20 0 0 1 1 0 0 0 0
179 72 87 68 19 43 205 1616 217 858 71 3007 24 14 14 18 NA 20 217 0 13 10 20 0 13 9 19 0 0 1 1 0 0 0 0
180 74 86 68 18 42 197 1607 229 860 70 3009 23 13.5 12.5 18 NA 19 229 0 14 10 18 0 14 9 17 0 0 1 1 0 0 0 0
181 92 88 69 19 42 194 1663 193 860 69 3011 23 13.5 12.5 18 NA 21 193 1 12 8 21 1 12 7 20 0 0 1 1 0 0 0 0
182 90 89 70 19 44 197 1632 238 857 69 2998 24 14 13.5 18 NA 31 238 2 13 9 20 2 13 8 19 0 0 1 1 0 0 0 0
183 63 89 70 19 42 207 1621 254 862 67 3022 23 14 13.5 18 NA 31 254 2 11 8 21 2 11 7 20 0 0 1 1 0 0 0 0
184 81 91 71 20 43 215 1565 243 860 68 3003 24 14 13.5 18 NA 37 243 2 11 9 21 2 10 8 20 0 1 1 1 0 0 0 0
185 76 92 71 21 44 211 1580 242 861 67 2998 24.5 14.5 14 18 NA 21 242 2 11 10 21 2 10 9 20 0 1 1 1 0 0 0 0
186 73 93 71 22 43 217 1563 231 851 65 3001 24 15 13.5 18 NA 25 231 2 9 11 21 2 8 11 19 0 1 0 2 0 0 0 0
187 67 95 72 23 45 212 1593 216 863 69 3020 24 15 15 18 NA 25 216 1 10 13 21 1 9 13 19 0 1 0 2 0 0 0 0
188 53 99 76 23 47 215 1604 246 869 68 3026 23 15 15 18 NA 31 246 1 12 12 22 1 11 12 20 0 1 0 2 0 0 0 0
189 82 96 73 23 46 217 1603 224 869 67 3039 24 15 15 18 NA 32 224 1 11 12 22 1 10 12 20 0 1 0 2 0 0 0 0
190 71 99 76 23 47 216 1564 230 873 66 3034 24 15 15 18 NA 29 230 2 6 18 21 2 6 17 19 0 0 1 2 0 0 0 0
191 85 98 74 24 46 227 1558 237 861 66 3027 25 15 15 18 NA 28 237 3 3 19 21 3 3 18 19 0 0 1 2 0 0 0 0
192 69 100 74 26 49 223 1554 233 869 67 3037 26 15 15 18 NA 27 233 3 4 21 21 3 4 20 19 0 0 1 2 0 0 0 0
193 71 99 72 27 48 221 1562 227 866 68 3045 27 15.5 15 18 NA 22 227 2 5 20 21 2 5 19 19 0 0 1 2 0 0 0 0
194 95 99 73 26 48 219 1578 220 865 67 3034 27 16 15 18 NA 31 220 2 5 18 23 2 5 17 20 0 0 1 3 0 0 0 0
195 89 100 75 25 49 211 1586 227 876 68 3028 22 16 15 18 NA 22 227 2 5 18 24 2 5 17 21 0 0 1 3 0 0 0 0
196 80 99 74 25 51 227 1566 229 867 69 3026 21 16 15 18 NA 37 229 3 6 16 26 3 6 15 23 0 0 1 3 0 0 0 0
197 78 100 74 26 50 215 1556 219 878 68 3021 22 15.5 15 18 NA 20 219 4 6 14 26 4 6 13 23 0 0 1 3 0 0 0 0
198 75 102 76 26 51 231 1505 229 878 71 3019 22 16 15 18 NA 35 229 4 7 12 28 4 7 11 25 0 0 1 3 0 0 0 0
199 75 104 78 26 54 236 1488 231 870 73 3012 20 15.5 15 18 NA 29 231 4 8 13 29 4 8 12 27 0 0 1 2 0 0 0 0
200 80 102 77 25 52 232 1465 228 875 74 3007 20.5 16 15 18 NA 28 228 2 10 13 27 2 10 12 25 0 0 1 2 0 0 0 0
201 72 98 73 25 48 227 1493 212 871 70 3008 20 15.5 14 18 NA 14 212 2 10 11 25 2 10 10 23 0 0 1 2 0 0 0 0
202 66 99 72 27 49 216 1493 214 881 72 3007 21 15 13 18 NA 23 214 3 12 5 29 3 11 5 26 0 1 0 3 0 0 0 0
203 87 96 69 27 50 208 1516 209 884 70 3005 21.5 15.5 13.5 18 NA 20 209 3 13 4 30 3 12 4 27 0 1 0 3 0 0 0 0
204 80 95 66 29 48 220 1535 215 872 70 2993 21 14.5 13 18 NA 35 215 2 12 5 29 2 12 5 26 0 0 0 3 0 0 0 0
205 72 97 68 29 49 229 1562 244 871 70 3001 22 14 12.5 18 NA 32 244 4 8 8 29 4 8 8 26 0 0 0 3 0 0 0 0
206 83 97 68 29 50 236 1550 229 869 71 2999 23 14.5 13 18 NA 36 229 4 9 8 29 4 9 8 26 0 0 0 3 0 0 0 0
207 67 99 68 31 50 216 1553 225 892 72 3002 23 14.5 13 18 NA 24 225 4 9 8 29 4 9 8 26 0 0 0 3 0 0 0 0
208 83 97 66 31 49 216 1538 247 888 71 2997 24 16 14.5 18 NA 22 247 3 8 10 28 3 8 10 25 0 0 0 3 0 0 0 0
209 62 100 66 34 49 215 1553 241 894 73 2994 23.5 16 14.5 18 NA 23 241 3 9 10 27 3 9 10 24 0 0 0 3 0 0 0 0
210 100 101 67 34 49 219 1537 211 886 73 2967 23 16 15.5 18 NA 21 211 3 8 12 26 3 8 12 23 0 0 0 3 0 0 0 0
211 82 96 63 33 45 215 1532 219 877 69 2966 23 17 16 18 NA 20 219 2 8 10 25 2 8 10 22 0 0 0 3 0 0 0 0
212 77 95 62 33 44 220 1508 235 876 68 2961 24 17 17 18 NA 29 235 2 6 13 23 2 6 13 20 0 0 0 3 0 0 0 0
213 70 95 62 33 43 225 1502 212 876 67 2963 23 17 17 18 NA 32 212 2 6 13 22 2 6 13 19 0 0 0 3 0 0 0 0
214 69 96 64 32 43 234 1515 216 873 68 2980 23.5 17 17 18 NA 30 216 2 5 16 20 2 5 16 18 0 0 0 2 0 0 0 0
215 83 96 64 32 42 238 1538 221 857 65 2986 23 17 17 18 NA 21 221 3 5 14 20 3 5 14 19 0 0 0 1 0 0 0 0
216 85 94 63 31 41 232 1558 198 860 65 2995 24 17 17 18 NA 21 198 4 3 14 20 4 3 14 19 0 0 0 1 0 0 0 0
217 75 98 66 32 42 231 1543 236 864 68 2995 22 17 17 18 NA 20 236 2 6 11 23 2 6 11 22 0 0 0 1 0 0 0 0
218 65 99 67 32 43 232 1563 210 853 68 2988 23 17 17 18 NA 22 210 2 7 10 24 2 7 10 23 0 0 0 1 0 0 0 0
219 81 99 66 33 43 239 1545 268 847 70 2995 22 17 17 18 NA 24 268 2 6 11 24 2 6 11 23 0 0 0 1 0 0 0 0
220 76 97 64 33 43 245 1567 221 843 70 2995 23 18 17.5 18 NA 27 221 2 7 10 24 2 7 10 23 0 0 0 1 0 0 0 0
221 82 99 66 33 44 248 1569 213 849 71 2997 23 18 18 18 NA 28 213 2 8 9 25 2 8 9 24 0 0 0 1 0 0 0 0
222 76 100 67 33 43 247 1570 215 844 72 2989 23 18 18 18 NA 24 215 2 7 9 25 2 7 9 24 0 0 0 1 0 0 0 0
223 83 100 67 33 42 252 1567 227 838 71 2982 21 18 18 18 NA 31 227 3 7 9 23 3 7 9 22 0 0 0 1 0 0 0 0
224 84 106 73 33 43 255 1547 233 834 72 2987 21 18 17.5 18 NA 30 233 4 7 7 25 4 7 7 24 0 0 0 1 0 0 0 0
225 72 105 74 31 44 250 1537 223 843 71 2987 21 18 18 18 NA 28 223 4 8 7 25 4 8 7 24 0 0 0 1 0 0 0 0
226 87 104 73 31 46 252 1525 216 841 75 2980 23 18 18 18 NA 29 216 3 8 9 26 3 8 9 25 0 0 0 1 0 0 0 0
227 79 104 73 31 46 263 1539 227 835 74 2982 23 17.5 17 18 NA 30 227 5 7 9 25 5 7 9 24 0 0 0 1 0 0 0 0
228 71 102 73 29 45 259 1512 246 835 71 2971 21 18 18 18 NA 27 246 5 7 10 23 5 7 10 22 0 0 0 1 0 0 0 0
229 76 102 73 29 46 242 1496 238 850 74 2960 22 18 18 18 NA 19 238 3 7 12 24 3 7 12 23 0 0 0 1 0 0 0 0
230 80 99 73 26 43 235 1507 236 845 69 2971 22 18 18 18 NA 26 236 3 7 12 21 3 7 12 20 0 0 0 1 0 0 0 0
231 75 99 74 25 45 230 1510 231 851 69 2975 23 18 17.5 18 NA 27 231 5 7 10 23 5 7 10 22 0 0 0 1 0 0 0 0
232 91 97 72 25 42 227 1515 205 845 66 2969 23 18 18 18 NA 21 205 5 6 9 22 5 6 9 21 0 0 0 1 0 0 0 0
233 83 100 74 26 46 227 1497 222 846 70 2964 23 18 18 18 NA 26 222 4 9 10 23 4 9 10 22 0 0 0 1 0 0 0 0
234 61 100 74 26 46 225 1518 210 843 70 2959 23.5 18 18 18 NA 22 210 5 7 11 23 5 7 11 22 0 0 0 1 0 0 0 0
235 73 99 73 26 45 219 1512 216 847 69 2961 22 18 18 18 NA 22 216 4 10 9 22 4 10 9 21 0 0 0 1 0 0 0 0
236 70 94 71 23 45 210 1529 208 848 70 2955 22.5 18 17.5 18 NA 18 208 1 14 9 21 1 14 9 20 0 0 0 1 0 0 0 0
237 77 97 75 22 44 211 1529 209 844 69 2952 22 17.5 17 18 NA 24 209 1 12 11 20 1 12 11 19 0 0 0 1 0 0 0 0
238 83 96 74 22 44 209 1543 209 844 67 2935 22.5 17 17 NA NA 21 209 2 9 12 21 2 9 12 21 0 0 0 0 0 0 0 0
239 91 97 76 21 43 219 1521 227 825 68 2923 22 17 17 NA NA 32 227 2 10 12 19 2 10 12 19 0 0 0 0 0 0 0 0
240 61 95 74 21 47 211 1514 227 844 69 2933 23 17 17.5 16 NA 28 227 2 12 13 20 2 11 13 20 0 1 0 0 0 0 0 0
241 80 94 74 20 51 197 1497 216 849 69 2923 23.5 17 17 16 NA 19 216 4 11 15 21 4 10 15 21 0 1 0 0 0 0 0 0
242 66 97 74 23 51 196 1499 221 852 72 2929 23 17 17 16 NA 23 221 3 11 15 22 3 10 15 22 0 1 0 0 0 0 0 0
243 85 100 77 23 52 208 1477 234 844 72 2926 22 17 17 16 NA 37 234 3 10 16 23 3 9 16 23 0 1 0 0 0 0 0 0
244 88 98 75 23 49 207 1461 220 840 70 2911 22.5 17 17.5 16 NA 22 220 3 10 15 21 3 9 15 21 0 1 0 0 0 0 0 0
245 64 99 76 23 48 209 1461 224 848 71 2918 21 16.5 17 16 NA 29 224 3 8 16 21 3 7 16 21 0 1 0 0 0 0 0 0
246 77 97 77 20 44 209 1450 220 833 68 2908 22 16 16 16 NA 25 220 2 9 14 19 2 8 14 19 0 1 0 0 0 0 0 0
247 90 97 77 20 45 207 1446 216 831 68 2896 22 16 15.5 16 NA 26 216 3 10 13 19 3 9 13 19 0 1 0 0 0 0 0 0
248 77 98 78 20 45 202 1458 207 824 67 2881 21 16 15.5 16 NA 21 207 3 6 18 18 3 6 17 18 0 0 1 0 0 0 0 0
249 73 98 77 21 45 208 1463 226 817 70 2891 21 16 15.5 16 NA 28 226 3 7 16 19 3 7 15 19 0 0 1 0 0 0 0 0
250 76 98 76 22 45 207 1466 211 820 70 2902 20.5 16 15.5 16 NA 26 211 1 9 14 21 1 9 13 21 0 0 1 0 0 0 0 0
251 68 96 75 21 46 213 1488 197 820 70 2902 21.5 16.5 17 16 NA 28 197 1 8 15 22 1 8 14 22 0 0 1 0 0 0 0 0
252 62 96 75 21 46 196 1502 219 831 69 2913 22 16.5 17 16 NA 13 219 1 7 16 22 1 7 15 22 0 0 1 0 0 0 0 0
253 64 96 75 21 43 196 1534 212 819 66 2915 21 17 17.5 16 NA 19 212 1 6 14 22 1 6 13 22 0 0 1 0 0 0 0 0
254 66 97 77 20 41 195 1506 235 821 68 2937 21 16 16.5 16 NA 22 235 1 5 13 22 1 5 12 22 0 0 1 0 0 0 0 0
255 80 97 76 21 45 200 1518 219 830 70 2935 22 16 16.5 16 NA 36 219 2 7 13 23 2 7 12 23 0 0 1 0 0 0 0 0
256 79 98 77 21 45 205 1539 218 824 70 2940 22 17 17 17.5 NA 26 218 3 6 15 21 3 5 14 21 0 1 1 0 0 0 0 0
257 75 96 76 20 44 205 1545 227 820 70 2941 23 16.5 16.5 17.5 NA 23 227 3 5 13 23 3 4 12 23 0 1 1 0 0 0 0 0
258 74 90 72 18 40 214 1541 224 812 65 2944 21.5 16 15.5 17.5 NA 30 224 2 6 13 19 2 5 12 19 0 1 1 0 0 0 0 0
259 74 90 74 16 41 210 1536 231 821 66 2944 22 15 14 17.5 NA 28 231 3 7 12 19 3 6 11 19 0 1 1 0 0 0 0 0
260 93 86 70 16 39 210 1534 216 818 64 2933 23 15 14 17.5 NA 27 216 2 8 9 20 2 7 9 19 0 1 0 1 0 0 0 0
261 70 85 69 16 38 224 1512 236 804 63 2941 23 14.5 14 17.5 NA 33 236 3 7 10 18 3 7 9 17 0 0 1 1 0 0 0 0
262 91 85 68 17 39 209 1512 222 810 63 2943 23 14 14 17.5 NA 18 222 3 7 11 18 3 7 10 17 0 0 1 1 0 0 0 0
263 86 85 67 18 38 207 1535 200 808 61 2935 21 15 14.5 17.5 NA 26 200 3 7 10 18 3 7 9 17 0 0 1 1 0 0 0 0
264 79 87 69 18 42 206 1534 218 806 61 2924 21 15 15 17.5 NA 24 218 4 10 10 18 4 10 9 17 0 0 1 1 0 0 0 0
265 79 83 65 18 39 202 1560 220 803 59 2934 22 15 15 17.5 NA 18 220 4 8 10 17 4 8 9 16 0 0 1 1 0 0 0 0
266 70 83 65 18 40 208 1563 218 806 62 2947 23 15.5 15 19 NA 29 218 4 7 11 18 4 7 9 17 0 0 2 1 0 0 0 0
267 80 82 64 18 39 204 1524 255 803 63 2946 23.5 15 15 19 NA 23 255 3 7 12 17 3 7 10 16 0 0 2 1 0 0 0 0
268 79 83 64 19 40 204 1556 223 799 66 2955 24 15.5 15 19 NA 24 223 3 7 11 19 3 7 9 18 0 0 2 1 0 0 0 0
269 80 83 64 19 41 201 1548 218 808 66 2960 25 15 15 19 NA 28 218 3 8 9 21 3 8 7 20 0 0 2 1 0 0 0 0
270 74 80 62 18 43 200 1560 213 801 63 2962 25.5 16 15 18.5 NA 24 213 4 10 8 21 4 9 6 20 0 1 2 1 0 0 0 0
271 80 79 60 19 43 198 1539 230 807 63 2956 26 17 15 18.5 NA 23 230 3 10 10 20 3 9 8 19 0 1 2 1 0 0 0 0
272 56 78 59 19 42 196 1551 209 811 63 2983 27 16.5 15 18.5 NA 19 209 3 8 11 20 3 7 9 19 0 1 2 1 0 0 0 0
273 79 75 56 19 41 186 1567 222 812 62 2975 26 17 15 19 NA 16 222 1 10 10 20 1 9 9 19 0 1 1 1 0 0 0 0
274 57 75 55 20 42 202 1579 224 806 62 2987 26 18 17 19 NA 39 224 0 9 12 21 0 8 11 20 0 1 1 1 0 0 0 0
275 87 77 56 21 41 200 1596 226 805 61 2978 26 18 17 23 NA 24 226 0 8 11 22 0 7 10 20 0 1 1 2 0 0 0 0
276 89 76 55 21 42 208 1597 229 806 62 2993 27.5 18 16 23 NA 33 229 0 8 12 22 0 8 10 20 0 0 2 2 0 0 0 0
277 67 73 53 20 43 220 1555 256 798 59 2984 27 18 17 23 NA 34 256 0 10 12 21 0 10 10 19 0 0 2 2 0 0 0 0
278 64 74 53 21 42 229 1527 238 793 58 3001 26.5 17.5 17 27 NA 35 238 0 9 13 20 0 9 11 19 0 0 2 1 0 0 0 0
279 75 70 49 21 42 230 1536 214 789 55 2998 28.5 17.5 17 27 NA 25 214 1 6 14 21 1 6 12 20 0 0 2 1 0 0 0 0
280 66 70 49 21 40 230 1574 223 790 55 3001 27.5 17 15 27 NA 25 223 1 6 13 20 1 6 11 19 0 0 2 1 0 0 0 0
281 72 72 49 23 40 224 1564 221 805 55 3001 27 17 15 27 NA 26 221 1 7 10 22 1 7 9 20 0 0 1 2 0 0 0 0
282 76 74 51 23 41 232 1560 228 802 56 2996 28 17 16 27 NA 32 228 1 7 11 22 1 7 10 20 0 0 1 2 0 0 0 0
283 51 72 49 23 40 240 1554 221 800 56 3018 28.5 17 16 22.5 NA 28 221 2 6 12 20 2 6 11 19 0 0 1 1 0 0 0 0
284 73 72 49 23 40 232 1560 222 812 56 3030 29.5 17 16 22.5 NA 21 222 2 5 11 22 2 5 10 21 0 0 1 1 0 0 0 0
285 69 73 50 23 38 232 1578 212 810 56 3035 30 17.5 17 22.5 NA 21 212 0 3 12 23 0 3 11 22 0 0 1 1 0 0 0 0
286 79 73 50 23 38 241 1576 212 807 57 3025 31 18 17.5 22.5 NA 30 212 0 2 13 23 0 2 12 22 0 0 1 1 0 0 0 0
287 85 71 48 23 37 236 1573 209 808 58 3010 31 18 17 22.5 NA 27 209 0 3 12 22 0 3 11 21 0 0 1 1 0 0 0 0
288 74 74 52 22 35 244 1553 226 808 55 3012 27.5 17 17 22.5 NA 28 226 0 2 12 21 0 2 12 19 0 0 0 2 0 0 0 0
289 79 73 51 22 35 232 1539 251 807 52 2997 27 17 16 22.5 NA 25 251 1 3 12 19 1 3 12 17 0 0 0 2 0 0 0 0
290 67 75 53 22 36 228 1560 216 815 54 3014 28 16.5 15.5 22.5 NA 25 216 1 4 9 22 1 4 9 20 0 0 0 2 0 0 0 0
291 86 73 54 19 36 239 1561 239 810 52 3009 29 16 15.5 22.5 NA 35 239 1 5 7 23 1 5 7 21 0 0 0 2 0 0 0 0
292 85 76 58 18 35 234 1545 209 808 53 2990 26.5 16 15 22.5 NA 24 209 1 5 7 22 1 5 7 20 0 0 0 2 0 0 0 0
293 70 78 60 18 35 248 1534 233 814 56 3003 25.5 16 15 22.5 NA 36 233 1 4 8 22 1 4 8 20 0 0 0 2 0 0 0 0
294 78 79 60 19 35 244 1550 209 818 55 2995 24 15 15 22.5 NA 21 209 1 5 9 20 1 5 9 18 0 0 0 2 0 0 0 0
295 72 79 60 19 33 237 1547 218 822 53 3004 24 15 15 22.5 NA 19 218 1 3 10 19 1 3 10 17 0 0 0 2 0 0 0 0
296 74 81 62 19 36 248 1525 231 822 52 3011 22 15.5 15 22.5 NA 33 231 1 6 9 20 1 6 9 18 0 0 0 2 0 0 0 0
297 88 84 64 20 37 233 1556 189 823 55 2999 22 16 15 22.5 NA 14 189 0 8 7 22 0 8 7 20 0 0 0 2 0 0 0 0
298 75 85 66 19 36 233 1575 221 828 55 2995 23 15.5 15 22.5 NA 26 221 0 7 6 23 0 7 6 21 0 0 0 2 0 0 0 0
299 56 83 64 19 34 230 1576 225 838 52 3016 19 15 15 22.5 NA 24 225 0 5 8 21 0 5 8 19 0 0 0 2 0 0 0 0
300 92 86 65 21 37 234 1569 225 845 56 3026 19.5 15 14 22.5 NA 40 225 2 6 7 22 2 6 7 20 0 0 0 2 0 0 0 0
301 75 85 64 21 36 223 1547 239 848 56 3032 20 14.5 14 18 NA 21 239 3 6 7 20 2 6 7 18 1 0 0 2 0 0 0 0
302 66 85 65 20 35 224 1535 247 846 57 3029 21 15 14.5 18 NA 22 247 2 6 8 19 2 5 8 17 0 1 0 2 0 0 0 0
303 77 87 67 20 36 218 1551 218 849 56 3026 18 15 15 18 NA 23 218 2 8 8 18 2 7 8 16 0 1 0 2 0 0 0 0
304 66 87 66 21 38 227 1525 229 844 60 3026 19 15.5 15 18 NA 29 229 1 9 10 18 1 8 10 16 0 1 0 2 0 0 0 0
305 70 84 64 20 36 228 1552 222 844 58 3026 19.5 16 16 18 NA 22 222 1 7 10 18 1 6 10 16 0 1 0 2 0 0 0 0
306 80 87 66 21 35 228 1540 248 848 61 3032 18 16 16 18 NA 24 248 1 5 11 18 1 4 11 16 0 1 0 2 0 0 0 0
307 61 89 67 22 37 222 1569 221 862 63 3053 19 16 16 18 NA 24 221 2 5 10 20 2 4 10 18 0 1 0 2 0 0 0 0
308 88 86 65 21 35 214 1544 242 857 63 3039 19.5 16 16 18 NA 24 242 2 5 9 19 2 4 9 17 0 1 0 2 0 0 0 0
309 97 87 66 21 36 223 1528 232 849 65 3016 20 16 16 18 NA 28 232 1 6 10 19 1 5 10 17 0 1 0 2 0 0 0 0
310 81 85 64 21 37 218 1526 203 842 62 2996 20 16 15.5 18 NA 23 203 3 7 9 18 3 6 9 16 0 1 0 2 0 0 0 0
311 90 83 62 21 38 224 1520 228 835 61 2988 20 15.5 15 18 NA 29 228 4 7 7 20 4 6 7 18 0 1 0 2 0 0 0 0
312 83 81 60 21 36 238 1514 218 824 61 2989 20 15 15 14.5 NA 36 218 3 6 9 18 3 5 9 17 0 1 0 1 0 0 0 0
313 80 81 59 22 37 235 1510 239 830 58 2974 20 15 15 14.5 NA 27 239 4 7 8 18 4 6 8 17 0 1 0 1 0 0 0 0
314 60 81 59 22 36 232 1539 216 830 59 2980 20 15.5 15.5 14.5 NA 27 216 3 6 9 18 3 6 8 17 0 0 1 1 0 0 0 0
315 75 84 61 23 37 237 1565 228 830 64 2992 21 16 16 14.5 NA 31 228 2 8 9 18 2 8 8 17 0 0 1 1 0 0 0 0
316 73 82 59 23 38 235 1574 203 836 62 2988 22 16 16 14.5 NA 24 203 2 7 11 18 2 7 10 17 0 0 1 1 0 0 0 0
317 68 82 59 23 37 245 1564 241 830 61 2994 23 16 16 14.5 NA 36 241 2 7 10 18 2 7 9 17 0 0 1 1 0 0 0 0
318 72 84 60 24 41 249 1544 245 834 65 3002 23.5 16 16 14.5 NA 32 245 1 9 12 19 1 9 11 18 0 0 1 1 0 0 0 0
319 68 85 60 25 42 248 1560 219 834 66 3012 24 16 16 14.5 NA 26 219 1 10 12 19 1 10 11 18 0 0 1 1 0 0 0 0
320 68 85 60 25 44 245 1567 231 843 65 3011 24 16 16 14.5 NA 27 231 1 10 14 19 1 10 13 18 0 0 1 1 0 0 0 0
321 71 87 62 25 45 256 1562 239 839 67 3015 25 16 16 18 NA 35 239 0 11 14 20 0 10 13 19 0 1 1 1 0 0 0 0
322 79 90 65 25 45 249 1569 218 843 69 3022 25 16 16 18 NA 23 218 0 10 14 21 0 9 13 20 0 1 1 1 0 0 0 0
323 77 91 66 25 46 237 1577 228 843 68 3020 26 16 16 15.5 NA 19 228 0 10 15 21 0 8 14 20 0 2 1 1 0 0 0 0
324 72 89 64 25 46 239 1589 220 847 65 3029 26 16.5 16.5 15.5 NA 34 220 1 7 16 22 1 6 14 21 0 1 2 1 0 0 0 0
325 75 91 67 24 47 222 1574 229 864 66 3031 26 16 16 13 NA 20 229 3 7 13 24 3 6 12 23 0 1 1 1 0 0 0 0
326 78 90 66 24 48 221 1576 225 862 67 3026 27.5 16 16 13 NA 25 225 3 6 13 26 3 5 13 24 0 1 0 2 0 0 0 0
327 82 87 64 23 46 226 1583 225 863 65 3035 25 16 16 13 NA 30 225 3 4 17 22 3 3 17 22 0 1 0 0 0 0 0 0
328 72 89 66 23 46 225 1600 197 861 65 3045 26 16 16 13 NA 27 197 3 4 15 24 3 3 15 24 0 1 0 0 0 0 0 0
329 61 88 66 22 46 228 1588 255 860 64 3054 26 16 16 13 NA 28 255 4 4 16 22 4 3 16 22 0 1 0 0 0 0 0 0
330 71 91 69 22 49 233 1597 224 848 66 3053 27 16 16 13 NA 28 224 3 6 14 26 3 5 14 26 0 1 0 0 0 0 0 0
331 79 90 66 24 49 230 1583 227 852 63 3062 25 15 15.5 13 NA 29 227 5 7 13 24 5 6 13 24 0 1 0 0 0 0 0 0
332 64 91 68 23 48 232 1573 228 856 62 3066 25 15 15 13 NA 34 228 5 7 11 25 5 6 11 25 0 1 0 0 0 0 0 0
333 82 89 66 23 49 232 1591 196 846 61 3050 24 15 15.5 13 NA 22 196 5 6 10 28 5 5 10 28 0 1 0 0 0 0 0 0
334 72 92 68 24 49 239 1580 232 832 65 3044 24 15 15.5 13 NA 26 232 4 5 11 29 4 5 10 29 0 0 1 0 0 0 0 0
335 80 91 67 24 47 235 1566 221 835 62 3040 22 15 15 13 NA 21 221 3 6 10 28 3 6 9 28 0 0 1 0 0 0 0 0
336 83 94 70 24 47 234 1563 205 825 64 3021 21 15 15 13 NA 22 205 3 7 9 28 3 7 8 28 0 0 1 0 0 0 0 0
337 90 92 67 25 50 230 1565 228 825 66 3010 22 15.5 16 13 NA 21 228 3 8 12 27 3 8 11 27 0 0 1 0 0 0 0 0
338 80 91 66 25 51 241 1573 231 818 65 3007 23 15 15.5 13 NA 30 231 3 9 10 29 3 9 9 29 0 0 1 0 0 0 0 0
339 80 91 65 26 50 241 1549 225 812 66 3007 24 15.5 15.5 NA NA 26 225 3 7 8 32 3 7 8 32 0 0 0 0 0 0 0 0
340 72 97 70 27 50 237 1565 189 808 67 3003 21 15 15 NA NA 22 189 4 7 8 31 4 7 8 31 0 0 0 0 0 0 0 0
341 74 102 73 29 52 234 1604 183 799 66 3015 19 15 15 NA NA 20 183 4 11 8 29 4 11 8 29 0 0 0 0 0 0 0 0
342 75 100 72 28 52 232 1657 212 799 65 3019 20 15 15 20 NA 25 212 4 12 8 28 4 11 8 28 0 1 0 0 0 0 0 0
343 65 99 71 28 53 238 1604 259 800 67 3035 20 15 15 20 NA 31 259 4 14 8 27 4 13 8 27 0 1 0 0 0 0 0 0
344 78 98 70 28 54 225 1590 228 811 70 3023 21.5 15 15 20 NA 16 228 4 15 8 27 4 14 8 27 0 1 0 0 0 0 0 0
345 73 97 69 28 53 238 1577 249 801 70 3022 22 15 15 20 NA 34 249 4 14 7 28 4 13 7 28 0 1 0 0 0 0 0 0
346 75 100 71 29 55 237 1574 219 798 73 3030 22 15 15 20 NA 24 219 5 12 9 29 5 12 8 29 0 0 1 0 0 0 0 0
347 81 96 67 29 53 237 1575 217 793 71 3029 22 15 15 NA NA 21 217 5 12 9 27 5 12 9 27 0 0 0 0 0 0 0 0
348 75 97 68 29 54 230 1555 251 803 74 3042 23 15 15 16 NA 24 251 3 13 11 27 3 12 11 27 0 1 0 0 0 0 0 0
349 73 98 69 29 54 239 1549 219 800 75 3036 24 15 15 16 NA 34 219 2 12 12 28 2 11 12 28 0 1 0 0 0 0 0 0
350 85 99 69 30 53 237 1558 218 807 74 3033 23 15 15 16 NA 25 218 2 12 12 27 2 11 12 27 0 1 0 0 0 0 0 0
351 81 102 73 29 55 247 1548 221 797 75 3041 23 15 15 16 NA 29 221 3 12 12 28 3 11 12 28 0 1 0 0 0 0 0 0
352 83 101 73 28 54 238 1550 230 795 75 3043 21 15 15 16 NA 21 230 2 12 13 27 2 11 13 27 0 1 0 0 0 0 0 0
353 63 99 72 27 55 224 1588 202 810 78 3058 22 15 15 16 NA 17 202 1 13 14 27 1 12 14 27 0 1 0 0 0 0 0 0
354 82 104 77 27 55 233 1598 230 807 77 3049 22 15 15 16 NA 31 230 1 12 14 28 1 11 14 28 0 1 0 0 0 0 0 0
355 69 105 78 27 56 227 1626 211 813 77 3056 22 15.5 15 16 NA 19 211 0 12 16 28 0 11 16 28 0 1 0 0 0 0 0 0
356 85 104 79 25 57 224 1582 276 816 75 3058 22 15 15 16 NA 24 276 1 12 17 27 1 12 16 27 0 0 1 0 0 0 0 0
357 80 102 78 24 59 237 1580 236 815 74 3067 23 15 15 16 NA 31 236 2 13 16 28 2 13 15 28 0 0 1 0 0 0 0 0
358 79 103 79 24 58 243 1584 236 816 75 3070 23 15.5 15 16 NA 36 236 2 11 16 29 2 11 15 29 0 0 1 0 0 0 0 0
359 65 107 84 23 57 240 1587 247 826 73 3070 23 16 16 16 NA 24 247 2 10 17 28 2 10 16 28 0 0 1 0 0 0 0 0
360 98 105 84 21 57 246 1555 225 818 73 3057 24 16 16 16 NA 30 225 2 9 17 29 2 7 16 29 0 2 1 0 0 0 0 0
