1 56 3 3 0 0 0 193 9 0 0 0 0 NA NA NA
2 52 5 4 1 0 0 364 27 0 0 0 1 NA NA NA
3 68 7 6 1 0 0 503 62 1 0 0 1 NA NA NA
4 61 10 9 1 0 0 642 85 1 0 0 1.5 NA NA NA
5 66 13 12 1 0 0 755 126 1 0 0 2 NA NA NA
6 61 13 12 1 0 0 882 157 1 0 0 3 NA NA NA
7 62 16 14 2 0 0 994 186 1 0 0 3 NA NA NA
8 50 18 16 2 0 0 1091 217 1 0 0 4 NA NA NA
9 63 18 16 2 0 0 1174 258 1 0 0 4.5 NA NA NA
10 48 18 16 2 0 0 1247 310 1 0 0 5.5 NA NA NA
11 62 17 15 2 0 0 1300 356 1 0 0 6 NA NA NA
12 61 19 14 5 0 0 1360 407 2 0 0 7 NA NA NA
13 215 20 15 5 0 0 1374 441 2 1 0 7 NA NA NA
14 79 24 18 6 0 0 1422 481 2 3 0 7 NA NA NA
15 68 26 20 6 0 0 1484 522 2 5 0 7.5 NA NA NA
16 73 30 24 6 0 0 1551 552 3 7 0 7.5 NA NA NA
17 67 34 28 6 0 0 1586 605 3 10 0 5 NA NA NA
18 63 34 28 6 0 0 1647 637 3 9 0 6 NA NA NA
19 82 34 27 7 0 0 1665 674 4 12 0 7 NA NA NA
20 54 38 31 7 0 0 1691 709 4 14 0 6 NA NA NA
21 64 39 31 8 0 0 1679 765 4 15 0 7 NA NA NA
22 70 41 31 10 0 0 1700 788 4 15 0 8 NA NA NA
23 68 44 34 10 0 0 1712 827 4 15 0 8.5 NA NA NA
24 65 48 38 10 0 0 1735 845 4 18 0 8 NA NA NA
25 185 51 41 10 0 0 1701 842 5 18 0 9 NA NA NA
26 62 54 41 13 0 0 1722 866 5 21 0 9.5 NA NA NA
27 72 55 41 14 0 0 1762 889 6 23 0 10 NA NA NA
28 63 60 44 16 0 0 1790 914 6 27 0 10.5 NA NA NA
29 67 62 46 16 0 0 1782 961 6 30 0 10.5 NA NA NA
30 53 63 47 16 0 0 1798 996 6 30 0 10 NA NA NA
31 73 65 47 18 0 0 1817 1003 6 30 0 11 NA NA NA
32 57 66 48 18 1 0 1830 1041 6 32 0 10.5 16 NA 16
33 62 69 50 19 1 0 1840 1078 7 33 0 11 16 NA 16
34 73 67 49 18 1 0 1833 1105 8 34 0 12 16 NA 16
35 61 72 54 18 1 0 1860 1116 9 36 0 11.5 16 NA 16
36 73 77 59 18 1 0 1864 1134 11 40 0 12 16 NA 16
37 172 71 55 16 1 0 1812 1127 12 40 0 13 16 NA 16
38 77 71 55 16 1 0 1821 1148 12 44 0 14 16 NA 16
39 82 74 57 17 1 0 1807 1173 12 44 0 14.5 16 NA 16
40 61 76 59 17 1 0 1810 1194 12 48 0 15 16 NA 16
41 52 79 62 17 1 0 1820 1206 14 50 0 15 16 NA 16
42 65 78 61 17 1 0 1814 1227 14 52 0 16.5 16 NA 16
43 65 78 61 17 3 0 1819 1233 16 50 0 17 24 NA 24
44 65 78 61 17 3 0 1837 1250 16 53 0 18 24 NA 24
45 59 76 59 17 4 0 1841 1273 17 52 0 18.5 28.5 NA 28.5
46 63 75 58 17 4 0 1857 1278 17 52 0 20 28.5 NA 28.5
47 65 75 59 16 5 0 1877 1281 18 55 0 19 24 NA 24
48 67 78 62 16 6 0 1877 1305 20 58 0 20 24 NA 24
49 151 76 61 15 5 0 1835 1297 20 53 0 19.5 24 NA 24
50 70 77 62 15 6 0 1840 1297 21 53 0 20 28.5 NA 28.5
51 55 79 64 15 6 0 1866 1294 22 54 0 19 28.5 NA 28.5
52 58 80 65 15 7 0 1902 1289 23 56 0 19.5 33 NA 33
53 89 80 66 14 9 0 1878 1303 24 56 0 18 25 NA 25
54 61 80 66 14 9 0 1880 1309 24 56 0 19 25 NA 25
55 63 82 68 14 10 0 1877 1325 26 57 0 20 29 NA 29
56 61 82 69 13 9 0 1874 1347 27 56 0 20 33 NA 33
57 59 81 69 12 9 0 1864 1366 29 54 0 21 29 NA 29
58 57 79 67 12 8 0 1885 1365 29 52 0 22 27 NA 27
59 67 82 69 13 8 0 1881 1388 28 54 0 22 27 NA 27
60 82 83 70 13 9 0 1883 1384 29 57 0 21 29 NA 29
61 131 87 73 14 9 0 1850 1369 28 59 0 21 29 NA 29
62 81 86 71 15 9 0 1866 1348 28 58 0 21 29 NA 29
63 71 89 73 16 10 0 1872 1356 29 61 0 20 31 NA 31
64 57 91 76 15 10 0 1882 1365 30 59 0 17 31 NA 31
65 74 90 74 16 9 0 1866 1387 30 60 0 17.5 29 NA 29
66 72 91 75 16 9 0 1850 1415 29 60 0 18 29 NA 29
67 80 92 78 14 6 0 1876 1401 27 59 0 17.5 24 NA 24
68 61 91 78 13 7 0 1899 1409 28 59 0 18 24 NA 24
69 85 89 76 13 6 0 1899 1396 27 57 0 18 23.5 NA 23.5
70 60 90 77 13 7 0 1879 1422 29 58 0 19 24 NA 24
71 92 91 77 14 7 0 1876 1409 28 57 0 20 24 NA 24
72 65 95 79 16 7 0 1872 1420 30 59 0 19 24 NA 24
73 133 91 75 16 7 0 1841 1398 28 60 0 19 24 NA 24
74 86 90 75 15 7 0 1852 1389 27 59 0 19.5 24 NA 24
75 81 89 73 16 7 0 1870 1374 28 57 0 18 24 NA 24
76 71 93 77 16 8 0 1857 1376 28 61 0 17 24.5 NA 24.5
77 70 94 78 16 8 0 1882 1368 29 62 0 17.5 24.5 NA 24.5
78 77 93 77 16 8 0 1872 1378 29 63 0 18 24.5 NA 24.5
79 78 95 79 16 8 0 1858 1401 29 68 0 19 24.5 NA 24.5
80 69 97 81 16 8 0 1852 1412 29 69 0 20 24.5 NA 24.5
81 70 97 81 16 8 0 1877 1404 29 68 0 20 24.5 NA 24.5
82 81 97 80 17 8 0 1879 1388 27 68 0 21 24.5 NA 24.5
83 63 98 80 18 9 0 1860 1411 28 70 0 22 25 NA 25
84 65 95 77 18 9 0 1861 1405 29 71 0 21 25 NA 25
85 99 93 75 18 8 0 1849 1401 29 70 0 21 24.5 NA 24.5
86 89 92 75 17 8 0 1831 1417 29 67 0 22 24 NA 24
87 61 92 75 17 8 0 1826 1434 29 68 0 21.5 24 NA 24
88 60 90 72 18 8 0 1846 1439 29 69 0 21.5 24 NA 24
89 59 92 72 20 8 0 1842 1448 29 70 0 22 24 NA 24
90 72 93 71 22 8 0 1848 1442 29 70 0 23 24 NA 24
91 68 92 69 23 7 0 1882 1423 28 71 0 24 24 NA 24
92 79 93 70 23 8 0 1876 1434 28 73 0 25 24 NA 24
93 72 92 69 23 7 0 1874 1441 27 73 0 26 24 NA 24
94 62 95 70 25 8 0 1858 1464 30 74 0 26 24 NA 24
95 67 95 71 24 9 0 1855 1469 33 73 0 25 24 NA 24
96 55 97 73 24 9 0 1894 1461 33 73 0 26 24 NA 24
97 92 95 72 23 10 0 1888 1468 34 70 0 26 24.5 NA 24.5
98 88 95 74 21 9 0 1892 1456 32 69 0 26 24 NA 24
99 65 98 77 21 8 0 1896 1465 32 68 0 24 24.5 NA 24.5
100 61 100 78 22 8 0 1924 1458 33 68 0 24.5 24.5 NA 24.5
101 72 103 79 24 10 0 1936 1444 35 70 0 25 26.5 NA 26.5
102 67 104 80 24 10 0 1966 1431 36 70 0 25.5 26.5 NA 26.5
103 73 102 78 24 12 0 1962 1419 38 69 0 25 26.5 NA 26.5
104 70 99 76 23 11 0 1965 1416 37 66 0 25 28 NA 28
105 83 100 77 23 12 0 1971 1413 38 65 0 24 31 NA 31
106 52 102 78 24 13 0 1971 1429 39 68 0 23.5 31 NA 31
107 67 105 82 23 12 0 1979 1428 37 71 0 24 32.5 NA 32.5
108 64 103 80 23 12 0 1989 1422 37 71 0 25 32.5 NA 32.5
109 96 101 78 23 12 0 1954 1429 36 70 0 24 32.5 NA 32.5
110 90 99 77 22 14 0 1936 1434 40 70 0 24 32.5 NA 32.5
111 80 98 77 21 13 0 1912 1459 39 73 0 24.5 31 NA 31
112 81 100 75 25 13 0 1898 1470 39 74 0 23 31 NA 31
113 72 103 78 25 14 0 1935 1434 40 78 0 23 29.5 NA 29.5
114 77 105 79 26 14 0 1900 1451 39 79 0 22 29.5 NA 29.5
115 86 107 79 28 15 0 1880 1457 40 80 0 21 29 NA 29
116 65 108 79 29 17 0 1908 1435 43 82 0 22 29 NA 29
117 85 110 83 27 17 0 1931 1417 42 78 0 22 31 NA 31
118 86 110 83 27 19 0 1910 1422 44 77 0 21.5 29 NA 29
119 70 111 84 27 20 0 1912 1416 44 81 0 21 30 NA 30
120 76 108 81 27 19 0 1913 1407 43 79 0 22 29 NA 29
121 98 105 78 27 19 0 1911 1378 43 78 0 22 29 NA 29
122 64 105 77 28 19 0 1901 1389 42 75 0 23 31 NA 31
123 81 107 79 28 19 0 1871 1419 42 74 0 23 31 NA 31
124 71 108 79 29 20 0 1876 1418 43 77 0 24 30 NA 30
125 70 108 79 29 21 0 1874 1417 44 76 0 24 31 NA 31
126 75 108 79 29 20 0 1900 1392 42 77 0 24.5 30 NA 30
127 66 109 80 29 20 0 1917 1388 42 78 0 25 27 NA 27
128 76 108 80 28 21 0 1866 1432 43 77 0 25.5 25 NA 25
129 85 105 78 27 20 0 1849 1442 43 78 0 25 25 NA 25
130 80 104 78 26 19 0 1833 1464 43 78 0 24 25 NA 25
131 61 104 79 25 21 0 1833 1468 44 78 0 24.5 25 NA 25
132 69 105 80 25 22 0 1835 1475 46 77 0 25 25 NA 25
133 90 104 81 23 20 0 1817 1469 44 72 0 25 25 NA 25
134 80 103 80 23 20 0 1817 1466 43 72 0 25 25 NA 25
135 64 101 80 21 20 0 1830 1459 43 75 0 26 25 NA 25
136 71 101 80 21 20 0 1823 1477 41 72 0 24 25 NA 25
137 84 101 80 21 19 0 1845 1448 40 72 0 25 25 NA 25
138 74 99 80 19 19 0 1845 1440 40 73 0 25 25 NA 25
139 67 101 82 19 18 0 1832 1457 39 75 0 25 25 NA 25
140 56 96 78 18 18 0 1827 1467 39 73 0 26 25 NA 25
141 67 95 77 18 18 0 1860 1443 39 74 0 26 25 NA 25
142 81 96 78 18 19 0 1842 1456 41 75 0 27 25 NA 25
143 65 95 77 18 19 0 1860 1456 41 73 0 27 25 NA 25
144 79 99 77 22 20 0 1863 1455 42 73 0 27 26 NA 26
145 71 100 78 22 21 0 1848 1470 44 77 0 27.5 27 NA 27
146 87 101 79 22 22 0 1854 1455 45 78 0 28 29 NA 29
147 84 101 79 22 24 0 1826 1464 47 77 0 28 29 NA 29
148 77 100 78 22 25 0 1825 1471 47 77 0 25.5 27 NA 27
149 71 102 79 23 25 0 1812 1489 47 76 0 24 27 NA 27
150 68 102 79 23 26 0 1819 1484 50 74 0 24.5 26 NA 26
151 76 104 81 23 25 0 1853 1453 50 75 0 25 25 NA 25
152 75 105 82 23 24 0 1854 1447 49 74 0 25 25 NA 25
153 75 110 87 23 26 0 1859 1454 50 75 0 24.5 25 NA 25
154 81 109 86 23 25 0 1877 1442 49 75 0 25 25 NA 25
155 88 111 89 22 24 0 1880 1430 48 75 0 26 24.5 NA 24.5
156 62 114 92 22 24 0 1871 1443 49 78 0 26 24.5 NA 24.5
157 84 115 95 20 23 0 1874 1439 49 77 0 24 24 NA 24
158 74 113 93 20 23 0 1883 1428 50 76 0 25 25 NA 25
159 76 117 96 21 22 0 1889 1430 48 75 0 23 24.5 NA 24.5
160 68 118 97 21 18 0 1882 1441 44 73 0 20.5 23.5 NA 23.5
161 76 115 96 19 15 0 1886 1432 42 71 0 17 23 NA 23
162 77 113 94 19 15 0 1910 1419 40 71 0 18 24 NA 24
163 91 113 93 20 13 0 1902 1403 37 73 0 19 25 NA 25
164 70 110 90 20 13 0 1901 1407 38 74 0 20 25 NA 25
165 67 112 92 20 13 0 1907 1409 39 78 0 19.5 25 NA 25
166 72 113 93 20 15 0 1911 1404 40 76 0 18 28 NA 28
167 73 114 94 20 15 0 1897 1417 39 80 0 19 28 NA 28
168 77 113 93 20 16 0 1864 1441 40 83 0 20 29.5 NA 29.5
169 84 112 91 21 16 0 1851 1440 42 84 0 20 29.5 NA 29.5
170 73 112 92 20 16 0 1876 1429 41 85 0 21 29.5 NA 29.5
171 72 112 91 21 16 0 1874 1429 40 89 0 21.5 29.5 NA 29.5
172 59 111 90 21 17 0 1866 1438 40 91 0 22 31 NA 31
173 80 109 88 21 16 0 1873 1434 39 90 0 23 37.5 NA 37.5
174 77 110 89 21 18 0 1887 1417 41 89 0 23 37.5 NA 37.5
175 67 112 91 21 19 0 1876 1436 42 89 0 23.5 36 NA 36
176 89 112 91 21 18 0 1876 1434 42 88 0 24 33.5 NA 33.5
177 80 110 90 20 19 0 1838 1465 44 89 0 25 36 NA 36
178 77 111 89 22 22 0 1839 1463 48 89 0 26 34 NA 34
179 74 108 87 21 21 0 1836 1471 46 86 0 26 32 NA 32
180 85 108 86 22 19 0 1838 1472 45 82 0 26.5 32 NA 32
181 74 109 87 22 19 0 1835 1470 45 82 0 26 28 NA 28
182 60 108 86 22 19 0 1852 1470 45 82 0 27 28 NA 28
183 82 107 85 22 19 0 1826 1486 45 82 0 28 28 NA 28
184 85 107 85 22 19 0 1834 1474 45 80 0 28 28 NA 28
185 83 105 82 23 18 0 1850 1454 43 77 0 28 28 NA 28
186 73 106 82 24 17 0 1845 1472 43 77 0 28.5 28 NA 28
187 80 103 79 24 16 0 1836 1467 42 76 0 28 28 NA 28
188 74 106 82 24 17 0 1837 1467 44 76 0 28 28 NA 28
189 63 105 81 24 18 0 1844 1468 46 76 0 29 29.5 NA 29.5
190 66 107 82 25 19 0 1821 1496 46 79 0 30 31 NA 31
191 78 107 84 23 20 0 1832 1491 46 78 0 31 30.5 NA 30.5
192 72 108 85 23 20 0 1844 1489 46 80 0 31 30.5 NA 30.5
193 70 110 87 23 20 0 1858 1468 45 81 0 28.5 30.5 NA 30.5
194 76 109 86 23 19 0 1862 1467 44 79 0 28 31 NA 31
195 75 104 82 22 20 0 1851 1475 43 76 0 29 32 NA 32
196 70 103 82 21 17 0 1838 1478 41 72 0 23 32 NA 32
197 73 100 80 20 16 0 1823 1479 40 71 0 23.5 32 NA 32
198 78 99 79 20 18 0 1836 1464 43 72 0 24 34 NA 34
199 69 95 75 20 18 0 1818 1479 43 70 0 25 34 NA 34
200 74 96 77 19 15 0 1820 1462 40 70 0 25 36 NA 36
201 68 96 78 18 14 0 1835 1449 38 68 0 25 36 NA 36
202 103 96 78 18 14 0 1845 1435 38 69 0 24 36 NA 36
203 86 96 78 18 15 0 1879 1403 41 69 0 24.5 36 NA 36
204 81 96 79 17 15 0 1885 1398 39 70 0 25.5 36 NA 36
205 81 97 79 18 15 0 1865 1409 39 73 0 25 36 NA 36
206 68 98 80 18 16 0 1861 1419 41 75 0 26 36 NA 36
207 91 100 80 20 16 0 1845 1413 42 75 0 26 36 NA 36
208 69 102 82 20 17 0 1849 1418 43 79 0 27 36 NA 36
209 70 102 81 21 17 0 1846 1421 43 76 0 23.5 36 NA 36
210 78 103 83 20 18 0 1868 1402 45 75 0 23 36 NA 36
211 72 103 82 21 19 0 1848 1412 45 74 0 24 36 NA 36
212 76 103 81 22 19 0 1824 1434 46 77 0 25 36 NA 36
213 90 101 80 21 21 0 1832 1421 47 76 0 25 36 NA 36
214 98 102 78 24 20 0 1812 1422 45 75 0 24 36 NA 36
215 65 97 74 23 21 0 1825 1409 45 71 0 25 36 NA 36
216 78 93 71 22 20 0 1815 1401 45 68 0 26 36 NA 36
217 75 92 71 21 20 0 1827 1393 46 69 0 26 36 NA 36
218 78 92 73 19 20 0 1828 1398 47 68 0 26 35 NA 35
219 66 92 72 20 19 0 1847 1398 45 69 0 26 36 NA 36
220 75 90 69 21 18 0 1861 1388 44 67 0 27 35 NA 35
221 68 88 68 20 17 0 1852 1391 42 64 0 26.5 34 NA 34
222 80 88 68 20 16 0 1844 1397 41 64 0 26 35 NA 35
223 74 84 63 21 16 0 1836 1397 39 61 0 23 32.5 NA 32.5
224 66 86 65 21 16 0 1826 1413 40 62 0 23.5 32.5 NA 32.5
225 80 85 64 21 17 0 1828 1417 40 63 0 23 34 NA 34
226 76 89 66 23 17 0 1831 1406 41 65 0 21 34 NA 34
227 71 90 67 23 16 0 1840 1404 40 65 0 21.5 34 NA 34
228 69 92 68 24 16 0 1868 1388 39 65 0 21 34 NA 34
229 82 92 67 25 16 0 1874 1385 38 65 0 22 34 NA 34
230 57 96 71 25 16 0 1884 1388 38 66 0 21.5 35 NA 35
231 83 95 71 24 15 0 1885 1398 38 64 0 20 36 NA 36
232 74 93 70 23 14 0 1875 1399 36 62 0 20 34 NA 34
233 68 94 71 23 15 0 1868 1418 38 64 0 20.5 34 NA 34
234 81 94 71 23 15 0 1859 1429 38 66 0 21.5 34 NA 34
235 95 92 69 23 14 0 1842 1431 38 66 0 22 34 NA 34
236 96 95 71 24 15 0 1814 1439 39 67 0 23 34 NA 34
237 75 94 70 24 15 0 1833 1426 39 69 0 24 34 NA 34
238 75 96 72 24 15 0 1846 1407 38 73 0 24 34 NA 34
239 61 96 72 24 16 0 1864 1404 39 74 0 24.5 34 NA 34
240 66 95 71 24 17 0 1866 1408 38 74 0 26 34 NA 34
241 85 101 76 25 17 0 1837 1435 37 75 0 24 34 NA 34
242 67 101 76 25 16 0 1814 1451 38 79 0 24 32.5 NA 32.5
243 77 102 77 25 18 0 1801 1460 38 79 0 24 31 NA 31
244 79 99 76 23 18 0 1785 1463 35 78 0 24 30 NA 30
245 68 102 79 23 19 0 1802 1443 36 80 0 24.5 31 NA 31
246 78 105 80 25 19 0 1817 1418 36 79 0 24 31 NA 31
247 58 110 85 25 20 0 1817 1449 37 79 0 24 30 NA 30
248 75 111 86 25 21 0 1830 1442 37 81 0 25 31 NA 31
249 62 108 85 23 21 0 1836 1434 37 79 0 26 31 NA 31
250 69 110 87 23 22 0 1827 1446 38 82 0 26.5 31 NA 31
251 72 111 88 23 22 0 1836 1432 39 82 0 26 31 NA 31
252 92 111 89 22 21 0 1826 1422 39 79 0 26 31 NA 31
253 78 110 88 22 21 0 1828 1427 40 83 0 27 31 NA 31
254 94 111 90 21 19 0 1817 1429 38 81 0 27 31 NA 31
255 75 111 89 22 20 0 1820 1436 40 82 0 28 31 NA 31
256 69 111 89 22 18 0 1815 1450 38 81 0 28 30 NA 30
257 70 110 88 22 19 0 1833 1443 40 83 0 28.5 29 NA 29
258 83 110 87 23 20 0 1813 1434 41 86 0 29.5 30 NA 30
259 74 108 85 23 19 0 1827 1418 41 87 0 29.5 31 NA 31
260 68 109 86 23 20 0 1854 1413 43 88 0 30 30.5 NA 30.5
261 77 108 85 23 19 0 1860 1407 42 85 0 30.5 31 NA 31
262 75 110 87 23 21 0 1889 1391 44 84 0 27.5 31 NA 31
263 67 111 86 25 21 0 1890 1392 44 85 0 27 31 NA 31
264 74 111 86 25 20 0 1910 1383 42 87 0 26 31 NA 31
265 81 110 86 24 21 0 1919 1367 43 85 0 27 30 NA 30
266 71 106 82 24 19 0 1921 1373 41 86 0 28 32 NA 32
267 95 108 85 23 19 0 1918 1365 41 83 0 28 32 NA 32
268 77 107 83 24 19 0 1888 1389 43 82 0 27 34 NA 34
269 88 109 85 24 20 0 1853 1416 45 81 0 28 34 NA 34
270 78 111 89 22 18 0 1884 1394 40 79 0 27 35.5 NA 35.5
271 67 114 92 22 18 0 1907 1395 40 81 0 25.5 35.5 NA 35.5
272 77 113 93 20 18 0 1917 1387 40 80 0 25 35.5 NA 35.5
273 73 114 94 20 19 0 1914 1384 42 81 0 26 37 NA 37
274 72 111 92 19 19 0 1912 1398 41 82 0 27 37 NA 37
275 80 109 92 17 18 0 1899 1406 41 81 0 28 38.5 NA 38.5
276 88 112 92 20 18 0 1896 1399 41 81 0 25.5 38.5 NA 38.5
277 81 112 92 20 18 0 1868 1414 42 81 0 26 38.5 NA 38.5
278 80 112 92 20 16 0 1873 1394 41 79 0 26 37.5 NA 37.5
279 71 111 91 20 16 0 1870 1401 41 83 0 25 37.5 NA 37.5
280 79 109 90 19 15 0 1881 1396 39 81 0 26 37 NA 37
281 70 107 88 19 15 0 1858 1421 39 82 0 27 37 NA 37
282 81 106 88 18 16 0 1831 1438 39 85 0 28 37.5 NA 37.5
283 80 105 87 18 17 0 1829 1434 41 86 0 28 38 NA 38
284 85 106 88 18 17 0 1828 1422 41 84 0 28.5 38 NA 38
285 80 107 89 18 16 0 1821 1427 41 82 0 26 38.5 NA 38.5
286 56 110 92 18 16 0 1833 1422 40 82 0 26 38.5 NA 38.5
287 93 107 91 16 15 0 1836 1396 38 79 0 25 39 NA 39
288 60 107 91 16 15 0 1837 1396 39 80 0 23 39 NA 39
289 95 105 91 14 14 0 1843 1382 38 77 0 22 38.5 NA 38.5
290 86 104 90 14 13 0 1830 1375 37 77 0 23 37 NA 37
291 83 104 91 13 14 0 1818 1380 37 77 0 24 35.5 NA 35.5
292 95 104 89 15 13 0 1816 1364 35 74 0 23.5 38 NA 38
293 76 104 89 15 12 0 1820 1368 33 75 0 24 38.5 NA 38.5
294 78 104 89 15 12 0 1814 1376 31 75 0 25 38.5 NA 38.5
295 68 102 88 14 12 0 1815 1373 31 72 0 26 38.5 NA 38.5
296 71 102 87 15 13 0 1817 1371 32 75 0 26.5 38 NA 38
297 75 103 87 16 12 0 1826 1345 32 76 0 26 33.5 NA 33.5
298 71 100 84 16 11 0 1838 1341 30 76 0 26 29 NA 29
299 57 103 87 16 12 0 1872 1332 32 77 0 24 33.5 NA 33.5
300 70 101 85 16 12 0 1864 1349 32 76 0 25 33.5 NA 33.5
301 84 101 84 17 12 0 1858 1345 30 77 0 25 38.5 NA 38.5
302 69 99 81 18 11 0 1877 1337 29 76 0 26 39 NA 39
303 81 99 80 19 11 0 1847 1357 29 73 0 25 52 NA 52
304 72 93 74 19 9 0 1868 1349 27 72 0 25 52 NA 52
305 71 96 76 20 9 0 1849 1379 27 73 0 25.5 52 NA 52
306 71 96 75 21 9 0 1824 1400 27 73 0 25.5 52 NA 52
307 77 95 73 22 9 0 1847 1384 27 72 0 26 52 NA 52
308 75 94 72 22 10 0 1846 1386 28 72 0 25.5 45.5 NA 45.5
309 71 94 72 22 10 0 1840 1401 28 76 0 26.5 45.5 NA 45.5
310 86 92 69 23 11 0 1846 1376 27 74 0 26 52 NA 52
311 78 94 70 24 11 0 1848 1379 29 74 0 26 52 NA 52
312 86 93 70 23 11 0 1856 1371 31 72 0 27 39 NA 39
313 77 94 72 22 10 0 1848 1379 28 71 0 26.5 31.5 NA 31.5
314 83 101 78 23 11 0 1828 1391 27 71 0 25 39 NA 39
315 80 98 76 22 11 0 1843 1370 27 71 0 24.5 26 NA 26
316 82 99 75 24 12 0 1839 1359 28 70 0 24 35.5 NA 35.5
317 81 97 73 24 12 0 1822 1389 29 70 0 25 33.5 NA 33.5
318 88 96 72 24 12 0 1809 1394 29 71 0 26 33.5 NA 33.5
319 76 98 74 24 12 0 1805 1400 29 70 0 25.5 33.5 NA 33.5
320 71 99 75 24 13 0 1822 1406 30 69 0 25 41 NA 41
321 72 98 74 24 14 0 1793 1444 31 67 0 25.5 33.5 NA 33.5
322 74 101 75 26 14 0 1818 1426 31 68 0 26 43 NA 43
323 69 99 73 26 14 0 1819 1420 32 68 0 26 43 NA 43
324 76 101 75 26 15 0 1798 1440 33 69 0 27 41 NA 41
325 64 101 75 26 16 0 1802 1456 37 70 0 28 43 NA 43
326 71 102 76 26 16 0 1805 1458 37 75 0 27.5 43 NA 43
327 80 105 79 26 15 0 1797 1451 36 73 0 24 41 NA 41
328 68 107 82 25 14 0 1815 1439 35 73 0 22 43 NA 43
329 84 102 78 24 14 0 1837 1421 34 70 0 23 37 NA 37
330 77 104 80 24 13 0 1828 1424 33 70 0 21 41 NA 41
