1 89 94 79 15 46 25 1208 77 12 71 24 25 18 NA 18 NA 3 77 1 7 17 21 0 0 0 0 1 7 17 21 0 0 0 0 1 142 0 0 4929 19 27 25
2 82 98 83 15 47 20 1290 53 9 71 49 25.5 18 NA 18 NA 5 53 1 6 18 22 0 0 0 0 1 6 18 22 0 0 0 0 4 157 0 0 4929 18 27 26
3 71 96 83 13 45 22 1353 64 6 70 75 26 18 NA 18 NA 7 64 1 6 17 21 0 0 0 0 1 6 17 21 0 0 0 0 0 148 0 0 4930 18 27 25
4 82 97 84 13 47 28 1399 81 6 71 100 26 18 NA 18 NA 12 81 1 8 16 22 0 0 0 0 1 8 16 22 0 0 0 0 2 150 0 0 4929 19 26 26
5 72 97 85 12 47 30 1409 85 14 70 113 25 18 NA 18 NA 14 85 1 9 18 19 0 0 0 0 1 9 18 19 0 0 0 0 2 119 0 0 4930 21 26 23
6 87 96 84 12 45 29 1446 73 10 68 132 25 18 NA 18.5 12 8 73 0 8 17 20 0 0 0 0 0 8 16 20 0 0 1 0 1 142 0 0 4932 19 24 25
7 85 97 83 14 43 29 1477 90 6 66 147 23 18 NA 18 24 7 90 0 8 16 19 0 0 0 0 0 8 16 17 0 0 0 2 3 143 0 0 4934 19 22 25
8 77 98 84 14 42 33 1472 85 3 65 145 22 18 NA 18 24 8 85 0 7 16 19 0 0 0 0 0 7 16 17 0 0 0 2 2 106 0 0 4935 18 23 24
9 78 99 83 16 41 39 1510 80 7 64 155 22 18 NA 18 24 10 80 0 7 16 18 0 0 0 0 0 7 16 16 0 0 0 2 2 138 0 0 4936 19 22 23
10 63 98 83 15 39 35 1535 76 9 68 154 22.5 18 NA 17.5 36 5 76 0 5 15 19 0 0 0 0 0 5 15 18 0 0 0 1 1 120 0 0 4932 23 21 24
11 66 97 82 15 41 41 1551 99 9 69 170 23 18 NA 18 24.5 14 99 0 4 16 21 0 0 0 0 0 3 16 20 0 1 0 1 0 143 0 0 4931 21 21 27
12 69 97 82 15 42 40 1568 83 12 69 168 24 17.5 NA 17.5 24.5 11 83 0 4 14 24 0 0 0 0 0 3 14 23 0 1 0 1 0 122 0 0 4931 20 18 31
13 64 97 82 15 45 27 1025 64 12 68 164 22 18 NA 18 15 5 64 0 5 14 26 0 0 0 0 0 3 14 25 0 2 0 1 2 155 6 621 4932 22 15 31
14 89 96 82 14 43 28 1015 71 7 70 151 21.5 18 NA 18 15 7 71 0 6 13 24 0 0 0 0 0 4 13 23 0 2 0 1 1 155 6 689 4930 26 15 29
15 74 93 78 15 39 30 1025 74 4 66 154 20 17 NA 18 14 7 74 0 7 9 23 0 0 0 0 0 4 9 22 0 3 0 1 0 153 7 743 4934 25 13 28
16 73 93 77 16 39 31 1036 83 6 67 154 21 17 NA 18 14 8 83 0 7 9 23 0 0 0 0 0 4 9 22 0 3 0 1 2 176 8 810 4933 24 14 29
17 83 91 76 15 41 30 1067 71 9 69 161 23 18 NA 18 14 8 71 0 8 10 23 0 0 0 0 0 5 10 22 0 3 0 1 0 162 10 848 4931 25 15 29
18 82 90 74 16 42 34 1069 78 5 68 156 22.5 18 NA 18.5 14 10 78 0 8 11 23 0 0 0 0 0 5 11 22 0 3 0 1 1 148 12 896 4932 24 16 28
19 87 91 75 16 41 30 1061 72 9 69 161 21 18 NA 18 14 8 72 0 9 11 21 0 0 0 0 0 6 11 20 0 3 0 1 3 145 15 962 4931 27 16 26
20 92 93 77 16 44 32 1087 82 11 71 154 22 18 NA 18 15 12 82 0 10 12 22 0 0 0 0 0 8 12 21 0 2 0 1 2 171 15 998 4929 28 16 27
21 85 99 83 16 43 33 1072 74 8 72 167 20 18 NA 18.5 15 11 74 0 10 11 22 0 0 0 0 0 8 11 21 0 2 0 1 5 146 17 1056 4928 31 14 27
22 83 96 80 16 44 29 1101 69 10 69 181 20 18 NA 18.5 14 5 69 0 11 12 21 0 0 0 0 0 10 10 20 0 1 2 1 0 169 18 1103 4931 26 17 26
23 63 102 85 17 49 33 1090 98 10 69 167 20.5 18 NA 18.5 15 10 98 0 11 13 25 0 0 0 0 0 10 11 23 0 1 2 2 5 155 18 1153 4931 24 16 29
24 76 103 87 16 48 37 1090 88 7 68 166 20 18 NA 18 15 13 88 0 11 13 24 0 0 0 0 0 10 11 22 0 1 2 2 1 155 20 1204 4932 24 16 28
25 76 101 84 17 50 36 1120 73 12 69 168 21 18 NA 18 15 12 73 1 11 15 23 0 0 0 0 1 10 13 21 0 1 2 2 1 174 21 1257 4931 25 17 27
26 65 100 84 16 52 38 1123 76 12 68 184 21 18.5 NA 19 16.5 13 76 2 10 18 22 0 0 0 0 2 9 15 20 0 1 3 2 2 152 22 1314 4932 23 20 25
27 66 98 82 16 52 34 1144 84 11 68 195 22 19 NA 19.5 16.5 10 84 2 10 16 24 0 0 0 0 2 8 14 22 0 2 2 2 0 171 23 1361 4932 23 18 27
28 89 94 79 15 52 36 1144 74 10 67 195 23 19 NA 20 15 12 74 2 9 16 25 0 0 0 0 2 7 14 24 0 2 2 1 1 164 23 1423 4933 22 17 28
29 76 95 80 15 53 34 1152 84 10 68 187 24 19 NA 20 15 10 84 2 9 16 26 0 0 0 0 2 6 13 25 0 3 3 1 1 169 26 1485 4932 20 19 29
30 73 96 81 15 54 36 1151 89 11 70 182 24.5 19 NA 20 15 13 89 2 9 16 27 0 0 0 0 2 6 13 26 0 3 3 1 1 164 27 1541 4930 20 20 30
31 80 94 80 14 52 29 1191 65 11 70 193 24 19 NA 20 15 4 65 2 9 16 25 0 0 0 0 2 7 12 24 0 2 4 1 1 168 30 1587 4930 22 20 28
32 69 96 80 16 53 36 1207 65 6 71 204 24.5 19 NA 20 15 12 65 2 8 17 26 0 0 0 0 2 7 13 25 0 1 4 1 0 160 30 1649 4929 21 21 29
33 83 95 80 15 54 35 1199 85 10 76 194 26 18.5 NA 19.5 15 12 85 1 8 19 26 0 0 0 0 1 7 15 25 0 1 4 1 1 155 32 1701 4924 23 24 29
34 69 96 80 16 52 34 1182 88 8 75 204 26 18.5 NA 20 15 8 88 1 7 16 28 0 0 0 0 1 6 12 26 0 1 4 2 4 157 32 1764 4925 22 22 31
35 83 95 80 15 53 34 1172 80 11 78 198 27 19 NA 20 15 9 80 0 8 16 29 0 0 0 0 0 7 12 27 0 1 4 2 0 148 32 1821 4922 26 20 32
36 89 93 80 13 57 39 1178 80 9 78 209 28 18 NA 19.5 15 11 80 0 12 17 28 0 0 0 0 0 11 13 26 0 1 4 2 1 167 33 1876 4922 27 20 31
37 65 93 80 13 58 38 1151 82 7 77 199 28 18.5 NA 19.5 15 6 82 0 11 18 29 0 0 0 0 0 10 15 27 0 1 3 2 0 146 33 1952 4923 24 21 32
38 72 94 81 13 57 37 1138 78 8 78 199 29 18 NA 19 16.5 8 78 0 9 18 30 0 0 0 0 0 8 16 27 0 1 2 3 1 142 34 2012 4922 24 21 33
39 62 97 84 13 57 39 1128 90 7 77 191 26 18 NA 19 16.5 11 90 0 9 18 30 0 0 0 0 0 8 16 27 0 1 2 3 2 146 37 2064 4923 22 22 33
40 70 95 82 13 56 41 1123 88 8 75 196 27 18.5 NA 19 16.5 11 88 0 10 17 29 0 0 0 0 0 10 14 26 0 0 3 3 0 167 38 2130 4925 21 22 32
41 80 98 82 16 56 37 1114 72 12 74 194 26 18 NA 18.5 16.5 9 72 0 10 15 31 0 0 0 0 0 10 12 28 0 0 3 3 3 157 40 2202 4926 21 20 33
42 81 99 84 15 56 41 1120 87 5 72 177 26 18 NA 18.5 16.5 8 87 0 10 15 31 0 0 0 0 0 10 12 28 0 0 3 3 2 165 40 2261 4928 20 18 34
43 61 100 85 15 57 34 1133 66 9 75 190 26.5 18 NA 19 16.5 4 66 0 9 14 34 0 0 0 0 0 9 12 30 0 0 2 4 0 154 43 2324 4925 21 18 36
44 69 99 84 15 55 34 1116 71 4 75 181 26 19 NA 19 18 4 71 0 8 12 35 0 0 0 0 0 8 11 31 0 0 1 4 0 133 43 2384 4925 22 16 37
45 78 98 84 14 56 40 1121 71 7 74 183 26.5 18.5 NA 19 18 12 71 0 7 12 37 0 0 0 0 0 7 11 33 0 0 1 4 1 157 43 2441 4926 17 19 38
46 75 101 88 13 57 37 1130 83 6 75 176 26 19 NA 19 16.5 8 83 0 9 11 37 0 0 0 0 0 9 10 32 0 0 1 5 3 165 45 2495 4925 18 19 38
47 95 102 89 13 57 35 1116 81 8 72 180 26 18 NA 19 16.5 8 81 0 5 16 36 0 0 0 0 0 5 15 31 0 0 1 5 3 153 47 2559 4928 12 23 37
48 81 102 86 16 56 32 1102 82 10 71 175 27 18.5 NA 19 18 9 82 1 4 15 36 0 0 0 0 1 4 14 30 0 0 1 6 1 157 50 2633 4929 12 22 37
49 94 99 84 15 55 26 1111 76 10 68 185 28 19 NA 19 18 8 76 1 6 14 34 0 0 0 0 1 6 13 28 0 0 1 6 0 165 52 2693 4932 13 19 36
50 72 99 85 14 53 31 1128 80 5 68 194 27 19 NA 19 19 11 80 1 5 14 33 0 0 0 0 1 5 13 26 0 0 1 7 3 160 52 2740 4932 14 19 35
51 79 99 85 14 51 32 1123 87 5 70 193 28 18 NA 18 19 7 87 1 5 12 33 0 0 0 0 1 5 11 26 0 0 1 7 1 152 53 2790 4930 18 17 35
52 79 104 89 15 52 25 1129 77 10 71 176 25 18.5 NA 18 20 5 77 1 4 12 35 0 0 0 0 1 4 12 26 0 0 0 9 2 160 55 2851 4929 18 16 37
53 70 101 86 15 50 29 1100 85 2 73 170 25 18.5 NA 18.5 19 9 85 0 5 10 35 0 0 0 0 0 5 10 27 0 0 0 8 0 135 57 2907 4927 21 15 37
54 60 102 88 14 49 27 1133 63 9 72 181 23 18 NA 18 17 8 63 0 6 10 33 0 0 0 0 0 5 10 26 0 1 0 7 3 175 60 2969 4928 22 15 35
55 82 96 83 13 49 26 1134 76 10 70 178 24.5 18 NA 19 16 7 76 0 3 11 35 0 0 0 0 0 2 11 29 0 1 0 6 1 146 60 3019 4930 19 15 36
56 82 97 84 13 51 35 1148 95 5 71 171 25 18 NA 19 15.5 13 95 1 4 10 36 0 0 0 0 0 3 10 30 1 1 0 6 0 174 60 3065 4929 19 15 37
57 63 101 88 13 55 30 1131 84 16 72 172 26 18 NA 19 15.5 9 84 1 6 10 38 0 0 0 0 0 5 10 32 1 1 0 6 4 158 61 3130 4928 19 13 40
58 75 100 86 14 56 33 1144 75 10 73 188 25.5 18 NA 19 15 13 75 2 8 9 37 0 0 0 0 1 6 9 31 1 2 0 6 1 165 62 3186 4927 21 12 40
59 75 101 86 15 55 40 1114 83 8 74 190 25 18 NA 19 15.5 14 83 1 8 6 40 0 0 0 0 1 6 6 34 0 2 0 6 2 134 62 3243 4926 23 9 42
60 68 102 86 16 53 40 1120 78 10 74 203 23.5 18 NA 19 15.5 10 78 1 7 6 39 0 0 0 0 1 5 6 33 0 2 0 6 2 161 62 3306 4926 23 10 41
61 87 99 84 15 53 36 1130 83 13 72 221 25 18 NA 19 15 14 83 1 8 6 38 0 0 0 0 1 7 6 32 0 1 0 6 1 172 64 3361 4928 21 11 40
62 81 98 81 17 52 28 1134 82 10 71 222 24.5 18 NA 19 15 3 82 1 7 8 36 0 0 0 0 1 6 8 30 0 1 0 6 2 160 66 3421 4929 21 12 38
63 65 97 81 16 51 30 1150 78 8 71 222 24 18 NA 18.5 15 12 78 1 5 10 35 0 0 0 0 1 4 10 29 0 1 0 6 1 162 68 3475 4929 19 15 37
64 70 93 77 16 49 31 1139 91 11 70 209 25 18 NA 18.5 15 12 91 0 8 7 34 0 0 0 0 0 7 7 28 0 1 0 6 1 157 68 3537 4930 23 11 36
65 58 91 75 16 49 36 1136 88 9 69 208 26 18 NA 18.5 15 12 88 0 7 8 34 0 0 0 0 0 6 8 28 0 1 0 6 1 142 68 3580 4931 20 13 36
66 91 92 75 17 48 40 1113 91 13 71 201 25 17 NA 17 15 16 91 0 8 7 33 0 0 0 0 0 7 7 27 0 1 0 6 4 159 68 3651 4929 22 14 35
67 67 92 76 16 50 40 1132 69 10 72 197 26 16.5 NA 17 15 12 69 2 7 6 35 0 0 0 0 2 6 6 29 0 1 0 6 1 161 69 3711 4928 22 13 37
68 68 93 77 16 49 32 1135 80 12 71 192 26 17 NA 17 15 6 80 2 7 5 35 0 0 0 0 2 6 5 29 0 1 0 6 2 166 71 3780 4929 23 11 37
69 79 94 79 15 50 30 1134 75 7 74 193 26.5 17 NA 17 15 8 75 1 9 4 36 0 0 0 0 1 8 4 30 0 1 0 6 1 164 72 3849 4926 25 11 38
70 71 94 79 15 49 29 1162 76 10 73 198 24.5 18 NA 17.5 18 9 76 1 8 5 35 0 0 0 0 1 8 4 31 0 0 1 4 2 174 72 3905 4927 24 12 37
71 62 92 77 15 51 34 1168 98 7 72 198 25.5 17 NA 17 18 11 98 1 9 6 35 0 0 0 0 1 9 5 31 0 0 1 4 0 169 73 3957 4928 22 14 36
72 89 95 79 16 55 36 1158 88 13 73 196 26 18 NA 18 15 13 88 2 10 8 35 0 0 0 0 1 10 7 32 1 0 1 3 2 158 74 4016 4927 21 16 36
73 67 97 81 16 57 29 1170 83 16 72 195 25 18 NA 19 16.5 8 83 1 12 10 34 0 0 0 0 1 10 9 31 0 2 1 3 4 183 75 4086 4928 21 16 35
74 78 95 79 16 55 33 1155 89 6 71 197 26 19 NA 19 15 11 89 1 8 14 32 0 0 0 0 1 7 12 30 0 1 2 2 1 161 76 4150 4929 19 19 33
75 85 92 76 16 54 35 1174 82 9 66 191 25.5 18.5 NA 19 15 11 82 2 8 12 32 0 0 0 0 2 7 10 30 0 1 2 2 2 178 76 4202 4934 16 18 32
76 79 91 75 16 54 34 1162 101 12 63 196 25 19 NA 19 15 12 101 3 5 17 29 0 0 0 0 3 4 15 27 0 1 2 2 1 177 77 4267 4937 13 21 29
77 75 90 75 15 52 36 1155 105 5 61 200 25 19 NA 19 15 10 105 3 5 14 30 0 0 0 0 3 4 12 28 0 1 2 2 1 164 79 4316 4939 13 18 30
78 68 92 76 16 50 31 1165 84 9 64 196 25 19 NA 19.5 13.5 10 84 2 4 13 31 0 0 0 0 2 3 12 29 0 1 1 2 3 170 82 4374 4936 15 17 32
79 89 90 74 16 48 31 1150 84 5 63 191 25 19.5 NA 20 13.5 8 84 2 4 11 31 0 0 0 0 2 3 10 29 0 1 1 2 0 153 85 4436 4937 15 16 32
80 73 87 72 15 43 30 1138 84 10 61 180 24 19 NA 19.5 12 9 84 1 5 10 27 0 0 0 0 1 4 9 26 0 1 1 1 1 152 85 4497 4939 17 16 28
81 88 88 74 14 41 32 1157 74 5 60 190 24 19 NA 19 66 10 74 1 3 10 27 0 0 0 0 1 3 9 26 0 0 1 1 0 166 86 4558 4940 15 17 28
82 82 84 70 14 40 36 1168 69 6 60 194 25.5 19 NA 19 66 11 69 1 3 9 27 0 0 0 0 1 3 9 25 0 0 0 2 0 156 87 4615 4940 15 17 28
83 87 86 72 14 44 37 1160 92 12 61 198 26 19 NA 19 66 11 92 1 5 11 27 0 0 0 0 1 5 11 25 0 0 0 2 2 166 87 4673 4939 16 16 29
84 65 86 72 14 43 41 1154 98 8 60 187 25 19 NA 19 66 13 98 0 6 11 26 0 0 0 0 0 6 11 24 0 0 0 2 0 165 87 4731 4940 16 15 29
85 94 84 70 14 40 42 1159 84 13 60 198 20 17.5 NA 17.5 66 13 84 0 6 10 24 0 0 0 0 0 6 10 22 0 0 0 2 0 176 87 4793 4940 20 13 27
86 61 84 71 13 39 45 1174 98 11 58 177 20 17 NA 17 66 14 98 0 8 9 22 0 0 0 0 0 8 9 20 0 0 0 2 1 186 87 4851 4942 20 13 25
87 67 82 69 13 37 43 1193 74 7 57 184 20.5 17 NA 17 66 5 74 0 8 9 20 0 0 0 0 0 8 9 18 0 0 0 2 0 177 87 4913 4943 22 12 23
88 82 83 70 13 37 43 1172 82 11 59 198 20 17 NA 17.5 12 13 82 0 8 7 22 0 0 0 0 0 8 7 21 0 0 0 1 1 144 89 4975 4941 24 9 26
89 70 82 69 13 38 42 1196 83 7 58 197 20.5 17.5 NA 18 12 7 83 0 9 8 21 0 0 0 0 0 9 8 20 0 0 0 1 1 169 91 5025 4942 25 9 24
90 86 82 69 13 37 41 1201 78 11 58 202 20 17 NA 18 12 13 78 0 6 9 22 0 0 0 0 0 6 9 21 0 0 0 1 1 177 93 5088 4942 21 12 25
91 95 83 70 13 39 42 1181 89 11 56 197 19 20 NA 20 12 11 89 0 7 10 22 0 0 0 0 0 7 10 21 0 0 0 1 3 165 95 5155 4944 20 11 25
92 77 84 70 14 37 33 1175 82 14 56 188 19 19 NA 19.5 12 3 82 0 7 10 20 0 0 0 0 0 7 10 19 0 0 0 1 2 152 95 5213 4944 22 11 23
93 57 84 69 15 41 36 1156 109 8 58 190 19.5 18 NA 19 13 10 109 1 10 8 22 0 0 0 0 1 9 8 21 0 1 0 1 3 168 97 5276 4942 25 9 24
94 76 87 73 14 39 42 1144 91 9 56 200 19 18 NA 19 13 16 91 1 9 8 21 0 0 0 0 1 8 8 20 0 1 0 1 3 158 98 5333 4944 22 10 24
95 80 88 72 16 40 41 1136 89 14 57 189 19 17.5 NA 18.5 13 12 89 1 9 9 21 0 0 0 0 1 8 9 20 0 1 0 1 1 154 99 5388 4943 23 11 23
96 84 88 71 17 42 44 1142 89 7 58 194 20 18.5 NA 19.5 13 10 89 1 10 10 21 0 0 0 0 1 9 10 20 0 1 0 1 2 174 100 5443 4942 22 13 23
97 78 87 69 18 42 40 1146 93 9 58 187 21 18.5 NA 19.5 13 7 93 2 6 15 19 0 0 0 0 2 5 15 18 0 1 0 1 1 181 101 5511 4942 20 17 21
98 73 87 68 19 44 37 1129 81 9 58 187 21 18.5 NA 19 13 9 81 2 8 16 18 0 0 0 0 2 7 16 17 0 1 0 1 1 151 105 5578 4942 20 18 20
99 69 91 71 20 45 37 1128 70 5 59 186 20 18 NA 19 13 8 70 2 7 18 18 0 0 0 0 2 6 18 17 0 1 0 1 3 160 109 5651 4941 19 20 20
100 88 93 72 21 46 40 1142 69 6 59 185 20 17.5 NA 18.5 13 9 69 2 7 18 19 0 0 0 0 2 7 17 18 0 0 1 1 1 150 109 5698 4941 16 22 21
101 66 92 71 21 44 39 1133 89 6 58 194 21 18.5 NA 19 13 8 89 1 7 17 19 0 0 0 0 1 7 16 18 0 0 1 1 1 149 112 5751 4942 15 22 21
102 83 92 70 22 44 47 1126 92 5 60 195 22 18.5 NA 19 12 15 92 1 7 13 23 0 0 0 0 1 7 13 22 0 0 0 1 0 171 114 5812 4940 17 18 25
103 79 91 69 22 46 40 1105 78 16 62 177 20 17.5 NA 18.5 9.5 10 78 3 6 14 23 0 0 0 0 2 6 14 22 1 0 0 1 1 138 116 5877 4938 20 18 24
104 55 95 70 25 48 44 1110 92 12 64 190 20 17.5 NA 18.5 9.5 13 92 1 9 14 24 0 0 0 0 0 9 14 23 1 0 0 1 2 169 117 5935 4936 20 19 25
105 60 94 70 24 49 40 1125 73 13 64 194 19.5 17 NA 18.5 7 11 73 2 10 15 22 0 0 0 0 0 10 15 21 2 0 0 1 0 163 118 5996 4936 21 20 23
106 74 98 73 25 51 37 1103 74 10 68 193 18 17 NA 18.5 7 8 74 2 11 15 23 0 0 0 0 0 11 15 22 2 0 0 1 5 129 120 6053 4932 26 17 25
107 72 98 73 25 51 39 1119 80 7 68 198 17 17 NA 17.5 7 11 80 2 13 14 22 0 0 0 0 0 13 14 21 2 0 0 1 2 161 122 6103 4932 28 16 24
108 72 97 72 25 53 40 1117 86 9 68 195 17 16 NA 17 7 11 86 2 14 14 23 0 0 0 0 1 13 14 22 1 1 0 1 0 159 125 6163 4932 28 16 24
109 70 100 74 26 55 38 1127 83 11 70 198 18 16 NA 17 9.5 11 83 3 14 11 27 0 0 0 0 2 12 11 26 1 2 0 1 2 177 128 6231 4930 28 14 28
110 79 101 76 25 56 32 1142 85 12 71 192 19 16.5 NA 17 9.5 6 85 3 12 13 28 0 0 0 0 2 10 13 27 1 2 0 1 2 174 128 6283 4929 27 15 29
111 74 104 78 26 56 28 1123 74 7 73 204 19.5 16.5 NA 17 9.5 6 74 3 12 12 29 0 0 0 0 2 10 12 28 1 2 0 1 3 143 131 6350 4927 29 14 30
112 67 109 78 31 55 29 1122 90 6 74 210 19 17 NA 17 9.5 10 90 2 13 10 30 0 0 0 0 2 10 10 29 0 3 0 1 3 166 134 6412 4926 31 12 31
113 89 110 78 32 54 34 1093 92 7 74 188 20 16.5 NA 17 12 12 92 1 13 11 29 0 0 0 0 1 10 11 27 0 3 0 2 1 157 134 6478 4926 31 13 30
114 65 107 76 31 54 35 1100 79 11 73 199 21 16.5 NA 17 12 10 79 1 14 11 28 0 0 0 0 1 11 11 26 0 3 0 2 0 166 134 6543 4927 30 14 29
115 79 103 74 29 47 28 1139 70 11 69 202 21 17 NA 17 12 7 70 0 10 12 25 0 0 0 0 0 7 12 23 0 3 0 2 1 165 137 6589 4931 26 17 26
116 91 102 74 28 48 29 1141 92 10 71 209 21.5 16.5 NA 17 12 12 92 0 10 13 25 0 0 0 0 0 6 12 23 0 4 1 2 0 178 139 6648 4929 28 17 26
117 80 99 73 26 47 29 1151 89 9 70 214 23 16 NA 17 14 9 89 0 9 13 25 0 0 0 0 0 6 12 23 0 3 1 2 1 175 140 6705 4930 25 19 26
118 70 100 74 26 50 28 1149 97 13 73 204 23 16 NA 16 14 10 97 0 11 15 24 0 0 0 0 0 7 14 22 0 4 1 2 2 163 140 6754 4927 24 24 25
119 85 98 74 24 48 29 1146 83 8 72 208 22.5 16 NA 16.5 13.5 9 83 0 11 15 22 0 0 0 0 0 6 14 20 0 5 1 2 1 160 140 6807 4928 24 26 22
120 71 99 74 25 49 25 1152 78 11 72 220 23 16 NA 16 12.5 9 78 0 12 15 22 0 0 0 0 0 9 13 21 0 3 2 1 2 162 144 6867 4928 24 26 22
121 80 98 74 24 49 25 1149 86 9 70 220 22.5 16 NA 16 13 10 86 1 11 16 21 0 0 0 0 1 9 14 20 0 2 2 1 3 165 146 6933 4930 22 26 22
122 71 103 74 29 50 27 1117 108 9 74 221 23 16 NA 16 13.5 12 108 0 12 15 23 0 0 0 0 0 10 12 22 0 2 3 1 1 154 146 6989 4926 25 25 24
123 76 105 75 30 50 25 1151 77 9 77 228 22 16 NA 16 14 6 77 0 11 16 23 0 0 0 0 0 9 13 23 0 2 3 0 3 176 147 7039 4923 26 27 24
124 84 102 72 30 50 29 1152 81 8 77 216 21.5 16 NA 16 17 11 81 0 11 19 20 0 0 0 0 0 8 15 20 0 3 4 0 0 165 148 7099 4923 28 28 21
125 78 105 74 31 49 23 1156 68 9 77 223 22 16 NA 16 17 6 68 0 9 19 21 0 0 0 0 0 6 15 21 0 3 4 0 3 133 150 7148 4923 27 28 22
126 63 104 74 30 48 30 1167 92 4 74 217 21.5 16 NA 16 17 12 92 0 9 18 21 0 0 0 0 0 6 14 21 0 3 4 0 0 168 151 7198 4926 26 26 22
127 72 105 74 31 50 31 1158 95 9 76 217 21 16.5 NA 16 18 11 95 0 11 14 25 0 0 0 0 0 7 11 24 0 4 3 1 2 167 152 7266 4924 27 23 26
128 73 103 73 30 48 31 1154 83 8 75 216 22 16.5 NA 16 18 8 83 0 9 14 25 0 0 0 0 0 7 10 23 0 2 4 2 0 168 152 7339 4925 26 23 26
129 81 103 73 30 49 32 1131 70 9 76 207 23 16 NA 16 17 9 70 1 8 14 26 0 0 0 0 0 7 9 24 1 1 5 2 1 135 152 7406 4924 27 22 27
130 93 101 72 29 49 35 1136 85 10 73 217 22 16 NA 16 17 11 85 1 9 13 26 0 0 0 0 0 7 9 24 1 2 4 2 0 167 153 7461 4927 25 19 29
131 72 101 72 29 48 37 1145 68 5 73 222 22 16 NA 16 17 7 68 1 8 13 26 0 0 0 0 0 6 9 24 1 2 4 2 1 160 153 7523 4927 24 18 31
132 91 101 70 31 47 36 1135 107 9 73 211 22 16 NA 15.5 17 9 107 1 8 14 24 0 0 0 0 0 6 10 22 1 2 4 2 1 187 155 7587 4927 25 19 29
133 80 101 70 31 51 40 1131 81 9 76 197 23 16 NA 16 17 11 81 1 9 14 27 0 0 0 0 0 7 10 25 1 2 4 2 0 152 156 7645 4924 26 19 31
134 70 105 72 33 50 31 1132 86 13 80 196 24 16 NA 16 17 4 86 1 7 16 26 0 0 0 0 0 5 12 24 1 2 4 2 3 159 157 7698 4920 27 22 31
135 80 105 73 32 52 32 1127 98 5 82 200 24 16 NA 16 17 7 98 1 8 15 28 0 0 0 0 0 6 11 26 1 2 4 2 1 178 159 7761 4918 26 22 34
136 62 105 73 32 50 29 1140 72 8 80 217 25 16 NA 16 17 5 72 1 7 15 27 0 0 0 0 0 5 11 25 1 2 4 2 2 167 160 7829 4920 23 24 33
137 90 104 72 32 48 33 1157 85 5 81 223 25 16 NA 16 17 10 85 0 7 15 26 0 0 0 0 0 5 10 24 0 2 5 2 1 166 162 7868 4919 26 23 32
138 79 107 75 32 49 38 1119 83 7 82 207 25 16 NA 16 15.5 10 83 0 9 15 25 0 0 0 0 0 7 10 24 0 2 5 1 2 138 162 7942 4918 28 22 32
139 72 107 75 32 51 33 1137 93 15 82 197 24 16 NA 16 15.5 10 93 0 9 16 26 0 0 0 0 0 7 11 25 0 2 5 1 1 172 164 7989 4918 27 23 32
140 79 105 73 32 49 34 1138 85 10 79 194 25 16 NA 16 14 12 85 0 9 14 26 0 0 0 0 0 7 11 24 0 2 3 2 0 164 166 8052 4921 25 22 32
141 73 107 76 31 52 26 1141 84 11 78 192 24 16 NA 16 14.5 5 84 1 9 16 26 0 0 0 0 1 7 13 23 0 2 3 3 0 157 169 8105 4922 23 23 32
142 70 109 78 31 53 29 1124 83 7 80 174 24 16 NA 16 15 10 83 1 10 14 28 0 0 0 0 1 7 12 24 0 3 2 4 2 148 170 8166 4920 25 21 34
143 92 109 77 32 53 30 1122 80 9 80 166 23 16 NA 16.5 15 9 80 1 10 14 28 0 0 0 0 1 7 12 24 0 3 2 4 2 158 172 8220 4920 26 20 34
144 75 109 78 31 51 34 1116 91 8 81 166 23 16 NA 16 14.5 14 91 1 10 14 26 0 0 0 0 1 7 12 23 0 3 2 3 3 177 174 8292 4919 27 22 32
145 65 106 76 30 51 33 1108 95 10 78 164 24 16 NA 16.5 15 8 95 2 9 14 26 0 0 0 0 1 6 12 25 1 3 2 1 0 171 174 8357 4922 24 23 31
146 82 105 73 32 52 31 1091 82 10 78 175 24 16 NA 16 15 11 82 2 8 14 28 0 0 0 0 1 6 11 27 1 2 3 1 4 140 175 8411 4922 22 24 32
147 64 102 70 32 50 37 1099 77 7 77 180 25 16.5 NA 17 15 13 77 1 7 15 27 0 0 0 0 0 5 12 26 1 2 3 1 0 166 175 8476 4923 21 22 34
148 79 106 74 32 49 30 1095 83 15 75 175 24 16 NA 17 14 7 83 1 8 13 27 0 0 0 0 0 6 10 25 1 2 3 2 5 150 176 8528 4925 22 19 34
149 78 102 73 29 47 24 1104 65 8 69 181 24 16 NA 16.5 13 4 65 2 5 14 26 0 0 0 0 0 4 11 23 2 1 3 3 4 161 177 8596 4931 17 21 31
150 78 101 72 29 49 26 1150 75 9 72 183 25 16 NA 16.5 13 8 75 1 7 15 26 0 0 0 0 0 6 11 23 1 1 4 3 0 188 178 8642 4928 19 22 31
151 81 103 74 29 49 22 1154 72 7 72 189 24 16 NA 17 14 5 72 2 8 12 27 0 0 0 0 0 7 8 22 2 1 4 5 2 148 179 8699 4928 19 21 32
152 59 103 74 29 50 28 1145 82 6 72 196 25 16.5 NA 17 14 12 82 2 9 13 26 0 0 0 0 0 8 9 21 2 1 4 5 0 147 179 8757 4928 20 20 32
153 86 102 72 30 49 32 1128 83 10 71 192 22.5 16 NA 17 13 13 83 3 10 11 25 0 0 0 0 0 9 8 20 3 1 3 5 1 154 179 8816 4929 22 18 31
154 74 100 71 29 47 27 1128 77 9 68 204 22.5 16 NA 17 13 5 77 3 8 13 23 0 0 0 0 0 7 10 18 3 1 3 5 2 166 180 8882 4932 19 20 29
155 94 100 73 27 47 24 1114 83 8 67 196 22 16 NA 17.5 13 8 83 3 8 14 22 0 0 0 0 0 7 11 18 3 1 3 4 2 152 183 8942 4933 19 20 28
156 73 101 73 28 47 28 1098 87 7 68 205 22 16 NA 17.5 13 11 87 3 6 15 23 0 0 0 0 0 5 12 19 3 1 3 4 1 159 184 9008 4932 19 21 28
157 78 101 74 27 47 25 1114 74 12 66 213 22 15 NA 17 10 10 74 5 7 13 22 0 0 0 0 2 6 10 19 3 1 3 3 1 168 186 9061 4934 20 18 28
158 68 104 77 27 48 30 1140 90 8 70 203 20.5 15 NA 17 10 12 90 6 6 11 25 0 0 0 0 3 5 9 21 3 1 2 4 1 178 186 9114 4930 21 16 33
159 72 103 75 28 48 29 1153 104 12 68 202 21 15.5 NA 17.5 10 13 104 7 4 11 26 0 0 0 0 4 3 9 22 3 1 2 4 1 185 187 9165 4932 18 16 34
160 77 104 74 30 44 32 1158 87 10 70 204 21 15 NA 17 7 15 87 5 6 10 23 0 0 0 0 4 3 8 20 1 3 2 3 3 164 189 9224 4930 24 15 31
161 89 103 73 30 46 36 1126 107 9 74 188 22 15 NA 17 7 12 107 3 9 8 26 0 0 0 0 3 5 7 22 0 4 1 4 0 158 189 9289 4926 27 12 35
162 69 104 73 31 44 30 1139 71 12 72 188 20 15 NA 17 7 7 71 2 8 8 26 0 0 0 0 2 5 7 21 0 3 1 5 1 173 190 9361 4928 25 12 35
163 67 106 74 32 43 28 1118 99 8 76 174 19 15 NA 17 9 7 99 1 8 8 26 0 0 0 0 1 5 8 21 0 3 0 5 2 157 192 9424 4924 28 12 36
164 81 103 73 30 42 36 1101 75 7 74 177 20 15.5 NA 17.5 9 17 75 1 8 8 25 0 0 0 0 1 5 8 20 0 3 0 5 1 143 192 9480 4926 27 13 34
165 74 104 75 29 45 36 1102 98 12 74 174 19 16 NA 17 9 11 98 1 10 9 25 0 0 0 0 1 7 9 20 0 3 0 5 1 172 192 9529 4926 27 14 33
166 78 103 75 28 44 34 1122 79 10 74 180 20 16.5 NA 17 9 10 79 1 10 7 26 0 0 0 0 1 7 7 21 0 3 0 5 1 159 194 9573 4926 29 11 34
167 69 103 75 28 45 37 1151 83 9 74 199 19 17 NA 17 13 9 83 1 13 7 24 0 0 0 0 1 10 7 20 0 3 0 4 1 181 194 9625 4926 31 11 32
168 85 103 76 27 45 44 1131 94 11 76 195 20 17 NA 17 13 21 94 1 13 6 25 0 0 0 0 1 10 6 21 0 3 0 4 1 152 195 9679 4924 31 12 33
169 80 100 73 27 48 43 1126 94 15 76 180 21 17 NA 17.5 12 13 94 1 18 6 23 0 0 0 0 0 15 6 19 1 3 0 4 0 148 195 9728 4924 33 13 30
170 80 99 72 27 49 39 1123 70 10 77 177 22 17 NA 18 13 6 70 0 16 9 24 0 0 0 0 0 13 9 20 0 3 0 4 1 146 196 9794 4923 30 15 32
171 76 98 71 27 46 35 1132 88 10 73 179 22.5 17 NA 17.5 9 5 88 0 17 8 21 0 0 0 0 0 14 8 18 0 3 0 3 2 179 197 9862 4927 30 14 29
172 67 96 71 25 45 35 1123 82 6 74 183 23.5 17 NA 17 9 6 82 0 12 13 20 0 0 0 0 0 11 11 17 0 1 2 3 2 160 197 9928 4926 26 20 28
173 71 96 71 25 45 33 1117 89 7 73 193 24 17 NA 17 13 9 89 0 8 16 21 0 0 0 0 0 8 12 18 0 0 4 3 2 151 201 9978 4927 21 23 29
174 64 96 72 24 45 38 1125 66 6 75 200 25 17 NA 17.5 13 12 66 0 7 16 22 0 0 0 0 0 7 12 19 0 0 4 3 1 152 202 10038 4925 23 23 29
175 79 95 71 24 46 30 1134 92 12 77 186 26 17 NA 18 13 5 92 0 5 18 23 0 0 0 0 0 5 15 19 0 0 3 4 0 176 203 10092 4923 22 24 31
176 79 93 69 24 49 33 1124 89 12 75 189 27 17 NA 18 9 13 89 0 8 19 22 0 0 0 0 0 8 16 19 0 0 3 3 1 149 203 10141 4925 22 24 29
177 80 96 72 24 46 31 1118 73 5 75 178 26 17 NA 17 5 8 73 0 8 18 20 0 0 0 0 0 8 15 18 0 0 3 2 5 145 206 10204 4925 24 23 28
178 89 95 71 24 45 29 1121 90 9 72 178 25 17 NA 17 5 7 90 0 9 16 20 0 0 0 0 0 9 13 18 0 0 3 2 2 173 207 10261 4928 23 22 27
179 70 97 72 25 45 31 1110 79 7 74 171 25 17 NA 17 9 9 79 0 7 17 21 0 0 0 0 0 7 14 18 0 0 3 3 1 148 207 10326 4926 23 23 28
180 84 95 71 24 44 33 1119 88 8 72 177 25 17 NA 17.5 3.5 10 88 0 7 19 18 0 0 0 0 0 7 16 17 0 0 3 1 1 184 207 10389 4928 22 23 27
181 82 95 69 26 43 34 1103 96 7 70 184 25 17 NA 17.5 5 11 96 0 6 20 17 0 0 0 0 0 5 17 16 0 1 3 1 0 167 210 10452 4930 20 24 26
182 76 96 70 26 44 34 1095 82 9 70 181 25 17 NA 18 5 13 82 0 6 18 20 0 0 0 0 0 5 15 19 0 1 3 1 2 146 213 10508 4930 19 23 28
183 75 95 70 25 45 32 1094 96 9 70 177 25 17 NA 17.5 5 9 96 1 6 18 20 0 0 0 0 1 5 15 19 0 1 3 1 1 174 215 10573 4930 21 23 26
184 64 94 70 24 44 33 1072 93 10 68 176 24 16.5 NA 17 10.5 12 93 1 6 13 24 0 0 0 0 1 5 13 21 0 1 0 3 2 150 217 10632 4932 18 21 29
185 62 93 69 24 44 35 1088 86 10 67 184 25 17 NA 17 16 11 86 1 6 12 25 0 0 0 0 1 5 12 23 0 1 0 2 0 177 217 10687 4933 19 18 30
186 77 92 68 24 47 31 1102 81 12 68 196 26 17 NA 17 16 8 81 1 4 16 26 0 0 0 0 1 2 15 24 0 2 1 2 0 166 218 10742 4932 18 19 31
187 87 92 67 25 47 33 1102 75 7 67 196 26 17 NA 17 16 9 75 1 4 14 28 0 0 0 0 1 2 13 26 0 2 1 2 0 150 218 10797 4933 16 18 33
188 83 91 66 25 49 30 1115 75 8 66 206 26 18 NA 18 16 5 75 1 6 15 27 0 0 0 0 1 4 14 25 0 2 1 2 0 153 219 10846 4934 16 19 31
189 78 89 65 24 48 28 1095 83 8 70 201 27 17.5 NA 18 16 8 83 1 5 16 26 0 0 0 0 1 4 14 24 0 1 2 2 1 146 221 10905 4930 19 21 30
190 63 90 66 24 48 26 1088 85 5 72 193 27.5 17.5 NA 18 16 3 85 0 7 16 25 0 0 0 0 0 6 14 23 0 1 2 2 1 150 222 10963 4928 21 21 30
191 79 91 66 25 49 31 1087 87 5 73 185 28 17 NA 17.5 16 11 87 0 8 15 26 0 0 0 0 0 7 13 24 0 1 2 2 2 151 224 11014 4927 21 21 31
192 85 90 66 24 47 37 1084 97 5 73 187 27.5 17 NA 17 16 13 97 0 8 12 27 0 0 0 0 0 7 10 25 0 1 2 2 0 174 226 11073 4927 22 19 32
193 85 86 63 23 46 34 1070 84 12 70 180 27.5 17 NA 17 16 10 84 1 8 12 25 0 0 0 0 1 7 10 23 0 1 2 2 1 156 227 11139 4930 23 17 30
194 75 87 64 23 46 32 1078 93 7 70 183 27 16.5 NA 17 16 9 93 2 8 10 26 0 0 0 0 2 7 8 24 0 1 2 2 2 171 230 11195 4930 24 15 31
195 83 91 68 23 47 38 1080 87 7 70 193 27 17 NA 17 15.5 14 87 3 5 13 26 0 0 0 0 2 5 10 24 1 0 3 2 2 162 232 11248 4930 21 18 31
196 72 90 67 23 49 29 1100 85 14 71 195 26.5 17 NA 17 15.5 6 85 2 6 13 28 0 0 0 0 1 6 11 25 1 0 2 3 0 174 233 11293 4929 21 17 33
197 81 91 68 23 50 25 1108 80 8 72 199 26 17 NA 17 15.5 5 80 2 7 13 28 0 0 0 0 1 7 11 25 1 0 2 3 0 174 234 11358 4928 21 18 33
198 68 92 68 24 52 27 1097 90 8 72 196 27 17 NA 17 15 9 90 2 8 11 31 0 0 0 0 1 7 9 28 1 1 2 3 0 165 235 11419 4928 19 17 36
199 75 93 68 25 52 24 1098 76 8 71 183 27 17 NA 17 15 4 76 2 9 10 31 0 0 0 0 1 8 8 28 1 1 2 3 2 148 235 11473 4929 20 15 36
200 84 95 68 27 52 30 1096 88 4 70 198 26 17 NA 17 15 12 88 1 11 10 30 0 0 0 0 0 10 8 28 1 1 2 2 3 151 236 11518 4930 21 14 35
201 77 94 67 27 51 37 1098 92 7 69 200 25.5 17 NA 17 15 14 92 1 11 10 29 0 0 0 0 0 10 9 26 1 1 1 3 0 159 236 11571 4931 19 15 35
202 79 97 69 28 51 33 1094 95 14 69 192 25 17 NA 17 15 11 95 0 9 13 29 0 0 0 0 0 7 12 26 0 2 1 3 1 169 238 11631 4931 17 17 35
203 86 96 68 28 50 33 1076 86 11 70 181 25.5 17 NA 17 15 12 86 0 8 12 30 0 0 0 0 0 7 11 27 0 1 1 3 2 134 240 11680 4930 17 17 36
204 70 97 69 28 52 24 1082 89 13 69 181 26 17 NA 17.5 15 5 89 1 10 11 30 0 0 0 0 0 9 10 27 1 1 1 3 2 169 243 11737 4931 16 18 35
205 71 100 71 29 52 27 1106 85 4 70 187 26 17 NA 17.5 15 8 85 1 8 13 30 0 0 0 0 0 7 12 27 1 1 1 3 2 167 244 11785 4930 15 20 35
206 90 92 66 26 47 26 1100 96 8 64 188 25.5 17 NA 18 15 8 96 1 7 12 27 0 0 0 0 0 6 11 24 1 1 1 3 0 174 246 11845 4936 16 17 31
207 73 90 64 26 45 27 1131 81 7 64 209 23.5 16 NA 17 15 11 81 2 6 10 27 0 0 0 0 1 6 9 23 1 0 1 4 1 182 248 11900 4936 19 15 30
208 94 88 63 25 44 28 1122 101 7 62 218 24 16 NA 17 15 7 101 1 5 10 28 0 0 0 0 1 4 9 25 0 1 1 3 1 182 248 11957 4938 16 15 31
209 88 88 61 27 44 26 1118 81 7 61 212 25 16 NA 17 15 7 81 1 5 11 27 0 0 0 0 1 4 10 24 0 1 1 3 1 165 248 12021 4939 15 15 31
210 82 91 63 28 44 32 1126 82 4 62 218 25 16 NA 17 15 11 82 1 5 10 28 0 0 0 0 1 4 9 25 0 1 1 3 2 167 249 12072 4938 16 13 33
211 63 91 63 28 44 27 1137 76 9 63 228 23 16 NA 17 15 9 76 1 5 10 28 0 0 0 0 1 4 9 25 0 1 1 3 1 156 254 12126 4937 18 14 31
212 84 87 60 27 41 31 1140 73 6 64 223 21 16 NA 17 15 9 73 1 4 12 24 0 0 0 0 1 3 11 22 0 1 1 2 0 149 254 12175 4936 21 16 27
213 76 87 58 29 41 27 1141 88 9 62 205 21 17 NA 17 15 6 88 1 5 11 24 0 0 0 0 1 4 10 22 0 1 1 2 1 153 256 12221 4938 22 13 27
214 75 87 58 29 38 26 1154 89 8 63 202 19 16.5 NA 17 11.5 8 89 0 6 8 24 0 0 0 0 0 5 8 23 0 1 0 1 1 183 257 12285 4937 26 10 27
215 73 85 56 29 37 29 1114 106 7 63 191 20 16 NA 17 11.5 10 106 0 4 9 24 0 0 0 0 0 3 9 23 0 1 0 1 1 142 257 12337 4937 24 11 28
216 79 85 56 29 41 26 1113 92 12 66 187 21 16 NA 17 12 9 92 1 6 10 24 0 0 0 0 1 4 10 23 0 2 0 1 0 158 257 12387 4934 26 12 28
217 70 87 58 29 43 21 1111 86 12 69 177 22 16 NA 17 12 5 86 1 8 9 25 0 0 0 0 1 6 9 24 0 2 0 1 1 162 257 12447 4931 29 11 29
218 72 92 61 31 44 26 1143 82 4 69 188 21.5 16.5 NA 17 13.5 9 82 1 7 11 25 0 0 0 0 1 5 11 23 0 2 0 2 4 191 258 12500 4931 27 13 29
219 71 92 61 31 42 27 1138 73 4 67 196 20 17 NA 17 15 5 73 0 8 11 23 0 0 0 0 0 5 11 21 0 3 0 2 2 157 259 12570 4933 25 15 27
220 83 90 59 31 40 28 1097 103 10 65 188 21 17 NA 17.5 13.5 13 103 0 6 10 24 0 0 0 0 0 5 9 22 0 1 1 2 1 156 261 12633 4935 24 14 27
221 80 90 59 31 42 29 1106 85 13 66 185 21.5 17.5 NA 18 13.5 11 85 0 8 10 24 0 0 0 0 0 7 9 22 0 1 1 2 1 170 261 12687 4934 25 14 27
222 84 88 58 30 42 28 1099 87 12 66 186 22 18 NA 18 12 11 87 0 7 13 22 0 0 0 0 0 6 12 21 0 1 1 1 1 167 261 12759 4934 26 15 25
223 79 86 58 28 44 22 1099 78 12 65 188 23 18 NA 18 12 8 78 0 7 15 22 0 0 0 0 0 6 14 21 0 1 1 1 0 157 263 12818 4935 23 17 25
224 68 85 60 25 42 26 1123 73 7 63 175 24 18 NA 18 12 11 73 0 6 14 22 0 0 0 0 0 5 13 21 0 1 1 1 0 155 263 12869 4937 18 20 25
225 82 90 64 26 44 29 1110 91 10 66 166 24.5 17.5 NA 18 14 12 91 0 7 15 22 0 0 0 0 0 6 14 19 0 1 1 3 3 155 264 12923 4934 20 21 25
226 66 95 69 26 46 30 1121 71 8 68 180 23 17.5 NA 18 14 8 71 1 6 17 22 0 0 0 0 1 5 16 19 0 1 1 3 3 163 265 12984 4932 21 23 24
227 79 100 72 28 49 31 1106 100 8 69 177 23 18 NA 19.5 14 8 100 0 7 17 25 0 0 0 0 0 6 16 22 0 1 1 3 6 159 266 13040 4931 20 22 27
228 82 100 72 28 51 38 1137 78 7 69 180 24 18 NA 20 14 13 78 0 7 18 26 0 0 0 0 0 7 16 23 0 0 2 3 0 177 266 13091 4931 17 24 28
229 69 101 72 29 52 38 1164 77 8 72 186 25 18.5 NA 20 14 12 77 0 6 20 26 0 0 0 0 0 6 18 23 0 0 2 3 0 180 269 13147 4928 17 27 28
230 65 101 73 28 53 31 1167 69 14 74 186 25 18 NA 19.5 14 5 69 0 8 18 27 0 0 0 0 0 8 16 24 0 0 2 3 3 149 269 13206 4926 21 25 28
231 72 104 76 28 57 37 1144 92 8 75 179 26 18 NA 19.5 14 13 92 0 10 18 29 0 0 0 0 0 10 16 26 0 0 2 3 0 147 271 13261 4925 21 23 31
232 63 106 76 30 58 38 1160 82 9 75 189 24.5 18 NA 19 14 10 82 1 9 19 29 0 0 0 0 1 9 18 25 0 0 1 4 1 165 271 13313 4925 21 23 31
233 71 105 76 29 58 34 1151 89 12 75 192 25 18 NA 19.5 14.5 8 89 0 10 19 29 0 0 0 0 0 9 18 25 0 1 1 4 1 174 271 13385 4925 21 23 31
234 71 107 78 29 56 33 1121 99 7 74 186 24 17.5 NA 19 14.5 7 99 0 8 20 28 0 0 0 0 0 7 19 24 0 1 1 4 3 155 273 13455 4926 19 25 30
235 89 108 80 28 55 36 1138 85 9 73 199 24.5 18 NA 19 14.5 14 85 0 7 18 30 0 0 0 0 0 6 17 26 0 1 1 4 2 171 275 13503 4927 18 23 32
236 81 111 82 29 56 40 1141 98 12 74 194 23 18.5 NA 20 14.5 16 98 0 7 17 32 0 0 0 0 0 5 17 28 0 2 0 4 2 185 276 13565 4926 20 18 36
237 70 109 80 29 52 43 1158 79 6 75 191 23 19 NA 21 14 10 79 0 6 17 29 0 0 0 0 0 4 16 25 0 2 1 4 2 166 276 13621 4925 22 20 33
238 72 108 79 29 54 43 1168 75 7 79 200 24 17.5 NA 20 14 10 75 0 7 17 30 0 0 0 0 0 5 16 26 0 2 1 4 0 169 280 13684 4921 24 21 34
239 80 108 80 28 55 35 1172 83 11 83 192 23 17 NA 19.5 14 5 83 0 7 16 32 0 0 0 0 0 6 14 28 0 1 2 4 3 170 282 13748 4917 29 20 34
240 80 105 78 27 55 39 1173 87 8 82 187 25 17 NA 19 13 13 87 1 7 13 34 0 0 0 0 0 6 12 29 1 1 1 5 0 175 284 13812 4918 29 16 37
241 69 104 78 26 55 42 1161 97 13 79 193 24 17 NA 19 13 16 97 2 8 11 34 0 0 0 0 1 7 10 29 1 1 1 5 1 163 285 13873 4921 25 17 37
242 87 105 80 25 54 42 1157 96 16 75 182 24 17 NA 19 12 16 96 2 6 13 33 0 0 0 0 1 6 12 28 1 0 1 5 2 152 286 13914 4925 20 19 36
243 62 105 80 25 52 41 1155 96 9 76 185 25 17 NA 19.5 13 11 96 2 5 12 33 0 0 0 0 1 5 11 29 1 0 1 4 1 167 287 13969 4924 22 18 36
244 70 102 77 25 52 33 1155 66 12 73 184 23.5 17.5 NA 20 12 7 66 3 6 12 31 0 0 0 0 2 6 11 28 1 0 1 3 1 150 288 14032 4927 22 18 33
245 66 102 77 25 51 36 1151 88 4 73 179 23.5 17 NA 19.5 12 8 88 3 6 11 31 0 0 0 0 2 6 10 28 1 0 1 3 1 159 288 14092 4927 22 18 33
246 78 100 74 26 53 35 1149 81 9 76 188 25.5 17 NA 19 12 9 81 3 8 9 33 0 0 0 0 1 8 8 30 2 0 1 3 1 162 290 14151 4924 24 17 35
247 71 103 75 28 54 30 1180 73 9 78 191 25 17.5 NA 19.5 12 6 73 3 9 8 34 0 0 0 0 1 9 7 31 2 0 1 3 3 183 293 14208 4922 26 16 36
248 80 106 78 28 56 32 1159 91 7 81 192 24 17.5 NA 19 12 8 91 2 12 8 34 0 0 0 0 1 11 8 31 1 1 0 3 0 168 294 14279 4919 27 18 36
249 54 110 82 28 59 37 1177 78 9 83 199 24 17 NA 18.5 12 16 78 1 14 8 36 0 0 0 0 0 13 8 33 1 1 0 3 1 165 297 14332 4917 26 18 39
250 62 111 83 28 60 32 1193 78 12 84 185 25 17 NA 18.5 13 7 78 1 13 8 38 0 0 0 0 0 12 7 35 1 1 1 3 1 164 298 14386 4916 22 20 42
251 88 110 83 27 60 32 1154 85 9 86 182 26 17 NA 18.5 13 10 85 1 10 11 38 0 0 0 0 1 8 10 35 0 2 1 3 0 146 299 14458 4914 21 23 42
252 90 106 80 26 58 38 1152 85 6 82 186 26.5 17 NA 17 14 13 85 1 9 12 36 0 0 0 0 1 7 11 34 0 2 1 2 1 183 299 14528 4918 19 23 40
253 83 105 79 26 57 32 1154 95 14 83 171 27 17 NA 17 14 7 95 1 9 11 36 0 0 0 0 1 7 10 34 0 2 1 2 1 181 300 14590 4917 22 20 41
254 76 105 79 26 59 35 1157 85 9 86 189 28 17 NA 17 10.5 14 85 1 11 10 37 0 0 0 0 1 9 10 35 0 2 0 2 1 161 302 14645 4914 25 17 44
255 71 104 78 26 60 29 1148 65 11 86 186 29 17 NA 17 10.5 7 65 1 12 9 38 0 0 0 0 1 10 9 36 0 2 0 2 0 139 303 14712 4914 24 19 43
256 79 104 79 25 57 37 1177 82 6 84 192 29 17 NA 18 10.5 15 82 1 12 10 34 0 0 0 0 1 10 10 32 0 2 0 2 3 180 305 14763 4916 24 20 40
257 76 103 78 25 56 32 1161 86 13 82 177 30 16.5 NA 18 14 9 86 1 12 11 32 0 0 0 0 1 10 11 29 0 2 0 3 0 154 307 14827 4918 24 19 39
258 88 101 77 24 57 30 1156 81 12 81 175 30 17 NA 18 14.5 12 81 1 12 14 30 0 0 0 0 1 9 14 27 0 3 0 3 1 154 309 14888 4919 22 22 37
259 92 100 76 24 59 28 1131 86 15 80 176 27 17 NA 18 14 9 86 1 12 18 28 0 0 0 0 1 9 18 26 0 3 0 2 1 164 309 14960 4920 24 23 33
260 87 102 76 26 59 26 1123 96 8 82 178 27.5 17 NA 18 13.5 10 96 0 10 20 29 0 0 0 0 0 8 18 27 0 2 2 2 1 161 310 15012 4918 23 24 35
261 65 104 79 25 57 27 1133 87 8 83 179 26.5 16 NA 17 13.5 9 87 0 9 20 28 0 0 0 0 0 7 19 25 0 2 1 3 2 172 311 15066 4917 25 24 34
262 75 105 81 24 57 23 1154 74 9 82 190 26 17 NA 18 13 6 74 0 11 17 29 0 0 0 0 0 9 15 26 0 2 2 3 3 176 312 15131 4918 25 20 37
263 71 104 80 24 56 24 1166 83 6 80 178 27 16.5 NA 18 12.5 6 83 0 9 15 32 0 0 0 0 0 8 13 27 0 1 2 5 1 158 312 15175 4920 21 19 40
264 91 105 81 24 54 28 1145 91 5 78 179 26 16 NA 17.5 12.5 10 91 0 10 14 30 0 0 0 0 0 9 12 25 0 1 2 5 2 152 312 15239 4922 22 18 38
265 68 108 81 27 53 27 1138 99 6 78 179 26 16 NA 18 12.5 7 99 0 8 15 30 0 0 0 0 0 8 12 25 0 0 3 5 3 176 314 15307 4922 20 20 38
266 72 107 83 24 51 32 1146 94 4 77 176 27 16 NA 17.5 13 9 94 0 6 17 28 0 0 0 0 0 6 14 24 0 0 3 4 0 178 314 15362 4923 17 24 36
267 65 106 82 24 52 42 1134 109 7 76 180 27 17 NA 18 13.5 16 109 0 6 18 28 0 0 0 0 0 6 15 25 0 0 3 3 0 162 315 15406 4924 16 23 37
268 70 105 82 23 50 36 1145 73 13 76 188 27 16.5 NA 17.5 13.5 8 73 0 4 18 28 0 0 0 0 0 4 15 25 0 0 3 3 2 160 316 15468 4924 16 23 37
269 65 104 82 22 51 43 1152 92 5 77 187 27.5 17 NA 17.5 13 13 92 0 5 17 29 0 0 0 0 0 5 14 27 0 0 3 2 1 165 317 15518 4923 17 23 37
270 81 103 80 23 50 43 1125 92 11 74 176 28 17 NA 18 13 12 92 0 5 15 30 0 0 0 0 0 5 12 28 0 0 3 2 2 137 318 15570 4926 17 21 36
271 77 104 82 22 51 35 1163 73 11 75 187 27 17 NA 18 13 5 73 0 7 15 29 0 0 0 0 0 6 12 27 0 1 3 2 0 184 319 15621 4925 18 22 35
272 65 105 83 22 51 41 1158 101 6 76 192 27 17 NA 18 12.5 13 101 1 5 14 31 0 0 0 0 0 4 12 27 1 1 2 4 1 163 320 15676 4924 18 21 37
273 85 109 87 22 53 32 1160 78 15 77 178 25 16 NA 18 12.5 4 78 1 3 19 30 0 0 0 0 0 2 17 26 1 1 2 4 3 161 321 15736 4923 18 23 36
274 73 109 87 22 51 31 1155 85 6 77 187 25 17 NA 18.5 13 7 85 1 3 16 31 0 0 0 0 0 2 14 26 1 1 2 5 1 163 323 15795 4923 20 20 37
275 73 107 85 22 51 39 1149 81 5 76 178 26 17 NA 18 13 13 81 2 3 13 33 0 0 0 0 1 2 12 28 1 1 1 5 1 152 323 15861 4924 21 17 38
276 78 106 85 21 51 43 1121 93 10 77 174 25.5 17 NA 18 13 13 93 3 4 13 31 0 0 0 0 1 3 12 28 2 1 1 3 1 153 325 15916 4923 23 18 36
277 63 109 88 21 51 42 1086 104 10 80 160 23 17 NA 17.5 13 12 104 4 4 12 31 0 0 0 0 2 3 12 27 2 1 0 4 2 157 329 15989 4920 26 17 37
278 93 108 87 21 50 33 1106 65 11 79 164 22 17 NA 18 13 5 65 3 5 8 34 0 0 0 0 1 3 8 31 2 2 0 3 3 161 332 16045 4921 26 14 39
279 98 112 91 21 50 35 1111 73 7 77 166 21.5 17 NA 18 8.5 11 73 3 6 7 34 0 0 0 0 1 4 7 32 2 2 0 2 3 162 334 16109 4923 25 13 39
280 94 106 86 20 47 32 1116 96 12 73 161 21 17 NA 18.5 4 9 96 2 9 4 32 0 0 0 0 0 7 4 31 2 2 0 1 1 177 335 16159 4927 23 13 37
281 79 106 87 19 48 39 1095 99 7 73 158 21.5 17.5 NA 19.5 4 14 99 2 10 5 31 0 0 0 0 0 7 5 30 2 3 0 1 2 156 336 16215 4927 23 13 37
282 77 109 89 20 49 33 1116 86 13 75 165 21 17 NA 19 4 8 86 2 11 6 30 0 0 0 0 0 9 5 29 2 2 1 1 2 165 338 16258 4925 25 13 37
283 89 108 89 19 48 31 1100 76 10 74 168 21.5 17 NA 18 4 9 76 2 10 8 28 0 0 0 0 0 8 7 27 2 2 1 1 1 148 339 16326 4926 25 13 36
284 65 109 89 20 49 30 1120 75 12 73 170 22 17 NA 19 4 10 75 2 9 10 28 0 0 0 0 0 7 9 27 2 2 1 1 3 162 339 16375 4927 23 14 36
285 75 107 88 19 45 28 1127 84 9 74 172 21 17 NA 18.5 4 8 84 1 8 9 27 0 0 0 0 0 5 8 27 1 3 1 0 1 164 340 16432 4926 25 14 35
286 73 104 85 19 47 31 1113 85 10 72 176 22 18 NA 19 8.5 11 85 1 10 10 26 0 0 0 0 0 7 8 26 1 3 2 0 0 148 340 16488 4928 23 16 33
287 64 104 84 20 51 32 1093 94 11 72 174 23 17 NA 19 8.5 13 94 2 12 11 26 0 0 0 0 1 9 9 26 1 3 2 0 1 155 340 16549 4928 22 17 33
288 77 108 88 20 54 27 1101 74 10 72 190 23 17 NA 18 8 6 74 4 10 13 27 0 0 0 0 2 7 11 27 2 3 2 0 2 154 341 16602 4928 20 18 34
289 75 110 92 18 53 23 1138 83 8 74 196 22 17 NA 18.5 8 6 83 3 8 14 28 0 0 0 0 2 5 11 28 1 3 3 0 1 188 343 16650 4926 20 20 34
290 92 112 94 18 52 29 1133 88 5 74 202 20.5 17 NA 18 8 11 88 3 9 14 26 0 0 0 0 2 6 11 26 1 3 3 0 1 167 344 16708 4926 21 20 33
291 73 110 92 18 51 34 1107 91 8 77 202 20.5 16 NA 17.5 8 13 91 3 11 12 25 0 0 0 0 2 8 9 25 1 3 3 0 1 137 344 16761 4923 27 18 32
292 76 112 92 20 53 35 1083 93 13 77 189 20.5 16 NA 17 8 13 93 2 13 13 25 0 0 0 0 2 9 10 25 0 4 3 0 2 149 346 16824 4923 26 18 33
293 74 113 93 20 53 27 1082 83 12 77 191 20 16 NA 17 8 6 83 1 14 13 25 0 0 0 0 1 11 9 25 0 3 4 0 1 154 348 16882 4923 27 18 32
294 80 112 91 21 48 27 1084 92 5 76 181 20 16.5 NA 18 8 7 92 1 11 13 23 0 0 0 0 1 8 10 22 0 3 3 1 3 177 350 16948 4924 27 19 30
295 86 111 90 21 47 30 1094 81 9 77 181 21 17 NA 18 10.5 12 81 1 10 13 23 0 0 0 0 1 7 9 22 0 3 4 1 0 158 351 16999 4923 27 20 30
296 100 112 91 21 48 39 1067 91 14 77 183 19.5 16.5 NA 17.5 10.5 21 91 1 10 13 24 0 0 0 0 1 7 9 23 0 3 4 1 1 162 351 17067 4923 27 19 31
297 68 110 92 18 46 33 1046 80 13 75 185 20 16.5 NA 17.5 10.5 7 80 1 8 14 23 0 0 0 0 1 6 10 21 0 2 4 2 2 140 352 17132 4925 25 20 30
298 80 109 91 18 46 36 1071 77 8 76 188 21 16.5 NA 17.5 10.5 11 77 1 8 14 23 0 0 0 0 1 6 10 21 0 2 4 2 0 165 352 17173 4924 26 17 33
299 74 109 90 19 45 40 1101 75 6 76 200 21 15 NA 17 13 11 75 1 8 14 22 0 0 0 0 1 5 10 20 0 3 4 2 2 182 353 17232 4924 27 17 32
300 87 107 88 19 48 44 1101 93 8 77 204 21 14.5 NA 16 13 14 93 2 11 13 22 0 0 0 0 2 8 9 20 0 3 4 2 1 161 355 17282 4923 30 17 30
301 67 108 89 19 48 45 1105 87 12 80 202 22 14 NA 15 13 13 87 2 9 12 25 0 0 0 0 2 7 9 21 0 2 3 4 2 167 355 17342 4920 31 16 33
302 80 108 90 18 50 41 1084 87 12 80 200 23 14 NA 15 13 10 87 2 11 12 25 0 0 0 0 2 9 9 21 0 2 3 4 0 151 355 17405 4920 29 17 34
303 79 103 85 18 45 38 1079 84 7 76 193 23 14 NA 15 10.5 6 84 2 9 13 21 0 0 0 0 1 7 9 18 1 2 4 3 0 156 356 17463 4924 25 21 30
304 82 107 91 16 43 37 1093 79 9 78 192 22 14 NA 15 10.5 12 79 0 9 13 21 0 0 0 0 0 8 8 19 0 1 5 2 5 168 360 17520 4922 27 21 30
305 84 107 92 15 43 42 1100 88 10 79 188 23 14 NA 15 13 14 88 0 8 14 21 0 0 0 0 0 7 11 18 0 1 3 3 2 162 361 17566 4921 28 21 30
306 73 108 93 15 44 44 1081 88 12 82 194 23 14.5 NA 15 13 13 88 0 9 12 23 0 0 0 0 0 8 9 20 0 1 3 3 0 144 361 17623 4918 29 22 31
307 76 106 91 15 44 42 1101 83 13 80 197 24 14.5 NA 15 13.5 12 83 0 7 14 23 0 0 0 0 0 6 11 21 0 1 3 2 1 173 361 17674 4920 26 22 32
308 87 109 95 14 43 42 1094 90 13 80 198 22 15 NA 15.5 13 13 90 0 7 14 22 0 0 0 0 0 6 11 19 0 1 3 3 3 156 362 17732 4920 28 21 31
309 72 108 95 13 47 41 1126 90 12 81 198 23.5 15 NA 16.5 13 13 90 1 7 16 23 0 0 0 0 1 7 13 19 0 0 3 4 1 181 364 17774 4919 27 21 33
310 82 105 92 13 48 38 1123 93 13 77 193 23 15 NA 16 8.5 10 93 2 8 16 22 0 0 0 0 2 8 13 19 0 0 3 3 1 168 365 17833 4923 25 20 32
311 83 108 95 13 48 36 1106 82 9 76 187 23 15 NA 16 4 9 82 2 7 17 22 0 0 0 0 2 7 15 19 0 0 2 3 1 142 366 17890 4924 24 21 31
312 80 108 95 13 47 35 1087 93 5 78 195 24 15 NA 16 4 7 93 1 6 18 22 0 0 0 0 1 6 16 19 0 0 2 3 0 150 369 17946 4922 23 23 32
313 70 109 98 11 47 29 1093 89 11 76 187 24 16 NA 16 9 5 89 0 6 17 24 0 0 0 0 0 6 16 21 0 0 1 3 3 166 371 18002 4924 20 23 33
314 73 108 97 11 46 35 1100 80 4 77 189 24.5 16 NA 16 14 11 80 0 7 15 24 0 0 0 0 0 7 14 22 0 0 1 2 1 161 372 18056 4923 22 21 34
315 81 108 97 11 46 31 1080 103 12 77 195 25.5 16 NA 16.5 15 9 103 0 6 12 28 0 0 0 0 0 5 11 26 0 1 1 2 1 164 374 18117 4923 22 18 37
316 65 106 96 10 45 27 1088 80 9 80 207 25 16 NA 17 15 7 80 1 4 14 26 0 0 0 0 1 3 13 24 0 1 1 2 1 161 376 18174 4920 24 21 35
317 66 109 98 11 47 32 1093 77 7 80 196 25 16 NA 17 15 13 77 2 5 12 28 0 0 0 0 1 4 11 27 1 1 1 1 4 160 377 18236 4920 23 20 37
318 76 107 97 10 47 40 1108 91 6 80 196 26 16 NA 17 15 17 91 2 4 12 29 0 0 0 0 1 4 10 28 1 0 2 1 0 174 380 18289 4920 21 21 38
319 69 104 94 10 42 40 1092 96 15 76 195 25 15.5 NA 15.5 15 17 96 2 3 10 27 0 0 0 0 1 3 8 26 1 0 2 1 2 154 380 18350 4924 22 19 35
320 75 106 96 10 46 37 1092 79 15 81 182 24.5 16 NA 17 14 9 79 1 5 12 28 0 0 0 0 1 3 10 27 0 2 2 1 2 154 380 18404 4919 26 20 35
321 95 106 92 14 47 33 1091 95 11 79 178 24.5 17 NA 18 13 8 95 1 5 12 29 0 0 0 0 1 3 12 27 0 2 0 2 2 180 380 18473 4921 24 20 35
322 83 104 91 13 47 33 1111 72 10 77 183 24 17 NA 18 13 8 72 1 6 11 29 0 0 0 0 1 4 11 27 0 2 0 2 2 165 381 18524 4923 25 19 33
323 77 101 88 13 48 34 1131 83 11 76 196 22 18 NA 18 14 15 83 2 8 10 28 0 0 0 0 2 6 9 26 0 2 1 2 0 164 384 18567 4924 27 17 32
324 83 102 87 15 50 31 1125 83 12 76 188 22.5 18 NA 18.5 15 7 83 2 10 10 28 0 0 0 0 2 8 8 26 0 2 2 2 1 154 384 18621 4924 27 16 33
325 85 103 88 15 51 32 1137 76 6 79 189 23 18 NA 18 15 6 76 1 12 10 28 0 0 0 0 1 10 8 26 0 2 2 2 2 171 384 18683 4921 29 16 34
326 67 103 87 16 55 35 1120 89 13 78 181 24 18 NA 18 15 14 89 2 12 12 29 0 0 0 0 2 10 10 27 0 2 2 2 2 149 384 18740 4922 25 19 34
327 50 101 85 16 55 42 1123 90 8 78 167 25 18 NA 18 15 16 90 2 13 11 29 0 0 0 0 2 11 9 27 0 2 2 2 0 160 385 18793 4922 26 18 34
328 71 102 85 17 58 31 1139 71 19 76 171 24 17.5 NA 18 14 8 71 4 12 10 32 0 0 0 0 3 10 8 30 1 2 2 2 2 154 386 18844 4924 22 18 36
329 70 103 85 18 59 24 1146 81 10 79 176 25 17 NA 18 14 3 81 3 13 11 32 0 0 0 0 2 11 9 30 1 2 2 2 1 159 386 18901 4921 25 17 37
330 60 105 87 18 58 28 1145 89 3 78 192 25 17.5 NA 18 14 9 89 3 12 11 32 0 0 0 0 2 10 10 29 1 2 1 3 2 171 387 18972 4922 23 16 39
331 76 104 85 19 57 26 1139 79 9 78 187 24.5 16 NA 17.5 14 7 79 5 11 11 30 0 0 0 0 4 9 10 27 1 2 1 3 1 154 388 19029 4922 24 17 37
332 84 100 82 18 57 32 1160 77 4 74 188 24 17 NA 17.5 14 9 77 3 11 14 29 0 0 0 0 2 11 12 25 1 0 2 4 3 178 389 19088 4926 20 19 35
333 72 100 82 18 58 31 1125 104 7 76 179 25 16.5 NA 17 14 6 104 2 12 14 30 0 0 0 0 1 12 12 26 1 0 2 4 0 151 391 19152 4924 24 17 35
334 72 101 83 18 58 35 1134 76 6 74 183 26 17 NA 18 14 12 76 2 11 15 30 0 0 0 0 1 11 13 26 1 0 2 4 3 172 394 19213 4926 21 18 35
335 77 97 78 19 58 34 1137 69 8 71 180 26 17.5 NA 18 14 8 69 2 10 15 31 0 0 0 0 1 10 13 27 1 0 2 4 0 150 395 19265 4929 19 18 34
336 83 94 75 19 56 31 1104 88 10 69 169 25 16.5 NA 17.5 15 8 88 1 13 14 28 0 0 0 0 1 11 12 24 0 2 2 4 0 142 397 19333 4931 20 18 31
337 83 90 70 20 53 32 1121 70 7 66 172 26 17 NA 18 15 9 70 1 9 16 27 0 0 0 0 1 7 14 23 0 2 2 4 0 167 397 19395 4934 15 21 30
338 82 87 67 20 51 31 1131 86 7 65 173 27 17 NA 18 15 9 86 0 10 14 27 0 0 0 0 0 8 12 23 0 2 2 4 1 178 397 19454 4935 17 18 30
339 70 86 66 20 51 37 1135 97 8 63 180 28 17 NA 18 15 15 97 0 10 14 27 0 0 0 0 0 8 12 23 0 2 2 4 1 168 398 19503 4937 15 18 30
340 68 84 63 21 50 27 1130 86 13 63 185 27.5 16.5 NA 18 15 7 86 1 10 11 28 0 0 0 0 1 8 9 24 0 2 2 4 1 155 401 19558 4937 18 14 31
341 61 84 63 21 51 33 1121 81 7 64 193 28 16 NA 18 15 14 81 2 9 13 27 0 0 0 0 2 7 11 23 0 2 2 4 1 157 402 19618 4936 18 16 30
342 90 83 64 19 50 35 1130 74 12 65 185 29 16.5 NA 18 15 13 74 1 9 12 28 0 0 0 0 1 7 10 24 0 2 2 4 1 152 402 19669 4935 19 15 31
343 71 81 62 19 49 29 1142 84 11 66 180 30 16 NA 18 15 5 84 1 7 13 28 0 0 0 0 1 5 11 24 0 2 2 4 0 171 402 19735 4934 19 17 30
344 94 81 61 20 47 33 1105 75 4 65 188 29 16 NA 17.5 16 10 75 1 5 10 31 0 0 0 0 1 5 9 25 0 0 1 6 1 129 405 19809 4935 18 14 33
345 78 80 59 21 47 41 1129 107 10 65 185 29 16 NA 18 15.5 20 107 0 3 13 31 0 0 0 0 0 2 12 25 0 1 1 6 1 203 408 19865 4935 15 17 33
346 85 81 60 21 52 39 1115 106 19 67 187 29 16.5 NA 18 16 17 106 1 6 14 31 0 0 0 0 1 4 13 25 0 2 1 6 1 180 408 19926 4933 17 16 34
347 71 79 57 22 52 22 1147 79 17 65 185 30 17.5 NA 19 16 6 79 0 8 13 31 0 0 0 0 0 6 12 25 0 2 1 6 0 170 412 19969 4935 18 13 34
348 63 79 57 22 52 27 1159 86 4 66 187 29 17.5 NA 19 16 10 86 0 8 13 31 0 0 0 0 0 6 12 25 0 2 1 6 1 163 413 20020 4934 19 13 34
349 83 83 62 21 51 29 1157 95 6 65 192 28 18 NA 19 15.5 8 95 0 7 12 32 0 0 0 0 0 5 11 27 0 2 1 5 3 168 413 20078 4935 17 13 35
350 67 82 61 21 50 27 1152 82 9 66 178 29 18 NA 19 15.5 8 82 0 7 12 31 0 0 0 0 0 5 11 26 0 2 1 5 0 159 413 20137 4934 19 13 34
351 83 86 63 23 50 28 1142 99 7 66 180 28.5 17.5 NA 18.5 15.5 7 99 0 8 11 31 0 0 0 0 0 6 10 26 0 2 1 5 4 160 413 20188 4934 20 12 34
352 77 89 66 23 51 30 1146 88 10 66 184 27 18 NA 19 15.5 11 88 0 6 14 31 0 0 0 0 0 5 12 26 0 1 2 5 2 161 413 20232 4934 17 15 34
353 85 94 66 28 51 34 1122 102 9 66 177 25 18 NA 18.5 16 13 102 0 6 13 32 0 0 0 0 0 4 11 27 0 2 2 5 4 154 414 20291 4934 16 15 35
354 75 92 64 28 50 32 1142 76 8 64 180 26 17.5 NA 18.5 15.5 7 76 0 5 14 31 0 0 0 0 0 5 11 26 0 0 3 5 0 165 414 20341 4936 13 17 34
355 58 90 62 28 50 31 1135 96 10 62 172 26.5 17 NA 18 15 12 96 1 6 11 32 0 0 0 0 0 6 8 27 1 0 3 5 1 156 416 20399 4938 12 15 35
356 89 90 63 27 47 29 1136 94 12 61 164 26.5 17 NA 18.5 15 11 94 1 4 10 32 0 0 0 0 0 4 8 26 1 0 2 6 1 161 416 20441 4939 11 15 35
357 76 90 63 27 47 29 1128 85 10 61 162 27 17 NA 18.5 15 11 85 2 3 8 34 0 0 0 0 1 3 6 28 1 0 2 6 3 173 417 20519 4939 11 13 37
358 69 91 67 24 49 29 1134 85 10 61 160 27 17 NA 19 15 9 85 2 3 11 33 0 0 0 0 1 3 9 27 1 0 2 6 2 169 418 20582 4939 10 15 36
359 72 93 69 24 50 25 1134 78 10 63 171 27 17.5 NA 19 15 5 78 2 3 12 33 0 0 0 0 1 3 10 27 1 0 2 6 1 156 419 20640 4937 11 16 36
360 88 93 70 23 51 35 1132 94 8 64 180 28 18 NA 19 15.5 20 94 2 2 13 34 0 0 0 0 1 2 10 28 1 0 3 6 2 165 420 20696 4936 11 16 37
