1 91 102 87 15 45 33 1220 54 10 74 27 25 18 NA 18 NA 9 54 1 6 17 21 0 0 0 0 1 6 17 21 0 0 0 0 2 130 0 0 4926 19 27 28
2 80 103 88 15 47 28 1266 61 15 74 48 25 18 NA 18 12 8 61 1 7 17 22 0 0 0 0 1 7 16 22 0 0 1 0 0 130 0 0 4926 19 26 29
3 81 104 88 16 49 38 1320 58 4 76 71 26 18 NA 18 12 12 58 1 8 17 23 0 0 0 0 1 8 16 23 0 0 1 0 2 132 0 0 4924 19 26 31
4 65 100 84 16 44 39 1363 68 10 73 84 26.5 18 NA 18 12 11 68 1 7 16 20 0 0 0 0 1 7 15 20 0 0 1 0 1 127 0 0 4927 19 26 28
5 97 100 84 16 46 44 1377 67 11 74 103 27.5 18 NA 18 12 16 67 2 8 16 20 0 0 0 0 2 8 15 20 0 0 1 0 0 112 0 0 4926 20 26 28
6 82 97 82 15 47 39 1401 84 10 71 109 29 18 NA 18 12 4 84 1 6 18 22 0 0 0 0 1 6 17 22 0 0 1 0 2 134 0 0 4929 16 25 30
7 74 100 84 16 49 36 1423 77 10 70 111 28 18 NA 18 12 6 77 2 8 17 22 0 0 0 0 2 8 16 21 0 0 1 1 2 124 0 0 4930 15 23 32
8 58 104 84 20 50 40 1488 72 6 69 127 27 18 NA 18 12 9 72 2 8 17 23 0 0 0 0 2 8 16 22 0 0 1 1 4 151 0 0 4931 13 23 33
9 86 104 84 20 49 40 1521 76 7 68 149 25.5 18 NA 18 12 8 76 2 7 16 24 0 0 0 0 2 7 15 23 0 0 1 1 3 141 0 0 4932 13 22 33
10 100 102 83 19 47 39 1509 97 9 70 154 25.5 18 NA 18 12 9 97 2 7 15 23 0 0 0 0 2 7 15 21 0 0 0 2 2 117 0 0 4930 17 20 33
11 76 103 83 20 49 33 1549 60 11 69 173 24 18 NA 18 6 4 60 2 7 16 24 0 0 0 0 1 7 16 23 1 0 0 1 3 124 0 0 4931 16 20 33
12 71 104 83 21 46 35 1547 97 4 66 177 21.5 18 NA 18 12 7 97 2 6 14 24 0 0 0 0 2 6 14 23 0 0 0 1 3 118 0 0 4934 15 17 34
13 63 103 80 23 44 38 981 64 4 70 184 21 18.5 NA 19 12 13 64 2 6 11 25 0 0 0 0 2 6 11 24 0 0 0 1 2 122 5 610 4930 22 14 34
14 64 105 83 22 46 36 996 53 9 71 179 20 19 NA 19 12 9 53 1 7 10 28 0 0 0 0 1 7 10 27 0 0 0 1 2 153 7 674 4929 22 14 35
15 88 105 83 22 45 38 1015 69 9 70 179 17 19 NA 19 12 11 69 1 6 9 29 0 0 0 0 1 6 9 28 0 0 0 1 1 164 8 731 4930 23 13 34
16 91 103 82 21 48 37 1030 65 10 70 185 18 19 NA 19 12 8 65 2 5 12 29 0 0 0 0 2 5 12 28 0 0 0 1 1 156 9 783 4930 22 14 34
17 75 103 80 23 46 31 1045 80 9 67 178 19 19 NA 19 12 7 80 2 5 11 28 0 0 0 0 2 5 11 27 0 0 0 1 1 155 13 826 4933 21 13 33
18 63 104 82 22 45 39 1069 68 3 66 174 17 18 NA 18 14.5 13 68 3 6 10 26 0 0 0 0 3 6 10 24 0 0 0 2 1 165 17 884 4934 22 13 31
19 88 103 81 22 47 35 1097 67 10 68 165 18 18 NA 18 14.5 4 67 3 9 11 24 0 0 0 0 3 9 11 22 0 0 0 2 1 170 17 935 4932 26 12 30
20 72 102 80 22 48 43 1079 92 7 71 166 19 18 NA 18 14.5 14 92 2 12 10 24 0 0 0 0 2 12 10 22 0 0 0 2 1 149 17 996 4929 30 11 30
21 83 103 81 22 47 37 1082 92 11 71 147 19 18 NA 18 14.5 6 92 2 13 9 23 0 0 0 0 2 13 9 21 0 0 0 2 3 171 18 1053 4929 33 10 28
22 61 103 82 21 45 31 1125 71 7 71 154 19 18 NA 18 12 2 71 1 11 11 22 0 0 0 0 1 11 11 21 0 0 0 1 2 175 19 1097 4929 31 13 27
23 75 106 84 22 46 38 1119 81 3 75 145 19.5 18 NA 18 12 10 81 0 11 10 25 0 0 0 0 0 11 10 24 0 0 0 1 2 139 20 1142 4925 33 12 30
24 75 107 85 22 47 39 1104 79 9 78 144 20 18 NA 18 14 9 79 0 13 9 25 0 0 0 0 0 13 9 23 0 0 0 2 1 136 20 1186 4922 37 11 30
25 66 109 87 22 51 37 1137 56 10 80 164 19 18 NA 18 14 7 56 0 15 11 25 0 0 0 0 0 15 11 23 0 0 0 2 1 152 21 1233 4920 32 18 30
26 90 104 82 22 53 40 1137 78 6 79 169 21 18 NA 18 12 10 78 1 15 12 25 0 0 0 0 0 15 12 23 1 0 0 2 0 153 24 1293 4921 31 19 29
27 92 102 80 22 54 43 1130 75 9 80 175 22 17.5 NA 18 12 15 75 1 16 13 24 0 0 0 0 0 16 13 22 1 0 0 2 0 148 29 1353 4920 31 21 28
28 78 104 81 23 53 45 1116 88 8 79 184 21 18 NA 18 12 11 88 1 13 14 25 0 0 0 0 0 13 14 23 1 0 0 2 2 158 30 1415 4921 29 21 29
29 74 107 84 23 57 45 1105 93 15 82 174 22 18 NA 18 12 14 93 3 14 15 25 0 0 0 0 2 14 15 23 1 0 0 2 2 161 31 1472 4918 32 21 29
30 75 107 81 26 55 46 1094 72 9 83 175 22 18 NA 18 12 10 72 0 16 14 25 0 0 0 0 0 15 14 23 0 1 0 2 3 149 32 1544 4917 34 21 28
31 75 107 82 25 58 39 1093 77 12 83 172 23 18 NA 18 12 5 77 0 15 18 25 0 0 0 0 0 14 18 23 0 1 0 2 1 166 34 1617 4917 31 24 28
32 73 108 84 24 58 38 1103 72 5 83 165 24 18 NA 18 12 6 72 0 13 20 25 0 0 0 0 0 12 20 23 0 1 0 2 1 166 36 1676 4917 27 28 28
33 81 108 83 25 58 41 1157 49 7 82 183 24 18 NA 18 12 10 49 0 13 23 22 0 0 0 0 0 11 23 20 0 2 0 2 2 176 37 1735 4918 26 31 25
34 89 112 87 25 58 33 1143 74 9 83 184 24 18 NA 18 12 3 74 0 11 23 24 0 0 0 0 0 9 23 22 0 2 0 2 2 145 38 1805 4917 26 29 28
35 83 114 89 25 58 36 1132 83 6 85 175 24.5 18 NA 18 12 9 83 0 10 22 26 0 0 0 0 0 8 22 24 0 2 0 2 2 146 38 1859 4915 25 30 30
36 89 115 90 25 56 34 1133 79 9 85 179 25 18 NA 18 12 9 79 0 8 24 24 0 0 0 0 0 6 24 22 0 2 0 2 1 152 41 1908 4915 24 33 28
37 76 112 86 26 54 31 1127 71 7 83 173 25 18 NA 18 12 6 71 0 9 20 25 0 0 0 0 0 7 20 23 0 2 0 2 1 143 43 1966 4917 24 28 31
38 75 111 84 27 53 38 1109 84 6 82 167 26 18 NA 18 12 14 84 0 8 20 25 0 0 0 0 0 6 20 23 0 2 0 2 1 144 45 2029 4918 22 28 32
39 87 111 85 26 52 40 1120 79 9 80 168 26 17 NA 18 12 12 79 1 6 18 27 0 0 0 0 1 4 18 25 0 2 0 2 1 158 47 2078 4920 19 27 34
40 83 110 84 26 54 33 1135 78 11 80 175 26.5 17 NA 17.5 14 4 78 2 8 15 29 0 0 0 0 2 6 15 27 0 2 0 2 1 167 49 2134 4920 19 25 36
41 77 105 82 23 54 39 1121 81 7 77 186 27 17 NA 17 14 12 81 2 8 17 27 0 0 0 0 2 6 17 25 0 2 0 2 0 153 51 2204 4923 17 28 32
42 84 106 84 22 56 36 1116 87 10 78 177 27 17 NA 17.5 14 9 87 2 7 19 28 0 0 0 0 2 6 18 26 0 1 1 2 1 167 54 2272 4922 17 28 33
43 76 104 82 22 57 37 1117 68 11 77 170 28 17 NA 17.5 16 12 68 3 8 17 29 0 0 0 0 3 7 17 27 0 1 0 2 1 149 55 2338 4923 18 25 34
44 57 104 81 23 54 38 1084 89 8 75 180 27 17 NA 17 16 10 89 3 8 14 29 0 0 0 0 3 8 14 28 0 0 0 1 4 135 56 2402 4925 18 22 35
45 82 106 83 23 55 41 1078 78 7 78 188 28 17 NA 17.5 16 10 78 3 8 12 32 0 0 0 0 3 8 12 31 0 0 0 1 2 154 57 2466 4922 20 20 38
46 81 103 79 24 57 38 1065 77 9 79 192 29 17 NA 17 20 9 77 3 10 12 32 0 0 0 0 3 9 12 31 0 1 0 1 1 153 58 2532 4921 21 21 37
47 70 102 78 24 55 37 1071 67 9 77 196 26.5 17 NA 17 20 8 67 2 11 11 31 0 0 0 0 2 10 11 30 0 1 0 1 2 150 59 2592 4923 22 18 37
48 66 104 79 25 54 44 1070 76 6 80 199 26 17.5 NA 17.5 20 14 76 1 10 11 32 0 0 0 0 1 9 11 31 0 1 0 1 3 149 60 2646 4920 24 17 39
49 80 104 80 24 52 36 1105 75 10 79 199 26.5 17.5 NA 17.5 20 5 75 1 8 12 31 0 0 0 0 1 7 12 30 0 1 0 1 3 177 62 2690 4921 22 18 39
50 66 100 78 22 54 40 1088 105 7 76 191 26 17.5 NA 17 26 11 105 1 10 12 31 0 0 0 0 1 9 11 30 0 1 1 1 1 165 63 2752 4924 23 15 38
51 55 99 78 21 54 37 1094 90 8 78 179 27 17.5 NA 17.5 20 11 90 2 10 11 31 0 0 0 0 1 9 10 30 1 1 1 1 0 159 66 2800 4922 26 14 38
52 81 99 78 21 53 35 1104 68 10 76 196 27 18 NA 18 20 8 68 2 9 13 29 0 0 0 0 1 8 12 28 1 1 1 1 1 161 68 2866 4924 25 15 36
53 57 101 79 22 54 30 1130 78 14 73 198 24 18 NA 18 20 8 78 2 10 10 32 0 0 0 0 1 9 9 31 1 1 1 1 4 163 68 2911 4927 22 13 38
54 104 99 77 22 53 30 1130 87 7 73 205 24 18 NA 18 20 7 87 2 9 11 31 0 0 0 0 1 8 10 30 1 1 1 1 0 167 68 2963 4927 23 13 37
55 88 97 76 21 51 33 1129 91 5 71 204 24 18 NA 18 20 11 91 2 9 10 30 0 0 0 0 1 8 9 29 1 1 1 1 1 166 70 3016 4929 21 14 36
56 81 102 80 22 52 25 1129 77 11 72 195 23 17.5 NA 17 26 5 77 2 10 10 30 0 0 0 0 2 10 8 29 0 0 2 1 4 148 72 3066 4928 22 14 36
57 81 99 77 22 50 28 1110 91 7 71 175 23 17.5 NA 17.5 20 14 91 1 9 11 29 0 0 0 0 1 8 9 28 0 1 2 1 2 152 75 3129 4929 22 15 34
58 91 101 78 23 53 28 1116 86 10 71 171 24 18 NA 18 20 11 86 1 8 12 32 0 0 0 0 1 7 11 30 0 1 1 2 2 176 75 3195 4929 18 17 36
59 76 98 76 22 50 27 1147 68 7 69 192 24.5 18.5 NA 18.5 20 7 68 1 8 11 30 0 0 0 0 1 7 10 28 0 1 1 2 1 177 76 3253 4931 18 17 34
60 70 101 78 23 50 25 1139 78 10 71 174 24 18.5 NA 18.5 20 7 78 1 7 11 31 0 0 0 0 1 6 10 29 0 1 1 2 6 139 76 3305 4929 17 19 35
61 81 101 78 23 50 22 1145 79 9 73 181 25 18.5 NA 18.5 20 8 79 1 7 10 32 0 0 0 0 1 6 9 30 0 1 1 2 0 168 77 3367 4927 18 18 37
62 66 100 78 22 51 22 1156 79 8 73 191 26 17 NA 17.5 14 8 79 2 7 11 31 0 0 0 0 2 6 10 30 0 1 1 1 1 163 78 3426 4927 18 19 36
63 83 100 79 21 50 20 1174 87 13 71 194 27 17.5 NA 18.5 10 9 87 1 5 15 29 0 0 0 0 1 4 14 29 0 1 1 0 1 171 78 3473 4929 16 21 34
64 68 101 80 21 51 22 1160 85 7 73 189 28 18 NA 19 10 11 85 1 5 16 29 0 0 0 0 1 4 15 29 0 1 1 0 2 144 80 3535 4927 17 22 34
65 90 106 85 21 50 23 1152 87 5 74 185 26 17.5 NA 18 14 7 87 1 5 15 29 0 0 0 0 1 5 14 29 0 0 1 0 1 160 81 3589 4926 19 20 35
66 76 107 85 22 50 25 1148 80 5 73 175 27 17.5 NA 18 14 10 80 1 4 15 30 0 0 0 0 1 4 14 30 0 0 1 0 2 154 82 3649 4927 16 21 36
67 72 112 90 22 51 29 1133 90 7 72 183 24 17 NA 17.5 14 11 90 1 6 13 31 0 0 0 0 1 6 12 31 0 0 1 0 3 154 83 3712 4928 16 19 37
68 69 114 92 22 51 29 1117 101 10 74 179 23 17 NA 18 11 9 101 2 5 14 30 0 0 0 0 1 5 14 29 1 0 0 1 1 158 83 3769 4926 18 21 35
69 79 113 92 21 52 25 1104 84 9 75 174 22 17 NA 17.5 11 7 84 2 5 14 31 0 0 0 0 1 5 14 30 1 0 0 1 0 157 83 3837 4925 19 21 35
70 75 116 93 23 51 21 1115 74 8 76 185 22 17 NA 18 11 7 74 2 5 12 32 0 0 0 0 1 5 12 31 1 0 0 1 2 169 85 3902 4924 21 18 37
71 63 118 95 23 51 29 1124 82 2 77 183 23 17 NA 18 11 10 82 2 5 10 34 0 0 0 0 1 5 10 33 1 0 0 1 1 171 85 3966 4923 20 18 39
72 87 116 94 22 51 31 1117 86 10 81 174 24 17 NA 17 11 11 86 0 7 9 35 0 0 0 0 0 6 9 34 0 1 0 1 1 158 85 4023 4919 22 17 42
73 74 113 91 22 49 30 1128 71 9 77 181 24 17 NA 17 11 10 71 0 6 9 34 0 0 0 0 0 5 9 33 0 1 0 1 2 175 86 4094 4923 20 16 41
74 89 114 92 22 49 37 1121 89 7 77 180 21 18 NA 19 11 14 89 0 6 9 34 0 0 0 0 0 5 9 33 0 1 0 1 3 153 86 4144 4923 22 14 41
75 79 111 88 23 50 46 1117 89 9 76 169 22 17.5 NA 18.5 11 14 89 0 9 7 34 0 0 0 0 0 8 7 33 0 1 0 1 0 162 86 4201 4924 23 12 41
76 91 114 86 28 47 34 1145 79 17 73 179 19 17 NA 19 7 6 79 1 8 6 32 0 0 0 0 0 7 5 31 1 1 1 1 6 189 87 4260 4927 23 10 40
77 54 114 87 27 47 37 1159 94 4 76 197 19.5 17 NA 18.5 6 9 94 1 9 7 30 0 0 0 0 0 8 6 30 1 1 1 0 2 182 89 4318 4924 26 12 38
78 72 116 88 28 48 39 1185 77 7 78 204 20 17.5 NA 19 6 11 77 1 9 7 31 0 0 0 0 0 8 6 31 1 1 1 0 1 167 91 4366 4922 28 11 39
79 79 118 89 29 49 40 1182 93 10 82 197 19 17 NA 19 7 13 93 1 11 7 30 0 0 0 0 0 10 6 29 1 1 1 1 2 157 93 4419 4918 34 11 37
80 79 117 88 29 49 40 1170 99 10 83 195 20 15 NA 18 7 10 99 2 9 8 30 0 0 0 0 1 8 7 29 1 1 1 1 3 163 93 4471 4917 33 14 36
81 79 115 86 29 51 39 1145 89 11 80 196 19 15 NA 17 7 11 89 2 11 8 30 0 0 0 0 1 10 8 28 1 1 0 2 1 147 95 4532 4920 31 14 35
82 78 114 85 29 51 42 1143 92 8 82 200 20 17 NA 17.5 8 10 92 1 11 9 30 0 0 0 0 1 10 9 28 0 1 0 2 0 175 95 4592 4918 31 16 35
83 79 112 82 30 49 38 1150 65 11 81 213 20 17 NA 17 7 8 65 1 11 10 27 0 0 0 0 1 10 10 26 0 1 0 1 0 152 97 4653 4919 32 16 33
84 76 116 88 28 49 37 1184 84 11 79 228 19.5 17 NA 18 7 11 84 1 8 12 28 0 0 0 0 1 8 11 27 0 0 1 1 5 192 97 4711 4921 27 17 35
85 81 113 86 27 49 38 1186 108 10 77 227 20 17 NA 18 8 13 108 2 9 11 27 0 0 0 0 1 9 10 26 1 0 1 1 1 188 99 4767 4923 27 15 35
86 78 112 86 26 47 38 1172 91 10 77 218 19 17 NA 18 10.5 12 91 2 11 11 23 0 0 0 0 1 9 10 23 1 2 1 0 1 158 101 4822 4923 30 16 31
87 64 114 88 26 47 39 1138 93 8 77 215 20 17 NA 17.5 12 11 93 2 11 12 22 0 0 0 0 1 8 11 22 1 3 1 0 1 148 102 4889 4923 29 18 30
88 73 111 85 26 44 45 1118 98 8 78 209 20 16.5 NA 17.5 13 13 98 0 13 12 19 0 0 0 0 0 8 11 19 0 5 1 0 1 157 102 4948 4922 34 18 26
89 82 117 90 27 44 43 1096 82 13 81 206 21 16.5 NA 17.5 13 12 82 0 11 12 21 0 0 0 0 0 6 11 21 0 5 1 0 4 147 103 5017 4919 34 19 28
90 74 119 93 26 46 47 1115 84 8 82 207 20 17 NA 18 13 11 84 1 12 13 20 0 0 0 0 1 7 12 20 0 5 1 0 2 188 104 5085 4918 35 20 27
91 84 123 96 27 47 45 1125 82 8 85 200 20 17 NA 18 13 10 82 1 9 17 20 0 0 0 0 1 5 15 20 0 4 2 0 3 156 107 5135 4915 33 26 26
92 71 125 97 28 51 45 1142 81 12 86 204 19 17 NA 17.5 14 14 81 1 12 16 22 0 0 0 0 1 7 14 22 0 5 2 0 3 168 110 5188 4914 29 27 30
93 75 124 97 27 52 43 1155 102 12 86 208 19.5 16 NA 17 14 11 102 2 12 16 22 0 0 0 0 2 7 14 22 0 5 2 0 2 188 112 5242 4914 30 27 29
94 67 123 97 26 54 45 1134 91 13 85 195 20 16.5 NA 17 14 16 91 2 13 17 22 0 0 0 0 2 9 14 22 0 4 3 0 0 137 114 5296 4915 27 28 30
95 77 124 98 26 54 39 1150 89 13 85 203 21 16.5 NA 17 14 9 89 2 12 17 23 0 0 0 0 2 8 14 23 0 4 3 0 1 182 115 5349 4915 27 28 30
96 80 123 97 26 55 50 1149 99 5 88 210 22 16 NA 17 13 16 99 3 13 14 25 0 0 0 0 3 9 12 23 0 4 2 2 2 177 115 5410 4912 31 24 33
97 85 124 98 26 57 54 1124 100 19 88 216 21 17 NA 17 14 22 100 2 15 16 24 0 0 0 0 2 12 13 21 0 3 3 3 2 172 116 5475 4912 32 25 31
98 84 122 96 26 57 50 1149 85 12 88 200 22 17 NA 17.5 14 12 85 3 13 16 25 0 0 0 0 3 11 12 22 0 2 4 3 1 184 118 5531 4912 30 27 31
99 69 125 99 26 56 44 1185 79 12 90 211 23 17 NA 17.5 15 7 79 2 13 16 25 0 0 0 0 2 11 12 23 0 2 4 2 4 180 119 5571 4910 32 26 32
100 83 127 102 25 55 51 1191 99 5 91 209 23 17 NA 18 15 15 99 1 10 19 25 0 0 0 0 1 10 13 23 0 0 6 2 3 181 123 5627 4909 30 28 33
101 72 125 101 24 57 47 1201 82 15 94 207 23 17 NA 18 15 11 82 0 10 20 27 0 0 0 0 0 10 15 24 0 0 5 3 0 168 124 5680 4906 33 27 34
102 74 127 101 26 58 47 1182 94 11 93 208 23 17 NA 17 14 13 94 1 11 20 26 0 0 0 0 1 11 15 24 0 0 5 2 4 154 128 5746 4907 32 28 33
103 81 126 102 24 60 37 1148 91 16 95 203 23 17 NA 17.5 13 6 91 1 12 17 30 0 0 0 0 1 12 13 28 0 0 4 2 2 150 129 5814 4905 33 24 38
104 92 120 97 23 60 36 1119 93 9 91 206 23.5 17.5 NA 18.5 13 9 93 1 12 16 31 0 0 0 0 1 12 12 29 0 0 4 2 0 152 130 5880 4909 31 21 39
105 76 123 100 23 62 35 1124 79 7 91 216 22 17.5 NA 18 14 9 79 2 11 16 33 0 0 0 0 2 11 13 31 0 0 3 2 3 160 133 5936 4909 30 21 40
106 82 118 99 19 59 34 1121 93 6 87 215 22 17 NA 18 14 7 93 3 11 14 31 0 0 0 0 3 11 11 29 0 0 3 2 0 162 133 5991 4913 30 17 40
107 84 118 96 22 59 38 1116 93 9 87 210 23 17 NA 18 14 14 93 3 12 14 30 0 0 0 0 3 12 11 28 0 0 3 2 1 163 135 6046 4913 30 18 39
108 81 118 96 22 57 35 1117 71 13 87 207 23.5 18 NA 18.5 14 9 71 3 8 18 28 0 0 0 0 3 8 15 26 0 0 3 2 2 156 137 6099 4913 28 22 37
109 70 123 99 24 61 32 1149 82 12 91 215 23 18 NA 19 14 8 82 3 10 19 29 0 0 0 0 3 10 17 26 0 0 2 3 4 172 138 6143 4909 31 22 38
110 94 121 97 24 64 27 1129 80 11 87 201 22 19 NA 19 17.5 7 80 5 11 18 30 0 0 0 0 5 11 17 25 0 0 1 5 2 153 139 6213 4913 29 20 38
111 80 120 97 23 62 29 1101 91 8 88 194 23 19 NA 19 17.5 9 91 4 10 20 28 0 0 0 0 4 10 19 23 0 0 1 5 2 154 139 6281 4912 30 22 36
112 79 116 93 23 58 29 1132 71 7 87 207 23 18.5 NA 18.5 17.5 6 71 1 11 19 27 0 0 0 0 1 11 19 21 0 0 0 6 1 188 139 6351 4913 31 21 35
113 73 114 91 23 57 35 1153 88 3 86 208 24 18 NA 18 17.5 11 88 1 7 19 30 0 0 0 0 1 7 19 24 0 0 0 6 0 181 141 6407 4914 27 22 37
114 57 112 88 24 54 39 1155 84 8 87 223 24.5 17.5 NA 17.5 17.5 12 84 0 6 19 29 0 0 0 0 0 6 19 23 0 0 0 6 1 159 142 6465 4913 29 22 36
115 75 114 90 24 56 35 1153 88 15 87 225 24 17.5 NA 18 16 11 88 1 9 16 30 0 0 0 0 0 9 16 24 1 0 0 6 3 162 143 6522 4913 28 22 37
116 90 114 88 26 54 35 1142 93 6 85 211 24 17 NA 18 15 7 93 1 8 16 29 0 0 0 0 0 8 16 24 1 0 0 5 3 160 143 6580 4915 26 24 35
117 57 117 91 26 53 40 1151 82 8 87 207 25 16 NA 18 15 12 82 1 7 14 31 0 0 0 0 0 7 14 26 1 0 0 5 3 157 144 6632 4913 27 23 37
118 76 117 91 26 53 40 1159 84 10 86 209 24 18 NA 19 15 12 84 1 9 13 30 0 0 0 0 0 9 13 25 1 0 0 5 1 173 146 6686 4914 27 23 36
119 95 116 92 24 50 42 1163 87 9 84 205 23.5 17 NA 18.5 15 13 87 0 9 13 28 0 0 0 0 0 8 13 23 0 1 0 5 1 180 148 6752 4916 26 24 34
120 77 121 97 24 51 42 1144 98 13 87 213 23 18 NA 19 15 14 98 0 10 11 30 0 0 0 0 0 9 11 25 0 1 0 5 2 151 149 6808 4913 27 24 36
121 87 118 94 24 52 41 1148 82 9 90 210 24.5 17 NA 18.5 15 8 82 1 8 14 29 0 0 0 0 1 7 14 24 0 1 0 5 1 175 151 6872 4910 28 27 35
122 86 117 93 24 53 40 1153 80 10 89 216 25 19 NA 19 15 8 80 1 8 15 29 0 0 0 0 1 7 15 24 0 1 0 5 1 164 151 6935 4911 30 25 34
123 75 115 92 23 50 37 1153 79 11 88 226 24 18.5 NA 19 15 10 79 1 8 14 27 0 0 0 0 1 7 14 22 0 1 0 5 1 148 154 6983 4912 29 27 32
124 68 117 92 25 55 39 1146 92 15 86 224 24 19 NA 19.5 16 16 92 2 6 19 28 0 0 0 0 2 5 19 24 0 1 0 4 4 179 155 7058 4914 26 27 33
125 67 116 91 25 53 42 1173 84 11 83 217 23.5 19 NA 19.5 16 15 84 2 5 17 29 0 0 0 0 2 4 17 25 0 1 0 4 2 187 156 7120 4917 25 24 34
126 66 117 92 25 51 40 1193 89 11 81 219 24 19 NA 19.5 16 10 89 2 4 15 30 0 0 0 0 2 3 15 26 0 1 0 4 3 185 157 7179 4919 22 25 34
127 83 119 94 25 53 36 1191 87 10 82 212 24 19 NA 19.5 16 6 87 2 5 15 31 0 0 0 0 2 4 15 27 0 1 0 4 3 168 158 7239 4918 22 24 36
128 78 116 92 24 54 35 1183 87 9 83 204 25 19.5 NA 20 16 9 87 2 5 13 34 0 0 0 0 2 4 13 30 0 1 0 4 0 151 160 7293 4917 24 21 38
129 67 117 92 25 54 40 1195 92 9 85 201 24 19 NA 19 16 13 92 1 5 15 33 0 0 0 0 1 4 15 29 0 1 0 4 3 180 161 7351 4915 24 24 37
130 80 115 93 22 53 37 1183 92 10 83 202 24 20 NA 20 14 9 92 1 5 16 31 0 0 0 0 1 4 16 28 0 1 0 3 3 167 163 7416 4917 25 24 34
131 80 119 97 22 54 40 1179 74 6 86 196 24 20 NA 20 14 9 74 1 5 16 32 0 0 0 0 1 5 15 29 0 0 1 3 3 152 164 7483 4914 26 25 35
132 84 119 97 22 53 43 1168 86 11 90 186 24 20 NA 20 14 14 86 0 6 13 34 0 0 0 0 0 6 12 31 0 0 1 3 2 158 164 7530 4910 29 23 38
133 69 120 99 21 53 50 1126 95 9 87 183 24 20 NA 20 12 16 95 1 7 12 33 0 0 0 0 1 7 11 31 0 0 1 2 3 141 168 7600 4913 26 25 36
134 77 120 98 22 53 44 1108 94 14 88 171 24.5 20 NA 20 12 9 94 2 6 13 32 0 0 0 0 2 6 12 30 0 0 1 2 0 152 170 7662 4912 26 27 35
135 82 119 98 21 55 47 1118 95 7 88 174 25 20 NA 20 14 10 95 2 7 13 33 0 0 0 0 2 6 12 31 0 1 1 2 1 175 171 7712 4912 25 25 38
136 87 119 98 21 53 47 1133 82 7 87 176 25 20 NA 20 14 7 82 2 7 11 33 0 0 0 0 2 6 10 31 0 1 1 2 2 171 171 7767 4913 26 23 38
137 98 121 99 22 51 48 1133 92 5 86 170 22 20 NA 20 14 8 92 2 7 10 32 0 0 0 0 2 6 9 30 0 1 1 2 4 181 173 7830 4914 27 22 37
138 72 119 95 24 48 47 1132 83 11 85 164 21 20 NA 20 16 13 83 1 8 8 31 0 0 0 0 1 7 7 30 0 1 1 1 4 163 176 7896 4915 30 18 37
139 107 121 98 23 47 45 1136 81 11 85 153 22 20 NA 21 16 13 81 1 7 8 31 0 0 0 0 1 7 6 30 0 0 2 1 4 167 179 7951 4915 30 18 37
140 70 118 97 21 44 48 1153 78 10 81 165 21.5 21 NA 21 16 14 78 1 7 9 27 0 0 0 0 1 7 7 26 0 0 2 1 1 162 180 8009 4919 28 20 33
141 81 116 95 21 43 45 1142 90 12 82 179 22 20 NA 21 16 12 90 1 5 11 26 0 0 0 0 1 5 9 25 0 0 2 1 1 168 182 8078 4918 27 22 33
142 76 120 98 22 46 46 1140 96 14 84 186 22 20 NA 21 16 13 96 2 6 13 25 0 0 0 0 2 6 11 24 0 0 2 1 5 175 185 8136 4916 28 23 33
143 69 118 96 22 49 37 1149 86 13 86 174 23 20 NA 20 12 6 86 2 8 13 26 0 0 0 0 1 8 12 24 1 0 1 2 0 163 187 8185 4914 29 23 34
144 70 117 97 20 50 39 1150 78 4 85 176 24 20 NA 20 13 5 78 2 8 15 25 0 0 0 0 1 7 14 23 1 1 1 2 1 158 187 8249 4915 26 24 35
145 79 115 95 20 49 46 1203 82 5 87 186 24 20 NA 20 13 14 82 3 8 13 25 0 0 0 0 2 7 12 23 1 1 1 2 1 194 189 8288 4913 29 22 36
146 70 110 92 18 49 42 1220 87 12 82 190 24 20 NA 20 13 10 87 2 10 12 25 0 0 0 0 1 9 11 23 1 1 1 2 1 169 192 8343 4918 26 21 35
147 77 111 94 17 48 40 1209 89 9 81 188 23 20 NA 20 13 9 89 2 9 10 27 0 0 0 0 1 8 9 25 1 1 1 2 2 162 193 8407 4919 26 18 37
148 88 112 97 15 48 46 1192 90 7 80 180 23 20 NA 20 14.5 13 90 2 8 12 26 0 0 0 0 1 7 11 25 1 1 1 1 1 165 194 8474 4920 25 20 35
149 75 107 92 15 48 44 1182 89 10 82 171 24 20 NA 20 14.5 11 89 1 8 13 26 0 0 0 0 0 7 12 25 1 1 1 1 0 154 195 8538 4918 28 22 32
150 61 109 94 15 50 48 1173 101 11 84 167 24 20 NA 20 14.5 14 101 1 7 16 26 0 0 0 0 0 6 15 25 1 1 1 1 1 176 197 8601 4916 28 25 31
151 63 113 97 16 52 43 1183 86 14 88 161 24 20 NA 20 14.5 12 86 0 9 15 28 0 0 0 0 0 7 15 26 0 2 0 2 1 176 200 8662 4912 29 26 33
152 75 114 98 16 54 43 1183 88 11 85 176 23 20 NA 20 14.5 13 88 2 10 13 29 0 0 0 0 2 8 13 27 0 2 0 2 0 157 202 8713 4915 29 22 34
153 78 115 99 16 54 43 1155 98 10 84 172 23 20 NA 20 14.5 12 98 3 10 12 29 0 0 0 0 3 8 12 27 0 2 0 2 3 151 205 8772 4916 28 21 35
154 74 113 97 16 55 42 1193 85 9 86 178 24 20 NA 20 13 11 85 4 10 13 28 0 0 0 0 3 8 13 26 1 2 0 2 0 199 208 8830 4914 29 22 35
155 80 111 95 16 54 43 1192 87 12 80 178 24 20 NA 20 14.5 15 87 4 9 13 28 0 0 0 0 3 9 12 26 1 0 1 2 2 160 210 8884 4920 24 21 35
156 67 111 96 15 53 42 1179 85 10 80 167 23 20 NA 20 16 10 85 3 9 13 28 0 0 0 0 3 9 12 26 0 0 1 2 4 150 212 8945 4920 25 19 36
157 85 105 90 15 50 41 1159 85 9 75 159 24 19.5 NA 20 16 8 85 2 9 14 25 0 0 0 0 2 9 13 23 0 0 1 2 1 161 213 9016 4925 22 20 33
158 71 103 87 16 47 39 1159 85 7 72 167 21 19 NA 20 14.5 8 85 2 8 14 23 0 0 0 0 2 8 13 22 0 0 1 1 2 174 214 9080 4928 22 20 30
159 71 106 89 17 48 45 1190 93 8 75 171 22 18 NA 19.5 14.5 17 93 1 9 15 23 0 0 0 0 1 9 14 22 0 0 1 1 2 197 217 9136 4925 24 21 30
160 77 108 91 17 47 46 1176 94 12 74 175 23 17 NA 19 14.5 15 94 1 9 13 24 0 0 0 0 1 9 12 23 0 0 1 1 3 170 219 9203 4926 24 19 31
161 85 109 92 17 48 41 1180 85 11 73 180 23 19 NA 19 16 8 85 1 8 13 26 0 0 0 0 1 8 11 25 0 0 2 1 2 168 220 9264 4927 19 22 32
162 90 110 92 18 48 42 1170 91 5 75 177 23.5 18 NA 18 20 9 91 2 8 11 27 0 0 0 0 2 8 10 24 0 0 1 3 2 164 222 9324 4925 20 22 33
163 79 109 92 17 47 40 1205 73 11 77 199 24 19 NA 19 20 9 73 1 8 11 27 0 0 0 0 1 8 10 24 0 0 1 3 1 186 223 9387 4923 21 21 35
164 68 110 92 18 47 37 1192 87 12 81 194 24.5 19 NA 19 24 9 87 1 8 11 27 0 0 0 0 1 8 11 24 0 0 0 3 2 152 224 9448 4919 25 21 35
165 74 110 93 17 46 33 1197 84 8 80 194 23 18 NA 17 24 6 84 1 9 11 25 0 0 0 0 1 9 11 22 0 0 0 3 2 156 226 9496 4920 26 20 34
166 65 111 93 18 47 36 1190 79 7 80 208 24 17 NA 17 20 11 79 1 8 11 27 0 0 0 0 1 8 11 25 0 0 0 2 1 173 229 9574 4920 22 21 37
167 77 116 97 19 47 33 1162 96 12 82 199 23 17 NA 17 20 10 96 2 8 8 29 0 0 0 0 2 8 8 27 0 0 0 2 3 156 230 9640 4918 25 18 39
168 78 113 94 19 44 37 1172 75 6 78 203 21 17 NA 17 20 10 75 1 8 8 27 0 0 0 0 1 8 8 25 0 0 0 2 3 157 232 9694 4922 25 18 35
169 77 110 91 19 43 33 1181 83 9 76 214 19 17 NA 17 20 6 83 0 10 8 25 0 0 0 0 0 10 8 23 0 0 0 2 2 167 233 9753 4924 26 18 32
170 71 109 90 19 45 42 1179 90 8 77 226 20 17 NA 16.5 24 15 90 1 11 7 26 0 0 0 0 1 11 7 23 0 0 0 3 0 163 233 9815 4923 28 17 32
171 85 108 88 20 44 37 1149 94 11 80 212 21 16.5 NA 16 24 8 94 1 8 9 26 0 0 0 0 1 8 8 24 0 0 1 2 0 159 235 9892 4920 28 20 32
172 87 109 88 21 44 35 1141 83 7 80 212 21 16 NA 16 24 10 83 1 10 7 26 0 0 0 0 1 10 6 24 0 0 1 2 2 149 241 9945 4920 31 18 31
173 78 111 90 21 47 29 1161 74 12 80 204 21 16 NA 16 24 6 74 1 13 7 26 0 0 0 0 1 13 6 24 0 0 1 2 1 179 243 10005 4920 33 14 33
174 81 110 90 20 45 26 1168 91 6 79 211 22 16 NA 16 24 5 91 0 12 9 24 0 0 0 0 0 12 8 22 0 0 1 2 2 179 244 10070 4921 31 16 32
175 76 109 90 19 44 33 1123 96 5 77 190 23 16 NA 16 20 13 96 0 12 7 25 0 0 0 0 0 12 7 23 0 0 0 2 1 148 245 10147 4923 27 16 34
176 85 111 92 19 46 33 1119 81 13 78 193 23 16.5 NA 16.5 20 11 81 0 11 9 26 0 0 0 0 0 11 9 24 0 0 0 2 1 155 245 10200 4922 24 20 34
177 79 110 91 19 48 30 1148 88 10 80 201 23 17 NA 17 24 6 88 0 10 10 28 0 0 0 0 0 10 10 25 0 0 0 3 0 188 246 10249 4920 25 20 35
178 74 112 93 19 48 40 1117 106 2 81 196 23 17 NA 17 24 13 106 0 10 10 28 0 0 0 0 0 10 10 25 0 0 0 3 1 150 247 10306 4919 26 19 36
179 82 112 93 19 51 41 1121 86 13 87 198 24 17 NA 17 24 13 86 0 11 12 28 0 0 0 0 0 11 12 25 0 0 0 3 0 169 247 10362 4913 29 22 36
180 54 111 92 19 50 42 1112 110 12 87 189 25 17 NA 17 24 14 110 0 10 12 28 0 0 0 0 0 10 12 25 0 0 0 3 2 161 249 10414 4913 28 21 38
181 76 109 90 19 50 39 1123 87 14 85 192 25 16.5 NA 16 24 12 87 1 10 13 26 0 0 0 0 1 10 13 23 0 0 0 3 2 176 251 10474 4915 27 23 35
182 81 106 87 19 49 43 1140 91 7 84 197 25.5 16 NA 16 20 12 91 0 12 14 23 0 0 0 0 0 11 14 20 0 1 0 3 0 180 251 10527 4916 27 25 32
183 71 104 85 19 47 42 1114 94 11 80 189 25 16 NA 16 20 13 94 0 11 13 23 0 0 0 0 0 10 13 20 0 1 0 3 3 145 253 10588 4920 24 25 31
184 73 103 85 18 45 42 1119 85 7 80 192 25 16 NA 15.5 17 7 85 0 11 14 20 0 0 0 0 0 9 14 17 0 2 0 3 3 159 255 10639 4920 25 27 28
185 57 102 84 18 45 39 1126 95 14 82 201 26 16 NA 16 17 10 95 0 10 15 20 0 0 0 0 0 8 15 17 0 2 0 3 0 176 255 10697 4918 27 28 27
186 84 101 83 18 45 41 1112 94 7 81 188 25 16 NA 16 16.5 11 94 1 9 15 20 0 0 0 0 1 7 15 18 0 2 0 2 1 167 256 10759 4919 28 26 27
187 81 102 84 18 45 38 1100 96 9 78 176 24 16 NA 15 16.5 10 96 2 9 13 21 0 0 0 0 2 7 13 19 0 2 0 2 3 151 258 10807 4922 27 23 28
188 73 102 83 19 44 41 1101 82 11 77 183 22.5 14.5 NA 14 16 14 82 2 11 11 20 0 0 0 0 2 9 11 19 0 2 0 1 3 154 259 10863 4923 29 19 29
189 66 99 80 19 42 39 1143 67 7 74 203 22 14 NA 14 16 7 67 2 9 11 20 0 0 0 0 2 7 11 19 0 2 0 1 0 184 260 10918 4926 26 19 29
190 87 98 79 19 46 37 1155 85 11 74 201 23 14 NA 14 16 8 85 4 10 13 19 0 0 0 0 4 8 13 18 0 2 0 1 0 166 261 10968 4926 27 20 27
191 79 101 82 19 47 41 1166 97 7 74 208 23 14 NA 14 16 14 97 4 7 15 21 0 0 0 0 4 6 14 20 0 1 1 1 2 183 264 11030 4926 24 21 29
192 76 99 80 19 46 42 1161 91 9 72 206 24 14 NA 14 16 12 91 4 8 13 21 0 0 0 0 4 7 12 20 0 1 1 1 1 169 266 11087 4928 22 21 29
193 68 100 81 19 46 40 1165 95 11 74 207 24.5 14 NA 14 16 10 95 3 7 14 22 0 0 0 0 3 7 12 21 0 0 2 1 0 175 267 11150 4926 22 21 31
194 64 100 80 20 45 45 1169 102 7 73 202 24.5 14 NA 14 16 13 102 2 8 13 22 0 0 0 0 2 8 11 21 0 0 2 1 2 182 269 11209 4927 22 21 30
195 75 101 81 20 46 49 1168 103 8 76 200 25 14 NA 14 16 13 103 2 8 13 23 0 0 0 0 2 8 11 22 0 0 2 1 0 172 270 11261 4924 24 20 32
196 71 101 81 20 49 44 1145 88 13 77 200 24 14 NA 14 16 13 88 3 8 15 23 0 0 0 0 3 8 13 22 0 0 2 1 0 136 275 11315 4923 23 22 32
197 74 103 80 23 49 38 1167 72 13 74 203 25 16 NA 15 16 7 72 3 7 16 23 0 0 0 0 3 7 14 22 0 0 2 1 3 165 275 11371 4926 19 24 31
198 71 101 78 23 47 38 1163 92 4 73 216 25 16 NA 15 16 7 92 3 7 15 22 0 0 0 0 3 7 13 21 0 0 2 1 1 169 277 11432 4927 18 24 31
199 81 104 80 24 50 39 1143 96 10 76 211 25 15.5 NA 15.5 14.5 11 96 2 10 16 22 0 0 0 0 2 9 14 21 0 1 2 1 3 156 279 11487 4924 22 23 31
200 70 103 78 25 50 40 1160 81 8 77 196 26 15.5 NA 15.5 14.5 9 81 1 11 17 21 0 0 0 0 1 10 15 20 0 1 2 1 1 163 280 11535 4923 22 24 31
201 78 104 80 24 50 43 1154 85 9 75 203 25 16 NA 16 14.5 11 85 1 13 14 22 0 0 0 0 1 12 12 21 0 1 2 1 3 161 280 11601 4925 22 21 32
202 81 99 76 23 50 32 1159 75 16 73 204 26 16 NA 16 14.5 7 75 0 12 15 23 0 0 0 0 0 11 13 22 0 1 2 1 0 160 282 11667 4927 20 23 30
203 80 101 78 23 49 33 1163 96 7 75 207 25 16 NA 16.5 13 8 96 1 11 11 26 0 0 0 0 0 10 10 24 1 1 1 2 2 183 282 11729 4925 23 19 33
204 77 101 78 23 48 42 1139 97 6 72 199 23 16 NA 16 13 16 97 1 11 10 26 0 0 0 0 0 10 9 24 1 1 1 2 2 154 284 11790 4928 22 18 32
205 69 105 82 23 46 35 1146 85 16 68 208 21 16 NA 16 13 12 85 1 10 9 26 0 0 0 0 0 9 9 23 1 1 0 3 6 168 288 11846 4932 20 17 31
206 76 106 83 23 48 44 1143 90 9 72 213 21 16 NA 16 13 15 90 1 10 11 26 0 0 0 0 0 9 11 23 1 1 0 3 2 172 288 11909 4928 23 17 32
207 75 106 83 23 49 45 1132 85 15 71 212 20.5 16 NA 16 13 16 85 1 11 11 26 0 0 0 0 0 10 11 23 1 1 0 3 1 165 289 11975 4929 23 16 32
208 75 110 86 24 48 44 1149 83 9 71 214 21 16 NA 16 13 9 83 1 9 10 28 0 0 0 0 0 8 10 25 1 1 0 3 2 166 291 12025 4929 21 15 35
209 74 113 89 24 46 36 1147 93 14 73 192 21 16 NA 16 13 9 93 1 9 9 27 0 0 0 0 0 8 9 25 1 1 0 2 3 167 294 12086 4927 25 13 35
210 76 113 90 23 47 40 1140 83 7 73 186 22 16 NA 16 13 12 83 1 8 10 28 0 0 0 0 0 8 9 26 1 0 1 2 1 150 295 12141 4927 24 13 36
211 84 114 90 24 50 35 1136 74 13 75 200 20 16 NA 16 13 7 74 1 9 13 27 0 0 0 0 1 8 12 25 0 1 1 2 3 155 296 12201 4925 23 17 35
212 69 113 89 24 48 28 1136 89 12 74 188 21 16 NA 16 13 8 89 1 7 14 26 0 0 0 0 1 6 13 24 0 1 1 2 2 165 299 12256 4926 22 18 34
213 90 113 89 24 50 31 1132 89 8 75 187 22 16 NA 16 13 12 89 1 8 14 27 0 0 0 0 1 7 14 25 0 1 0 2 3 171 301 12321 4925 23 18 34
214 88 113 88 25 51 29 1118 83 13 73 189 20 16 NA 16 13 11 83 2 9 13 27 0 0 0 0 2 8 13 25 0 1 0 2 1 148 301 12381 4927 22 16 35
215 75 115 87 28 52 26 1134 85 13 77 185 21 15.5 NA 16 13 9 85 3 7 15 27 0 0 0 0 2 6 15 24 1 1 0 3 2 184 301 12445 4923 22 20 35
216 62 114 86 28 50 25 1141 93 7 76 177 20.5 15.5 NA 16 13 6 93 3 8 14 25 0 0 0 0 2 7 14 22 1 1 0 3 1 164 301 12496 4924 24 19 33
217 77 115 87 28 51 25 1152 96 8 83 190 21 16 NA 16 11.5 10 96 2 10 12 27 0 0 0 0 1 9 12 25 1 1 0 2 0 179 303 12555 4917 31 17 35
218 77 115 87 28 48 23 1139 102 5 81 184 21 16 NA 16 11.5 5 102 1 7 15 25 0 0 0 0 0 6 15 23 1 1 0 2 1 176 304 12625 4919 28 20 33
219 77 115 88 27 46 22 1144 81 5 80 177 21 16 NA 16 11.5 4 81 1 7 13 25 0 0 0 0 0 6 13 23 1 1 0 2 2 167 304 12685 4920 28 19 33
220 70 116 89 27 47 30 1121 96 6 85 180 21.5 16 NA 16 11.5 16 96 1 8 11 27 0 0 0 0 0 7 11 25 1 1 0 2 2 151 307 12750 4915 32 18 35
221 70 114 87 27 54 26 1129 77 15 88 196 22.5 17 NA 17 12 9 77 1 12 12 29 0 0 0 0 0 9 12 27 1 3 0 2 0 154 309 12803 4912 32 21 35
222 79 112 85 27 54 29 1153 74 9 87 186 23 16.5 NA 17 12 10 74 1 12 12 29 0 0 0 0 0 9 12 27 1 3 0 2 2 173 309 12860 4913 32 20 35
223 85 110 84 26 55 34 1166 88 11 85 190 23.5 17 NA 18 12 14 88 1 11 13 30 0 0 0 0 0 7 12 28 1 4 1 2 0 180 309 12911 4915 30 21 34
224 86 114 85 29 56 29 1166 81 15 84 182 22 17 NA 18 12 8 81 1 10 14 31 0 0 0 0 0 6 13 29 1 4 1 2 3 164 309 12971 4916 29 19 36
225 84 114 85 29 53 34 1143 81 6 83 183 22 17 NA 18 12 12 81 0 9 15 29 0 0 0 0 0 5 13 27 0 4 2 2 2 149 310 13041 4917 29 20 34
226 61 113 84 29 52 35 1161 84 14 81 176 22 17 NA 18 12 13 84 0 10 15 27 0 0 0 0 0 6 13 25 0 4 2 2 1 163 310 13090 4919 29 19 33
227 70 115 85 30 52 34 1166 92 6 85 181 23 17 NA 18 12 8 92 0 8 14 30 0 0 0 0 0 4 12 28 0 4 2 2 2 188 313 13168 4915 29 19 37
228 64 116 85 31 52 35 1166 80 13 83 191 23 17 NA 18 12 15 80 0 9 14 29 0 0 0 0 0 5 12 27 0 4 2 2 3 156 314 13230 4917 28 21 34
229 81 114 83 31 55 23 1192 70 17 82 173 23.5 17 NA 17.5 12 3 70 2 9 16 28 0 0 0 0 2 6 13 25 0 3 3 3 0 193 315 13305 4918 25 25 32
230 74 113 84 29 57 35 1197 108 4 84 177 24 16 NA 17 12 15 108 3 9 16 29 0 0 0 0 2 6 13 26 1 3 3 3 2 180 316 13350 4916 27 23 34
231 88 110 81 29 57 31 1185 96 12 83 183 24.5 15 NA 17 12 10 96 4 10 16 27 0 0 0 0 3 7 13 25 1 3 3 2 0 179 316 13417 4917 27 24 32
232 83 113 81 32 59 29 1172 89 12 85 182 24 16 NA 17 12 11 89 4 10 18 27 0 0 0 0 3 7 15 25 1 3 3 2 0 151 318 13465 4915 27 25 33
233 87 110 80 30 57 29 1172 84 10 82 192 25 16 NA 17.5 12 11 84 5 7 18 27 0 0 0 0 4 5 14 25 1 2 4 2 0 163 319 13516 4918 22 26 34
234 64 108 78 30 55 26 1155 77 10 81 190 25 16 NA 18 10 9 77 4 8 16 27 0 0 0 0 2 6 12 25 2 2 4 2 2 151 321 13590 4919 23 25 33
235 77 109 79 30 55 30 1148 98 6 83 188 26 16 NA 18 10 12 98 4 7 15 29 0 0 0 0 2 6 11 26 2 1 4 3 1 159 322 13648 4917 23 25 35
236 90 109 80 29 54 30 1122 90 10 85 196 26 16 NA 18 12 12 90 2 10 13 29 0 0 0 0 1 7 9 26 1 3 4 3 1 167 324 13725 4915 27 24 34
237 83 112 80 32 52 25 1119 92 10 86 193 25.5 16.5 NA 18 10 5 92 2 7 13 30 0 0 0 0 1 6 9 26 1 1 4 4 1 157 325 13780 4914 26 25 35
238 81 110 77 33 54 29 1132 80 7 86 208 25.5 17 NA 18 12 11 80 2 7 15 30 0 0 0 0 1 5 11 26 1 2 4 4 2 156 327 13820 4914 27 26 33
239 70 109 76 33 56 27 1097 94 10 84 200 26 16.5 NA 17 12 7 94 2 10 11 33 0 0 0 0 1 8 7 29 1 2 4 4 1 143 328 13886 4916 25 24 35
240 60 108 77 31 54 34 1129 77 4 85 192 25.5 16 NA 17 10 10 77 1 11 11 31 0 0 0 0 0 8 7 27 1 3 4 4 1 168 328 13935 4915 27 23 35
241 77 103 73 30 54 32 1100 73 12 82 199 26 16 NA 17 12 10 73 1 12 7 34 0 0 0 0 0 9 5 29 1 3 2 5 0 136 328 14009 4918 25 19 38
242 76 104 74 30 53 31 1135 63 4 83 200 26.5 16 NA 17 12 4 63 1 12 7 33 0 0 0 0 0 9 5 28 1 3 2 5 2 165 328 14064 4917 24 22 37
243 73 101 71 30 54 35 1105 98 11 80 198 27 17 NA 17.5 10 12 98 1 12 9 32 0 0 0 0 0 9 7 28 1 3 2 4 0 150 328 14129 4920 22 22 36
244 62 105 73 32 56 36 1133 79 11 82 205 27 17 NA 18 12 11 79 1 11 13 31 0 0 0 0 0 9 10 28 1 2 3 3 3 175 329 14180 4918 24 22 36
245 77 105 75 30 57 34 1146 89 11 79 197 27 17 NA 18 12 10 89 2 12 12 31 0 0 0 0 1 10 9 28 1 2 3 3 2 182 330 14242 4921 24 18 37
246 94 107 78 29 60 40 1165 86 8 78 203 24 17 NA 18 10 13 86 3 11 16 30 0 0 0 0 2 9 13 28 1 2 3 2 3 170 330 14287 4922 24 19 35
247 72 104 75 29 56 35 1158 78 13 74 195 24 16.5 NA 17 10 7 78 3 10 15 28 0 0 0 0 2 8 13 25 1 2 2 3 1 143 331 14341 4926 21 19 34
248 88 105 76 29 59 46 1159 93 6 75 192 24 17 NA 18 10 20 93 3 8 19 29 0 0 0 0 2 7 16 26 1 1 3 3 3 174 335 14400 4925 18 23 34
249 83 103 75 28 61 40 1147 94 14 75 196 25 17 NA 17.5 8 9 94 3 9 18 31 0 0 0 0 2 8 16 28 1 1 2 3 2 162 337 14459 4925 19 21 35
250 63 105 75 30 59 36 1137 86 13 75 176 26 17 NA 17 12 12 86 1 9 19 30 0 0 0 0 1 7 16 26 0 2 3 4 2 161 340 14525 4925 19 22 34
251 69 105 75 30 58 38 1141 83 10 77 181 26 17 NA 17 12 12 83 0 10 17 31 0 0 0 0 0 8 14 27 0 2 3 4 1 167 341 14582 4923 20 22 35
252 85 107 78 29 58 33 1147 74 14 76 186 26 17 NA 17 16 9 74 0 8 18 32 0 0 0 0 0 7 14 28 0 1 4 4 3 174 341 14659 4924 18 22 36
253 68 105 77 28 57 38 1171 78 10 74 200 26 17 NA 17.5 8 14 78 0 7 19 31 0 0 0 0 0 6 16 28 0 1 3 3 0 164 341 14703 4926 17 21 36
254 57 103 77 26 54 35 1180 90 12 72 201 26 17 NA 17 8 10 90 0 8 15 31 0 0 0 0 0 7 12 28 0 1 3 3 1 167 341 14758 4928 17 19 36
255 86 103 79 24 51 41 1148 102 9 69 195 25 17 NA 17 10.5 15 102 0 8 14 29 0 0 0 0 0 7 11 25 0 1 3 4 2 153 341 14815 4931 17 18 34
256 65 104 79 25 51 42 1133 96 15 72 189 24 17 NA 17 10.5 16 96 1 7 13 30 0 0 0 0 1 6 11 25 0 1 2 5 0 163 341 14878 4928 19 18 35
257 80 104 80 24 54 34 1111 88 18 72 190 22 15 NA 17 10.5 11 88 3 9 14 28 0 0 0 0 3 8 12 23 0 1 2 5 2 156 343 14947 4928 21 18 33
258 77 103 79 24 53 29 1118 80 10 76 191 24 14 NA 17 8 7 80 1 10 13 29 0 0 0 0 1 9 11 25 0 1 2 4 1 173 345 15010 4924 24 18 34
259 83 99 76 23 51 30 1127 81 7 71 189 23 15 NA 17 8 7 81 1 10 13 27 0 0 0 0 1 9 11 23 0 1 2 4 1 163 345 15060 4929 23 16 32
260 84 100 76 24 53 40 1119 90 6 73 196 23 15 NA 17 6.5 15 90 0 11 10 32 0 0 0 0 0 10 9 28 0 1 1 4 1 158 347 15120 4927 24 13 36
261 81 98 74 24 53 34 1130 80 16 72 185 24 15 NA 16 6.5 12 80 0 11 12 30 0 0 0 0 0 10 11 26 0 1 1 4 1 177 349 15187 4928 22 16 34
262 93 95 73 22 53 33 1135 87 11 72 180 24 14 NA 15 5 7 87 0 11 13 29 0 0 0 0 0 11 11 26 0 0 2 3 1 183 350 15256 4928 24 16 32
263 82 96 73 23 50 35 1139 89 4 70 188 22 14.5 NA 15 5 10 89 0 10 13 27 0 0 0 0 0 10 11 24 0 0 2 3 3 168 354 15309 4930 23 16 31
264 85 98 75 23 49 34 1107 93 8 70 168 20 15 NA 15.5 5 7 93 0 10 10 29 0 0 0 0 0 10 9 25 0 0 1 4 2 144 354 15370 4930 25 13 32
265 68 94 70 24 45 32 1127 65 6 65 167 19.5 14 NA 15 5 6 65 0 11 10 24 0 0 0 0 0 11 9 20 0 0 1 4 2 164 356 15434 4935 25 13 27
266 93 93 70 23 44 31 1136 89 7 64 181 20 14 NA 15 4.5 7 89 1 12 7 24 0 0 0 0 1 12 6 19 0 0 1 5 1 175 356 15486 4936 26 11 27
267 78 93 70 23 43 32 1159 74 6 65 177 20 14 NA 15 5 7 74 1 13 6 23 0 0 0 0 1 13 5 19 0 0 1 4 2 165 356 15534 4935 29 10 26
268 80 94 71 23 44 34 1194 74 5 67 196 20.5 14.5 NA 15.5 3.5 7 74 1 9 10 24 0 0 0 0 1 9 9 19 0 0 1 5 1 178 356 15586 4933 27 13 27
269 73 90 67 23 43 36 1205 92 6 66 194 21.5 15 NA 16 3.5 8 92 1 8 11 23 0 0 0 0 1 8 10 18 0 0 1 5 1 167 356 15636 4934 26 14 26
270 66 91 68 23 42 38 1220 94 10 66 194 22 15 NA 16 2 13 94 1 7 12 22 0 0 0 0 1 7 11 18 0 0 1 4 2 191 357 15699 4934 24 16 26
271 75 91 69 22 43 39 1201 94 8 65 193 22 15 NA 16 2 13 94 2 9 12 20 0 0 0 0 2 9 11 17 0 0 1 3 1 152 361 15755 4935 23 18 24
272 75 88 66 22 43 30 1234 88 16 64 196 23 15 NA 15 5 9 88 2 8 13 20 0 0 0 0 2 7 13 17 0 1 0 3 0 195 362 15814 4936 21 19 24
273 77 85 65 20 41 30 1203 98 7 60 184 23 15 NA 16 2 9 98 2 7 15 17 0 0 0 0 2 6 15 15 0 1 0 2 1 165 365 15889 4940 19 19 22
274 83 89 69 20 42 30 1170 100 10 59 183 22 15.5 NA 16 2 14 100 2 6 16 18 0 0 0 0 2 5 16 16 0 1 0 2 1 153 368 15953 4941 16 20 23
275 62 91 70 21 45 35 1171 85 12 61 176 22 16 NA 17 7 17 85 2 7 17 19 0 0 0 0 2 5 17 17 0 2 0 2 1 152 369 16007 4939 17 20 24
276 74 90 69 21 46 31 1185 75 13 65 186 22.5 16.5 NA 17 7 11 75 1 8 17 20 0 0 0 0 1 6 17 18 0 2 0 2 0 164 371 16059 4935 21 20 24
277 76 92 70 22 46 25 1180 81 9 67 184 23 16.5 NA 17 7 7 81 1 7 18 20 0 0 0 0 1 5 18 18 0 2 0 2 2 159 373 16123 4933 22 21 24
278 75 90 68 22 44 22 1202 80 10 68 181 23.5 16.5 NA 17 12 7 80 0 6 19 19 0 0 0 0 0 4 19 18 0 2 0 1 0 185 373 16186 4932 23 22 23
279 98 95 71 24 45 26 1172 92 6 69 182 22 16 NA 17 7 10 92 1 6 20 18 0 0 0 0 0 4 20 17 1 2 0 1 3 163 374 16261 4931 23 24 22
280 62 93 69 24 46 33 1162 99 5 68 177 23 17 NA 17 12 13 99 1 8 16 21 0 0 0 0 0 5 16 20 1 3 0 1 0 175 375 16332 4932 22 21 25
281 66 94 71 23 46 28 1173 80 14 68 179 22.5 17 NA 17 12 8 80 1 7 17 21 0 0 0 0 0 5 16 20 1 2 1 1 1 153 375 16380 4932 22 22 24
282 80 95 72 23 47 26 1155 97 7 70 171 23 17 NA 17.5 12 6 97 1 7 16 23 0 0 0 0 0 5 15 22 1 2 1 1 2 165 376 16452 4930 23 20 27
283 73 93 69 24 47 33 1163 82 8 69 177 23 17 NA 17 13.5 14 82 1 9 13 24 0 0 0 0 0 7 12 22 1 2 1 2 1 170 377 16508 4931 24 18 27
284 74 97 69 28 46 28 1130 88 10 68 180 21 17 NA 17.5 13.5 5 88 1 7 12 26 0 0 0 0 0 6 10 24 1 1 2 2 1 142 377 16574 4932 22 17 29
285 74 98 70 28 48 32 1128 78 4 70 181 22 17 NA 18 13.5 10 78 1 7 14 26 0 0 0 0 0 6 12 24 1 1 2 2 0 171 378 16648 4930 23 17 30
286 82 98 71 27 48 33 1122 88 9 72 179 22.5 17 NA 18 13.5 9 88 1 8 11 28 0 0 0 0 0 7 9 26 1 1 2 2 2 147 378 16696 4928 26 14 32
287 76 101 73 28 50 35 1110 103 10 72 164 22 17.5 NA 18.5 14.5 10 103 1 10 13 26 0 0 0 0 0 8 10 24 1 2 3 2 3 158 380 16745 4928 26 16 30
288 70 100 73 27 48 34 1087 90 10 70 144 22.5 17.5 NA 18.5 14.5 12 90 1 8 15 24 0 0 0 0 0 6 12 22 1 2 3 2 2 133 383 16799 4930 22 19 29
289 74 99 71 28 49 31 1112 89 13 69 151 23 17 NA 18 14.5 9 89 0 10 15 24 0 0 0 0 0 7 12 22 0 3 3 2 0 182 384 16849 4931 21 19 29
290 72 98 70 28 51 27 1120 75 8 68 170 24 17 NA 18 14.5 3 75 0 8 18 25 0 0 0 0 0 5 15 23 0 3 3 2 1 166 384 16911 4932 18 21 29
291 85 97 69 28 48 30 1105 95 7 69 182 24 17.5 NA 18.5 16 11 95 0 5 18 25 0 0 0 0 0 3 14 23 0 2 4 2 1 159 385 16971 4931 20 20 29
292 81 98 70 28 49 26 1100 77 11 68 182 24 18 NA 18 16 7 77 0 6 17 26 0 0 0 0 0 4 13 24 0 2 4 2 1 165 386 17039 4932 19 19 30
293 80 99 71 28 50 29 1117 93 9 66 196 23 18.5 NA 19.5 16 11 93 0 8 16 26 0 0 0 0 0 6 13 21 0 2 3 5 1 187 387 17098 4934 18 18 30
294 78 103 75 28 47 26 1103 75 5 64 193 20 19 NA 20 16 4 75 0 7 15 25 0 0 0 0 0 5 12 20 0 2 3 5 4 135 389 17154 4936 17 18 29
295 87 104 73 31 44 30 1112 73 10 62 200 19 18.5 NA 19 17 14 73 0 8 14 22 0 0 0 0 0 6 12 17 0 2 2 5 2 168 390 17215 4938 18 18 26
296 72 106 74 32 45 29 1141 88 11 66 201 17 18 NA 19 15.5 12 88 1 9 13 22 0 0 0 0 0 7 11 17 1 2 2 5 3 183 393 17262 4934 24 17 25
297 90 104 73 31 43 29 1130 80 10 64 202 18 18 NA 19 15.5 9 80 1 7 14 21 0 0 0 0 0 6 11 16 1 1 3 5 1 151 394 17324 4936 23 17 24
298 70 103 72 31 46 36 1124 86 7 66 201 19 18.5 NA 19 15.5 13 86 1 7 17 21 0 0 0 0 0 6 14 16 1 1 3 5 0 161 394 17385 4934 22 20 24
299 74 103 72 31 47 23 1137 91 15 68 195 17 18 NA 19 14 6 91 3 5 15 24 0 0 0 0 1 4 13 18 2 1 2 6 4 179 397 17441 4932 23 18 27
300 83 104 73 31 48 29 1116 95 7 68 185 17 18 NA 19 14 12 95 3 7 13 25 0 0 0 0 1 6 11 19 2 1 2 6 1 148 397 17492 4932 24 15 29
301 69 106 74 32 49 28 1093 97 8 67 183 17 18 NA 19 14 8 97 3 7 13 26 0 0 0 0 1 7 10 20 2 0 3 6 2 153 398 17553 4933 23 15 29
302 66 107 75 32 46 26 1086 91 8 66 189 17 18.5 NA 19 14 7 91 3 7 11 25 0 0 0 0 1 7 8 21 2 0 3 4 3 155 399 17608 4934 25 13 28
303 69 108 76 32 47 26 1095 69 9 69 179 17.5 18 NA 19 14 8 69 3 5 12 27 0 0 0 0 1 5 10 22 2 0 2 5 0 158 399 17668 4931 25 14 30
304 84 110 78 32 49 26 1111 78 9 68 189 17 18 NA 19 12.5 7 78 3 7 14 25 0 0 0 0 1 7 12 21 2 0 2 4 1 181 399 17734 4932 26 14 28
305 77 111 79 32 48 28 1115 82 4 70 194 18 18.5 NA 19.5 12.5 8 82 4 6 14 24 0 0 0 0 2 6 12 20 2 0 2 4 2 165 399 17794 4930 29 14 27
306 96 111 80 31 47 27 1128 82 9 72 191 18 18 NA 19 12.5 9 82 2 9 14 22 0 0 0 0 2 7 12 18 0 2 2 4 1 175 400 17844 4928 33 14 25
307 73 113 83 30 48 30 1118 87 5 74 190 17 18 NA 19 11 8 87 3 9 14 22 0 0 0 0 2 7 12 18 1 2 2 4 5 163 400 17908 4926 34 15 25
308 74 111 82 29 44 26 1139 79 7 74 193 17 18 NA 19 5 6 79 2 9 14 19 0 0 0 0 1 7 12 17 1 2 2 2 1 171 402 17964 4926 34 18 22
309 73 113 84 29 45 21 1139 79 9 75 199 17 18 NA 19 9.5 4 79 1 11 13 20 0 0 0 0 0 9 11 17 1 2 2 3 2 153 404 18021 4925 34 18 23
310 78 112 83 29 45 22 1149 84 10 72 206 17.5 19 NA 19 14 10 84 1 11 12 21 0 0 0 0 0 10 10 18 1 1 2 3 1 161 405 18072 4928 30 18 24
311 68 113 84 29 44 25 1157 91 9 75 197 18 19 NA 19 14 12 91 1 7 13 23 0 0 0 0 0 6 11 20 1 1 2 3 2 176 406 18133 4925 28 21 26
312 73 112 84 28 44 30 1171 90 9 76 211 19 19 NA 19 15 14 90 1 6 14 23 0 0 0 0 0 5 11 20 1 1 3 3 1 166 406 18179 4924 28 22 26
313 83 115 87 28 52 30 1179 89 12 81 203 20 18.5 NA 19 14 11 89 4 8 16 24 0 0 0 0 2 7 14 20 2 1 2 4 0 166 406 18223 4919 32 22 27
314 81 114 87 27 53 29 1171 92 11 83 188 20.5 19 NA 19 14 10 92 3 11 16 23 0 0 0 0 1 10 14 19 2 1 2 4 0 148 408 18276 4917 34 23 26
315 73 117 90 27 58 36 1159 94 10 82 190 21 19 NA 19 14 13 94 4 14 14 26 0 0 0 0 2 13 13 21 2 1 1 5 2 164 408 18338 4918 30 23 29
316 87 115 88 27 59 39 1156 71 11 82 199 21 19 NA 19 15 14 71 5 15 15 24 0 0 0 0 3 13 14 20 2 2 1 4 2 164 409 18409 4918 32 23 27
317 76 116 87 29 61 36 1152 96 12 83 195 21 19 NA 19 15 10 96 7 15 15 24 0 0 0 0 4 13 14 21 3 2 1 3 3 164 409 18467 4917 32 25 26
318 82 117 88 29 60 37 1145 74 7 86 202 22 19 NA 19 15.5 7 74 5 13 17 25 0 0 0 0 4 11 15 22 1 2 2 3 0 154 409 18538 4914 32 27 27
319 79 118 90 28 61 32 1160 77 11 89 207 22.5 19 NA 19 15.5 7 77 4 14 17 26 0 0 0 0 4 11 15 23 0 3 2 3 1 163 410 18592 4911 33 27 29
320 80 120 92 28 64 32 1152 79 13 88 205 21 19 NA 19.5 15.5 10 79 4 12 19 29 0 0 0 0 4 9 17 26 0 3 2 3 2 155 410 18660 4912 30 26 32
321 69 117 87 30 61 34 1138 93 3 86 197 22 19 NA 19 16.5 8 93 2 13 19 27 0 0 0 0 2 11 17 25 0 2 2 2 2 153 411 18717 4914 31 25 30
322 85 116 86 30 60 46 1123 86 9 85 194 22 19 NA 19 16.5 22 86 2 13 19 26 0 0 0 0 2 11 17 24 0 2 2 2 1 154 412 18777 4915 32 24 29
323 75 116 87 29 59 38 1113 79 12 84 188 22.5 19 NA 19 16.5 6 79 2 10 18 29 0 0 0 0 2 8 17 26 0 2 1 3 1 154 413 18843 4916 28 23 33
324 87 118 89 29 60 34 1089 86 12 86 184 23 19 NA 19 16.5 11 86 1 11 19 29 0 0 0 0 1 9 18 26 0 2 1 3 1 144 415 18905 4914 29 23 34
325 85 119 91 28 62 37 1067 77 9 87 187 24 19 NA 19 16.5 10 77 0 11 20 31 0 0 0 0 0 10 18 28 0 1 2 3 2 152 416 18983 4913 25 27 35
326 67 116 89 27 60 39 1115 65 10 85 199 25 18.5 NA 19 16.5 11 65 0 10 20 30 0 0 0 0 0 9 18 27 0 1 2 3 0 176 416 19030 4915 23 27 35
327 86 109 84 25 59 34 1127 83 10 82 206 25 19 NA 19 16 8 83 0 12 19 28 0 0 0 0 0 10 17 25 0 2 2 3 1 173 419 19089 4918 26 25 31
328 84 113 88 25 61 36 1127 89 11 84 202 24 19 NA 19 16 12 89 1 11 20 29 0 0 0 0 1 9 18 26 0 2 2 3 1 158 420 19139 4916 25 27 32
329 64 111 86 25 63 26 1140 95 13 86 211 25 18 NA 19 16 7 95 2 13 18 30 0 0 0 0 2 11 16 27 0 2 2 3 0 183 423 19201 4914 25 27 34
330 66 111 87 24 64 26 1119 97 9 87 209 26 17.5 NA 19 16 12 97 3 10 19 32 0 0 0 0 3 9 17 28 0 1 2 4 1 162 426 19265 4913 24 27 36
331 93 108 87 21 59 25 1127 77 6 84 201 26 17 NA 17 16 6 77 3 9 17 30 0 0 0 0 3 9 14 26 0 0 3 4 0 162 426 19326 4916 24 26 34
332 91 109 88 21 58 35 1143 74 5 88 209 26 16.5 NA 17 16 16 74 1 11 14 32 0 0 0 0 1 11 11 28 0 0 3 4 0 165 426 19380 4912 29 23 36
333 67 108 87 21 55 32 1134 92 14 86 205 26.5 16 NA 16 16 10 92 1 10 15 29 0 0 0 0 1 10 12 25 0 0 3 4 3 160 426 19440 4914 28 25 33
334 76 110 87 23 56 35 1141 89 7 85 203 25 15.5 NA 15.5 15.5 10 89 2 11 16 27 0 0 0 0 2 11 13 24 0 0 3 3 1 168 427 19493 4915 27 27 31
335 73 108 85 23 55 36 1136 75 10 83 207 24.5 16 NA 16 15 12 75 2 11 15 27 0 0 0 0 2 11 12 25 0 0 3 2 1 151 429 19554 4917 28 23 32
336 67 111 88 23 56 33 1136 74 11 85 206 24 16 NA 16 15 10 74 1 11 16 28 0 0 0 0 1 11 13 26 0 0 3 2 2 147 430 19610 4915 28 24 33
337 93 109 85 24 55 35 1134 94 8 83 212 24 16 NA 16.5 15 12 94 1 11 13 30 0 0 0 0 1 11 11 27 0 0 2 3 2 175 432 19672 4917 28 19 36
338 82 109 85 24 53 34 1114 89 12 79 198 23 17 NA 18 15 12 89 1 11 13 28 0 0 0 0 1 11 11 25 0 0 2 3 2 150 434 19731 4921 26 18 35
339 87 112 89 23 53 34 1124 77 7 78 195 22.5 16 NA 17.5 15 9 77 1 12 13 27 0 0 0 0 1 12 11 24 0 0 2 3 2 170 434 19794 4922 24 21 33
340 84 106 85 21 52 32 1128 72 12 77 199 23 16.5 NA 18 14.5 9 72 1 12 14 25 0 0 0 0 1 12 11 22 0 0 3 3 0 143 434 19840 4923 26 20 31
341 76 114 86 28 50 46 1117 107 4 75 205 21 16.5 NA 18 14.5 17 107 1 10 15 24 0 0 0 0 1 10 12 21 0 0 3 3 5 177 434 19904 4925 22 21 32
342 65 112 85 27 53 48 1123 96 12 76 197 22 16 NA 18 14.5 12 96 1 11 14 27 0 0 0 0 1 11 12 23 0 0 2 4 0 169 434 19954 4924 22 20 34
343 74 111 85 26 51 43 1103 100 10 74 196 23 16 NA 17 15 7 100 2 10 13 26 0 0 0 0 2 10 12 22 0 0 1 4 2 161 436 20014 4926 22 19 33
344 69 109 84 25 50 44 1098 87 9 72 181 23 16 NA 16 15.5 10 87 2 8 16 24 0 0 0 0 2 8 15 19 0 0 1 5 1 155 436 20071 4928 19 23 30
345 77 109 84 25 52 35 1145 69 11 74 187 23 16 NA 16 15.5 5 69 3 7 17 25 0 0 0 0 3 7 16 20 0 0 1 5 0 180 438 20119 4926 20 23 31
346 73 111 84 27 51 33 1144 83 6 77 187 23 16 NA 16 15.5 9 83 1 9 15 26 0 0 0 0 1 9 15 20 0 0 0 6 2 164 442 20180 4923 23 22 32
347 92 110 84 26 51 32 1162 88 9 77 187 23.5 16 NA 16 15.5 9 88 2 8 15 26 0 0 0 0 2 8 15 20 0 0 0 6 1 178 444 20228 4923 22 23 32
348 74 110 85 25 52 36 1170 74 7 81 179 24.5 16 NA 16 15.5 9 74 2 7 16 27 0 0 0 0 2 7 16 21 0 0 0 6 1 162 444 20287 4919 23 25 33
349 71 108 83 25 53 35 1177 88 8 79 173 25 16 NA 16 23 6 88 2 6 18 27 0 0 0 0 2 6 17 22 0 0 1 5 0 174 445 20354 4921 21 26 32
350 74 110 85 25 53 36 1164 86 7 82 177 26 16 NA 16 23 10 86 0 8 17 28 0 0 0 0 0 8 16 23 0 0 1 5 2 151 447 20409 4918 24 25 33
351 75 113 87 26 55 36 1177 84 6 86 184 26 16 NA 16 23 7 84 1 9 15 30 0 0 0 0 1 9 13 26 0 0 2 4 4 183 449 20478 4914 28 23 35
352 83 110 84 26 54 35 1158 96 9 83 185 24.5 15.5 NA 15 16 9 96 2 7 16 29 0 0 0 0 2 6 14 25 0 1 2 4 0 150 450 20522 4917 25 24 34
353 83 109 83 26 51 32 1145 103 9 87 184 23 15 NA 15 15 8 103 2 8 13 28 0 0 0 0 2 7 12 25 0 1 1 3 0 176 452 20584 4913 33 20 34
354 84 107 84 23 51 36 1122 99 10 84 183 23 15 NA 15 15 16 99 2 9 12 28 0 0 0 0 2 8 11 25 0 1 1 3 1 168 455 20656 4916 32 19 33
355 70 105 84 21 49 37 1113 91 10 80 180 22 15 NA 15 12.5 13 91 2 10 12 25 0 0 0 0 2 9 11 23 0 1 1 2 1 158 457 20711 4920 30 19 31
356 77 105 84 21 47 36 1122 79 11 80 184 23 15 NA 15 12.5 9 79 1 10 9 27 0 0 0 0 1 9 9 24 0 1 0 3 0 169 457 20769 4920 30 16 34
357 88 106 86 20 48 43 1124 91 8 78 187 23 15 NA 15 15 15 91 2 10 9 27 0 0 0 0 2 9 9 23 0 1 0 4 2 183 457 20827 4922 27 18 33
358 80 108 88 20 48 38 1107 74 16 79 176 22.5 15 NA 15 15 10 74 1 9 11 27 0 0 0 0 1 9 10 23 0 0 1 4 2 144 457 20889 4921 26 20 33
359 64 109 88 21 48 39 1119 83 8 79 169 23 15.5 NA 16 15 12 83 1 10 10 27 0 0 0 0 1 10 9 23 0 0 1 4 1 165 459 20939 4921 26 19 34
360 79 106 85 21 50 33 1118 86 13 79 178 23.5 15 NA 15 15 7 86 2 11 8 29 0 0 0 0 2 11 7 25 0 0 1 4 0 163 460 20994 4921 26 18 35
