1 68 98 83 15 45 29 1231 74 12 74 29 26 18 NA 18 NA 8 74 1 4 16 24 0 0 0 0 1 4 16 24 0 0 0 0 2 155 0 0 4926 17 27 30
2 83 99 84 15 49 22 1281 65 14 72 55 26 18 NA 18 NA 4 65 2 5 18 24 0 0 0 0 2 5 18 24 0 0 0 0 1 144 0 0 4928 17 26 29
3 76 99 84 15 49 32 1342 70 3 73 73 27 18 NA 18 NA 13 70 1 6 18 24 0 0 0 0 1 6 18 24 0 0 0 0 2 155 0 0 4927 17 26 30
4 71 101 84 17 50 36 1386 73 8 74 93 27 18 NA 18 NA 10 73 1 7 18 24 0 0 0 0 1 7 18 24 0 0 0 0 0 133 0 0 4926 18 26 30
5 81 106 88 18 54 34 1425 75 8 76 94 26.5 18 NA 18 NA 5 75 3 9 18 24 0 0 0 0 3 9 18 24 0 0 0 0 4 135 0 0 4924 20 26 30
6 72 101 83 18 54 39 1465 81 6 73 109 29 18 NA 18 NA 9 81 3 9 17 25 0 0 0 0 3 9 17 25 0 0 0 0 0 144 0 0 4927 17 25 31
7 66 105 88 17 55 39 1452 101 8 74 105 28 18 NA 18 NA 8 101 4 9 15 27 0 0 0 0 4 9 15 27 0 0 0 0 3 121 0 0 4926 17 23 34
8 80 110 92 18 59 40 1494 80 7 75 125 27 18 NA 18 NA 7 80 5 11 15 28 0 0 0 0 5 11 15 28 0 0 0 0 3 141 0 0 4925 16 24 35
9 73 114 93 21 60 49 1497 101 6 77 120 25.5 18 NA 18 NA 14 101 4 11 15 30 0 0 0 0 4 11 15 30 0 0 0 0 2 134 0 0 4923 17 23 37
10 85 116 96 20 60 44 1502 88 11 81 123 24.5 18 NA 18 NA 6 88 4 10 15 31 0 0 0 0 4 10 15 31 0 0 0 0 3 115 0 0 4919 21 22 38
11 67 116 95 21 58 46 1521 83 8 81 134 24.5 17.5 NA 17.5 NA 9 83 3 9 14 32 0 0 0 0 3 9 14 32 0 0 0 0 1 121 0 0 4919 19 22 40
12 71 115 94 21 58 42 1519 99 11 78 145 25 17 NA 17 NA 8 99 3 10 12 33 0 0 0 0 3 10 12 33 0 0 0 0 1 121 0 0 4922 19 18 41
13 56 120 99 21 59 40 979 70 4 78 134 21.5 17 NA 17 NA 9 70 2 14 10 33 0 0 0 0 2 14 10 33 0 0 0 0 5 122 8 578 4922 21 15 42
14 79 120 99 21 57 43 979 63 7 78 133 20 17 NA 17 NA 9 63 1 13 11 32 0 0 0 0 1 13 11 32 0 0 0 0 1 151 9 647 4922 23 15 40
15 80 121 99 22 57 38 994 63 14 74 136 17 17 NA 17 NA 8 63 1 12 13 31 0 0 0 0 1 12 13 31 0 0 0 0 3 154 10 702 4926 21 15 38
16 71 120 98 22 58 37 999 71 5 74 132 18 17 NA 17 NA 9 71 1 13 14 30 0 0 0 0 1 13 14 30 0 0 0 0 1 146 14 754 4926 21 16 37
17 75 120 99 21 58 38 1017 62 4 77 136 19 17 NA 17 NA 9 62 1 12 15 30 0 0 0 0 1 12 15 30 0 0 0 0 1 152 18 809 4923 24 16 37
18 84 122 101 21 58 37 1019 59 7 77 148 20 17 NA 17 NA 7 59 1 12 14 31 0 0 0 0 1 12 14 31 0 0 0 0 2 138 19 866 4923 24 15 38
19 88 123 102 21 57 38 1034 67 4 78 150 18 17 NA 17 NA 3 67 0 14 15 28 0 0 0 0 0 14 15 28 0 0 0 0 1 146 19 910 4922 27 16 35
20 85 122 102 20 58 40 1053 60 7 82 152 18.5 17 NA 17 NA 9 60 0 15 14 29 0 0 0 0 0 15 14 29 0 0 0 0 1 155 20 965 4918 32 15 35
21 66 126 105 21 61 35 1073 44 6 84 165 19 17 NA 17 NA 2 44 1 15 15 30 0 0 0 0 1 15 15 30 0 0 0 0 2 133 21 1019 4916 32 16 36
22 81 126 104 22 60 39 1092 73 3 86 168 18 17 NA 17 NA 9 73 1 13 14 32 0 0 0 0 1 13 14 32 0 0 0 0 3 154 24 1072 4914 32 17 37
23 88 126 105 21 62 33 1103 65 7 85 170 18.5 16 NA 16 NA 3 65 4 12 13 33 0 0 0 0 4 12 13 33 0 0 0 0 1 145 25 1119 4915 31 16 38
24 78 126 105 21 62 34 1108 67 4 85 163 19 16 NA 16 NA 6 67 4 13 13 32 0 0 0 0 4 13 13 32 0 0 0 0 1 141 27 1174 4915 33 15 37
25 70 127 105 22 63 34 1120 69 5 90 168 20 16 NA 16 NA 8 69 4 13 15 31 0 0 0 0 4 13 15 31 0 0 0 0 1 150 31 1225 4910 37 17 36
26 86 126 105 21 64 35 1108 62 8 90 162 19 16 NA 16 NA 7 62 4 14 16 30 0 0 0 0 4 14 16 30 0 0 0 0 3 134 33 1287 4910 37 18 35
27 81 127 106 21 63 35 1091 72 5 94 157 19 16 NA 16 NA 4 72 3 15 13 32 0 0 0 0 3 15 13 32 0 0 0 0 3 137 33 1352 4906 42 15 37
28 75 125 104 21 60 31 1101 60 6 91 158 20 16 NA 16 NA 7 60 2 15 13 30 0 0 0 0 2 15 13 30 0 0 0 0 3 143 37 1413 4909 40 17 34
29 75 124 104 20 59 25 1086 69 8 90 151 20.5 16 NA 16 NA 6 69 3 11 14 31 0 0 0 0 3 11 14 31 0 0 0 0 0 144 40 1477 4910 36 19 35
30 74 121 101 20 61 29 1120 56 8 91 144 22 16 NA 16 NA 9 56 2 14 14 31 0 0 0 0 2 14 14 31 0 0 0 0 1 159 41 1528 4909 37 19 35
31 76 121 100 21 63 29 1104 57 8 94 147 23 16 NA 16 NA 8 57 2 14 16 31 0 0 0 0 2 14 16 31 0 0 0 0 1 128 42 1598 4906 37 22 35
32 66 121 102 19 63 26 1095 62 11 93 147 23 16 NA 16 NA 10 62 0 17 17 29 0 0 0 0 0 17 17 29 0 0 0 0 2 137 44 1663 4907 35 26 32
33 71 123 104 19 65 23 1120 55 5 96 150 23 15 NA 15 NA 4 55 0 17 18 30 0 0 0 0 0 17 18 30 0 0 0 0 2 158 47 1723 4904 35 28 33
34 73 123 104 19 64 28 1094 65 4 96 148 24 15.5 NA 15.5 NA 8 65 0 13 17 34 0 0 0 0 0 13 17 34 0 0 0 0 2 126 47 1786 4904 31 27 38
35 85 119 101 18 62 24 1091 78 7 93 146 24 15 NA 15 NA 3 78 0 15 15 32 0 0 0 0 0 15 15 32 0 0 0 0 1 151 48 1845 4907 33 25 35
36 82 120 102 18 62 28 1117 59 3 93 161 23.5 15 NA 15 NA 9 59 0 14 17 31 0 0 0 0 0 14 17 31 0 0 0 0 1 163 50 1906 4907 33 26 34
37 64 119 101 18 61 25 1125 65 6 93 173 24 15 NA 15 NA 4 65 0 14 17 30 0 0 0 0 0 14 17 30 0 0 0 0 0 148 52 1971 4907 29 31 33
38 81 122 105 17 61 25 1129 59 6 94 176 25 15 NA 15 NA 7 59 0 13 17 31 0 0 0 0 0 13 17 31 0 0 0 0 2 133 53 2024 4906 29 31 34
39 76 124 107 17 64 28 1137 71 9 95 171 25 15 NA 15 NA 9 71 0 15 20 29 0 0 0 0 0 15 20 29 0 0 0 0 2 149 53 2072 4905 29 34 32
40 77 123 106 17 67 31 1150 69 6 96 168 25 15 NA 15 NA 8 69 1 15 23 28 0 0 0 0 1 15 23 28 0 0 0 0 1 164 53 2139 4904 30 34 32
41 73 123 106 17 67 33 1121 76 8 94 160 26 15 NA 15 NA 11 76 0 16 21 30 0 0 0 0 0 16 21 30 0 0 0 0 3 131 53 2207 4906 29 31 34
42 86 121 104 17 68 35 1094 68 5 90 155 26 15 NA 15 NA 4 68 1 14 23 30 0 0 0 0 1 14 23 30 0 0 0 0 0 128 53 2276 4910 24 32 34
43 62 122 105 17 71 35 1070 84 4 90 149 27 15 NA 15 NA 6 84 1 15 23 32 0 0 0 0 1 15 23 32 0 0 0 0 2 137 55 2338 4910 21 32 37
44 72 123 106 17 71 45 1075 65 3 93 154 28 15 NA 15 NA 13 65 1 13 21 36 0 0 0 0 1 13 21 36 0 0 0 0 0 139 55 2389 4907 22 29 42
45 96 119 102 17 69 39 1057 65 12 90 146 27 15 NA 15 NA 8 65 1 11 22 35 0 0 0 0 1 11 22 35 0 0 0 0 1 137 58 2460 4910 21 29 40
46 89 122 101 21 71 44 1033 83 8 89 138 27 15 NA 15 NA 11 83 1 11 24 35 0 0 0 0 1 11 24 35 0 0 0 0 1 129 58 2505 4911 21 27 41
47 68 122 101 21 72 39 1046 61 8 87 153 26.5 15 NA 15 NA 6 61 2 11 25 34 0 0 0 0 2 11 25 34 0 0 0 0 3 148 60 2567 4913 20 27 40
48 68 122 102 20 73 39 1077 68 9 86 160 27 15 NA 15 NA 10 68 3 12 25 33 0 0 0 0 3 12 25 33 0 0 0 0 3 171 61 2626 4914 20 27 39
49 73 123 103 20 74 35 1083 58 9 86 156 28 15 NA 15 NA 5 58 4 11 22 37 0 0 0 0 4 11 22 37 0 0 0 0 2 140 63 2686 4914 19 24 43
50 98 118 99 19 70 38 1078 70 6 86 155 27.5 15 NA 15 NA 9 70 1 15 19 35 0 0 0 0 1 15 19 35 0 0 0 0 0 149 63 2743 4914 24 21 41
51 88 117 97 20 66 36 1104 58 10 86 163 27 15 NA 15 NA 8 58 1 13 18 34 0 0 0 0 1 13 18 34 0 0 0 0 2 155 63 2794 4914 25 20 41
52 59 121 100 21 68 32 1104 66 8 86 165 24 15 NA 15 NA 5 66 1 11 20 36 0 0 0 0 1 11 20 36 0 0 0 0 3 142 66 2859 4914 23 21 42
53 69 119 99 20 69 29 1092 69 7 88 171 25 15 NA 15 NA 4 69 1 12 20 36 0 0 0 0 1 12 20 36 0 0 0 0 0 128 68 2914 4912 25 21 42
54 80 116 95 21 66 30 1099 57 5 85 168 24 15 NA 15 NA 9 57 1 14 15 36 0 0 0 0 1 14 15 36 0 0 0 0 3 133 72 2966 4915 27 16 42
55 76 114 94 20 64 30 1097 63 7 84 161 23 15 NA 15 NA 8 63 1 14 13 36 0 0 0 0 1 14 13 36 0 0 0 0 1 134 73 3023 4916 28 14 42
56 73 115 95 20 65 40 1090 70 4 86 154 24 15 NA 15 NA 15 70 1 12 14 38 0 0 0 0 1 12 14 38 0 0 0 0 0 139 74 3077 4914 27 15 44
57 94 115 94 21 63 39 1108 63 8 85 159 24 15 NA 15 NA 8 63 1 12 11 39 0 0 0 0 1 12 11 39 0 0 0 0 2 150 74 3130 4915 26 14 45
58 67 116 95 21 62 41 1100 89 5 89 155 24.5 15 NA 15 NA 9 89 1 12 10 39 0 0 0 0 1 12 10 39 0 0 0 0 0 149 76 3177 4911 30 14 45
59 78 112 93 19 59 36 1093 63 8 88 146 24 15 NA 15 NA 6 63 1 11 9 38 0 0 0 0 1 11 9 38 0 0 0 0 2 138 79 3239 4912 31 13 44
60 76 111 92 19 59 36 1081 64 5 87 154 24 15 NA 15 NA 7 64 1 12 9 37 0 0 0 0 1 12 9 37 0 0 0 0 3 146 80 3318 4913 30 14 43
61 81 113 93 20 61 34 1078 58 7 87 154 24 15 NA 15 NA 8 58 2 12 10 37 0 0 0 0 2 12 10 37 0 0 0 0 2 134 82 3376 4913 30 14 43
62 65 110 90 20 60 41 1072 70 6 83 154 24 15 NA 15 NA 12 70 3 10 13 34 0 0 0 0 3 10 13 34 0 0 0 0 1 145 82 3439 4917 26 17 40
63 66 113 92 21 60 38 1069 59 6 85 144 24 15 NA 15 NA 4 59 2 11 12 35 0 0 0 0 2 11 12 35 0 0 0 0 1 141 83 3507 4915 26 19 40
64 73 112 91 21 61 41 1055 70 7 87 147 25 15 NA 15 NA 9 70 1 12 12 36 0 0 0 0 1 12 12 36 0 0 0 0 1 132 84 3564 4913 29 18 40
65 72 108 90 18 62 42 1054 64 10 83 142 26 15 NA 15 NA 11 64 2 11 13 36 0 0 0 0 2 11 13 36 0 0 0 0 1 131 85 3610 4917 23 20 40
66 74 107 87 20 59 38 1077 50 6 83 149 26 15 NA 15 NA 5 50 0 11 15 33 0 0 0 0 0 11 15 33 0 0 0 0 1 145 86 3671 4917 23 23 37
67 58 105 85 20 58 36 1058 67 8 80 147 26 15 NA 15 NA 10 67 1 11 15 31 0 0 0 0 1 11 15 31 0 0 0 0 1 124 90 3735 4920 22 23 35
68 77 103 83 20 55 33 1085 57 8 77 150 26 15 NA 15 NA 8 57 1 10 14 30 0 0 0 0 1 10 14 30 0 0 0 0 2 157 92 3789 4923 20 23 34
69 81 100 80 20 57 26 1111 55 8 77 156 27 15 NA 15 NA 4 55 1 12 15 29 0 0 0 0 1 12 15 29 0 0 0 0 0 161 97 3847 4923 21 21 35
70 76 99 82 17 52 32 1106 62 3 72 166 26 15 NA 15 NA 10 62 1 9 15 27 0 0 0 0 1 9 15 27 0 0 0 0 0 137 98 3909 4928 17 23 32
71 72 100 81 19 51 27 1099 66 6 74 173 25.5 15 NA 15 NA 5 66 1 8 14 28 0 0 0 0 1 8 14 28 0 0 0 0 2 143 102 3972 4926 17 24 33
72 78 104 85 19 52 26 1104 64 6 76 180 26 15 NA 15 NA 6 64 0 10 13 29 0 0 0 0 0 10 13 29 0 0 0 0 1 139 102 4027 4924 19 24 33
73 71 102 83 19 53 28 1107 64 6 78 187 27 15 NA 15 NA 7 64 0 10 14 29 0 0 0 0 0 10 14 29 0 0 0 0 0 147 103 4094 4922 20 25 33
74 85 101 83 18 53 32 1084 63 4 78 185 28 15 NA 15 NA 9 63 0 11 12 30 0 0 0 0 0 11 12 30 0 0 0 0 0 121 104 4155 4922 21 22 35
75 84 101 83 18 55 24 1106 61 11 79 182 28 14 NA 14 NA 5 61 1 11 14 29 0 0 0 0 1 11 14 29 0 0 0 0 1 157 106 4212 4921 22 22 35
76 68 99 81 18 55 31 1088 72 4 77 172 29 15 NA 15 NA 11 72 1 8 16 30 0 0 0 0 1 8 16 30 0 0 0 0 0 133 107 4267 4923 19 24 34
77 83 98 80 18 55 32 1097 59 8 78 174 30 15 NA 15 NA 10 59 0 9 14 32 0 0 0 0 0 9 14 32 0 0 0 0 1 143 108 4327 4922 20 21 37
78 77 95 76 19 51 33 1102 66 8 75 170 29 15 NA 15 NA 10 66 0 7 13 31 0 0 0 0 0 7 13 31 0 0 0 0 2 158 110 4393 4925 19 20 36
79 71 98 78 20 51 35 1107 67 5 74 174 28 15 NA 15 NA 7 67 0 8 11 32 0 0 0 0 0 8 11 32 0 0 0 0 4 140 110 4442 4926 19 18 37
80 79 99 79 20 55 32 1095 71 11 74 174 28 15 NA 15 NA 7 71 0 11 11 33 0 0 0 0 0 11 11 33 0 0 0 0 2 148 111 4509 4926 20 17 37
81 74 100 79 21 58 33 1064 76 8 74 161 29 15 NA 15 NA 7 76 1 9 14 34 0 0 0 0 1 9 14 34 0 0 0 0 1 120 112 4569 4926 18 19 37
82 60 99 78 21 60 41 1050 74 6 79 152 30 15 NA 15 NA 13 74 1 11 13 35 0 0 0 0 1 11 13 35 0 0 0 0 0 145 112 4640 4921 22 17 40
83 75 98 77 21 58 37 1062 63 9 78 163 29 15 NA 15 NA 7 63 1 9 13 35 0 0 0 0 1 9 13 35 0 0 0 0 3 149 115 4695 4922 21 17 40
84 68 96 76 20 57 34 1083 79 10 77 170 27 15 NA 15 NA 10 79 1 7 16 33 0 0 0 0 1 7 16 33 0 0 0 0 1 172 118 4755 4923 21 19 37
85 82 98 77 21 57 36 1074 58 8 76 176 26.5 15 NA 15 NA 10 58 1 6 16 34 0 0 0 0 1 6 16 34 0 0 0 0 2 128 119 4811 4924 18 20 38
86 74 101 79 22 56 46 1075 75 2 76 179 27 15 NA 15 NA 12 75 1 5 17 33 0 0 0 0 1 5 17 33 0 0 0 0 1 135 119 4854 4924 18 21 37
87 80 102 81 21 55 45 1061 58 10 75 178 27 14 NA 14 NA 11 58 1 5 15 34 0 0 0 0 1 5 15 34 0 0 0 0 3 136 122 4925 4925 17 20 38
88 72 100 79 21 54 42 1075 70 6 74 189 27.5 14 NA 14 NA 6 70 1 6 12 35 0 0 0 0 1 6 12 35 0 0 0 0 1 155 124 4981 4926 18 17 39
89 94 99 77 22 52 38 1098 58 6 72 185 28 14 NA 14 NA 5 58 1 6 12 33 0 0 0 0 1 6 12 33 0 0 0 0 2 156 125 5037 4928 18 17 37
90 67 101 80 21 50 40 1081 69 3 71 175 29 14 NA 14 NA 9 69 1 4 11 34 0 0 0 0 1 4 11 34 0 0 0 0 4 148 128 5111 4929 16 16 39
91 79 102 81 21 50 38 1090 73 7 72 167 28 14 NA 14 NA 6 73 1 4 11 34 0 0 0 0 1 4 11 34 0 0 0 0 3 157 130 5171 4928 18 16 38
92 77 102 81 21 50 41 1093 75 8 73 178 27.5 14 NA 14 NA 11 75 0 6 11 33 0 0 0 0 0 6 11 33 0 0 0 0 0 152 131 5218 4927 19 17 37
93 69 104 81 23 51 39 1122 61 6 73 180 24.5 14 NA 14 NA 4 61 0 7 9 35 0 0 0 0 0 7 9 35 0 0 0 0 2 161 132 5271 4927 20 15 38
94 68 104 80 24 52 43 1135 74 8 72 185 24.5 14 NA 14 NA 13 74 0 6 10 36 0 0 0 0 0 6 10 36 0 0 0 0 1 161 134 5331 4928 16 17 39
95 84 107 80 27 49 39 1130 64 9 71 181 24 14 NA 14 NA 7 64 0 5 10 34 0 0 0 0 0 5 10 34 0 0 0 0 5 132 135 5388 4929 15 19 37
96 74 108 82 26 49 40 1117 62 5 71 173 25 14 NA 14 NA 6 62 1 4 8 36 0 0 0 0 1 4 8 36 0 0 0 0 3 142 136 5460 4929 14 18 39
97 77 107 80 27 49 39 1114 58 5 71 173 25 14 NA 14 NA 7 58 2 4 6 37 0 0 0 0 2 4 6 37 0 0 0 0 0 129 139 5514 4929 16 15 40
98 68 109 82 27 51 36 1135 49 6 75 175 26 14 NA 14 NA 6 49 2 5 7 37 0 0 0 0 2 5 7 37 0 0 0 0 1 150 143 5571 4925 19 16 40
99 74 107 82 25 49 38 1156 79 3 76 174 25 14 NA 14 NA 7 79 2 4 7 36 0 0 0 0 2 4 7 36 0 0 0 0 1 170 146 5621 4924 21 15 40
100 84 108 84 24 48 34 1139 80 12 75 170 22.5 14 NA 14 NA 8 80 2 5 6 35 0 0 0 0 2 5 6 35 0 0 0 0 3 140 146 5680 4925 22 14 39
101 89 109 85 24 50 35 1164 74 6 76 162 22 14.5 NA 14.5 NA 8 74 2 7 7 34 0 0 0 0 2 7 7 34 0 0 0 0 2 184 147 5740 4924 24 15 37
102 59 112 89 23 53 41 1165 78 7 80 163 22.5 15 NA 15 NA 12 78 2 8 8 35 0 0 0 0 2 8 8 35 0 0 0 0 3 150 148 5801 4920 27 14 39
103 72 111 87 24 53 38 1156 71 11 80 165 22 15 NA 15 NA 9 71 3 8 10 32 0 0 0 0 3 8 10 32 0 0 0 0 1 149 151 5871 4920 27 17 36
104 78 110 88 22 52 43 1161 79 8 78 166 21 15.5 NA 15.5 NA 11 79 3 7 10 32 0 0 0 0 3 7 10 32 0 0 0 0 1 165 151 5937 4922 26 16 36
105 64 110 88 22 53 40 1159 67 9 81 164 21.5 15 NA 15 NA 6 67 1 10 11 31 0 0 0 0 1 10 11 31 0 0 0 0 0 133 153 5996 4919 28 17 36
106 54 112 91 21 55 41 1161 65 11 81 175 21 15 NA 15 NA 12 65 1 13 9 32 0 0 0 0 1 13 9 32 0 0 0 0 2 159 153 6070 4919 29 13 39
107 66 111 91 20 54 45 1167 74 6 84 177 21 15.5 NA 15.5 NA 12 74 1 12 9 32 0 0 0 0 1 12 9 32 0 0 0 0 1 155 155 6128 4916 31 13 40
108 73 113 90 23 56 33 1168 71 12 86 172 22 15.5 NA 15.5 NA 3 71 2 13 8 33 0 0 0 0 2 13 8 33 0 0 0 0 0 143 158 6186 4914 32 12 42
109 85 114 89 25 56 39 1166 83 5 86 171 22.5 16 NA 16 NA 12 83 2 14 8 32 0 0 0 0 2 14 8 32 0 0 0 0 1 149 160 6235 4914 32 13 41
110 74 111 86 25 54 30 1167 51 11 84 172 23 15.5 NA 15.5 NA 4 51 1 14 9 30 0 0 0 0 1 14 9 30 0 0 0 0 1 135 162 6299 4916 31 14 39
111 77 111 87 24 56 31 1163 62 8 83 175 24 17 NA 17 NA 7 62 1 10 13 32 0 0 0 0 1 10 13 32 0 0 0 0 2 153 162 6375 4917 26 18 39
112 64 114 91 23 57 31 1142 61 4 85 175 23.5 18 NA 18 NA 5 61 1 10 14 32 0 0 0 0 1 10 14 32 0 0 0 0 3 115 162 6436 4915 28 19 38
113 66 115 92 23 56 38 1112 70 1 85 169 24 17 NA 17 NA 9 70 0 10 13 33 0 0 0 0 0 10 13 33 0 0 0 0 1 143 164 6521 4915 27 19 39
114 77 114 90 24 58 34 1114 74 9 84 163 24 17 NA 17 NA 5 74 0 11 16 31 0 0 0 0 0 11 16 31 0 0 0 0 1 155 166 6578 4916 25 22 37
115 75 117 93 24 59 29 1111 62 10 83 148 24 16 NA 16 NA 5 62 1 11 14 33 0 0 0 0 1 11 14 33 0 0 0 0 1 139 167 6644 4917 24 21 38
116 82 118 94 24 58 35 1094 62 3 84 139 23 16 NA 16 NA 12 62 1 11 14 32 0 0 0 0 1 11 14 32 0 0 0 0 3 129 169 6709 4916 26 21 37
117 74 117 93 24 59 34 1072 76 10 83 135 24 16 NA 16 NA 10 76 1 11 16 31 0 0 0 0 1 11 16 31 0 0 0 0 1 134 171 6769 4917 24 23 36
118 78 118 94 24 59 30 1091 52 6 86 146 24.5 16 NA 16 NA 3 52 0 11 17 31 0 0 0 0 0 11 17 31 0 0 0 0 0 154 171 6836 4914 26 24 36
119 68 121 97 24 57 30 1079 73 6 85 149 24 16 NA 16 NA 11 73 0 10 17 30 0 0 0 0 0 10 17 30 0 0 0 0 2 141 175 6893 4915 23 27 35
120 69 121 97 24 60 27 1099 66 10 87 159 25 16 NA 16 NA 5 66 0 11 19 30 0 0 0 0 0 11 19 30 0 0 0 0 0 160 176 6949 4913 24 27 36
121 91 119 95 24 60 29 1107 71 4 86 156 25 16 NA 16 NA 7 71 0 12 19 29 0 0 0 0 0 12 19 29 0 0 0 0 1 158 176 7014 4914 24 27 35
122 71 121 96 25 62 24 1118 75 9 86 154 26 16 NA 16 NA 6 75 0 12 18 32 0 0 0 0 0 12 18 32 0 0 0 0 2 159 179 7069 4914 23 25 38
123 69 123 96 27 61 29 1148 52 5 87 164 24 16 NA 16 NA 11 52 1 11 15 34 0 0 0 0 1 11 15 34 0 0 0 0 2 151 180 7122 4913 25 22 40
124 69 121 96 25 60 22 1135 65 11 87 152 24 16 NA 16 NA 3 65 1 8 17 34 0 0 0 0 1 8 17 34 0 0 0 0 2 117 181 7170 4913 26 24 37
125 82 122 95 27 63 19 1133 57 7 90 150 24 16 NA 16 NA 7 57 3 8 18 34 0 0 0 0 3 8 18 34 0 0 0 0 0 131 184 7228 4910 28 23 39
126 80 122 96 26 62 18 1123 66 3 90 148 24.5 16 NA 16 NA 4 66 2 8 16 36 0 0 0 0 2 8 16 36 0 0 0 0 2 146 185 7302 4910 27 22 41
127 74 119 93 26 59 22 1118 66 7 91 152 24 16 NA 16 NA 11 66 2 8 15 34 0 0 0 0 2 8 15 34 0 0 0 0 1 143 186 7363 4909 31 21 39
128 72 113 87 26 56 21 1135 56 13 89 159 24 16.5 NA 16.5 NA 10 56 2 10 13 31 0 0 0 0 2 10 13 31 0 0 0 0 0 139 186 7419 4911 31 22 36
129 77 114 86 28 54 29 1126 75 6 87 151 23 16.5 NA 16.5 NA 13 75 2 10 11 31 0 0 0 0 2 10 11 31 0 0 0 0 2 141 186 7475 4913 31 19 37
130 93 113 83 30 52 28 1108 63 9 85 141 24 16.5 NA 16.5 NA 7 63 1 9 14 28 0 0 0 0 1 9 14 28 0 0 0 0 2 135 187 7547 4915 28 23 34
131 78 115 86 29 53 26 1132 65 9 87 140 23 18 NA 18 NA 5 65 0 10 14 29 0 0 0 0 0 10 14 29 0 0 0 0 3 159 187 7596 4913 30 20 37
132 92 113 84 29 56 29 1105 59 5 85 140 24 18 NA 18 NA 8 59 0 12 15 29 0 0 0 0 0 12 15 29 0 0 0 0 0 129 189 7668 4915 27 21 37
133 80 117 88 29 59 27 1093 52 8 84 143 22 18 NA 18 NA 6 52 0 14 16 29 0 0 0 0 0 14 16 29 0 0 0 0 4 130 189 7742 4916 26 22 36
134 81 114 87 27 56 25 1091 60 7 82 144 22 18 NA 18 NA 6 60 0 14 15 27 0 0 0 0 0 14 15 27 0 0 0 0 2 147 189 7811 4918 28 20 34
135 76 115 87 28 58 23 1074 55 7 83 139 23 18 NA 18 NA 4 55 1 14 14 29 0 0 0 0 1 14 14 29 0 0 0 0 2 132 189 7881 4917 28 20 35
136 72 115 87 28 59 26 1084 64 4 83 146 23 18 NA 18 NA 6 64 1 14 13 31 0 0 0 0 1 14 13 31 0 0 0 0 1 146 189 7939 4917 26 20 37
137 73 113 86 27 57 31 1102 58 3 80 145 22 18 NA 18 NA 9 58 1 12 14 30 0 0 0 0 1 12 14 30 0 0 0 0 2 146 190 7998 4920 25 20 35
138 84 116 89 27 60 33 1113 66 6 81 149 23 18 NA 18 NA 7 66 1 13 15 31 0 0 0 0 1 13 15 31 0 0 0 0 3 145 191 8054 4919 26 19 36
139 90 116 90 26 57 28 1119 62 10 79 154 23 18 NA 18 NA 6 62 1 8 20 28 0 0 0 0 1 8 20 28 0 0 0 0 1 136 192 8104 4921 22 24 33
140 67 115 89 26 56 31 1120 57 4 78 156 24 17.5 NA 17.5 NA 9 57 1 7 20 28 0 0 0 0 1 7 20 28 0 0 0 0 0 135 194 8166 4922 20 24 34
141 66 119 92 27 57 31 1124 68 9 83 155 23 18 NA 18 NA 7 68 0 8 20 29 0 0 0 0 0 8 20 29 0 0 0 0 3 143 195 8226 4917 24 25 34
142 70 117 91 26 55 36 1124 67 6 82 159 23 18 NA 18 NA 13 67 0 7 18 30 0 0 0 0 0 7 18 30 0 0 0 0 1 139 197 8286 4918 24 23 35
143 75 112 86 26 54 30 1109 54 7 83 155 24.5 17.5 NA 17.5 NA 4 54 0 6 19 29 0 0 0 0 0 6 19 29 0 0 0 0 0 133 200 8364 4917 25 24 34
144 79 111 83 28 53 29 1117 66 6 81 159 25 18 NA 18 NA 6 66 0 6 19 28 0 0 0 0 0 6 19 28 0 0 0 0 0 146 202 8420 4919 24 24 33
145 96 106 80 26 50 34 1113 58 5 82 164 24.5 17 NA 17 NA 12 58 0 7 17 26 0 0 0 0 0 7 17 26 0 0 0 0 0 138 202 8481 4918 28 23 31
146 62 106 80 26 54 36 1096 67 11 83 155 24.5 17.5 NA 17.5 NA 10 67 0 8 21 25 0 0 0 0 0 8 21 25 0 0 0 0 0 131 203 8551 4917 28 25 30
147 68 103 78 25 57 33 1093 66 12 80 164 24 17 NA 17 NA 6 66 1 10 23 23 0 0 0 0 1 10 23 23 0 0 0 0 0 135 204 8606 4920 27 25 28
148 73 105 80 25 56 36 1091 77 5 80 154 23 17 NA 17 NA 8 77 1 10 21 24 0 0 0 0 1 10 21 24 0 0 0 0 1 154 205 8671 4920 28 23 29
149 83 103 78 25 54 35 1094 58 3 78 157 23 18 NA 18 NA 7 58 1 7 20 26 0 0 0 0 1 7 20 26 0 0 0 0 1 151 209 8737 4922 27 21 30
150 62 104 80 24 52 36 1079 76 7 80 158 23.5 17.5 NA 17.5 NA 8 76 1 6 20 25 0 0 0 0 1 6 20 25 0 0 0 0 4 131 210 8799 4920 28 23 29
151 88 103 81 22 53 29 1099 62 11 80 152 22 18 NA 18 NA 5 62 1 8 16 28 0 0 0 0 1 8 16 28 0 0 0 0 2 163 212 8860 4920 29 19 32
152 75 104 82 22 54 35 1130 70 3 79 153 23 17.5 NA 17.5 NA 10 70 2 8 14 30 0 0 0 0 2 8 14 30 0 0 0 0 1 168 212 8909 4921 28 17 34
153 65 104 81 23 52 37 1104 70 9 76 146 23 16.5 NA 16.5 NA 12 70 2 8 14 28 0 0 0 0 2 8 14 28 0 0 0 0 4 125 214 8972 4924 25 19 32
154 80 100 79 21 49 40 1101 50 6 72 148 23 17 NA 17 NA 9 50 2 8 12 27 0 0 0 0 2 8 12 27 0 0 0 0 0 124 214 9031 4928 24 16 32
155 65 101 80 21 51 35 1108 56 11 70 149 24 17 NA 17 NA 6 56 3 8 12 28 0 0 0 0 3 8 12 28 0 0 0 0 3 144 214 9094 4930 19 18 33
156 81 100 79 21 49 35 1114 61 4 69 153 23 17 NA 17 NA 4 61 2 8 11 28 0 0 0 0 2 8 11 28 0 0 0 0 0 143 214 9154 4931 20 16 33
157 94 102 78 24 50 41 1119 82 5 68 141 23 17.5 NA 17.5 NA 11 82 1 10 11 28 0 0 0 0 1 10 11 28 0 0 0 0 1 163 214 9210 4932 18 17 33
158 70 105 80 25 50 37 1127 73 6 68 156 22 17.5 NA 17.5 NA 5 73 1 9 11 29 0 0 0 0 1 9 11 29 0 0 0 0 2 151 215 9262 4932 17 17 34
159 70 105 81 24 48 35 1111 84 4 68 149 22 17.5 NA 17.5 NA 5 84 1 9 9 29 0 0 0 0 1 9 9 29 0 0 0 0 0 141 219 9316 4932 18 16 34
160 63 109 85 24 47 35 1126 61 6 71 149 22 17 NA 17 NA 8 61 1 8 9 29 0 0 0 0 1 8 9 29 0 0 0 0 4 159 220 9383 4929 21 16 34
161 75 109 85 24 45 37 1112 55 3 73 146 22 17 NA 17 NA 8 55 1 7 9 28 0 0 0 0 1 7 9 28 0 0 0 0 1 132 223 9455 4927 23 17 33
162 72 112 88 24 46 40 1132 71 10 78 156 23 17.5 NA 17.5 NA 14 71 1 6 10 29 0 0 0 0 1 6 10 29 0 0 0 0 2 169 224 9512 4922 24 19 35
163 66 108 85 23 48 36 1127 64 10 75 155 21.5 17 NA 17 NA 6 64 0 9 13 26 0 0 0 0 0 9 13 26 0 0 0 0 0 152 226 9593 4925 22 21 32
164 70 112 89 23 47 37 1130 59 7 75 165 19.5 17 NA 17 NA 7 59 0 9 13 25 0 0 0 0 0 9 13 25 0 0 0 0 4 142 226 9656 4925 23 21 31
165 73 110 87 23 44 38 1124 79 5 73 161 18.5 17 NA 17 NA 8 79 0 8 13 23 0 0 0 0 0 8 13 23 0 0 0 0 2 138 228 9708 4927 23 20 30
166 78 111 87 24 47 37 1138 70 7 73 157 19 17 NA 17 NA 6 70 1 9 14 23 0 0 0 0 1 9 14 23 0 0 0 0 1 146 230 9751 4927 23 20 30
167 73 108 84 24 47 38 1127 66 8 73 157 19 17 NA 17 NA 8 66 1 10 11 25 0 0 0 0 1 10 11 25 0 0 0 0 0 131 230 9805 4927 26 17 30
168 50 107 84 23 47 36 1133 63 5 74 167 20 17 NA 17 NA 6 63 1 10 11 25 0 0 0 0 1 10 11 25 0 0 0 0 0 152 233 9875 4926 26 18 30
169 75 109 86 23 47 36 1110 63 5 76 167 20 17 NA 17 NA 6 63 1 11 10 25 0 0 0 0 1 11 10 25 0 0 0 0 3 124 234 9938 4924 29 16 31
170 81 107 84 23 47 31 1087 70 8 78 166 21 17 NA 17 NA 5 70 0 12 10 25 0 0 0 0 0 12 10 25 0 0 0 0 2 135 236 10007 4922 32 16 30
171 66 108 84 24 47 29 1092 61 7 78 170 21.5 17 NA 17 NA 6 61 0 12 11 24 0 0 0 0 0 12 11 24 0 0 0 0 3 136 238 10063 4922 31 17 30
172 84 109 85 24 51 34 1076 72 7 81 168 22 17 NA 17 NA 11 72 0 13 13 25 0 0 0 0 0 13 13 25 0 0 0 0 1 150 240 10133 4919 31 19 31
173 78 110 86 24 51 39 1093 70 5 82 162 23 17 NA 17 NA 9 70 1 12 12 26 0 0 0 0 1 12 12 26 0 0 0 0 1 153 241 10183 4918 30 19 33
174 69 112 88 24 56 31 1100 67 13 83 165 23.5 17 NA 17 NA 5 67 0 14 14 28 0 0 0 0 0 14 14 28 0 0 0 0 1 159 242 10250 4917 27 20 36
175 75 115 91 24 57 34 1096 69 7 83 164 23 17 NA 17 NA 9 69 1 14 13 29 0 0 0 0 1 14 13 29 0 0 0 0 1 154 244 10318 4917 27 18 38
176 71 116 91 25 60 29 1111 67 12 87 163 23.5 17 NA 17 NA 7 67 1 16 14 29 0 0 0 0 1 16 14 29 0 0 0 0 2 162 244 10379 4913 29 20 38
177 82 114 90 24 58 30 1112 77 5 85 166 23.5 17 NA 17 NA 7 77 1 16 13 28 0 0 0 0 1 16 13 28 0 0 0 0 1 163 246 10445 4915 28 20 37
178 74 118 91 27 59 30 1119 74 10 86 166 23 17 NA 17 NA 12 74 1 16 13 29 0 0 0 0 1 16 13 29 0 0 0 0 2 157 249 10505 4914 28 20 38
179 73 118 91 27 62 36 1139 60 8 83 164 23 17 NA 17 NA 10 60 2 15 16 29 0 0 0 0 2 15 16 29 0 0 0 0 2 149 250 10555 4917 25 22 36
180 61 116 89 27 60 32 1109 64 10 81 157 23.5 17 NA 17 NA 8 64 2 13 17 28 0 0 0 0 2 13 17 28 0 0 0 0 0 115 251 10617 4919 23 22 36
181 79 114 87 27 57 33 1136 60 4 81 159 23.5 17 NA 17 NA 7 60 0 13 17 27 0 0 0 0 0 13 17 27 0 0 0 0 1 158 252 10672 4919 24 22 35
182 87 114 88 26 57 40 1122 70 6 80 154 24 17 NA 17 NA 13 70 0 10 19 28 0 0 0 0 0 10 19 28 0 0 0 0 1 129 252 10728 4920 20 24 36
183 69 111 86 25 62 38 1128 53 14 82 157 25 16.5 NA 16.5 NA 11 53 2 10 21 29 0 0 0 0 2 10 21 29 0 0 0 0 0 129 252 10783 4918 22 24 36
184 66 110 86 24 63 37 1123 62 9 82 166 26 17 NA 17 NA 7 62 2 10 22 29 0 0 0 0 2 10 22 29 0 0 0 0 0 143 253 10845 4918 21 25 36
185 72 109 86 23 62 37 1116 62 7 84 163 27 17 NA 17 NA 8 62 1 11 21 29 0 0 0 0 1 11 21 29 0 0 0 0 0 138 255 10907 4916 24 23 37
186 95 110 86 24 64 38 1088 76 6 85 157 27.5 16.5 NA 16.5 NA 9 76 1 11 20 32 0 0 0 0 1 11 20 32 0 0 0 0 1 141 257 10978 4915 24 22 39
187 75 110 87 23 62 42 1090 66 7 87 164 27 16 NA 16 NA 12 66 1 10 20 31 0 0 0 0 1 10 20 31 0 0 0 0 1 159 258 11050 4913 27 22 38
188 84 108 86 22 59 51 1058 78 4 86 159 26.5 16 NA 16 NA 13 78 1 9 20 29 0 0 0 0 1 9 20 29 0 0 0 0 3 137 259 11118 4914 25 24 37
189 87 106 84 22 57 46 1058 56 10 84 147 25.5 16 NA 16 NA 4 56 1 9 18 29 0 0 0 0 1 9 18 29 0 0 0 0 1 149 260 11188 4916 26 22 36
190 70 107 85 22 58 52 1080 63 6 89 153 26 16 NA 16 NA 13 63 1 9 18 30 0 0 0 0 1 9 18 30 0 0 0 0 0 164 261 11251 4911 30 22 37
191 73 113 85 28 59 48 1071 70 11 91 150 27 16 NA 16 NA 11 70 1 11 16 31 0 0 0 0 1 11 16 31 0 0 0 0 1 136 266 11312 4909 33 20 38
192 86 114 85 29 61 44 1116 68 10 89 167 23 16 NA 16 NA 7 68 1 14 14 32 0 0 0 0 1 14 14 32 0 0 0 0 1 165 267 11348 4911 33 18 38
193 66 118 89 29 62 46 1091 70 7 90 172 23 16.5 NA 16.5 NA 8 70 0 14 16 32 0 0 0 0 0 14 16 32 0 0 0 0 4 138 268 11423 4910 32 20 38
194 81 117 88 29 63 47 1102 69 5 91 171 23 16 NA 16 NA 8 69 0 15 14 34 0 0 0 0 0 15 14 34 0 0 0 0 1 144 270 11471 4909 33 17 41
195 78 116 86 30 63 44 1109 67 8 89 170 24 16 NA 16 NA 5 67 1 12 17 33 0 0 0 0 1 12 17 33 0 0 0 0 1 149 272 11522 4911 29 20 40
196 88 111 83 28 61 46 1114 62 6 86 172 25 17 NA 17 NA 6 62 1 13 16 31 0 0 0 0 1 13 16 31 0 0 0 0 1 142 273 11574 4914 28 20 38
197 90 110 83 27 61 46 1114 62 8 85 178 25 17 NA 17 NA 9 62 1 10 20 30 0 0 0 0 1 10 20 30 0 0 0 0 0 142 276 11631 4915 25 23 37
198 93 111 85 26 58 50 1111 60 4 83 175 25 17 NA 17 NA 8 60 1 7 21 29 0 0 0 0 1 7 21 29 0 0 0 0 1 141 276 11692 4917 23 24 36
199 84 110 83 27 60 47 1135 55 12 83 175 26 17 NA 17 NA 9 55 1 9 20 30 0 0 0 0 1 9 20 30 0 0 0 0 1 158 277 11755 4917 21 25 37
200 71 107 79 28 58 40 1143 57 8 82 183 27 17.5 NA 17.5 NA 5 57 0 8 18 32 0 0 0 0 0 8 18 32 0 0 0 0 0 137 281 11811 4918 20 23 39
201 76 104 76 28 55 40 1125 66 6 78 182 26 18 NA 18 NA 9 66 0 9 17 29 0 0 0 0 0 9 17 29 0 0 0 0 1 141 284 11882 4922 20 22 36
202 85 104 77 27 54 33 1123 79 9 76 179 26 18 NA 18 NA 5 79 0 7 19 28 0 0 0 0 0 7 19 28 0 0 0 0 3 168 285 11948 4924 16 26 34
203 87 106 79 27 57 35 1136 78 7 81 174 27 18 NA 18 NA 11 78 0 8 21 28 0 0 0 0 0 8 21 28 0 0 0 0 1 182 289 12007 4919 18 29 34
204 65 105 78 27 56 34 1138 43 4 82 167 27 18 NA 18 NA 5 43 0 8 20 28 0 0 0 0 0 8 20 28 0 0 0 0 1 120 291 12071 4918 21 28 33
205 90 102 73 29 52 38 1119 62 4 81 171 27 17.5 NA 17.5 NA 10 62 0 7 19 26 0 0 0 0 0 7 19 26 0 0 0 0 3 121 292 12129 4919 22 28 31
206 81 103 75 28 54 36 1111 77 7 82 161 28 17 NA 17 NA 7 77 1 6 19 28 0 0 0 0 1 6 19 28 0 0 0 0 2 147 295 12182 4918 21 29 32
207 76 101 74 27 54 37 1118 69 7 81 170 29 16.5 NA 16.5 NA 9 69 1 8 16 29 0 0 0 0 1 8 16 29 0 0 0 0 0 161 296 12247 4919 22 26 33
208 82 98 71 27 55 33 1111 65 5 80 164 30 16 NA 16 NA 4 65 1 8 18 28 0 0 0 0 1 8 18 28 0 0 0 0 0 137 298 12309 4920 21 26 33
209 73 99 73 26 58 38 1125 76 8 79 167 30 18 NA 18 NA 11 76 1 10 15 32 0 0 0 0 1 10 15 32 0 0 0 0 3 164 299 12363 4921 20 23 36
210 76 97 71 26 55 45 1103 85 5 78 175 31 18 NA 18 NA 11 85 0 11 13 31 0 0 0 0 0 11 13 31 0 0 0 0 1 140 299 12420 4922 22 21 35
211 97 97 71 26 56 48 1078 72 10 80 171 32 18 NA 18 NA 13 72 0 11 12 33 0 0 0 0 0 11 12 33 0 0 0 0 1 151 300 12497 4920 23 19 38
212 92 95 70 25 54 45 1082 69 8 77 175 33 18 NA 18 NA 9 69 1 8 10 35 0 0 0 0 1 8 10 35 0 0 0 0 1 138 303 12542 4923 20 17 40
213 82 97 74 23 54 45 1092 66 8 75 175 31 18 NA 18 NA 10 66 1 7 11 35 0 0 0 0 1 7 11 35 0 0 0 0 3 153 304 12602 4925 19 17 39
214 96 96 74 22 50 47 1066 94 7 72 176 28 18 NA 18 NA 10 94 1 6 9 34 0 0 0 0 1 6 9 34 0 0 0 0 3 155 304 12663 4928 20 13 39
215 77 96 75 21 47 49 1067 75 10 70 182 24.5 18 NA 18 NA 12 75 1 5 9 32 0 0 0 0 1 5 9 32 0 0 0 0 1 163 305 12734 4930 18 14 38
216 78 97 76 21 49 43 1084 64 9 71 177 25 18 NA 18 NA 7 64 1 4 12 32 0 0 0 0 1 4 12 32 0 0 0 0 1 152 310 12785 4929 17 16 38
217 75 96 76 20 49 51 1083 78 4 72 173 26 18 NA 18 NA 13 78 1 4 10 34 0 0 0 0 1 4 10 34 0 0 0 0 0 142 311 12833 4928 17 16 39
218 86 92 74 18 48 51 1085 74 8 69 181 27 17 NA 17 NA 10 74 1 4 10 33 0 0 0 0 1 4 10 33 0 0 0 0 1 153 312 12893 4931 15 15 39
219 82 92 74 18 50 49 1078 70 8 68 183 27.5 17.5 NA 17.5 NA 7 70 1 4 10 35 0 0 0 0 1 4 10 35 0 0 0 0 0 145 314 12956 4932 15 16 37
220 69 91 73 18 46 46 1097 62 6 64 181 27 17 NA 17 NA 6 62 1 4 8 33 0 0 0 0 1 4 8 33 0 0 0 0 2 145 317 13005 4936 15 14 35
221 97 91 74 17 45 48 1096 63 3 64 184 27 17 NA 17 NA 7 63 1 5 7 32 0 0 0 0 1 5 7 32 0 0 0 0 2 147 318 13073 4936 17 13 34
222 78 91 75 16 42 49 1108 69 7 60 185 23 17 NA 17 NA 10 69 1 4 8 29 0 0 0 0 1 4 8 29 0 0 0 0 3 144 320 13120 4940 15 15 30
223 78 90 74 16 42 51 1095 72 6 59 186 24 16.5 NA 16.5 NA 13 72 2 4 8 28 0 0 0 0 2 4 8 28 0 0 0 0 1 141 324 13185 4941 13 17 29
224 87 87 69 18 39 42 1103 77 11 56 181 22 16 NA 16 NA 9 77 3 4 7 25 0 0 0 0 3 4 7 25 0 0 0 0 0 151 330 13231 4944 14 16 26
225 82 86 68 18 40 38 1104 63 10 61 179 23 16.5 NA 16.5 NA 7 63 2 5 8 25 0 0 0 0 2 5 8 25 0 0 0 0 0 147 332 13292 4939 19 16 26
226 68 88 69 19 42 38 1141 60 8 65 172 24 17 NA 17 NA 10 60 2 6 9 25 0 0 0 0 2 6 9 25 0 0 0 0 1 155 334 13340 4935 20 19 26
227 77 89 70 19 43 34 1147 65 7 68 172 25 17 NA 17 NA 6 65 2 7 7 27 0 0 0 0 2 7 7 27 0 0 0 0 2 163 335 13409 4932 22 16 30
228 74 91 72 19 44 38 1129 75 8 68 163 24 16.5 NA 16.5 NA 12 75 2 8 6 28 0 0 0 0 2 8 6 28 0 0 0 0 2 138 337 13468 4932 22 15 31
229 72 89 69 20 41 37 1123 76 8 65 153 24 16 NA 16 NA 10 76 2 7 5 27 0 0 0 0 2 7 5 27 0 0 0 0 0 141 339 13523 4935 20 13 32
230 84 91 69 22 40 31 1119 68 10 66 152 23 16 NA 16 NA 6 68 2 6 5 27 0 0 0 0 2 6 5 27 0 0 0 0 2 150 342 13590 4934 21 13 32
231 88 94 71 23 43 32 1108 71 6 66 139 20.5 16 NA 16 NA 7 71 2 8 7 26 0 0 0 0 2 8 7 26 0 0 0 0 3 148 343 13654 4934 21 13 32
232 69 95 72 23 42 29 1109 58 5 65 137 19 16.5 NA 16.5 NA 5 58 2 8 7 25 0 0 0 0 2 8 7 25 0 0 0 0 2 134 345 13712 4935 22 13 30
233 77 96 71 25 44 33 1125 73 4 66 141 20 17 NA 17 NA 10 73 2 10 7 25 0 0 0 0 2 10 7 25 0 0 0 0 1 172 346 13773 4934 22 14 30
234 75 96 71 25 46 39 1122 78 7 69 135 21 17 NA 17 NA 12 78 0 14 6 26 0 0 0 0 0 14 6 26 0 0 0 0 1 139 347 13823 4931 25 13 31
235 80 93 69 24 45 37 1130 70 7 68 150 22 17 NA 17 NA 7 70 1 13 5 26 0 0 0 0 1 13 5 26 0 0 0 0 0 151 349 13877 4932 25 11 32
236 73 94 70 24 46 36 1122 79 9 69 157 22.5 17 NA 17 NA 9 79 3 13 5 25 0 0 0 0 3 13 5 25 0 0 0 0 2 157 350 13942 4931 27 11 31
237 70 92 68 24 45 33 1131 69 7 66 166 23 17 NA 17 NA 5 69 3 11 8 23 0 0 0 0 3 11 8 23 0 0 0 0 0 149 351 13997 4934 21 16 29
238 71 93 69 24 46 35 1093 66 9 66 167 24 16.5 NA 16.5 NA 10 66 4 10 10 22 0 0 0 0 4 10 10 22 0 0 0 0 3 115 351 14062 4934 19 17 30
239 84 92 70 22 43 36 1112 52 3 64 178 24 16 NA 16 NA 5 52 4 7 12 20 0 0 0 0 4 7 12 20 0 0 0 0 1 152 352 14121 4936 17 18 29
240 68 91 68 23 45 31 1110 67 13 66 184 25 17 NA 17 NA 5 67 3 8 13 21 0 0 0 0 3 8 13 21 0 0 0 0 0 144 352 14182 4934 18 18 30
241 75 91 67 24 45 36 1083 76 4 67 184 25 17 NA 17 NA 10 76 3 8 15 19 0 0 0 0 3 8 15 19 0 0 0 0 1 122 354 14247 4933 20 18 29
242 71 90 67 23 45 36 1092 73 4 68 177 24.5 17 NA 17 NA 7 73 2 7 16 20 0 0 0 0 2 7 16 20 0 0 0 0 1 153 357 14301 4932 21 19 28
243 78 90 67 23 47 40 1086 77 10 70 165 25 17 NA 17 NA 13 77 0 10 16 21 0 0 0 0 0 10 16 21 0 0 0 0 0 151 358 14364 4930 23 18 29
244 86 86 65 21 48 41 1089 69 7 70 169 26.5 17 NA 17 NA 9 69 0 12 16 20 0 0 0 0 0 12 16 20 0 0 0 0 0 141 359 14417 4930 23 19 28
245 68 87 66 21 49 46 1104 80 4 70 165 27 17 NA 17 NA 8 80 0 12 16 21 0 0 0 0 0 12 16 21 0 0 0 0 1 170 359 14480 4930 23 19 28
246 85 86 66 20 50 42 1103 65 7 69 163 26.5 17 NA 17 NA 7 65 0 10 19 21 0 0 0 0 0 10 19 21 0 0 0 0 0 136 363 14540 4931 21 20 28
247 74 84 64 20 48 41 1108 53 9 64 167 25 17 NA 17 NA 10 53 0 11 18 19 0 0 0 0 0 11 18 19 0 0 0 0 2 139 365 14605 4936 20 20 24
248 74 85 64 21 47 44 1115 76 9 64 159 24 17 NA 17 NA 12 76 0 9 19 19 0 0 0 0 0 9 19 19 0 0 0 0 2 176 365 14676 4936 20 21 23
249 81 86 67 19 44 47 1118 66 7 61 162 21.5 17 NA 17 NA 10 66 0 10 15 19 0 0 0 0 0 10 15 19 0 0 0 0 3 162 366 14749 4939 21 17 23
250 70 85 66 19 43 44 1125 75 9 60 168 22 17 NA 17 NA 7 75 0 8 14 21 0 0 0 0 0 8 14 21 0 0 0 0 1 146 367 14799 4940 19 16 25
251 79 85 66 19 44 43 1114 63 7 61 157 23 17 NA 17 NA 8 63 0 7 14 23 0 0 0 0 0 7 14 23 0 0 0 0 2 128 368 14856 4939 19 15 27
252 61 84 65 19 44 40 1119 60 6 60 155 22 17 NA 17 NA 4 60 1 7 14 22 0 0 0 0 1 7 14 22 0 0 0 0 1 138 369 14914 4940 19 15 26
253 72 83 65 18 43 41 1146 57 4 59 152 23 17 NA 17 NA 8 57 1 7 12 23 0 0 0 0 1 7 12 23 0 0 0 0 1 145 371 14959 4941 20 13 26
254 65 82 64 18 44 50 1128 83 8 59 147 23.5 16.5 NA 16.5 NA 17 83 1 7 12 24 0 0 0 0 1 7 12 24 0 0 0 0 0 146 372 15026 4941 18 14 27
255 92 80 64 16 42 44 1107 67 13 59 156 24 17 NA 17 NA 7 67 0 6 14 22 0 0 0 0 0 6 14 22 0 0 0 0 1 133 373 15090 4941 17 17 25
256 88 80 65 15 42 44 1132 66 6 57 167 24.5 17 NA 17 NA 10 66 0 6 15 21 0 0 0 0 0 6 15 21 0 0 0 0 1 159 377 15139 4943 14 20 23
257 84 79 64 15 42 45 1097 63 9 57 160 25 17 NA 17 NA 10 63 0 5 16 21 0 0 0 0 0 5 16 21 0 0 0 0 0 126 378 15217 4943 14 20 23
258 73 79 65 14 44 44 1093 70 10 57 154 26 17 NA 17 NA 11 70 0 6 15 23 0 0 0 0 0 6 15 23 0 0 0 0 0 140 379 15275 4943 14 18 25
259 88 76 62 14 40 40 1116 58 9 55 159 25.5 17 NA 17 NA 6 58 0 6 14 20 0 0 0 0 0 6 14 20 0 0 0 0 0 150 380 15322 4945 16 17 22
260 87 76 62 14 41 34 1123 59 4 57 166 26.5 17 NA 17 NA 2 59 0 4 15 22 0 0 0 0 0 4 15 22 0 0 0 0 0 151 383 15388 4943 16 17 24
261 75 77 61 16 43 29 1120 73 7 62 160 27 17 NA 17 NA 5 73 0 5 16 22 0 0 0 0 0 5 16 22 0 0 0 0 0 156 387 15453 4938 20 18 24
262 66 78 61 17 44 27 1105 65 6 64 159 27 17 NA 17 NA 6 65 0 5 15 24 0 0 0 0 0 5 15 24 0 0 0 0 1 129 390 15514 4936 21 17 26
263 74 77 61 16 41 29 1107 69 2 62 164 26 17 NA 17 NA 5 69 0 4 14 23 0 0 0 0 0 4 14 23 0 0 0 0 0 144 390 15573 4938 21 16 25
264 57 79 62 17 42 27 1106 73 6 63 164 26 16.5 NA 16.5 NA 6 73 0 5 14 23 0 0 0 0 0 5 14 23 0 0 0 0 1 153 392 15646 4937 21 17 25
265 86 82 65 17 42 30 1093 63 3 65 175 25.5 16.5 NA 16.5 NA 6 63 0 5 14 23 0 0 0 0 0 5 14 23 0 0 0 0 3 133 393 15711 4935 22 18 25
266 78 83 66 17 43 30 1087 63 6 65 173 26 17 NA 17 NA 7 63 0 5 12 26 0 0 0 0 0 5 12 26 0 0 0 0 1 144 393 15782 4935 21 16 28
267 96 85 68 17 43 25 1093 69 9 66 175 26 17 NA 17 NA 5 69 0 3 12 28 0 0 0 0 0 3 12 28 0 0 0 0 1 148 395 15835 4934 20 14 32
268 79 84 68 16 45 19 1086 52 11 66 173 25.5 17 NA 17 NA 6 52 1 5 11 28 0 0 0 0 1 5 11 28 0 0 0 0 1 134 398 15905 4934 22 12 32
269 68 88 72 16 48 17 1110 67 8 66 168 24 16.5 NA 16.5 NA 5 67 1 8 11 28 0 0 0 0 1 8 11 28 0 0 0 0 3 161 399 15959 4934 21 13 32
270 70 86 70 16 49 25 1116 68 4 64 170 23.5 16 NA 16 NA 11 68 1 10 10 28 0 0 0 0 1 10 10 28 0 0 0 0 1 136 400 16006 4936 21 12 31
271 84 84 69 15 47 25 1108 75 6 63 168 24 16 NA 16 NA 9 75 0 10 10 27 0 0 0 0 0 10 10 27 0 0 0 0 1 157 402 16070 4937 20 13 30
272 85 84 68 16 48 23 1108 68 10 63 173 25 16.5 NA 16.5 NA 8 68 0 11 8 29 0 0 0 0 0 11 8 29 0 0 0 0 1 150 403 16135 4937 18 13 32
273 99 84 68 16 46 28 1142 52 4 63 179 25.5 16.5 NA 16.5 NA 8 52 0 7 10 29 0 0 0 0 0 7 10 29 0 0 0 0 1 172 403 16194 4937 14 17 32
274 65 85 67 18 45 29 1146 74 7 63 168 26 16 NA 16 NA 7 74 0 7 9 29 0 0 0 0 0 7 9 29 0 0 0 0 0 141 403 16243 4937 13 18 32
275 62 85 68 17 44 26 1138 71 4 63 167 26 16.5 NA 16.5 NA 3 71 0 6 9 29 0 0 0 0 0 6 9 29 0 0 0 0 0 136 405 16301 4937 13 18 32
276 68 85 68 17 42 35 1128 72 4 62 159 27 17 NA 17 NA 14 72 0 6 8 28 0 0 0 0 0 6 8 28 0 0 0 0 1 147 405 16367 4938 13 18 31
277 65 85 67 18 45 38 1162 61 8 65 150 28 17 NA 17 NA 9 61 1 5 11 28 0 0 0 0 1 5 11 28 0 0 0 0 1 166 405 16421 4935 15 19 31
278 77 84 66 18 45 34 1160 69 10 62 151 27.5 16 NA 16 NA 6 69 1 8 11 25 0 0 0 0 1 8 11 25 0 0 0 0 3 148 406 16484 4938 16 18 28
279 74 85 66 19 45 32 1163 63 6 63 153 27 16 NA 16 NA 5 63 1 8 11 25 0 0 0 0 1 8 11 25 0 0 0 0 2 147 407 16544 4937 17 18 28
280 75 87 68 19 45 29 1189 63 6 64 153 27 16 NA 16 NA 5 63 1 7 12 25 0 0 0 0 1 7 12 25 0 0 0 0 2 159 407 16591 4936 17 19 28
281 74 88 67 21 48 27 1168 64 8 67 155 25.5 16 NA 16 NA 5 64 0 10 13 25 0 0 0 0 0 10 13 25 0 0 0 0 0 129 408 16660 4933 20 18 29
282 78 89 68 21 45 31 1161 67 5 64 159 24 16 NA 16 NA 9 67 0 10 12 23 0 0 0 0 0 10 12 23 0 0 0 0 3 149 408 16728 4936 19 18 27
283 69 87 68 19 45 37 1160 76 7 64 168 25 16 NA 16 NA 14 76 0 10 12 23 0 0 0 0 0 10 12 23 0 0 0 0 0 153 408 16786 4936 19 17 28
284 79 88 69 19 48 33 1195 50 9 65 168 25.5 15.5 NA 15.5 NA 4 50 1 12 12 23 0 0 0 0 1 12 12 23 0 0 0 0 1 163 408 16845 4935 20 16 29
285 85 87 68 19 48 33 1147 67 8 67 169 26 15.5 NA 15.5 NA 9 67 1 11 9 27 0 0 0 0 1 11 9 27 0 0 0 0 0 118 409 16929 4933 21 13 33
286 75 87 67 20 47 31 1160 67 5 68 171 25 15 NA 15 NA 6 67 1 10 9 27 0 0 0 0 1 10 9 27 0 0 0 0 1 160 411 16992 4932 22 12 34
287 72 89 69 20 47 22 1174 75 8 68 166 25 15 NA 15 NA 2 75 1 9 10 27 0 0 0 0 1 9 10 27 0 0 0 0 1 161 413 17045 4932 22 12 34
288 90 86 66 20 46 34 1151 79 2 66 168 25.5 15 NA 15 NA 14 79 1 10 9 26 0 0 0 0 1 10 9 26 0 0 0 0 0 156 414 17120 4934 21 11 34
289 76 86 65 21 44 25 1168 61 11 64 171 24 15 NA 15 NA 5 61 1 9 10 24 0 0 0 0 1 9 10 24 0 0 0 0 1 154 418 17183 4936 18 14 32
290 77 86 65 21 43 26 1172 69 5 66 175 25 15 NA 15 NA 8 69 1 8 11 23 0 0 0 0 1 8 11 23 0 0 0 0 1 154 419 17248 4934 20 15 31
291 61 89 67 22 44 28 1149 73 4 67 168 26 15 NA 15 NA 6 73 1 7 12 24 0 0 0 0 1 7 12 24 0 0 0 0 2 138 420 17317 4933 19 16 32
292 73 91 70 21 44 28 1132 66 2 68 165 25 15 NA 15 NA 4 66 0 6 12 26 0 0 0 0 0 6 12 26 0 0 0 0 0 149 420 17399 4932 20 15 33
293 71 94 71 23 45 29 1160 68 5 70 165 25 15 NA 15 NA 7 68 1 3 14 27 0 0 0 0 1 3 14 27 0 0 0 0 2 165 421 17450 4930 18 18 34
294 87 93 70 23 45 32 1161 61 6 71 167 25 15 NA 15 NA 10 61 1 4 14 26 0 0 0 0 1 4 14 26 0 0 0 0 1 144 421 17513 4929 21 18 32
295 74 93 72 21 43 40 1132 72 3 70 153 26 15 NA 15 NA 13 72 0 4 14 25 0 0 0 0 0 4 14 25 0 0 0 0 1 129 423 17583 4930 21 18 31
296 83 90 69 21 40 39 1148 59 9 65 170 23.5 15 NA 15 NA 9 59 0 3 15 22 0 0 0 0 0 3 15 22 0 0 0 0 3 164 424 17655 4935 20 18 27
297 85 86 66 20 38 41 1155 81 6 61 166 23.5 15.5 NA 15.5 NA 10 81 0 3 15 20 0 0 0 0 0 3 15 20 0 0 0 0 0 153 425 17696 4939 18 19 24
298 93 88 67 21 41 41 1119 82 11 62 159 23.5 16 NA 16 NA 12 82 1 5 14 21 0 0 0 0 1 5 14 21 0 0 0 0 3 141 427 17752 4938 18 19 25
299 75 87 66 21 40 41 1101 74 12 62 152 23 16.5 NA 16.5 NA 10 74 1 4 14 21 0 0 0 0 1 4 14 21 0 0 0 0 1 145 427 17825 4938 19 18 25
300 75 90 66 24 42 40 1096 64 7 62 155 22.5 17 NA 17 NA 7 64 1 5 15 21 0 0 0 0 1 5 15 21 0 0 0 0 0 150 428 17896 4938 18 18 26
301 81 93 70 23 42 54 1084 85 3 65 159 23 17 NA 17 NA 20 85 1 4 14 23 0 0 0 0 1 4 14 23 0 0 0 0 1 157 432 17956 4935 20 17 28
302 76 93 71 22 44 44 1087 53 15 65 156 23 17 NA 17 NA 4 53 1 5 15 23 0 0 0 0 1 5 15 23 0 0 0 0 1 139 432 18023 4935 19 19 27
303 78 94 73 21 44 41 1118 71 6 68 162 23.5 17 NA 17 NA 5 71 1 5 13 25 0 0 0 0 1 5 13 25 0 0 0 0 2 167 434 18076 4932 21 18 29
304 77 93 72 21 45 44 1123 76 6 70 172 24 17 NA 17 NA 10 76 1 7 12 25 0 0 0 0 1 7 12 25 0 0 0 0 0 144 436 18124 4930 23 18 29
305 59 94 73 21 47 48 1094 63 7 72 171 24.5 17 NA 17 NA 11 63 1 7 10 29 0 0 0 0 1 7 10 29 0 0 0 0 1 122 436 18194 4928 23 16 33
306 76 95 74 21 47 42 1086 71 10 72 168 25 19 NA 19 NA 8 71 0 7 12 28 0 0 0 0 0 7 12 28 0 0 0 0 0 134 438 18247 4928 21 19 32
307 91 99 78 21 48 46 1089 71 5 72 178 25 18 NA 18 NA 10 71 0 7 13 28 0 0 0 0 0 7 13 28 0 0 0 0 2 146 441 18300 4928 21 19 32
308 76 98 77 21 50 39 1100 63 14 71 175 24.5 17.5 NA 17.5 NA 6 63 0 10 13 27 0 0 0 0 0 10 13 27 0 0 0 0 0 149 442 18363 4929 21 19 31
309 74 96 75 21 49 37 1124 70 4 69 178 24 18 NA 18 NA 4 70 1 10 11 27 0 0 0 0 1 10 11 27 0 0 0 0 0 164 444 18419 4931 21 17 31
310 87 101 79 22 49 34 1099 75 7 71 171 23 18 NA 18 NA 4 75 1 10 11 27 0 0 0 0 1 10 11 27 0 0 0 0 4 131 445 18478 4929 23 17 31
311 64 100 78 22 50 30 1101 52 6 73 169 24 17.5 NA 17.5 NA 3 52 1 9 12 28 0 0 0 0 1 9 12 28 0 0 0 0 0 130 447 18540 4927 22 19 32
312 91 97 77 20 45 31 1115 55 3 69 167 23 17 NA 17 NA 8 55 1 8 11 25 0 0 0 0 1 8 11 25 0 0 0 0 3 143 451 18597 4931 22 18 29
313 57 97 78 19 46 28 1106 70 6 72 170 23 17 NA 17 NA 5 70 0 10 10 26 0 0 0 0 0 10 10 26 0 0 0 0 1 135 453 18659 4928 24 18 30
314 80 96 78 18 47 30 1109 64 6 72 163 23.5 17 NA 17 NA 9 64 0 11 8 28 0 0 0 0 0 11 8 28 0 0 0 0 1 147 456 18721 4928 24 15 33
315 88 93 76 17 45 32 1097 69 5 70 167 24 17 NA 17 NA 10 69 0 10 8 27 0 0 0 0 0 10 8 27 0 0 0 0 1 145 458 18788 4930 21 16 33
316 83 97 77 20 45 31 1104 65 7 71 170 25 17 NA 17 NA 7 65 0 7 10 28 0 0 0 0 0 7 10 28 0 0 0 0 1 147 459 18843 4929 18 18 35
317 73 100 79 21 45 32 1111 63 12 70 168 25 19 NA 19 NA 14 63 0 7 8 30 0 0 0 0 0 7 8 30 0 0 0 0 3 135 460 18897 4930 17 16 37
318 67 101 81 20 45 30 1086 80 9 71 168 25 19 NA 19 NA 7 80 0 6 8 31 0 0 0 0 0 6 8 31 0 0 0 0 1 134 461 18961 4929 18 15 38
319 75 101 81 20 45 29 1103 67 10 74 177 26 19 NA 19 NA 10 67 0 5 10 30 0 0 0 0 0 5 10 30 0 0 0 0 1 161 462 19023 4926 21 16 37
320 79 98 78 20 45 35 1088 66 8 72 175 24.5 19 NA 19 NA 12 66 0 6 12 27 0 0 0 0 0 6 12 27 0 0 0 0 1 127 462 19085 4928 22 16 34
321 78 100 78 22 44 33 1074 69 8 70 168 22.5 19 NA 19 NA 7 69 0 7 12 25 0 0 0 0 0 7 12 25 0 0 0 0 4 148 465 19157 4930 22 16 32
322 66 100 79 21 44 37 1108 62 8 72 170 22 18 NA 18 NA 12 62 0 5 13 26 0 0 0 0 0 5 13 26 0 0 0 0 3 163 465 19211 4928 23 17 32
323 98 104 83 21 47 34 1116 70 12 72 168 22 17 NA 17 NA 7 70 1 7 10 29 0 0 0 0 1 7 10 29 0 0 0 0 4 160 465 19267 4928 22 15 35
324 64 107 84 23 46 40 1137 67 5 75 183 22 17 NA 17 NA 12 67 0 8 10 28 0 0 0 0 0 8 10 28 0 0 0 0 3 166 466 19325 4925 26 15 34
325 70 105 83 22 47 44 1149 62 7 75 190 23 17 NA 17 NA 10 62 1 7 12 27 0 0 0 0 1 7 12 27 0 0 0 0 0 152 467 19382 4925 23 17 35
326 82 105 80 25 47 33 1135 61 15 73 181 23 16 NA 16 NA 5 61 1 9 12 25 0 0 0 0 1 9 12 25 0 0 0 0 0 144 468 19456 4927 21 19 33
327 89 109 81 28 47 41 1128 71 5 74 177 22 16 NA 16 NA 16 71 1 9 11 26 0 0 0 0 1 9 11 26 0 0 0 0 3 150 471 19513 4926 21 18 35
328 65 110 79 31 47 26 1125 80 14 75 166 21 16 NA 16 NA 1 80 1 10 8 28 0 0 0 0 1 10 8 28 0 0 0 0 3 152 472 19571 4925 24 16 35
329 68 115 81 34 52 24 1132 57 12 80 161 22 16.5 NA 16.5 NA 6 57 1 14 8 29 0 0 0 0 1 14 8 29 0 0 0 0 4 149 472 19636 4920 28 15 37
330 82 117 83 34 51 31 1118 68 5 79 160 20 17 NA 17 NA 12 68 1 13 7 30 0 0 0 0 1 13 7 30 0 0 0 0 4 133 473 19698 4921 27 15 37
331 63 120 85 35 51 25 1112 71 9 78 156 21 17 NA 17 NA 4 71 1 9 10 31 0 0 0 0 1 9 10 31 0 0 0 0 4 145 474 19763 4922 23 18 37
332 61 121 85 36 52 30 1086 81 3 80 148 22 16.5 NA 16.5 NA 8 81 2 9 9 32 0 0 0 0 2 9 9 32 0 0 0 0 2 128 475 19821 4920 24 18 38
333 69 123 84 39 54 28 1080 67 8 83 157 21 16.5 NA 16.5 NA 6 67 1 12 9 32 0 0 0 0 1 12 9 32 0 0 0 0 0 146 476 19882 4917 27 18 38
334 77 120 82 38 56 30 1064 75 7 83 160 22 16.5 NA 16.5 NA 8 75 2 9 11 34 0 0 0 0 2 9 11 34 0 0 0 0 1 140 477 19949 4917 24 19 40
335 73 119 81 38 53 28 1055 69 5 82 162 21 16 NA 16 NA 6 69 2 10 11 30 0 0 0 0 2 10 11 30 0 0 0 0 2 140 480 20015 4918 27 18 37
336 74 118 80 38 52 30 1060 61 7 83 156 20 16 NA 16 NA 9 61 2 8 13 29 0 0 0 0 2 8 13 29 0 0 0 0 2 149 481 20081 4917 27 20 36
337 72 116 76 40 49 31 1097 55 3 78 155 20 17 NA 17 NA 6 55 2 7 13 27 0 0 0 0 2 7 13 27 0 0 0 0 3 166 482 20137 4922 26 19 33
338 80 114 75 39 47 31 1097 69 5 77 150 21 17 NA 17 NA 5 69 2 8 11 26 0 0 0 0 2 8 11 26 0 0 0 0 2 144 482 20195 4923 28 16 33
339 78 114 77 37 46 37 1101 59 3 77 154 20 17 NA 17 NA 10 59 1 10 11 24 0 0 0 0 1 10 11 24 0 0 0 0 4 147 483 20252 4923 30 15 32
340 90 114 81 33 47 35 1092 69 10 79 161 19 17 NA 17 NA 7 69 1 11 13 22 0 0 0 0 1 11 13 22 0 0 0 0 0 144 484 20313 4921 31 18 30
341 87 113 80 33 48 32 1090 66 11 81 157 20 17 NA 17 NA 8 66 1 11 15 21 0 0 0 0 1 11 15 21 0 0 0 0 0 141 484 20368 4919 30 22 29
342 77 111 78 33 46 29 1098 59 8 80 165 20 17 NA 17 NA 4 59 1 12 14 19 0 0 0 0 1 12 14 19 0 0 0 0 2 149 485 20429 4920 31 21 28
343 83 111 77 34 46 29 1090 70 4 80 148 20 17 NA 17 NA 8 70 1 13 11 21 0 0 0 0 1 13 11 21 0 0 0 0 3 144 489 20494 4920 33 17 30
344 83 110 76 34 47 29 1136 66 6 78 154 21 16 NA 16 NA 6 66 1 13 13 20 0 0 0 0 1 13 13 20 0 0 0 0 1 170 489 20537 4922 31 19 28
345 77 111 78 33 48 31 1128 84 8 81 148 22 16.5 NA 16.5 NA 10 84 1 10 16 21 0 0 0 0 1 10 16 21 0 0 0 0 1 148 491 20590 4919 31 22 28
346 76 108 73 35 45 36 1145 78 4 77 159 22 17 NA 17 NA 9 78 1 9 14 21 0 0 0 0 1 9 14 21 0 0 0 0 2 168 492 20647 4923 29 20 28
347 74 109 75 34 45 38 1151 69 8 77 164 21 17 NA 17 NA 10 69 1 9 15 20 0 0 0 0 1 9 15 20 0 0 0 0 3 146 492 20699 4923 27 23 27
348 74 109 75 34 47 42 1153 66 6 78 174 22 17 NA 17 NA 11 66 2 8 16 21 0 0 0 0 2 8 16 21 0 0 0 0 1 146 493 20758 4922 25 26 27
349 65 109 76 33 52 39 1144 66 12 78 175 22 17 NA 17 NA 7 66 3 12 16 21 0 0 0 0 3 12 16 21 0 0 0 0 3 139 494 20825 4922 28 24 26
350 63 112 78 34 53 36 1151 60 11 79 173 22 17 NA 17 NA 8 60 2 15 16 20 0 0 0 0 2 15 16 20 0 0 0 0 3 142 496 20884 4921 28 26 25
351 81 112 76 36 55 37 1128 68 10 80 167 22.5 16 NA 16 NA 9 68 3 14 19 19 0 0 0 0 3 14 19 19 0 0 0 0 2 129 497 20946 4920 28 29 23
352 74 114 78 36 57 35 1136 63 7 84 168 23 16 NA 16 NA 6 63 3 13 19 22 0 0 0 0 3 13 19 22 0 0 0 0 1 158 499 21012 4916 28 29 27
353 77 114 77 37 59 40 1163 66 7 85 175 24 17 NA 17 NA 12 66 2 15 17 25 0 0 0 0 2 15 17 25 0 0 0 0 0 163 501 21068 4915 27 27 31
354 77 118 80 38 59 36 1174 66 8 86 177 24 16 NA 16 NA 6 66 2 15 16 26 0 0 0 0 2 15 16 26 0 0 0 0 3 157 502 21127 4914 26 28 32
355 68 118 79 39 60 38 1173 74 5 87 166 25 16.5 NA 16.5 NA 7 74 1 15 18 26 0 0 0 0 1 15 18 26 0 0 0 0 1 161 503 21198 4913 26 29 32
356 77 112 77 35 57 41 1148 73 3 85 172 25.5 16 NA 16 NA 7 73 1 14 16 26 0 0 0 0 1 14 16 26 0 0 0 0 0 144 503 21280 4915 27 27 31
357 69 112 78 34 56 43 1144 63 7 84 166 24.5 16 NA 16 NA 10 63 1 11 17 27 0 0 0 0 1 11 17 27 0 0 0 0 2 129 505 21334 4916 26 26 32
358 64 116 82 34 59 40 1133 71 8 87 161 24 16 NA 16 NA 8 71 1 12 18 28 0 0 0 0 1 12 18 28 0 0 0 0 3 141 509 21403 4913 29 24 34
359 79 116 82 34 58 36 1140 71 7 87 164 24 16 NA 16 NA 4 71 1 10 18 29 0 0 0 0 1 10 18 29 0 0 0 0 3 161 511 21471 4913 27 24 36
360 72 116 82 34 58 32 1137 59 4 86 166 25 16 NA 16 NA 2 59 1 10 17 30 0 0 0 0 1 10 17 30 0 0 0 0 2 138 513 21536 4914 25 23 38
