1 74 99 83 16 46 33 1241 62 10 76 32 26 18 NA 18 NA 9 62 1 5 17 23 0 0 0 0 1 5 17 23 0 0 0 0 1 151 0 0 4924 19 27 30
2 83 100 84 16 48 24 1282 68 11 76 49 26 18 NA 18 NA 2 68 1 5 17 25 0 0 0 0 1 5 17 25 0 0 0 0 2 133 0 0 4924 19 26 31
3 73 106 88 18 49 28 1352 71 3 78 66 26.5 18 NA 18 NA 5 71 1 5 17 26 0 0 0 0 1 5 17 26 0 0 0 0 5 164 0 0 4922 19 26 33
4 70 108 90 18 50 40 1371 76 6 79 71 27 18 NA 18 NA 14 76 1 6 17 26 0 0 0 0 1 6 17 26 0 0 0 0 3 120 0 0 4921 20 26 33
5 85 109 91 18 54 47 1395 81 10 79 92 27 18 NA 18 NA 18 81 2 8 18 26 0 0 0 0 2 8 18 26 0 0 0 0 1 129 0 0 4921 21 26 32
6 78 106 90 16 54 40 1426 80 10 75 107 27 18 NA 18 NA 3 80 2 9 18 25 0 0 0 0 2 9 18 25 0 0 0 0 2 133 0 0 4925 18 25 32
7 83 103 89 14 54 36 1455 78 12 72 128 28 18 NA 18 NA 8 78 2 9 17 26 0 0 0 0 2 9 17 26 0 0 0 0 0 136 0 0 4928 16 22 34
8 80 104 89 15 54 41 1448 93 11 70 122 25.5 18 NA 18 NA 15 93 2 10 17 25 0 0 0 0 2 10 17 25 0 0 0 0 3 116 0 0 4930 15 23 32
9 90 103 88 15 53 44 1458 84 5 68 120 25 18 NA 18 NA 8 84 2 9 16 26 0 0 0 0 2 9 16 26 0 0 0 0 1 123 0 0 4932 15 22 31
10 67 106 91 15 53 41 1503 72 5 73 134 24.5 18 NA 18 NA 4 72 2 8 14 29 0 0 0 0 2 8 14 29 0 0 0 0 1 135 0 0 4927 18 21 34
11 59 109 94 15 53 46 1527 83 6 75 153 25 18 NA 18 NA 12 83 2 6 14 31 0 0 0 0 2 6 14 31 0 0 0 0 1 132 0 0 4925 18 20 37
12 68 112 97 15 55 52 1558 89 10 75 165 25 18 NA 18 NA 16 89 2 7 12 34 0 0 0 0 2 7 12 34 0 0 0 0 0 140 0 0 4925 17 17 41
13 75 117 98 19 59 43 1000 67 12 76 170 22 18 NA 18 NA 9 67 2 9 11 37 0 0 0 0 2 9 11 37 0 0 0 0 3 121 6 599 4924 19 14 43
14 70 113 93 20 56 37 1023 56 5 73 171 20 18 NA 18 NA 2 56 1 9 11 35 0 0 0 0 1 9 11 35 0 0 0 0 1 148 8 658 4927 20 13 40
15 81 112 91 21 55 40 1022 62 5 77 172 20.5 18 NA 18 NA 8 62 0 10 11 34 0 0 0 0 0 10 11 34 0 0 0 0 1 140 10 724 4923 25 13 39
16 67 107 87 20 52 44 1043 67 3 76 178 21 18 NA 18 NA 9 67 0 8 12 32 0 0 0 0 0 8 12 32 0 0 0 0 0 145 12 773 4924 25 14 37
17 82 102 83 19 53 40 1039 77 10 74 170 22.5 17 NA 17 NA 9 77 2 9 12 30 0 0 0 0 2 9 12 30 0 0 0 0 0 150 17 833 4926 25 14 35
18 72 103 84 19 54 35 1003 74 9 76 156 22 17 NA 17 NA 8 74 2 9 13 30 0 0 0 0 2 9 13 30 0 0 0 0 1 118 18 897 4924 26 15 35
19 95 102 83 19 51 38 1020 55 5 73 155 21 17 NA 17 NA 8 55 2 8 13 28 0 0 0 0 2 8 13 28 0 0 0 0 1 145 18 951 4927 25 15 33
20 74 106 87 19 52 34 1013 73 8 76 148 22 17 NA 17 NA 3 73 2 9 11 30 0 0 0 0 2 9 11 30 0 0 0 0 3 132 19 1003 4924 27 14 35
21 81 107 87 20 54 37 1030 68 8 77 152 22 17 NA 17 NA 12 68 2 12 10 30 0 0 0 0 2 12 10 30 0 0 0 0 2 157 22 1059 4923 28 14 35
22 91 106 87 19 56 40 1049 55 9 80 158 23.5 17 NA 17 NA 11 55 1 13 10 32 0 0 0 0 1 13 10 32 0 0 0 0 2 150 23 1117 4920 27 16 37
23 78 105 86 19 55 42 1079 63 9 80 160 24 17 NA 17 NA 11 63 0 14 9 32 0 0 0 0 0 14 9 32 0 0 0 0 1 161 24 1166 4920 27 16 37
24 76 108 89 19 55 45 1077 69 4 82 164 23 17 NA 17 NA 9 69 0 14 8 33 0 0 0 0 0 14 8 33 0 0 0 0 4 135 25 1213 4918 29 15 38
25 77 106 88 18 54 36 1094 61 11 81 166 22 17 NA 17 NA 6 61 1 12 10 31 0 0 0 0 1 12 10 31 0 0 0 0 2 137 30 1256 4919 30 17 34
26 64 102 86 16 55 34 1081 64 7 77 168 23 17 NA 17 NA 6 64 2 13 10 30 0 0 0 0 2 13 10 30 0 0 0 0 2 133 32 1320 4923 30 16 31
27 82 104 87 17 55 34 1111 63 7 77 170 23 17 NA 17 NA 8 63 1 8 16 30 0 0 0 0 1 8 16 30 0 0 0 0 2 163 33 1377 4923 25 21 31
28 71 104 87 17 56 38 1108 70 5 76 175 23 17 NA 17 NA 10 70 1 10 14 31 0 0 0 0 1 10 14 31 0 0 0 0 1 151 36 1445 4924 25 18 33
29 84 105 87 18 58 37 1115 55 9 75 178 23 17 NA 17 NA 7 55 2 11 15 30 0 0 0 0 2 11 15 30 0 0 0 0 2 142 36 1507 4925 23 20 32
30 72 103 87 16 55 36 1138 62 5 74 176 24 17 NA 17 NA 6 62 2 10 13 30 0 0 0 0 2 10 13 30 0 0 0 0 2 144 37 1551 4926 22 20 32
31 79 102 86 16 54 41 1110 71 5 75 186 24 17 NA 17 NA 11 71 1 11 12 30 0 0 0 0 1 11 12 30 0 0 0 0 1 149 39 1637 4925 24 19 32
32 71 102 87 15 52 42 1111 77 7 75 181 23.5 16.5 NA 16.5 NA 10 77 1 9 14 28 0 0 0 0 1 9 14 28 0 0 0 0 3 142 41 1687 4925 24 20 31
33 92 99 84 15 51 33 1089 78 14 74 175 24 17 NA 17 NA 8 78 0 10 14 27 0 0 0 0 0 10 14 27 0 0 0 0 1 133 42 1743 4926 24 19 31
34 64 100 86 14 54 34 1070 68 5 74 175 24 17 NA 17 NA 9 68 1 9 16 28 0 0 0 0 1 9 16 28 0 0 0 0 1 127 45 1805 4926 22 19 33
35 77 100 86 14 54 37 1076 67 6 75 185 25 17 NA 17 NA 15 67 1 8 16 29 0 0 0 0 1 8 16 29 0 0 0 0 0 158 48 1877 4925 21 20 34
36 83 99 87 12 54 33 1074 71 10 77 170 26 16.5 NA 16.5 NA 7 71 1 6 19 28 0 0 0 0 1 6 19 28 0 0 0 0 1 142 50 1929 4923 22 23 32
37 86 94 83 11 52 33 1093 55 10 72 176 25.5 16.5 NA 16.5 NA 10 55 2 5 19 26 0 0 0 0 2 5 19 26 0 0 0 0 2 137 51 1973 4928 19 24 29
38 63 92 81 11 52 34 1100 73 8 69 173 25 16.5 NA 16.5 NA 11 73 2 5 18 27 0 0 0 0 2 5 18 27 0 0 0 0 1 151 52 2028 4931 19 23 27
39 68 93 82 11 52 34 1071 73 9 69 175 26 17.5 NA 17.5 NA 7 73 2 4 17 29 0 0 0 0 2 4 17 29 0 0 0 0 1 120 52 2091 4931 19 21 29
40 68 91 80 11 51 35 1076 66 8 69 173 27 17 NA 17 NA 11 66 2 5 17 27 0 0 0 0 2 5 17 27 0 0 0 0 0 150 54 2152 4931 21 21 27
41 67 92 79 13 52 32 1067 56 9 70 171 26.5 17.5 NA 17.5 NA 8 56 0 8 16 28 0 0 0 0 0 8 16 28 0 0 0 0 0 130 55 2219 4930 23 19 28
42 90 94 78 16 53 35 1040 63 6 71 169 24 16 NA 16 NA 8 63 0 9 15 29 0 0 0 0 0 9 15 29 0 0 0 0 1 127 55 2283 4929 23 19 29
43 59 95 79 16 54 35 1049 59 7 73 165 25 16 NA 16 NA 8 59 1 9 15 29 0 0 0 0 1 9 15 29 0 0 0 0 0 146 56 2344 4927 23 21 29
44 78 101 80 21 56 37 1052 76 6 74 170 24 16 NA 16 NA 9 76 0 9 17 30 0 0 0 0 0 9 17 30 0 0 0 0 6 151 57 2402 4926 22 21 31
45 65 99 78 21 55 36 1077 78 7 73 172 25 17 NA 17 NA 8 78 0 8 17 30 0 0 0 0 0 8 17 30 0 0 0 0 0 169 59 2450 4927 22 20 31
46 84 94 73 21 53 36 1088 64 8 72 162 25.5 16 NA 16 NA 6 64 0 8 15 30 0 0 0 0 0 8 15 30 0 0 0 0 0 147 60 2502 4928 22 19 31
47 85 94 73 21 54 28 1096 59 10 70 164 25 16 NA 16 NA 3 59 0 9 15 30 0 0 0 0 0 9 15 30 0 0 0 0 2 150 61 2565 4930 21 19 30
48 81 92 72 20 51 28 1117 57 3 67 172 24 17 NA 17 NA 5 57 0 9 14 28 0 0 0 0 0 9 14 28 0 0 0 0 2 151 63 2620 4933 19 20 28
49 84 93 72 21 50 33 1094 77 6 68 172 25 16.5 NA 16.5 NA 11 77 0 9 11 30 0 0 0 0 0 9 11 30 0 0 0 0 1 139 63 2682 4932 19 18 31
50 79 95 74 21 49 34 1110 65 7 66 174 24 16 NA 16 NA 8 65 0 9 11 29 0 0 0 0 0 9 11 29 0 0 0 0 4 160 65 2743 4934 18 18 30
51 76 92 71 21 48 34 1106 72 10 65 166 23.5 16 NA 16 NA 12 72 0 10 11 27 0 0 0 0 0 10 11 27 0 0 0 0 0 136 67 2796 4935 19 18 28
52 75 93 73 20 47 37 1100 65 7 62 160 23 16 NA 16 NA 10 65 0 10 12 25 0 0 0 0 0 10 12 25 0 0 0 0 3 129 68 2854 4938 17 19 26
53 82 92 72 20 47 35 1111 56 11 61 165 23 17 NA 17 NA 10 56 0 8 15 24 0 0 0 0 0 8 15 24 0 0 0 0 0 145 69 2910 4939 16 20 25
54 75 93 72 21 52 36 1131 81 10 62 171 23 18 NA 18 NA 8 81 0 11 17 24 0 0 0 0 0 11 17 24 0 0 0 0 3 159 70 2949 4938 17 20 25
55 68 91 72 19 50 37 1122 80 5 61 168 23 17 NA 17 NA 10 80 0 9 16 25 0 0 0 0 0 9 16 25 0 0 0 0 2 153 73 3014 4939 16 19 26
56 73 91 72 19 51 41 1123 66 4 67 163 24 17 NA 17 NA 9 66 0 8 16 27 0 0 0 0 0 8 16 27 0 0 0 0 1 150 74 3083 4933 21 18 28
57 61 89 70 19 50 48 1126 61 6 66 160 25 18 NA 18 NA 14 61 0 7 16 27 0 0 0 0 0 7 16 27 0 0 0 0 0 155 75 3162 4934 20 18 28
58 68 87 68 19 47 43 1129 76 13 62 161 24 19 NA 19 NA 10 76 0 4 19 24 0 0 0 0 0 4 19 24 0 0 0 0 2 149 78 3218 4938 17 20 25
59 68 89 68 21 47 44 1129 69 11 63 159 25 19 NA 19 NA 12 69 0 4 18 25 0 0 0 0 0 4 18 25 0 0 0 0 0 158 78 3285 4937 18 19 26
60 74 89 67 22 48 38 1124 64 13 65 149 24 18 NA 18 NA 8 64 0 5 16 27 0 0 0 0 0 5 16 27 0 0 0 0 0 138 80 3348 4935 19 18 28
61 92 90 68 22 45 40 1137 69 5 65 159 24 17 NA 17 NA 8 69 0 2 14 29 0 0 0 0 0 2 14 29 0 0 0 0 2 167 81 3415 4935 19 16 30
62 88 89 68 21 44 41 1137 63 5 68 166 23 17.5 NA 17.5 NA 7 63 0 3 13 28 0 0 0 0 0 3 13 28 0 0 0 0 1 151 83 3479 4932 24 15 29
63 89 87 66 21 46 40 1147 53 7 67 163 26 18.5 NA 18.5 NA 9 53 0 4 14 28 0 0 0 0 0 4 14 28 0 0 0 0 0 149 84 3535 4933 21 17 29
64 86 89 67 22 47 44 1161 71 6 69 164 23 18 NA 18 NA 12 71 0 6 11 30 0 0 0 0 0 6 11 30 0 0 0 0 3 154 87 3580 4931 25 13 31
65 78 90 69 21 47 39 1167 70 10 68 163 23 19 NA 19 NA 6 70 0 6 10 31 0 0 0 0 0 6 10 31 0 0 0 0 1 147 88 3629 4932 24 12 32
66 71 91 69 22 48 43 1154 82 8 71 160 24 18.5 NA 18.5 NA 13 82 0 6 10 32 0 0 0 0 0 6 10 32 0 0 0 0 1 155 90 3691 4929 24 14 33
67 79 89 67 22 46 41 1125 68 11 70 162 25 18 NA 18 NA 11 68 0 6 9 31 0 0 0 0 0 6 9 31 0 0 0 0 1 125 92 3764 4930 24 14 32
68 71 88 67 21 45 28 1127 64 11 66 166 24.5 18 NA 18 NA 2 64 0 3 11 31 0 0 0 0 0 3 11 31 0 0 0 0 2 145 94 3826 4934 18 16 32
69 65 89 69 20 43 30 1126 73 5 63 170 25 18 NA 18 NA 7 73 0 3 10 30 0 0 0 0 0 3 10 30 0 0 0 0 2 150 95 3888 4937 17 15 31
70 80 92 68 24 44 30 1100 76 5 64 153 22 18 NA 18 NA 4 76 0 5 8 31 0 0 0 0 0 5 8 31 0 0 0 0 1 138 96 3957 4936 19 13 32
71 82 94 70 24 45 29 1082 67 5 66 162 23 18 NA 18 NA 4 67 0 5 9 31 0 0 0 0 0 5 9 31 0 0 0 0 1 139 97 4029 4934 21 13 32
72 76 97 70 27 46 30 1097 60 4 66 180 23 18 NA 18 NA 7 60 0 5 10 31 0 0 0 0 0 5 10 31 0 0 0 0 3 150 98 4089 4934 19 14 33
73 66 100 73 27 45 20 1120 64 9 69 178 23 18 NA 18 NA 2 64 0 4 9 32 0 0 0 0 0 4 9 32 0 0 0 0 4 160 101 4146 4931 21 14 34
74 79 104 77 27 45 24 1102 67 4 68 157 22 18 NA 18 NA 9 67 0 5 9 31 0 0 0 0 0 5 9 31 0 0 0 0 2 136 103 4213 4932 17 19 32
75 81 103 75 28 45 29 1103 54 6 65 164 21 19 NA 19 NA 8 54 0 7 9 29 0 0 0 0 0 7 9 29 0 0 0 0 2 140 103 4280 4935 17 18 30
76 73 104 76 28 45 29 1082 79 7 69 157 22 19 NA 19 NA 8 79 0 5 11 29 0 0 0 0 0 5 11 29 0 0 0 0 1 151 104 4352 4931 19 20 30
77 81 103 75 28 45 35 1091 71 4 69 164 23 19 NA 19 NA 11 71 0 5 10 30 0 0 0 0 0 5 10 30 0 0 0 0 2 151 105 4406 4931 19 19 31
78 77 100 74 26 43 32 1093 74 11 64 178 19.5 19 NA 19 NA 8 74 0 6 9 28 0 0 0 0 0 6 9 28 0 0 0 0 2 158 105 4472 4936 18 17 29
79 64 99 72 27 43 29 1119 65 8 63 176 20 19 NA 19 NA 7 65 0 5 11 27 0 0 0 0 0 5 11 27 0 0 0 0 0 150 107 4517 4937 17 18 28
80 82 98 71 27 44 24 1112 74 10 62 170 19 19 NA 19 NA 8 74 0 7 9 28 0 0 0 0 0 7 9 28 0 0 0 0 1 141 109 4574 4938 19 13 30
81 83 98 71 27 45 27 1106 65 5 64 167 20 19 NA 19 NA 8 65 0 8 9 28 0 0 0 0 0 8 9 28 0 0 0 0 1 141 110 4629 4936 22 12 30
82 73 99 72 27 45 31 1125 65 5 67 175 20 19 NA 19 NA 9 65 0 7 10 28 0 0 0 0 0 7 10 28 0 0 0 0 1 156 111 4680 4933 23 14 30
83 81 97 69 28 49 36 1122 81 9 67 178 19 19 NA 19 NA 11 81 0 9 13 27 0 0 0 0 0 9 13 27 0 0 0 0 1 156 112 4736 4933 23 15 29
84 71 99 70 29 48 39 1106 65 8 70 164 20 19 NA 19 NA 11 65 0 8 13 27 0 0 0 0 0 8 13 27 0 0 0 0 2 128 112 4800 4930 26 15 29
85 74 99 71 28 49 37 1121 64 9 72 183 20 19 NA 19 NA 7 64 0 9 11 29 0 0 0 0 0 9 11 29 0 0 0 0 0 150 112 4858 4928 27 15 30
86 77 98 72 26 50 37 1150 52 6 75 188 20.5 19 NA 19 NA 4 52 1 9 10 30 0 0 0 0 1 9 10 30 0 0 0 0 1 159 112 4913 4925 31 13 31
87 82 97 71 26 50 31 1169 61 8 74 181 19 18.5 NA 18.5 NA 5 61 1 11 10 28 0 0 0 0 1 11 10 28 0 0 0 0 2 163 114 4975 4926 33 12 29
88 80 102 75 27 49 31 1176 66 2 73 183 19 19 NA 19 NA 5 66 1 10 10 28 0 0 0 0 1 10 10 28 0 0 0 0 3 159 115 5041 4927 31 13 29
89 81 103 75 28 48 35 1165 69 4 74 167 19 18.5 NA 18.5 NA 9 69 1 10 10 27 0 0 0 0 1 10 10 27 0 0 0 0 1 147 115 5110 4926 31 15 28
90 79 101 73 28 50 33 1165 71 8 75 162 20 18.5 NA 18.5 NA 6 71 1 12 10 27 0 0 0 0 1 12 10 27 0 0 0 0 1 149 118 5171 4925 33 14 28
91 77 103 75 28 51 34 1149 59 8 76 168 21 18 NA 18 NA 10 59 1 14 9 27 0 0 0 0 1 14 9 27 0 0 0 0 2 139 120 5242 4924 34 14 28
92 81 108 80 28 49 38 1148 65 6 75 175 20 17 NA 17 NA 12 65 1 12 11 25 0 0 0 0 1 12 11 25 0 0 0 0 5 143 121 5303 4925 33 16 26
93 70 106 79 27 50 35 1129 68 9 75 180 21 17 NA 17 NA 8 68 0 12 14 24 0 0 0 0 0 12 14 24 0 0 0 0 0 140 123 5376 4925 31 20 24
94 82 107 78 29 51 30 1135 54 5 77 187 22 17 NA 17 NA 6 54 0 11 15 25 0 0 0 0 0 11 15 25 0 0 0 0 1 147 127 5440 4923 29 22 26
95 74 104 76 28 50 28 1112 65 6 74 180 22 17 NA 17 NA 6 65 1 9 14 26 0 0 0 0 1 9 14 26 0 0 0 0 0 125 130 5508 4926 27 20 27
96 65 105 76 29 50 27 1104 74 7 75 177 22 17 NA 17 NA 7 74 1 9 15 25 0 0 0 0 1 9 15 25 0 0 0 0 2 136 131 5562 4925 26 23 26
97 90 106 76 30 51 34 1094 64 3 74 168 23 17 NA 17 NA 12 64 1 6 18 26 0 0 0 0 1 6 18 26 0 0 0 0 2 141 134 5630 4926 22 25 27
98 84 104 75 29 49 34 1104 61 6 71 166 23.5 17 NA 17 NA 8 61 1 5 18 25 0 0 0 0 1 5 18 25 0 0 0 0 1 152 134 5693 4929 19 26 26
99 82 105 76 29 50 32 1084 73 8 72 163 22 17 NA 17 NA 5 73 2 5 19 24 0 0 0 0 2 5 19 24 0 0 0 0 1 146 134 5762 4928 20 27 25
100 63 106 76 30 52 29 1092 66 9 78 162 23 17 NA 17 NA 7 66 1 8 17 26 0 0 0 0 1 8 17 26 0 0 0 0 0 148 136 5820 4922 26 24 28
101 81 103 73 30 53 32 1077 80 5 77 169 24 17 NA 17 NA 8 80 1 9 17 26 0 0 0 0 1 9 17 26 0 0 0 0 0 151 136 5889 4923 24 24 29
102 86 107 77 30 55 34 1062 83 9 78 167 24 17 NA 17 NA 7 83 0 10 17 28 0 0 0 0 0 10 17 28 0 0 0 0 2 148 136 5948 4922 22 26 30
103 72 107 76 31 58 39 1076 70 9 79 174 25 17 NA 17 NA 12 70 0 11 20 27 0 0 0 0 0 11 20 27 0 0 0 0 1 149 136 5995 4921 23 26 30
104 74 106 75 31 59 40 1081 76 9 81 179 24.5 17 NA 17 NA 10 76 0 14 18 27 0 0 0 0 0 14 18 27 0 0 0 0 0 160 137 6053 4919 27 25 29
105 61 111 80 31 60 36 1083 70 7 81 174 23 17 NA 17 NA 5 70 0 15 15 30 0 0 0 0 0 15 15 30 0 0 0 0 3 145 140 6111 4919 26 23 32
106 73 112 81 31 59 30 1083 54 9 82 161 22 17 NA 17 NA 3 54 0 15 14 30 0 0 0 0 0 15 14 30 0 0 0 0 0 143 141 6178 4918 28 21 33
107 85 113 79 34 59 37 1076 77 1 82 157 23 17 NA 17 NA 10 77 0 14 14 31 0 0 0 0 0 14 14 31 0 0 0 0 0 141 142 6229 4918 27 21 34
108 60 113 79 34 60 36 1116 56 5 83 155 24 17 NA 17 NA 7 56 0 13 14 33 0 0 0 0 0 13 14 33 0 0 0 0 1 154 144 6270 4917 26 20 37
109 66 112 79 33 59 37 1133 71 8 84 161 24.5 17 NA 17 NA 11 71 0 12 11 36 0 0 0 0 0 12 11 36 0 0 0 0 0 153 146 6315 4916 27 17 40
110 69 110 79 31 58 33 1144 65 6 82 169 23 17 NA 17 NA 5 65 0 13 9 36 0 0 0 0 0 13 9 36 0 0 0 0 2 154 150 6379 4918 28 14 40
111 86 111 78 33 57 30 1129 62 7 82 166 23 17 NA 17 NA 5 62 0 11 9 37 0 0 0 0 0 11 9 37 0 0 0 0 1 128 151 6441 4918 28 14 40
112 78 109 76 33 57 31 1128 66 6 80 177 23 17 NA 17 NA 5 66 0 11 12 34 0 0 0 0 0 11 12 34 0 0 0 0 0 144 151 6499 4920 26 17 37
113 70 110 78 32 56 36 1146 65 5 78 177 22.5 16.5 NA 16.5 NA 10 65 0 10 13 33 0 0 0 0 0 10 13 33 0 0 0 0 2 159 152 6561 4922 24 17 37
114 68 109 78 31 56 31 1149 78 11 79 161 23 17 NA 17 NA 5 78 0 11 12 33 0 0 0 0 0 11 12 33 0 0 0 0 0 153 153 6620 4921 27 15 37
115 76 109 77 32 56 32 1148 68 7 80 163 23 17 NA 17 NA 6 68 0 10 13 33 0 0 0 0 0 10 13 33 0 0 0 0 1 154 154 6688 4920 26 17 37
116 83 110 76 34 58 29 1151 61 9 79 169 24 17 NA 17 NA 6 61 1 7 18 32 0 0 0 0 1 7 18 32 0 0 0 0 3 151 155 6752 4921 23 22 34
117 92 106 72 34 57 32 1161 60 6 81 178 24.5 17 NA 17 NA 9 60 0 9 17 31 0 0 0 0 0 9 17 31 0 0 0 0 0 149 156 6808 4919 27 21 33
118 71 106 74 32 57 28 1188 60 11 81 190 23.5 17 NA 17 NA 9 60 0 10 17 30 0 0 0 0 0 10 17 30 0 0 0 0 2 171 158 6871 4919 28 22 31
119 77 108 76 32 57 33 1164 80 2 84 184 23.5 17 NA 17 NA 8 80 0 10 16 31 0 0 0 0 0 10 16 31 0 0 0 0 1 134 158 6934 4916 30 22 32
120 71 107 75 32 55 30 1166 63 7 84 184 24 17 NA 17 NA 5 63 0 7 16 32 0 0 0 0 0 7 16 32 0 0 0 0 0 150 159 7000 4916 29 21 34
121 64 108 75 33 56 33 1164 60 5 85 195 25 17 NA 17 NA 10 60 0 6 18 32 0 0 0 0 0 6 18 32 0 0 0 0 1 143 161 7069 4915 28 22 35
122 88 108 76 32 54 34 1155 73 8 83 202 24.5 17.5 NA 17.5 NA 8 73 0 6 18 30 0 0 0 0 0 6 18 30 0 0 0 0 3 150 163 7136 4917 27 23 33
123 77 107 74 33 53 26 1147 64 10 83 191 25 17 NA 17 NA 4 64 0 6 19 28 0 0 0 0 0 6 19 28 0 0 0 0 1 129 164 7189 4917 27 25 31
124 82 107 75 32 55 29 1110 70 5 82 175 25 17 NA 17 NA 8 70 0 7 17 31 0 0 0 0 0 7 17 31 0 0 0 0 2 116 167 7242 4918 26 23 33
125 77 108 74 34 55 25 1071 79 8 80 182 25.5 18 NA 18 NA 6 79 0 8 16 31 0 0 0 0 0 8 16 31 0 0 0 0 3 142 170 7322 4920 25 22 33
126 70 110 74 36 55 24 1084 74 8 82 175 24 18 NA 18 NA 8 74 0 7 17 31 0 0 0 0 0 7 17 31 0 0 0 0 3 166 170 7384 4918 24 25 33
127 87 102 68 34 50 29 1086 66 8 76 178 24.5 17 NA 17 NA 14 66 0 9 14 27 0 0 0 0 0 9 14 27 0 0 0 0 0 143 171 7437 4924 24 23 29
128 67 99 65 34 48 32 1069 60 3 78 161 26 17 NA 17 NA 6 60 0 8 9 31 0 0 0 0 0 8 9 31 0 0 0 0 0 132 171 7506 4922 25 20 33
129 81 99 65 34 44 33 1083 66 6 75 153 25 17.5 NA 17.5 NA 7 66 0 6 9 29 0 0 0 0 0 6 9 29 0 0 0 0 2 148 172 7562 4925 23 20 32
130 74 100 66 34 45 37 1091 75 6 76 145 24.5 17 NA 17 NA 11 75 0 6 10 29 0 0 0 0 0 6 10 29 0 0 0 0 2 171 173 7633 4924 23 20 33
131 77 103 68 35 46 41 1090 57 5 75 160 25 17 NA 17 NA 10 57 0 7 11 28 0 0 0 0 0 7 11 28 0 0 0 0 3 128 176 7686 4925 20 23 32
132 99 103 68 35 46 34 1099 70 11 73 160 25 16.5 NA 16.5 NA 5 70 1 8 9 28 0 0 0 0 1 8 9 28 0 0 0 0 0 157 177 7746 4927 18 23 32
133 66 102 68 34 45 42 1093 74 4 71 161 26 17 NA 17 NA 12 74 1 6 9 29 0 0 0 0 1 6 9 29 0 0 0 0 1 136 177 7802 4929 16 22 33
134 79 104 68 36 47 40 1130 49 7 74 167 26 18 NA 18 NA 5 49 0 9 9 29 0 0 0 0 0 9 9 29 0 0 0 0 1 155 177 7848 4926 20 20 34
135 92 103 70 33 49 45 1128 56 8 74 177 26 18 NA 18 NA 10 56 0 10 9 30 0 0 0 0 0 10 9 30 0 0 0 0 1 138 177 7907 4926 20 20 34
136 85 105 71 34 48 45 1169 60 10 76 188 25 18 NA 18 NA 13 60 0 10 8 30 0 0 0 0 0 10 8 30 0 0 0 0 2 160 179 7947 4924 22 20 34
137 72 105 72 33 50 43 1161 75 5 80 180 26 18 NA 18 NA 6 75 1 10 9 30 0 0 0 0 1 10 9 30 0 0 0 0 1 148 181 8013 4920 25 21 34
138 82 104 71 33 52 40 1127 74 9 81 169 26.5 18 NA 18 NA 4 74 0 11 10 31 0 0 0 0 0 11 10 31 0 0 0 0 0 136 181 8084 4919 24 20 37
139 78 103 70 33 51 44 1108 79 8 77 157 25 18 NA 18 NA 12 79 0 12 10 29 0 0 0 0 0 12 10 29 0 0 0 0 1 149 182 8157 4923 22 20 35
140 77 103 69 34 50 39 1103 65 7 76 166 26 17.5 NA 17.5 NA 6 65 0 8 13 29 0 0 0 0 0 8 13 29 0 0 0 0 2 135 183 8216 4924 18 22 36
141 79 97 64 33 47 34 1103 61 7 74 172 27 18 NA 18 NA 5 61 0 7 15 25 0 0 0 0 0 7 15 25 0 0 0 0 0 142 185 8276 4926 19 22 33
142 78 95 62 33 43 34 1102 77 8 71 161 26 17 NA 17 NA 10 77 1 5 13 24 0 0 0 0 1 5 13 24 0 0 0 0 2 164 187 8350 4929 17 22 32
143 70 95 61 34 44 29 1110 63 7 73 166 27 18 NA 18 NA 5 63 1 6 12 25 0 0 0 0 1 6 12 25 0 0 0 0 0 140 189 8400 4927 20 19 34
144 71 98 63 35 44 35 1104 72 5 75 170 27.5 18 NA 18 NA 12 72 1 6 11 26 0 0 0 0 1 6 11 26 0 0 0 0 3 152 190 8461 4925 22 17 36
145 83 99 65 34 43 35 1120 69 7 74 178 27 18 NA 18 NA 9 69 1 6 9 27 0 0 0 0 1 6 9 27 0 0 0 0 1 159 191 8518 4926 23 15 36
146 75 101 68 33 46 32 1114 76 10 76 178 24 18 NA 18 NA 9 76 1 6 11 28 0 0 0 0 1 6 11 28 0 0 0 0 3 151 196 8577 4924 23 18 35
147 77 102 69 33 47 35 1154 59 10 76 182 24.5 17 NA 17 NA 12 59 2 8 9 28 0 0 0 0 2 8 9 28 0 0 0 0 1 162 198 8628 4924 23 18 35
148 76 101 68 33 46 35 1145 59 9 74 189 24 16.5 NA 16.5 NA 8 59 1 8 11 26 0 0 0 0 1 8 11 26 0 0 0 0 4 139 199 8699 4926 22 19 33
149 77 102 69 33 49 27 1155 72 11 76 176 25 16 NA 16 NA 2 72 1 8 13 27 0 0 0 0 1 8 13 27 0 0 0 0 0 159 200 8754 4924 20 22 34
150 64 99 68 31 47 28 1150 72 6 73 161 26 16 NA 16 NA 8 72 2 6 13 26 0 0 0 0 2 6 13 26 0 0 0 0 0 141 201 8811 4927 18 20 35
151 64 102 70 32 47 30 1164 64 5 76 156 26 16 NA 16 NA 9 64 2 6 13 26 0 0 0 0 2 6 13 26 0 0 0 0 2 144 201 8863 4924 21 19 36
152 89 101 68 33 46 29 1160 70 8 76 160 27 16 NA 16 NA 9 70 2 6 10 28 0 0 0 0 2 6 10 28 0 0 0 0 1 145 204 8921 4924 23 16 37
153 79 104 73 31 46 37 1170 68 7 73 164 24 16.5 NA 16.5 NA 15 68 2 7 9 28 0 0 0 0 2 7 9 28 0 0 0 0 2 157 205 8975 4927 20 17 36
154 86 102 71 31 47 36 1163 77 6 76 162 25 17 NA 17 NA 4 77 1 9 7 30 0 0 0 0 1 9 7 30 0 0 0 0 0 152 205 9036 4924 21 16 39
155 55 102 70 32 47 31 1169 75 7 75 157 25.5 16 NA 16 NA 3 75 1 9 9 28 0 0 0 0 1 9 9 28 0 0 0 0 1 151 206 9090 4925 19 19 37
156 82 100 68 32 46 35 1140 90 7 74 158 25 16.5 NA 16.5 NA 9 90 1 8 12 25 0 0 0 0 1 8 12 25 0 0 0 0 1 149 207 9153 4926 20 20 34
157 58 101 69 32 45 28 1149 55 6 74 167 25 17 NA 17 NA 4 55 1 8 13 23 0 0 0 0 1 8 13 23 0 0 0 0 3 156 210 9232 4926 21 21 32
158 81 100 69 31 44 23 1120 73 7 73 174 24.5 17.5 NA 17.5 NA 3 73 1 6 15 22 0 0 0 0 1 6 15 22 0 0 0 0 0 130 211 9293 4927 20 22 31
159 72 98 66 32 42 29 1117 70 4 71 184 24 19.5 NA 19.5 NA 10 70 0 7 13 22 0 0 0 0 0 7 13 22 0 0 0 0 1 148 213 9356 4929 21 19 31
160 79 99 68 31 44 24 1132 54 13 69 180 21 18 NA 18 NA 6 54 1 10 12 21 0 0 0 0 1 10 12 21 0 0 0 0 3 137 214 9404 4931 23 16 30
161 72 99 68 31 44 26 1121 61 3 70 173 22 18 NA 18 NA 6 61 1 8 11 24 0 0 0 0 1 8 11 24 0 0 0 0 0 147 215 9476 4930 22 15 33
162 85 99 68 31 42 28 1119 60 4 68 173 22 18 NA 18 NA 6 60 1 8 10 23 0 0 0 0 1 8 10 23 0 0 0 0 1 149 215 9544 4932 22 14 32
163 77 98 66 32 41 30 1114 74 6 67 183 21 18 NA 18 NA 8 74 1 9 10 21 0 0 0 0 1 9 10 21 0 0 0 0 1 151 217 9605 4933 21 16 30
164 75 100 66 34 42 25 1126 63 9 68 185 20 17.5 NA 17.5 NA 4 63 1 10 11 20 0 0 0 0 1 10 11 20 0 0 0 0 4 144 218 9655 4932 23 17 28
165 66 101 66 35 42 26 1123 71 6 74 179 21 17.5 NA 17.5 NA 8 71 1 10 10 21 0 0 0 0 1 10 10 21 0 0 0 0 1 158 219 9730 4926 29 15 30
166 76 102 68 34 43 29 1107 81 4 73 177 21.5 18 NA 18 NA 10 81 1 9 11 22 0 0 0 0 1 9 11 22 0 0 0 0 2 145 223 9788 4927 26 16 31
167 81 100 64 36 42 26 1108 64 10 71 160 21.5 17.5 NA 17.5 NA 6 64 0 10 10 22 0 0 0 0 0 10 10 22 0 0 0 0 0 150 224 9857 4929 25 16 30
168 67 98 63 35 45 25 1086 65 6 69 153 22 18 NA 18 NA 5 65 0 9 12 24 0 0 0 0 0 9 12 24 0 0 0 0 1 130 224 9927 4931 22 17 30
169 76 98 64 34 44 33 1086 68 2 70 156 22.5 18 NA 18 NA 8 68 0 9 12 23 0 0 0 0 0 9 12 23 0 0 0 0 2 148 224 9991 4930 24 17 29
170 79 97 64 33 45 37 1138 69 9 69 172 23 18 NA 18 NA 13 69 0 10 12 23 0 0 0 0 0 10 12 23 0 0 0 0 2 184 224 10034 4931 22 18 29
171 70 101 64 37 45 32 1134 60 9 72 178 23 18 NA 18 NA 3 60 0 7 14 24 0 0 0 0 0 7 14 24 0 0 0 0 1 135 224 10093 4928 22 19 31
172 90 99 64 35 42 33 1092 84 4 71 165 23 18 NA 18 NA 7 84 0 7 13 22 0 0 0 0 0 7 13 22 0 0 0 0 2 127 225 10154 4929 22 20 29
173 75 102 67 35 44 35 1110 66 7 70 167 21 18 NA 18 NA 9 66 0 9 11 24 0 0 0 0 0 9 11 24 0 0 0 0 2 159 226 10209 4930 21 18 31
174 83 102 67 35 45 32 1116 65 8 70 165 22 18 NA 18 NA 7 65 0 11 11 23 0 0 0 0 0 11 11 23 0 0 0 0 1 143 228 10260 4930 22 18 30
175 67 105 70 35 45 32 1122 64 5 71 170 22 17 NA 17 NA 7 64 1 10 10 24 0 0 0 0 1 10 10 24 0 0 0 0 0 145 230 10321 4929 23 16 32
176 93 102 68 34 41 34 1122 68 4 71 176 21 17 NA 17 NA 6 68 1 7 13 20 0 0 0 0 1 7 13 20 0 0 0 0 1 152 230 10382 4929 24 19 28
177 73 103 68 35 40 34 1133 52 5 72 177 20 17 NA 17 NA 7 52 1 7 13 19 0 0 0 0 1 7 13 19 0 0 0 0 1 151 232 10453 4928 23 22 27
178 79 109 76 33 39 43 1129 76 4 72 187 20 17 NA 17 NA 16 76 1 7 11 20 0 0 0 0 1 7 11 20 0 0 0 0 3 157 234 10510 4928 24 20 28
179 57 110 78 32 40 41 1130 66 9 72 182 20 17.5 NA 17.5 NA 10 66 1 6 12 21 0 0 0 0 1 6 12 21 0 0 0 0 3 138 237 10575 4928 24 20 28
180 76 109 77 32 41 44 1125 76 10 70 181 20 18 NA 18 NA 9 76 1 8 12 20 0 0 0 0 1 8 12 20 0 0 0 0 1 143 237 10629 4930 25 17 28
181 67 107 75 32 43 42 1113 63 10 70 171 21 17 NA 17 NA 11 63 2 8 14 19 0 0 0 0 2 8 14 19 0 0 0 0 1 135 239 10698 4930 24 19 27
182 71 107 75 32 42 46 1114 56 5 71 170 20 17 NA 17 NA 9 56 2 8 14 18 0 0 0 0 2 8 14 18 0 0 0 0 1 143 239 10769 4929 25 19 27
183 84 110 77 33 44 44 1108 63 6 75 160 20 17 NA 17 NA 6 63 2 8 13 21 0 0 0 0 2 8 13 21 0 0 0 0 3 129 241 10824 4925 26 19 30
184 65 109 76 33 43 43 1104 66 5 77 159 21 17 NA 17 NA 6 66 2 6 13 22 0 0 0 0 2 6 13 22 0 0 0 0 1 129 242 10878 4923 25 20 32
185 101 112 79 33 43 45 1116 64 7 79 169 21 17 NA 17 NA 10 64 0 8 11 24 0 0 0 0 0 8 11 24 0 0 0 0 2 161 243 10939 4921 28 18 33
186 74 112 81 31 46 37 1101 66 12 77 166 21.5 17 NA 17 NA 6 66 0 9 14 23 0 0 0 0 0 9 14 23 0 0 0 0 1 139 246 11011 4923 27 19 31
187 79 111 81 30 47 38 1121 73 6 79 162 21 17 NA 17 NA 6 73 0 10 13 24 0 0 0 0 0 10 13 24 0 0 0 0 1 173 246 11067 4921 28 20 31
188 84 111 82 29 49 36 1112 72 7 78 164 21 17 NA 17 NA 7 72 0 9 14 26 0 0 0 0 0 9 14 26 0 0 0 0 0 145 247 11127 4922 26 21 31
189 75 113 85 28 50 39 1092 80 6 78 161 20 17 NA 17 NA 9 80 0 9 13 28 0 0 0 0 0 9 13 28 0 0 0 0 1 131 248 11181 4922 26 18 34
190 70 113 85 28 48 38 1098 72 5 83 156 20 17 NA 17 NA 6 72 0 8 14 26 0 0 0 0 0 8 14 26 0 0 0 0 1 155 248 11242 4917 32 19 32
191 91 111 83 28 47 39 1081 84 4 82 162 21 17 NA 17 NA 10 84 1 8 13 25 0 0 0 0 1 8 13 25 0 0 0 0 0 147 254 11308 4918 32 19 31
192 85 107 81 26 46 43 1109 75 10 81 167 22 16 NA 16 NA 15 75 2 8 12 24 0 0 0 0 2 8 12 24 0 0 0 0 1 176 256 11353 4919 33 19 29
193 80 108 82 26 48 39 1116 63 9 79 162 22 16 NA 16 NA 6 63 1 10 10 27 0 0 0 0 1 10 10 27 0 0 0 0 4 144 257 11410 4921 31 17 31
194 67 105 80 25 50 34 1127 69 11 79 169 23 16 NA 16 NA 8 69 1 8 13 28 0 0 0 0 1 8 13 28 0 0 0 0 1 144 258 11461 4921 28 19 32
195 67 106 82 24 49 34 1137 67 8 78 168 23 17 NA 17 NA 9 67 1 9 11 28 0 0 0 0 1 9 11 28 0 0 0 0 1 154 260 11525 4922 27 19 32
196 73 104 81 23 49 38 1148 70 5 76 167 23.5 17 NA 17 NA 9 70 0 10 10 29 0 0 0 0 0 10 10 29 0 0 0 0 0 152 261 11576 4924 24 18 34
197 75 106 82 24 49 43 1107 78 6 77 164 23 17 NA 17 NA 10 78 0 8 13 28 0 0 0 0 0 8 13 28 0 0 0 0 3 123 261 11641 4923 24 20 33
198 76 102 82 20 44 44 1109 60 5 74 158 22.5 17 NA 17 NA 8 60 0 8 12 24 0 0 0 0 0 8 12 24 0 0 0 0 1 138 263 11699 4926 26 19 29
199 76 103 84 19 43 41 1119 64 9 72 164 21 17 NA 17 NA 6 64 0 9 11 23 0 0 0 0 0 9 11 23 0 0 0 0 2 164 264 11764 4928 23 20 29
200 77 102 83 19 42 46 1098 52 4 73 165 22 17 NA 17 NA 9 52 0 9 10 23 0 0 0 0 0 9 10 23 0 0 0 0 2 112 264 11825 4927 24 20 29
201 79 99 81 18 44 49 1137 76 10 73 160 23 17 NA 17 NA 14 76 1 9 11 23 0 0 0 0 1 9 11 23 0 0 0 0 0 168 266 11871 4927 24 20 29
202 70 99 81 18 45 50 1125 81 10 73 162 24 17 NA 17 NA 12 81 0 7 15 23 0 0 0 0 0 7 15 23 0 0 0 0 1 148 268 11935 4927 19 25 29
203 77 96 78 18 49 44 1102 70 13 72 160 25.5 17 NA 17 NA 6 70 0 9 16 24 0 0 0 0 0 9 16 24 0 0 0 0 0 134 268 12006 4928 18 24 30
204 83 97 80 17 50 40 1091 70 8 72 164 26 17 NA 17 NA 8 70 0 8 17 25 0 0 0 0 0 8 17 25 0 0 0 0 0 158 272 12086 4928 17 24 31
205 76 97 80 17 51 43 1085 72 5 76 178 27 17 NA 17 NA 8 72 0 8 17 26 0 0 0 0 0 8 17 26 0 0 0 0 0 139 273 12144 4924 21 22 33
206 66 94 78 16 50 44 1086 74 6 74 186 28 17 NA 17 NA 8 74 0 9 12 29 0 0 0 0 0 9 12 29 0 0 0 0 1 151 275 12203 4926 20 19 35
207 74 96 80 16 50 36 1096 71 12 75 175 28.5 17 NA 17 NA 8 71 0 10 11 29 0 0 0 0 0 10 11 29 0 0 0 0 1 157 279 12264 4925 21 19 35
208 68 97 81 16 51 31 1104 66 6 74 175 28 17 NA 17 NA 3 66 0 10 12 29 0 0 0 0 0 10 12 29 0 0 0 0 2 154 281 12327 4926 20 17 37
209 78 98 82 16 51 38 1105 74 3 76 179 29 17 NA 17 NA 11 74 0 8 12 31 0 0 0 0 0 8 12 31 0 0 0 0 1 138 283 12375 4924 20 17 39
210 75 95 80 15 50 39 1128 67 8 74 192 28 17 NA 17 NA 9 67 0 7 15 28 0 0 0 0 0 7 15 28 0 0 0 0 0 158 283 12429 4926 20 19 35
211 91 99 85 14 49 38 1113 70 8 77 187 26 17 NA 17 NA 9 70 0 7 13 29 0 0 0 0 0 7 13 29 0 0 0 0 0 132 285 12491 4923 24 17 36
212 69 99 84 15 51 39 1115 72 7 77 181 27 17 NA 17 NA 8 72 0 8 13 30 0 0 0 0 0 8 13 30 0 0 0 0 1 141 286 12536 4923 23 17 37
213 83 99 84 15 52 34 1102 66 6 76 185 27 17 NA 17 NA 5 66 0 10 12 30 0 0 0 0 0 10 12 30 0 0 0 0 1 140 288 12602 4924 22 17 37
214 75 95 81 14 49 29 1105 61 8 74 183 26 17 NA 17 NA 7 61 0 8 11 30 0 0 0 0 0 8 11 30 0 0 0 0 0 138 291 12659 4926 22 15 37
215 82 94 80 14 47 35 1125 61 5 71 194 26.5 17 NA 17 NA 10 61 0 6 12 29 0 0 0 0 0 6 12 29 0 0 0 0 1 167 292 12716 4929 20 16 35
216 66 97 83 14 48 39 1118 72 6 74 198 26 17 NA 17 NA 9 72 0 6 11 31 0 0 0 0 0 6 11 31 0 0 0 0 1 152 292 12787 4926 22 15 37
217 88 98 84 14 50 43 1134 70 7 73 193 27 17 NA 17 NA 11 70 0 6 13 31 0 0 0 0 0 6 13 31 0 0 0 0 0 151 294 12836 4927 17 19 37
218 79 95 82 13 47 41 1138 67 10 68 176 25 17 NA 17 NA 9 67 1 6 11 29 0 0 0 0 1 6 11 29 0 0 0 0 1 150 294 12901 4932 17 15 36
219 76 92 80 12 46 40 1135 53 5 70 173 26 17 NA 17 NA 5 53 1 5 12 28 0 0 0 0 1 5 12 28 0 0 0 0 0 128 295 12964 4930 19 16 35
220 77 89 77 12 45 42 1101 82 9 68 163 27 18 NA 18 NA 13 82 1 5 13 26 0 0 0 0 1 5 13 26 0 0 0 0 0 141 298 13037 4932 19 16 33
221 89 87 75 12 45 40 1101 62 8 67 149 28 17 NA 17 NA 6 62 1 6 11 27 0 0 0 0 1 6 11 27 0 0 0 0 1 156 299 13102 4933 17 16 34
222 89 86 74 12 43 36 1106 61 9 65 147 27.5 17 NA 17 NA 8 61 1 5 10 27 0 0 0 0 1 5 10 27 0 0 0 0 2 151 301 13169 4935 17 15 33
223 86 83 71 12 42 30 1128 63 10 65 159 28 17.5 NA 17.5 NA 5 63 0 5 12 25 0 0 0 0 0 5 12 25 0 0 0 0 1 150 303 13218 4935 17 17 31
224 91 82 68 14 41 33 1106 72 4 63 164 29.5 17 NA 17 NA 8 72 0 4 11 26 0 0 0 0 0 4 11 26 0 0 0 0 1 136 304 13281 4937 15 15 33
225 58 79 66 13 40 30 1113 63 9 62 161 30 18.5 NA 18.5 NA 6 63 0 6 10 24 0 0 0 0 0 6 10 24 0 0 0 0 0 133 305 13328 4938 17 14 31
226 71 83 70 13 39 35 1114 67 5 60 157 27 19 NA 19 NA 10 67 0 4 11 24 0 0 0 0 0 4 11 24 0 0 0 0 3 141 305 13385 4940 14 15 31
227 83 87 73 14 41 32 1105 68 9 60 153 25 18 NA 18 NA 8 68 0 7 10 24 0 0 0 0 0 7 10 24 0 0 0 0 5 151 309 13463 4940 16 14 30
228 80 89 73 16 42 36 1084 72 5 61 156 24 17 NA 17 NA 13 72 1 6 11 24 0 0 0 0 1 6 11 24 0 0 0 0 2 132 312 13526 4939 16 15 30
229 76 87 71 16 42 30 1081 65 8 60 160 23 17 NA 17 NA 4 65 1 6 9 26 0 0 0 0 1 6 9 26 0 0 0 0 0 157 314 13600 4940 17 12 31
230 63 87 71 16 42 34 1070 70 5 59 163 22 17.5 NA 17.5 NA 7 70 1 7 10 24 0 0 0 0 1 7 10 24 0 0 0 0 4 146 314 13670 4941 19 12 28
231 58 85 69 16 40 34 1081 72 6 55 166 22 17 NA 17 NA 9 72 2 6 9 23 0 0 0 0 2 6 9 23 0 0 0 0 1 134 316 13712 4945 15 13 27
232 75 85 69 16 41 30 1103 63 7 54 164 21 17 NA 17 NA 5 63 3 8 9 21 0 0 0 0 3 8 9 21 0 0 0 0 1 154 318 13768 4946 14 15 25
233 62 85 69 16 43 22 1092 64 11 54 159 22 17 NA 17 NA 4 64 4 7 10 22 0 0 0 0 4 7 10 22 0 0 0 0 1 142 321 13839 4946 13 15 26
234 72 82 68 14 44 29 1088 75 3 54 165 23 17 NA 17 NA 10 75 4 8 11 21 0 0 0 0 4 8 11 21 0 0 0 0 1 149 321 13900 4946 14 15 25
235 82 82 69 13 44 35 1070 62 3 55 166 23.5 17 NA 17 NA 9 62 3 7 11 23 0 0 0 0 3 7 11 23 0 0 0 0 2 133 321 13969 4945 14 14 27
236 84 78 65 13 42 33 1073 74 8 55 163 22.5 17 NA 17 NA 6 74 0 9 11 22 0 0 0 0 0 9 11 22 0 0 0 0 0 151 321 14022 4945 16 14 25
237 76 79 65 14 43 27 1092 58 9 54 168 22 17 NA 17 NA 4 58 0 10 12 21 0 0 0 0 0 10 12 21 0 0 0 0 1 155 322 14085 4946 16 14 24
238 80 79 65 14 41 35 1095 75 2 55 168 22 17 NA 17 NA 12 75 0 10 10 21 0 0 0 0 0 10 10 21 0 0 0 0 2 157 324 14141 4945 19 12 24
239 73 83 68 15 41 36 1095 72 10 60 173 21 17 NA 17 NA 13 72 0 9 11 21 0 0 0 0 0 9 11 21 0 0 0 0 4 147 326 14199 4940 22 14 24
240 54 81 66 15 41 38 1122 61 6 61 182 22 17 NA 17 NA 9 61 0 9 10 22 0 0 0 0 0 9 10 22 0 0 0 0 0 161 327 14256 4939 22 14 25
241 92 80 66 14 41 33 1092 65 10 60 167 23 16 NA 16 NA 6 65 0 10 10 21 0 0 0 0 0 10 10 21 0 0 0 0 0 123 330 14324 4940 21 15 24
242 76 78 64 14 43 33 1103 71 6 62 151 24.5 16 NA 16 NA 6 71 0 10 12 21 0 0 0 0 0 10 12 21 0 0 0 0 0 154 330 14384 4938 21 16 25
243 61 77 63 14 43 35 1125 71 5 62 150 25 16 NA 16 NA 8 71 0 11 10 22 0 0 0 0 0 11 10 22 0 0 0 0 1 155 332 14435 4938 23 13 26
244 66 78 64 14 44 40 1103 69 8 62 153 22.5 17 NA 17 NA 13 69 0 13 8 23 0 0 0 0 0 13 8 23 0 0 0 0 2 132 332 14502 4938 24 11 27
245 73 77 64 13 44 36 1112 58 10 61 162 24 17 NA 17 NA 6 58 0 12 8 24 0 0 0 0 0 12 8 24 0 0 0 0 1 147 332 14565 4939 22 11 28
246 76 77 64 13 42 44 1118 68 7 58 169 24 16.5 NA 16.5 NA 16 68 1 9 9 23 0 0 0 0 1 9 9 23 0 0 0 0 2 152 333 14625 4942 19 12 27
247 66 79 65 14 45 37 1154 49 11 60 171 24 17 NA 17 NA 6 49 1 9 10 25 0 0 0 0 1 9 10 25 0 0 0 0 3 155 337 14672 4940 20 12 28
248 98 78 64 14 43 34 1171 62 5 58 182 24 17 NA 17 NA 5 62 1 6 12 24 0 0 0 0 1 6 12 24 0 0 0 0 1 153 339 14720 4942 17 14 27
249 79 79 65 14 42 31 1151 81 8 57 183 25 17 NA 17 NA 6 81 1 6 11 24 0 0 0 0 1 6 11 24 0 0 0 0 1 153 340 14793 4943 17 13 27
250 67 82 68 14 42 32 1175 72 2 58 184 24 17 NA 17 NA 4 72 1 4 13 24 0 0 0 0 1 4 13 24 0 0 0 0 1 167 340 14852 4942 14 17 27
251 62 86 72 14 42 34 1174 65 3 61 184 24 17 NA 17 NA 9 65 0 4 14 24 0 0 0 0 0 4 14 24 0 0 0 0 6 138 344 14911 4939 15 18 28
252 78 87 72 15 42 35 1165 66 5 60 181 25 17 NA 17 NA 8 66 0 4 15 23 0 0 0 0 0 4 15 23 0 0 0 0 1 144 347 14983 4940 14 18 28
253 72 88 73 15 43 38 1160 61 5 60 179 26 17 NA 17 NA 10 61 0 5 14 24 0 0 0 0 0 5 14 24 0 0 0 0 2 123 349 15034 4940 14 17 29
254 86 92 77 15 41 33 1155 71 8 58 185 23.5 17 NA 17 NA 5 71 0 5 12 24 0 0 0 0 0 5 12 24 0 0 0 0 2 153 350 15106 4942 12 17 29
255 63 94 78 16 41 37 1114 77 6 57 178 22.5 17 NA 17 NA 10 77 0 5 12 24 0 0 0 0 0 5 12 24 0 0 0 0 1 123 350 15177 4943 11 18 28
256 75 97 81 16 43 37 1127 63 9 60 187 21 17 NA 17 NA 9 63 0 6 13 24 0 0 0 0 0 6 13 24 0 0 0 0 1 145 352 15228 4940 13 19 28
257 63 98 81 17 41 37 1153 62 11 60 193 18.5 17 NA 17 NA 10 62 0 7 11 23 0 0 0 0 0 7 11 23 0 0 0 0 2 171 352 15297 4940 15 18 27
258 83 101 83 18 43 38 1117 81 10 62 176 19 17 NA 17 NA 10 81 0 9 10 24 0 0 0 0 0 9 10 24 0 0 0 0 2 142 353 15377 4938 18 16 28
259 80 101 83 18 41 36 1102 66 7 61 184 15 17 NA 17 NA 8 66 0 7 12 22 0 0 0 0 0 7 12 22 0 0 0 0 1 148 356 15453 4939 17 18 26
260 74 98 79 19 41 30 1116 64 7 59 172 16 16 NA 16 NA 5 64 0 10 9 22 0 0 0 0 0 10 9 22 0 0 0 0 1 155 359 15516 4941 18 15 26
261 62 100 81 19 43 27 1108 59 10 61 169 16.5 17 NA 17 NA 7 59 0 11 10 22 0 0 0 0 0 11 10 22 0 0 0 0 1 128 360 15575 4939 20 15 26
262 88 102 83 19 42 29 1084 69 5 62 167 16.5 16.5 NA 16.5 NA 9 69 0 12 7 23 0 0 0 0 0 12 7 23 0 0 0 0 1 148 363 15653 4938 22 13 27
263 83 105 86 19 41 29 1085 60 6 67 159 16 16 NA 16 NA 8 60 0 7 10 24 0 0 0 0 0 7 10 24 0 0 0 0 1 134 365 15708 4933 23 14 30
264 65 103 85 18 39 30 1086 82 10 64 160 16 16 NA 16 NA 12 82 1 7 10 21 0 0 0 0 1 7 10 21 0 0 0 0 0 171 367 15775 4936 24 13 27
265 92 103 85 18 40 28 1104 66 7 65 152 16 16 NA 16 NA 6 66 2 7 10 21 0 0 0 0 2 7 10 21 0 0 0 0 0 140 367 15811 4935 26 13 26
266 63 105 86 19 43 32 1110 65 5 70 157 17 16 NA 16 NA 8 65 3 9 9 22 0 0 0 0 3 9 9 22 0 0 0 0 3 146 367 15871 4930 31 11 28
267 85 103 84 19 42 30 1123 74 8 71 162 18 16 NA 16 NA 7 74 3 9 9 21 0 0 0 0 3 9 9 21 0 0 0 0 0 154 368 15924 4929 33 10 28
268 87 104 85 19 44 31 1109 72 7 74 150 18.5 16 NA 16 NA 9 72 4 7 11 22 0 0 0 0 4 7 11 22 0 0 0 0 1 147 369 15988 4926 33 12 29
269 68 102 84 18 46 32 1104 73 9 74 143 18.5 15.5 NA 15.5 NA 9 73 5 7 11 23 0 0 0 0 5 7 11 23 0 0 0 0 1 156 369 16058 4926 32 14 28
270 97 105 87 18 44 36 1103 79 2 76 145 19 15.5 NA 15.5 NA 8 79 4 6 12 22 0 0 0 0 4 6 12 22 0 0 0 0 2 159 370 16117 4924 33 16 27
271 70 106 88 18 48 42 1100 75 9 78 150 20 15 NA 15 NA 11 75 4 9 12 23 0 0 0 0 4 9 12 23 0 0 0 0 2 140 370 16168 4922 34 16 28
272 75 105 87 18 48 43 1091 56 6 78 147 21 15 NA 15 NA 8 56 3 9 13 23 0 0 0 0 3 9 13 23 0 0 0 0 1 128 371 16231 4922 33 17 28
273 70 106 87 19 49 38 1103 58 11 78 146 22 16 NA 16 NA 4 58 2 10 14 23 0 0 0 0 2 10 14 23 0 0 0 0 2 133 371 16281 4922 31 19 28
274 84 107 87 20 48 42 1101 75 7 77 144 20 16 NA 16 NA 12 75 2 11 15 20 0 0 0 0 2 11 15 20 0 0 0 0 2 157 373 16346 4923 32 20 25
275 80 104 86 18 49 41 1120 56 6 77 151 21 16 NA 16 NA 5 56 2 10 12 25 0 0 0 0 2 10 12 25 0 0 0 0 2 141 374 16396 4923 28 19 30
276 81 104 87 17 47 38 1087 70 9 75 145 22 16 NA 16 NA 8 70 2 11 11 23 0 0 0 0 2 11 11 23 0 0 0 0 3 127 377 16464 4925 28 19 28
277 85 106 86 20 49 35 1104 63 8 75 145 21.5 16 NA 16 NA 7 63 1 15 10 23 0 0 0 0 1 15 10 23 0 0 0 0 1 155 379 16517 4925 29 19 27
278 69 104 84 20 49 32 1101 67 7 77 138 22 16 NA 16 NA 2 67 0 16 12 21 0 0 0 0 0 16 12 21 0 0 0 0 0 149 379 16579 4923 28 24 25
279 81 104 84 20 48 35 1098 71 0 75 149 23 16 NA 16 NA 4 71 0 15 12 21 0 0 0 0 0 15 12 21 0 0 0 0 0 153 380 16643 4925 25 25 25
280 55 103 83 20 50 32 1117 58 9 75 155 24 16 NA 16 NA 8 58 1 15 11 23 0 0 0 0 1 15 11 23 0 0 0 0 0 145 384 16700 4925 23 25 27
281 68 103 83 20 50 31 1128 63 5 74 154 24 16 NA 16 NA 4 63 1 12 12 25 0 0 0 0 1 12 12 25 0 0 0 0 2 144 385 16755 4926 21 25 28
282 73 103 83 20 48 37 1146 60 1 75 162 24 16 NA 16 NA 7 60 0 12 14 22 0 0 0 0 0 12 14 22 0 0 0 0 2 165 386 16820 4925 22 27 26
283 82 105 85 20 48 38 1168 57 6 75 167 24 16 NA 16 NA 9 57 0 12 14 22 0 0 0 0 0 12 14 22 0 0 0 0 1 154 387 16877 4925 22 27 26
284 80 105 86 19 46 33 1157 70 5 74 173 23 16.5 NA 16.5 NA 5 70 0 11 13 22 0 0 0 0 0 11 13 22 0 0 0 0 1 143 391 16941 4926 22 26 26
285 85 108 88 20 48 36 1132 74 3 77 168 22.5 17 NA 17 NA 9 74 0 10 15 23 0 0 0 0 0 10 15 23 0 0 0 0 2 133 393 16997 4923 24 26 27
286 88 115 96 19 47 40 1104 70 7 79 172 21 17 NA 17 NA 11 70 1 9 15 22 0 0 0 0 1 9 15 22 0 0 0 0 5 132 393 17062 4921 27 25 27
287 79 115 96 19 46 35 1089 59 7 76 165 21 17 NA 17 NA 6 59 1 6 15 24 0 0 0 0 1 6 15 24 0 0 0 0 2 128 396 17126 4924 23 24 29
288 83 114 96 18 46 36 1116 70 9 77 175 21 16.5 NA 16.5 NA 9 70 1 8 15 22 0 0 0 0 1 8 15 22 0 0 0 0 1 159 397 17173 4923 26 23 28
289 66 113 97 16 48 31 1120 68 6 80 185 23 16.5 NA 16.5 NA 3 68 2 6 18 22 0 0 0 0 2 6 18 22 0 0 0 0 2 157 400 17243 4920 27 25 28
290 69 112 96 16 49 29 1119 64 6 78 179 21.5 16 NA 16 NA 5 64 3 4 18 24 0 0 0 0 3 4 18 24 0 0 0 0 0 153 401 17315 4922 23 24 31
291 69 110 94 16 49 36 1099 74 5 78 162 22.5 16 NA 16 NA 12 74 3 4 17 25 0 0 0 0 3 4 17 25 0 0 0 0 1 145 401 17394 4922 24 22 32
292 76 107 91 16 47 38 1113 77 4 75 154 23 16 NA 16 NA 6 77 2 5 15 25 0 0 0 0 2 5 15 25 0 0 0 0 1 152 401 17442 4925 22 20 33
293 63 104 89 15 47 32 1117 71 10 74 157 23.5 16 NA 16 NA 7 71 3 6 12 26 0 0 0 0 3 6 12 26 0 0 0 0 0 152 404 17504 4926 22 17 35
294 80 103 90 13 44 28 1079 72 6 73 144 23 16 NA 16 NA 4 72 3 5 12 24 0 0 0 0 3 5 12 24 0 0 0 0 0 140 406 17581 4927 22 17 34
295 68 105 93 12 47 30 1080 71 7 75 155 23 16 NA 16 NA 9 71 4 7 12 24 0 0 0 0 4 7 12 24 0 0 0 0 1 150 407 17642 4925 23 18 34
296 93 101 89 12 45 35 1102 81 4 72 161 23 16 NA 16 NA 9 81 3 7 13 22 0 0 0 0 3 7 13 22 0 0 0 0 1 174 409 17687 4928 23 19 30
297 68 100 89 11 47 30 1117 63 14 74 167 23.5 16 NA 16 NA 7 63 3 8 14 22 0 0 0 0 3 8 14 22 0 0 0 0 1 141 409 17734 4926 24 21 29
298 72 99 88 11 49 27 1107 76 8 80 175 24 16 NA 16 NA 8 76 1 10 15 23 0 0 0 0 1 10 15 23 0 0 0 0 1 143 412 17792 4920 29 22 29
299 78 101 90 11 49 29 1107 73 5 80 170 23 16 NA 16 NA 7 73 1 10 12 26 0 0 0 0 1 10 12 26 0 0 0 0 4 138 413 17847 4920 31 18 31
300 80 98 89 9 49 31 1109 72 7 78 169 24 17 NA 17 NA 9 72 1 11 12 25 0 0 0 0 1 11 12 25 0 0 0 0 0 144 414 17903 4922 28 20 30
301 71 102 90 12 49 29 1120 59 4 79 172 24 17 NA 17 NA 5 59 1 10 11 27 0 0 0 0 1 10 11 27 0 0 0 0 1 159 417 17978 4921 27 20 32
302 70 101 89 12 49 24 1131 53 6 79 174 25 17 NA 17 NA 2 53 2 10 7 30 0 0 0 0 2 10 7 30 0 0 0 0 0 158 418 18052 4921 28 16 35
303 74 101 90 11 49 31 1123 71 4 79 174 24 17 NA 17 NA 11 71 1 10 9 29 0 0 0 0 1 10 9 29 0 0 0 0 2 148 419 18112 4921 27 18 34
304 73 102 92 10 49 30 1149 54 7 78 188 23 17 NA 17 NA 8 54 1 11 8 29 0 0 0 0 1 11 8 29 0 0 0 0 2 161 422 18173 4922 28 16 34
305 75 102 91 11 49 29 1155 68 8 78 175 23.5 17 NA 17 NA 7 68 1 11 8 29 0 0 0 0 1 11 8 29 0 0 0 0 1 156 423 18231 4922 27 17 34
306 92 102 91 11 47 31 1137 71 6 78 175 23.5 16 NA 16 NA 8 71 1 9 9 28 0 0 0 0 1 9 9 28 0 0 0 0 1 132 423 18286 4922 27 17 34
307 73 101 89 12 49 36 1129 69 9 78 171 25 17 NA 17 NA 11 69 1 8 12 28 0 0 0 0 1 8 12 28 0 0 0 0 1 140 423 18348 4922 24 19 35
308 68 100 88 12 50 36 1140 56 10 75 169 25 17.5 NA 17.5 NA 9 56 1 10 13 26 0 0 0 0 1 10 13 26 0 0 0 0 2 150 424 18412 4925 23 19 33
309 96 101 89 12 52 31 1150 68 8 76 176 26 18 NA 18 NA 3 68 0 10 15 27 0 0 0 0 0 10 15 27 0 0 0 0 1 156 425 18469 4924 20 21 35
310 79 101 89 12 51 33 1140 69 5 74 178 25 19 NA 19 NA 7 69 0 5 19 27 0 0 0 0 0 5 19 27 0 0 0 0 2 142 425 18530 4926 13 26 35
311 79 101 89 12 50 32 1127 64 8 76 180 26 18.5 NA 18.5 NA 8 64 1 4 21 24 0 0 0 0 1 4 21 24 0 0 0 0 0 140 427 18599 4924 15 29 32
312 73 99 87 12 50 29 1131 61 7 71 179 26 19.5 NA 19.5 NA 4 61 1 6 20 23 0 0 0 0 1 6 20 23 0 0 0 0 2 143 430 18659 4929 14 26 31
313 77 100 89 11 52 31 1140 70 3 74 166 27 19.5 NA 19.5 NA 7 70 1 6 21 24 0 0 0 0 1 6 21 24 0 0 0 0 0 173 433 18728 4926 17 25 32
314 75 100 89 11 50 37 1108 75 2 72 171 27.5 19.5 NA 19.5 NA 10 75 1 6 21 22 0 0 0 0 1 6 21 22 0 0 0 0 3 130 434 18795 4928 17 25 30
315 65 96 85 11 50 40 1115 68 5 72 182 28 19.5 NA 19.5 NA 10 68 0 7 20 23 0 0 0 0 0 7 20 23 0 0 0 0 0 148 436 18854 4928 19 24 29
316 86 98 87 11 53 32 1110 67 16 72 179 27.5 18 NA 18 NA 9 67 0 11 21 21 0 0 0 0 0 11 21 21 0 0 0 0 1 146 437 18914 4928 20 25 27
317 72 99 88 11 54 28 1127 63 9 72 182 26 17.5 NA 17.5 NA 6 63 1 10 20 23 0 0 0 0 1 10 20 23 0 0 0 0 1 159 439 18976 4928 20 24 28
318 69 100 89 11 54 29 1126 65 3 73 174 26.5 17.5 NA 17.5 NA 5 65 1 9 19 25 0 0 0 0 1 9 19 25 0 0 0 0 1 138 439 19033 4927 20 23 30
319 67 97 86 11 53 28 1131 70 8 71 176 26 17 NA 17 NA 7 70 1 9 17 26 0 0 0 0 1 9 17 26 0 0 0 0 0 157 440 19100 4929 19 22 30
320 55 99 88 11 52 34 1139 78 5 73 173 25 17 NA 17 NA 13 78 1 9 16 26 0 0 0 0 1 9 16 26 0 0 0 0 2 155 442 19158 4927 21 22 30
321 83 97 86 11 51 31 1126 74 8 71 167 26 17 NA 17 NA 6 74 1 8 14 28 0 0 0 0 1 8 14 28 0 0 0 0 0 151 444 19223 4929 19 20 32
322 80 97 87 10 53 34 1127 59 5 73 179 27 17 NA 17 NA 7 59 1 10 9 33 0 0 0 0 1 10 9 33 0 0 0 0 0 138 444 19281 4927 22 13 38
323 78 96 84 12 51 35 1120 79 5 74 177 27.5 17 NA 17 NA 9 79 1 5 11 34 0 0 0 0 1 5 11 34 0 0 0 0 3 150 445 19340 4926 19 15 40
324 68 96 85 11 52 38 1138 65 6 73 181 26 17.5 NA 17.5 NA 8 65 1 7 10 34 0 0 0 0 1 7 10 34 0 0 0 0 1 154 445 19396 4927 20 13 40
325 69 96 83 13 51 34 1125 70 8 73 175 26 18 NA 18 NA 5 70 2 5 11 33 0 0 0 0 2 5 11 33 0 0 0 0 0 141 447 19465 4927 18 16 39
326 86 94 83 11 49 34 1145 70 8 72 188 27 18 NA 18 NA 7 70 0 9 9 31 0 0 0 0 0 9 9 31 0 0 0 0 2 159 448 19520 4928 22 13 37
327 76 93 82 11 48 34 1148 73 7 71 189 28 18.5 NA 18.5 NA 8 73 0 8 8 32 0 0 0 0 0 8 8 32 0 0 0 0 0 161 449 19582 4929 20 13 38
328 80 95 84 11 49 33 1128 80 9 74 185 29 18 NA 18 NA 9 80 0 8 9 32 0 0 0 0 0 8 9 32 0 0 0 0 0 143 451 19638 4926 21 15 38
329 85 94 84 10 48 31 1114 70 5 72 172 28 17.5 NA 17.5 NA 8 70 1 7 9 31 0 0 0 0 1 7 9 31 0 0 0 0 3 140 455 19700 4928 20 15 37
330 86 92 83 9 46 26 1129 61 8 71 168 28 18 NA 18 NA 4 61 1 7 8 30 0 0 0 0 1 7 8 30 0 0 0 0 0 151 455 19760 4929 20 15 36
331 85 95 86 9 48 28 1113 71 6 71 169 27 18 NA 18 NA 8 71 2 8 7 31 0 0 0 0 2 8 7 31 0 0 0 0 2 149 456 19832 4929 20 13 38
332 87 94 87 7 47 25 1104 74 9 72 165 27.5 18 NA 18 NA 9 74 1 7 8 31 0 0 0 0 1 7 8 31 0 0 0 0 1 155 458 19898 4928 20 14 38
333 76 93 87 6 46 28 1106 61 5 69 152 28 18 NA 18 NA 8 61 1 7 7 31 0 0 0 0 1 7 7 31 0 0 0 0 3 145 459 19959 4931 18 13 38
334 79 95 90 5 43 28 1106 64 4 66 151 26 18 NA 18 NA 6 64 1 5 9 28 0 0 0 0 1 5 9 28 0 0 0 0 3 131 462 20005 4934 15 16 35
335 73 96 87 9 45 26 1110 63 8 66 153 25 20 NA 20 NA 7 63 1 6 7 31 0 0 0 0 1 6 7 31 0 0 0 0 1 147 463 20066 4934 15 14 37
336 73 92 84 8 45 33 1085 74 2 65 142 26 20 NA 20 NA 10 74 0 6 8 31 0 0 0 0 0 6 8 31 0 0 0 0 0 137 464 20132 4935 15 15 35
337 90 91 83 8 42 31 1092 61 7 62 145 26 20.5 NA 20.5 NA 6 61 0 6 8 28 0 0 0 0 0 6 8 28 0 0 0 0 0 147 465 20193 4938 13 15 34
338 73 94 84 10 41 34 1096 74 4 63 159 25 21 NA 21 NA 8 74 0 3 11 27 0 0 0 0 0 3 11 27 0 0 0 0 2 160 466 20256 4937 11 19 33
339 73 92 82 10 42 37 1112 59 7 61 175 25.5 20 NA 20 NA 11 59 1 4 11 26 0 0 0 0 1 4 11 26 0 0 0 0 0 149 467 20312 4939 11 19 31
340 91 93 81 12 43 41 1108 67 5 62 182 26 20 NA 20 NA 8 67 1 4 10 28 0 0 0 0 1 4 10 28 0 0 0 0 0 137 467 20366 4938 13 17 32
341 63 94 82 12 44 41 1124 59 6 65 186 27 20.5 NA 20.5 NA 8 59 1 3 11 29 0 0 0 0 1 3 11 29 0 0 0 0 1 147 470 20428 4935 15 17 33
342 79 96 84 12 46 40 1116 68 11 63 189 24.5 20 NA 20 NA 9 68 2 4 12 28 0 0 0 0 2 4 12 28 0 0 0 0 2 144 470 20497 4937 14 16 33
343 73 98 86 12 46 50 1113 73 6 66 186 24 20 NA 20 NA 16 73 2 4 11 29 0 0 0 0 2 4 11 29 0 0 0 0 1 146 470 20557 4934 17 15 34
344 80 97 86 11 45 49 1092 64 10 67 179 24 20 NA 20 NA 11 64 2 3 10 30 0 0 0 0 2 3 10 30 0 0 0 0 1 116 472 20616 4933 17 15 35
345 52 97 86 11 44 50 1090 63 6 68 173 25 20 NA 20 NA 9 63 1 4 10 29 0 0 0 0 1 4 10 29 0 0 0 0 2 142 475 20682 4932 19 15 34
346 82 102 91 11 45 49 1085 69 10 74 170 22.5 20 NA 20 NA 10 69 0 6 7 32 0 0 0 0 0 6 7 32 0 0 0 0 3 146 476 20742 4926 24 13 37
347 71 100 89 11 45 49 1075 75 10 77 165 23 19 NA 19 NA 12 75 0 7 7 31 0 0 0 0 0 7 7 31 0 0 0 0 2 136 477 20803 4923 28 12 37
348 65 103 92 11 45 41 1090 66 11 76 172 22 19 NA 19 NA 9 66 0 5 8 32 0 0 0 0 0 5 8 32 0 0 0 0 4 157 480 20867 4924 25 14 37
349 86 104 93 11 45 37 1098 60 7 77 167 22 19 NA 19 NA 4 60 0 5 8 32 0 0 0 0 0 5 8 32 0 0 0 0 2 152 481 20928 4923 27 12 38
350 78 103 91 12 47 33 1107 55 10 77 161 22 19 NA 19 NA 5 55 0 7 6 34 0 0 0 0 0 7 6 34 0 0 0 0 0 147 483 20996 4923 27 10 40
351 79 102 89 13 44 39 1134 64 2 74 171 21 19 NA 19 NA 9 64 0 7 5 32 0 0 0 0 0 7 5 32 0 0 0 0 1 171 484 21058 4926 27 9 38
352 78 100 88 12 42 40 1156 74 8 73 177 20.5 19 NA 19 NA 11 74 0 7 6 29 0 0 0 0 0 7 6 29 0 0 0 0 2 165 487 21112 4927 28 11 34
353 72 100 86 14 43 39 1136 73 9 72 185 20.5 19 NA 19 NA 8 73 0 9 6 28 0 0 0 0 0 9 6 28 0 0 0 0 0 144 487 21180 4928 27 12 33
354 71 99 85 14 45 38 1135 84 10 73 171 22 18 NA 18 NA 12 84 1 10 6 28 0 0 0 0 1 10 6 28 0 0 0 0 1 158 489 21239 4927 28 11 34
355 80 99 85 14 44 41 1120 72 5 72 173 22 18 NA 18 NA 8 72 1 9 7 27 0 0 0 0 1 9 7 27 0 0 0 0 1 141 489 21306 4928 25 14 33
356 77 103 89 14 44 34 1129 67 12 72 165 22 18 NA 18 NA 7 67 1 8 7 28 0 0 0 0 1 8 7 28 0 0 0 0 3 141 491 21348 4928 23 14 35
357 69 100 86 14 45 33 1134 63 6 71 163 23 18 NA 18 NA 8 63 1 8 9 27 0 0 0 0 1 8 9 27 0 0 0 0 0 142 494 21407 4929 22 16 33
358 70 98 86 12 48 35 1137 73 6 74 162 24.5 18 NA 18 NA 10 73 1 5 15 27 0 0 0 0 1 5 15 27 0 0 0 0 1 156 497 21466 4926 19 21 34
359 109 100 88 12 51 34 1141 61 9 76 165 25 17 NA 17 NA 6 61 1 6 16 28 0 0 0 0 1 6 16 28 0 0 0 0 2 147 499 21525 4924 17 24 35
360 80 100 88 12 51 33 1133 64 7 79 156 26 17 NA 17 NA 7 64 0 8 14 29 0 0 0 0 0 8 14 29 0 0 0 0 0 143 500 21591 4921 21 22 36
