1 73 98 82 16 46 26 1229 61 10 74 26 25.5 18 NA 18 NA 2 61 1 5 17 23 0 0 0 0 1 5 17 23 0 0 0 0 3 139 0 0 4926 19 25 30
2 92 97 81 16 47 21 1290 59 11 73 51 26 18 NA 18 NA 3 59 1 6 16 24 0 0 0 0 1 6 16 24 0 0 0 0 0 149 0 0 4927 19 24 30
3 76 93 77 16 46 29 1335 75 2 72 82 27 18 NA 18 NA 9 75 1 7 15 23 0 0 0 0 1 7 15 23 0 0 0 0 0 144 0 0 4928 19 23 30
4 79 94 78 16 47 34 1376 86 5 74 99 27.5 18 NA 18 NA 9 86 1 7 15 24 0 0 0 0 1 7 15 24 0 0 0 0 0 150 0 0 4926 20 23 31
5 75 91 77 14 48 32 1427 66 7 73 109 28 18 NA 18 NA 3 66 1 10 15 22 0 0 0 0 1 10 15 22 0 0 0 0 1 140 0 0 4927 21 23 29
6 90 90 76 14 46 36 1455 70 6 69 116 28.5 18 NA 18 NA 10 70 0 8 17 21 0 0 0 0 0 8 17 21 0 0 0 0 2 131 0 0 4931 18 23 28
7 69 90 78 12 46 37 1453 88 7 68 121 28.5 17.5 NA 17.5 NA 8 88 0 9 14 23 0 0 0 0 0 9 14 23 0 0 0 0 1 107 0 0 4932 17 21 30
8 78 91 80 11 46 41 1490 85 10 67 130 29 18 NA 18 NA 13 85 0 7 15 24 0 0 0 0 0 7 15 24 0 0 0 0 3 144 0 0 4933 14 22 31
9 78 92 80 12 48 42 1529 78 10 67 145 29.5 18 NA 18 NA 9 78 0 9 14 25 0 0 0 0 0 9 14 25 0 0 0 0 3 143 0 0 4933 14 22 31
10 71 91 79 12 48 50 1547 64 6 72 157 30 18 NA 18 NA 13 64 0 7 15 26 0 0 0 0 0 7 15 26 0 0 0 0 0 112 0 0 4928 18 21 33
11 86 91 79 12 48 49 1556 88 9 73 157 29 18 NA 18 NA 10 88 0 5 15 28 0 0 0 0 0 5 15 28 0 0 0 0 1 120 0 0 4927 17 21 35
12 74 92 80 12 48 54 1580 91 8 73 155 30 18 NA 18 NA 13 91 0 4 13 31 0 0 0 0 0 4 13 31 0 0 0 0 0 142 0 0 4927 16 19 38
13 76 88 78 10 46 42 1039 74 11 70 154 29.5 18 NA 18 NA 7 74 0 5 11 30 0 0 0 0 0 5 11 30 0 0 0 0 0 145 10 595 4930 17 16 37
14 66 90 79 11 46 39 1033 64 8 71 151 30 18 NA 18 NA 6 64 0 4 11 31 0 0 0 0 0 4 11 31 0 0 0 0 2 142 11 660 4929 17 16 38
15 80 92 81 11 47 34 1040 55 10 71 154 30.5 18 NA 18 NA 7 55 0 4 11 32 0 0 0 0 0 4 11 32 0 0 0 0 0 136 13 717 4929 15 16 40
16 68 93 81 12 48 36 1058 66 5 71 161 31 18 NA 18 NA 9 66 0 4 11 33 0 0 0 0 0 4 11 33 0 0 0 0 2 168 15 778 4929 14 16 41
17 65 95 84 11 49 38 1062 67 10 71 159 31 18 NA 18 NA 12 67 0 5 10 34 0 0 0 0 0 5 10 34 0 0 0 0 2 141 16 838 4929 15 15 41
18 80 96 85 11 50 42 1081 53 6 75 165 31.5 18 NA 18 NA 11 53 0 5 9 36 0 0 0 0 0 5 9 36 0 0 0 0 1 149 17 897 4925 18 14 43
19 78 96 84 12 51 43 1085 77 8 75 155 32 18 NA 18 NA 10 77 0 6 10 35 0 0 0 0 0 6 10 35 0 0 0 0 1 143 19 943 4925 20 13 42
20 76 95 83 12 50 41 1093 67 9 76 150 33 18 NA 18 NA 7 67 0 5 9 36 0 0 0 0 0 5 9 36 0 0 0 0 0 153 19 1003 4924 21 12 43
21 76 99 84 15 51 43 1073 65 6 77 144 30 18 NA 18 NA 7 65 0 6 10 35 0 0 0 0 0 6 10 35 0 0 0 0 3 136 21 1070 4923 22 12 43
22 75 97 82 15 51 42 1104 67 10 74 148 31 18 NA 18 NA 9 67 0 5 11 35 0 0 0 0 0 5 11 35 0 0 0 0 0 153 22 1107 4926 16 16 42
23 69 99 85 14 52 41 1124 74 9 74 149 29 18 NA 18 NA 11 74 1 5 9 37 0 0 0 0 1 5 9 37 0 0 0 0 1 150 25 1149 4926 15 15 44
24 62 98 84 14 52 37 1150 70 13 72 164 27.5 18 NA 18 NA 9 70 1 6 9 36 0 0 0 0 1 6 9 36 0 0 0 0 1 171 27 1212 4928 15 14 43
25 67 99 84 15 53 36 1166 74 8 72 158 27 18 NA 18 NA 10 74 1 8 9 35 0 0 0 0 1 8 9 35 0 0 0 0 2 158 32 1265 4928 16 14 42
26 79 102 86 16 53 31 1177 72 8 74 158 28 18 NA 18 NA 4 72 0 9 8 36 0 0 0 0 0 9 8 36 0 0 0 0 3 156 33 1321 4926 18 13 43
27 92 102 85 17 49 32 1186 60 6 72 169 28.5 18 NA 18 NA 7 60 0 8 6 35 0 0 0 0 0 8 6 35 0 0 0 0 3 161 33 1388 4928 19 11 42
28 81 97 80 17 47 30 1187 65 6 67 172 22 18 NA 18 NA 4 65 0 8 7 32 0 0 0 0 0 8 7 32 0 0 0 0 1 147 35 1450 4933 20 11 36
29 74 96 79 17 45 34 1176 80 2 68 163 23 18 NA 18 NA 8 80 0 7 7 31 0 0 0 0 0 7 7 31 0 0 0 0 0 138 37 1503 4932 22 11 35
30 89 96 79 17 45 29 1191 56 7 68 165 23.5 18 NA 18 NA 5 56 0 6 8 31 0 0 0 0 0 6 8 31 0 0 0 0 1 159 40 1569 4932 20 13 35
31 77 97 79 18 46 30 1171 68 5 68 186 24 18 NA 18 NA 8 68 0 6 9 31 0 0 0 0 0 6 9 31 0 0 0 0 2 136 42 1636 4932 19 15 34
32 76 93 76 17 43 29 1155 72 6 61 170 23 18 NA 18 NA 7 72 0 4 10 29 0 0 0 0 0 4 10 29 0 0 0 0 3 137 45 1702 4939 15 16 30
33 85 97 79 18 43 26 1164 64 6 65 183 21 18 NA 18 NA 4 64 0 4 10 29 0 0 0 0 0 4 10 29 0 0 0 0 3 149 46 1759 4935 18 16 31
34 71 97 80 17 46 32 1148 66 6 64 175 20 17.5 NA 17.5 NA 10 66 1 7 6 32 0 0 0 0 1 7 6 32 0 0 0 0 1 122 47 1818 4936 19 10 35
35 71 97 80 17 45 37 1126 67 9 66 172 20 17 NA 17 NA 14 67 1 7 5 32 0 0 0 0 1 7 5 32 0 0 0 0 1 138 47 1892 4934 22 9 35
36 63 100 83 17 46 35 1098 64 9 67 160 19.5 17 NA 17 NA 7 64 1 7 7 31 0 0 0 0 1 7 7 31 0 0 0 0 3 122 48 1961 4933 23 10 34
37 85 100 84 16 46 26 1093 60 12 64 161 19 17 NA 17 NA 6 60 1 10 7 28 0 0 0 0 1 10 7 28 0 0 0 0 2 145 52 2033 4936 22 11 31
38 81 101 85 16 44 26 1099 71 5 65 159 17 17 NA 17 NA 5 71 1 9 8 26 0 0 0 0 1 9 8 26 0 0 0 0 1 162 52 2101 4935 24 12 29
39 75 101 85 16 42 30 1095 76 5 64 160 17 17 NA 17 NA 8 76 1 7 10 24 0 0 0 0 1 7 10 24 0 0 0 0 2 156 53 2171 4936 23 14 27
40 70 104 88 16 44 31 1090 64 8 64 161 17 17 NA 17 NA 10 64 1 9 10 24 0 0 0 0 1 9 10 24 0 0 0 0 3 141 55 2231 4936 23 14 27
41 52 102 86 16 42 35 1108 56 5 63 159 17.5 17 NA 17 NA 8 56 1 9 9 23 0 0 0 0 1 9 9 23 0 0 0 0 1 149 55 2294 4937 22 15 26
42 71 105 90 15 43 32 1102 61 9 63 160 17 17 NA 17 NA 7 61 0 12 7 24 0 0 0 0 0 12 7 24 0 0 0 0 4 139 57 2359 4937 23 13 27
43 81 104 91 13 42 29 1093 70 6 65 147 17.5 17 NA 17 NA 3 70 0 11 8 23 0 0 0 0 0 11 8 23 0 0 0 0 2 137 57 2413 4935 25 12 28
44 69 104 91 13 42 29 1104 60 4 65 151 17.5 16.5 NA 16.5 NA 4 60 0 11 8 23 0 0 0 0 0 11 8 23 0 0 0 0 3 145 58 2475 4935 27 11 27
45 72 105 91 14 44 31 1115 58 4 69 160 18 16 NA 16 NA 6 58 0 11 10 23 0 0 0 0 0 11 10 23 0 0 0 0 3 154 59 2539 4931 28 14 27
46 68 107 93 14 44 35 1102 66 1 71 154 19 16 NA 16 NA 5 66 0 11 10 23 0 0 0 0 0 11 10 23 0 0 0 0 2 129 59 2595 4929 29 15 27
47 74 107 93 14 45 34 1118 69 7 72 153 19 16 NA 16 NA 7 69 0 9 12 24 0 0 0 0 0 9 12 24 0 0 0 0 1 155 61 2646 4928 26 18 28
48 72 105 92 13 47 42 1137 75 5 75 163 20 16 NA 16 NA 13 75 0 10 13 24 0 0 0 0 0 10 13 24 0 0 0 0 0 173 64 2701 4925 28 19 28
49 91 106 93 13 45 48 1116 72 6 74 158 18.5 16 NA 16 NA 15 72 0 9 13 23 0 0 0 0 0 9 13 23 0 0 0 0 1 132 65 2760 4926 29 19 26
50 71 104 92 12 46 51 1094 60 10 74 154 19.5 16 NA 16 NA 16 60 0 10 12 24 0 0 0 0 0 10 12 24 0 0 0 0 0 133 67 2832 4926 28 20 26
51 72 100 89 11 46 49 1077 75 14 72 151 20 16.5 NA 16.5 NA 12 75 0 10 12 24 0 0 0 0 0 10 12 24 0 0 0 0 0 137 69 2896 4928 27 19 26
52 79 98 87 11 49 43 1085 73 12 76 154 21.5 16 NA 16 NA 6 73 2 11 12 24 0 0 0 0 2 11 12 24 0 0 0 0 0 167 70 2961 4924 30 20 26
53 68 97 86 11 52 32 1088 62 14 76 151 22 16.5 NA 16.5 NA 5 62 2 12 14 24 0 0 0 0 2 12 14 24 0 0 0 0 0 138 73 3024 4924 29 19 28
54 74 97 85 12 52 33 1085 60 4 77 153 23 17 NA 17 NA 6 60 1 11 15 25 0 0 0 0 1 11 15 25 0 0 0 0 2 128 73 3078 4923 30 19 28
55 89 100 88 12 54 34 1106 64 5 79 158 24 17 NA 17 NA 8 64 1 9 18 26 0 0 0 0 1 9 18 26 0 0 0 0 1 165 75 3139 4921 28 22 29
56 63 104 90 14 54 35 1103 65 5 81 162 24 17 NA 17 NA 6 65 1 7 19 27 0 0 0 0 1 7 19 27 0 0 0 0 5 134 75 3201 4919 27 24 30
57 80 101 87 14 51 42 1092 79 9 78 158 24 17 NA 17 NA 14 79 1 7 17 26 0 0 0 0 1 7 17 26 0 0 0 0 2 142 75 3262 4922 26 22 30
58 73 99 86 13 51 45 1093 81 11 77 162 25 17 NA 17 NA 15 81 1 7 18 25 0 0 0 0 1 7 18 25 0 0 0 0 1 158 77 3321 4923 25 22 30
59 80 103 90 13 53 43 1097 67 11 78 151 25 17 NA 17 NA 10 67 2 7 17 27 0 0 0 0 2 7 17 27 0 0 0 0 2 153 77 3388 4922 25 21 32
60 84 107 94 13 56 35 1085 54 13 79 154 24 18 NA 18 NA 6 54 2 5 20 29 0 0 0 0 2 5 20 29 0 0 0 0 2 133 79 3460 4921 23 22 34
61 70 108 93 15 57 34 1098 58 8 81 163 25 18 NA 18 NA 8 58 1 6 20 30 0 0 0 0 1 6 20 30 0 0 0 0 2 141 80 3509 4919 23 23 35
62 79 109 93 16 57 43 1103 75 4 81 170 26 18 NA 18 NA 14 75 0 7 20 30 0 0 0 0 0 7 20 30 0 0 0 0 1 154 82 3557 4919 22 24 35
63 71 106 89 17 53 41 1102 73 8 77 166 25.5 19 NA 19 NA 8 73 0 6 19 28 0 0 0 0 0 6 19 28 0 0 0 0 1 142 85 3610 4923 20 24 33
64 88 106 89 17 53 39 1110 56 11 75 180 25.5 20 NA 20 NA 8 56 0 5 21 27 0 0 0 0 0 5 21 27 0 0 0 0 1 149 85 3669 4925 16 27 32
65 77 104 89 15 50 40 1119 66 7 70 187 25 20.5 NA 20.5 NA 12 66 0 5 18 27 0 0 0 0 0 5 18 27 0 0 0 0 2 150 87 3727 4930 15 24 31
66 65 105 90 15 50 37 1116 65 6 71 191 26 19.5 NA 19.5 NA 5 65 1 5 16 28 0 0 0 0 1 5 16 28 0 0 0 0 0 140 89 3786 4929 16 23 32
67 71 106 91 15 49 37 1096 72 7 74 195 25.5 19 NA 19 NA 8 72 0 6 14 29 0 0 0 0 0 6 14 29 0 0 0 0 2 139 90 3854 4926 18 23 33
68 63 107 92 15 48 40 1096 75 4 77 184 25 19.5 NA 19.5 NA 7 75 0 5 14 29 0 0 0 0 0 5 14 29 0 0 0 0 1 147 91 3908 4923 21 23 33
69 77 110 95 15 50 31 1104 73 14 79 175 24.5 18.5 NA 18.5 NA 7 73 1 6 13 30 0 0 0 0 1 6 13 30 0 0 0 0 2 149 91 3960 4921 21 23 35
70 81 111 97 14 53 36 1061 86 6 79 159 25 18 NA 18 NA 13 86 1 8 13 31 0 0 0 0 1 8 13 31 0 0 0 0 1 132 93 4033 4921 20 24 35
71 76 112 97 15 51 33 1062 66 7 79 155 23.5 18 NA 18 NA 6 66 2 8 13 28 0 0 0 0 2 8 13 28 0 0 0 0 4 148 95 4098 4921 23 24 32
72 67 115 100 15 52 33 1059 70 10 83 149 23 18 NA 18 NA 8 70 2 7 13 30 0 0 0 0 2 7 13 30 0 0 0 0 1 146 95 4154 4917 26 23 34
73 74 116 100 16 52 37 1059 73 6 84 163 23.5 19 NA 19 NA 10 73 2 6 14 30 0 0 0 0 2 6 14 30 0 0 0 0 1 149 95 4209 4916 26 23 35
74 80 109 96 13 48 36 1072 79 7 80 164 20 22 NA 22 NA 10 79 1 7 13 27 0 0 0 0 1 7 13 27 0 0 0 0 1 171 99 4270 4920 26 21 33
75 86 110 96 14 49 33 1097 64 6 79 174 20.5 21 NA 21 NA 3 64 1 8 11 29 0 0 0 0 1 8 11 29 0 0 0 0 3 161 100 4325 4921 26 19 34
76 84 111 98 13 49 36 1115 81 6 78 170 21 23 NA 23 NA 8 81 1 8 8 32 0 0 0 0 1 8 8 32 0 0 0 0 2 177 102 4384 4922 26 15 37
77 74 107 94 13 47 39 1109 71 6 77 169 21 21 NA 21 NA 10 71 1 9 7 30 0 0 0 0 1 9 7 30 0 0 0 0 0 140 104 4437 4923 29 13 35
78 80 106 93 13 46 37 1095 75 7 77 164 22 21.5 NA 21.5 NA 7 75 0 10 7 29 0 0 0 0 0 10 7 29 0 0 0 0 1 145 107 4492 4923 30 13 34
79 89 105 92 13 47 37 1119 69 10 76 167 22 22 NA 22 NA 9 69 0 10 8 29 0 0 0 0 0 10 8 29 0 0 0 0 1 163 107 4545 4924 29 13 34
80 85 102 87 15 46 33 1128 70 9 71 167 21 21.5 NA 21.5 NA 4 70 0 11 7 28 0 0 0 0 0 11 7 28 0 0 0 0 1 166 107 4611 4929 25 12 34
81 64 102 87 15 48 31 1160 69 12 74 182 22 21 NA 21 NA 9 69 0 11 8 29 0 0 0 0 0 11 8 29 0 0 0 0 2 174 108 4669 4926 26 12 36
82 83 102 88 14 49 35 1176 62 6 71 187 22 21 NA 21 NA 11 62 1 10 10 28 0 0 0 0 1 10 10 28 0 0 0 0 4 147 109 4719 4929 25 11 35
83 82 104 89 15 51 26 1148 75 11 74 167 23 20 NA 20 NA 4 75 3 7 13 28 0 0 0 0 3 7 13 28 0 0 0 0 3 127 112 4783 4926 24 15 35
84 49 105 89 16 52 29 1173 75 2 76 167 24 20 NA 20 NA 5 75 2 9 12 29 0 0 0 0 2 9 12 29 0 0 0 0 2 159 113 4830 4924 23 17 36
85 77 103 88 15 51 38 1153 69 2 77 174 25 20 NA 20 NA 13 69 2 7 13 29 0 0 0 0 2 7 13 29 0 0 0 0 0 127 114 4886 4923 23 17 37
86 61 103 88 15 51 32 1158 66 8 77 167 25 20 NA 20 NA 4 66 1 9 12 29 0 0 0 0 1 9 12 29 0 0 0 0 1 155 117 4954 4923 23 17 37
87 64 101 85 16 49 34 1160 59 5 77 163 25 20 NA 20 NA 9 59 1 9 12 27 0 0 0 0 1 9 12 27 0 0 0 0 0 141 119 5020 4923 26 17 34
88 80 104 87 17 51 36 1145 72 7 80 161 23.5 20 NA 20 NA 11 72 1 9 14 27 0 0 0 0 1 9 14 27 0 0 0 0 2 152 121 5092 4920 28 19 33
89 73 103 85 18 49 39 1175 87 10 76 165 24 20 NA 20 NA 11 87 1 8 15 25 0 0 0 0 1 8 15 25 0 0 0 0 1 181 121 5141 4924 24 21 31
90 84 103 85 18 50 36 1193 56 5 77 173 25 19.5 NA 19.5 NA 5 56 1 9 15 25 0 0 0 0 1 9 15 25 0 0 0 0 1 154 123 5194 4923 24 22 31
91 80 99 81 18 49 33 1162 67 11 75 160 24 19 NA 19 NA 7 67 1 10 14 24 0 0 0 0 1 10 14 24 0 0 0 0 0 130 124 5271 4925 24 21 30
92 92 99 81 18 49 39 1143 77 4 77 155 23 19 NA 19 NA 9 77 1 12 12 24 0 0 0 0 1 12 12 24 0 0 0 0 1 141 125 5336 4923 28 19 30
93 80 100 82 18 51 37 1152 58 10 78 154 24 18 NA 18 NA 7 58 1 13 11 26 0 0 0 0 1 13 11 26 0 0 0 0 1 152 125 5403 4922 26 20 32
94 96 97 77 20 51 39 1121 82 5 77 160 25 18 NA 18 NA 9 82 0 15 13 23 0 0 0 0 0 15 13 23 0 0 0 0 1 148 126 5471 4923 27 21 29
95 80 100 79 21 51 35 1099 70 5 79 153 24 17 NA 17 NA 5 70 0 15 11 25 0 0 0 0 0 15 11 25 0 0 0 0 2 134 128 5534 4921 27 21 31
96 71 101 80 21 50 32 1103 55 7 79 148 25 17.5 NA 17.5 NA 6 55 0 13 11 26 0 0 0 0 0 13 11 26 0 0 0 0 2 147 130 5600 4921 25 21 33
97 81 102 81 21 50 38 1136 68 5 77 160 25 17.5 NA 17.5 NA 12 68 0 12 11 27 0 0 0 0 0 12 11 27 0 0 0 0 1 166 132 5651 4923 23 21 33
98 66 100 79 21 51 32 1153 65 12 74 150 25 18 NA 18 NA 6 65 1 11 13 26 0 0 0 0 1 11 13 26 0 0 0 0 0 158 135 5712 4926 22 21 31
99 77 100 81 19 52 31 1166 69 9 71 148 24 17.5 NA 17.5 NA 9 69 1 11 15 25 0 0 0 0 1 11 15 25 0 0 0 0 1 150 137 5762 4929 19 22 30
100 61 101 82 19 51 30 1178 67 7 73 149 25 18 NA 18 NA 6 67 1 8 17 25 0 0 0 0 1 8 17 25 0 0 0 0 1 156 138 5821 4927 18 24 31
101 70 99 80 19 50 32 1157 50 5 73 155 25 17.5 NA 17.5 NA 6 50 0 10 15 25 0 0 0 0 0 10 15 25 0 0 0 0 1 125 138 5903 4927 20 22 31
102 72 100 81 19 48 26 1143 70 8 71 150 25 17.5 NA 17.5 NA 6 70 0 10 16 22 0 0 0 0 0 10 16 22 0 0 0 0 3 140 140 5975 4929 20 22 29
103 87 101 82 19 46 33 1141 78 1 69 164 23 17.5 NA 17.5 NA 9 78 0 10 15 21 0 0 0 0 0 10 15 21 0 0 0 0 1 153 141 6033 4931 19 21 29
104 66 102 84 18 46 34 1145 64 10 69 169 24 17.5 NA 17.5 NA 12 64 0 8 18 20 0 0 0 0 0 8 18 20 0 0 0 0 0 138 143 6089 4931 17 24 28
105 98 105 87 18 47 32 1147 59 6 69 170 24 17 NA 17 NA 7 59 1 6 18 22 0 0 0 0 1 6 18 22 0 0 0 0 4 156 144 6158 4931 16 23 30
106 85 106 89 17 44 37 1132 68 2 68 168 22.5 16 NA 16 NA 9 68 1 4 18 21 0 0 0 0 1 4 18 21 0 0 0 0 3 141 145 6221 4932 16 23 29
107 82 108 91 17 47 36 1121 68 8 71 167 22.5 16 NA 16 NA 8 68 2 5 18 22 0 0 0 0 2 5 18 22 0 0 0 0 1 130 148 6269 4929 18 23 30
108 72 106 90 16 45 37 1126 65 7 71 167 21.5 16 NA 16 NA 8 65 1 5 16 23 0 0 0 0 1 5 16 23 0 0 0 0 1 148 149 6332 4929 20 21 30
109 78 106 90 16 48 38 1120 69 8 73 150 21 16 NA 16 NA 10 69 1 6 16 25 0 0 0 0 1 6 16 25 0 0 0 0 2 161 149 6405 4927 23 20 30
110 72 104 88 16 48 36 1095 76 8 71 148 22 16 NA 16 NA 9 76 3 5 15 25 0 0 0 0 3 5 15 25 0 0 0 0 0 134 152 6472 4929 22 19 30
111 56 108 92 16 52 33 1119 72 11 74 135 22 16 NA 16 NA 6 72 5 6 13 28 0 0 0 0 5 6 13 28 0 0 0 0 2 163 152 6528 4926 24 17 33
112 85 111 94 17 49 39 1119 70 2 73 134 18 15 NA 15 NA 11 70 5 6 10 28 0 0 0 0 5 6 10 28 0 0 0 0 6 157 154 6596 4927 23 16 34
113 74 110 93 17 47 30 1112 72 10 70 132 18 15 NA 15 NA 2 72 5 6 11 25 0 0 0 0 5 6 11 25 0 0 0 0 2 145 155 6656 4930 21 18 31
114 92 110 92 18 49 31 1111 65 5 73 137 19 15 NA 15 NA 7 65 4 9 10 26 0 0 0 0 4 9 10 26 0 0 0 0 1 133 155 6700 4927 23 18 32
115 78 112 94 18 50 36 1119 62 4 76 137 20 15 NA 15 NA 9 62 3 10 11 26 0 0 0 0 3 10 11 26 0 0 0 0 2 137 156 6747 4924 26 18 32
116 78 109 92 17 48 33 1127 56 9 76 136 20 15 NA 15 NA 7 56 2 11 11 24 0 0 0 0 2 11 11 24 0 0 0 0 1 147 157 6806 4924 28 16 32
117 74 107 90 17 49 26 1111 71 8 79 139 22 15 NA 15 NA 3 71 2 11 10 26 0 0 0 0 2 11 10 26 0 0 0 0 0 141 159 6876 4921 30 15 34
118 73 103 87 16 49 26 1118 64 5 76 139 21 15 NA 15 NA 5 64 1 12 8 28 0 0 0 0 1 12 8 28 0 0 0 0 0 148 161 6935 4924 29 14 33
119 84 101 84 17 46 32 1130 64 4 74 142 22 15 NA 15 NA 12 64 1 11 7 27 0 0 0 0 1 11 7 27 0 0 0 0 1 146 163 6985 4926 28 14 32
120 95 105 86 19 47 33 1133 78 10 75 156 21 15 NA 15 NA 10 78 1 10 8 28 0 0 0 0 1 10 8 28 0 0 0 0 2 177 164 7054 4925 27 15 33
121 70 103 84 19 48 28 1119 65 11 74 148 22 15 NA 15 NA 4 65 1 10 10 27 0 0 0 0 1 10 10 27 0 0 0 0 1 132 164 7114 4926 25 17 32
122 89 103 84 19 47 24 1139 64 7 74 154 22 15 NA 15 NA 8 64 1 9 10 27 0 0 0 0 1 9 10 27 0 0 0 0 0 161 168 7171 4926 25 17 32
123 84 102 83 19 49 26 1133 71 10 74 161 22 16 NA 16 NA 11 71 1 11 11 26 0 0 0 0 1 11 11 26 0 0 0 0 1 160 169 7243 4926 25 18 31
124 84 104 86 18 50 23 1174 54 7 80 162 22 16 NA 16 NA 3 54 1 13 10 26 0 0 0 0 1 13 10 26 0 0 0 0 0 172 169 7304 4920 30 17 33
125 57 104 86 18 52 27 1178 60 3 82 165 22.5 16 NA 16 NA 9 60 1 15 8 28 0 0 0 0 1 15 8 28 0 0 0 0 1 150 172 7373 4918 33 14 35
126 81 105 87 18 52 31 1162 81 6 81 165 23 16 NA 16 NA 11 81 1 14 10 27 0 0 0 0 1 14 10 27 0 0 0 0 2 146 172 7437 4919 30 17 34
127 73 107 88 19 54 32 1191 68 12 81 172 22 15 NA 15 NA 9 68 1 17 12 24 0 0 0 0 1 17 12 24 0 0 0 0 5 163 172 7483 4919 30 20 31
128 94 109 90 19 58 23 1171 88 14 81 161 23 16 NA 16 NA 7 88 0 18 16 24 0 0 0 0 0 18 16 24 0 0 0 0 3 161 174 7551 4919 30 21 30
129 74 110 91 19 57 27 1171 67 6 80 169 23 16 NA 16 NA 10 67 0 15 17 25 0 0 0 0 0 15 17 25 0 0 0 0 2 145 174 7611 4920 26 23 31
130 81 113 94 19 57 26 1188 70 7 82 179 23 16 NA 16 NA 5 70 0 13 17 27 0 0 0 0 0 13 17 27 0 0 0 0 0 157 174 7661 4918 26 23 33
131 58 115 95 20 58 31 1209 70 2 82 186 23 16 NA 16 NA 6 70 0 12 18 28 0 0 0 0 0 12 18 28 0 0 0 0 1 176 174 7730 4918 25 23 34
132 80 115 96 19 57 28 1181 73 8 84 185 23 16 NA 16 NA 5 73 0 12 18 27 0 0 0 0 0 12 18 27 0 0 0 0 2 149 174 7808 4916 28 23 33
133 66 119 100 19 57 36 1185 64 2 84 189 22 16 NA 16 NA 12 64 0 12 16 29 0 0 0 0 0 12 16 29 0 0 0 0 1 139 175 7858 4916 26 23 35
134 75 119 99 20 55 36 1165 69 5 83 180 22 16 NA 16 NA 6 69 0 11 15 29 0 0 0 0 0 11 15 29 0 0 0 0 1 143 175 7932 4917 26 22 35
135 63 122 102 20 57 36 1157 71 10 85 166 23 16 NA 16 NA 9 71 0 11 16 30 0 0 0 0 0 11 16 30 0 0 0 0 1 147 176 7997 4915 26 22 37
136 73 120 100 20 55 39 1148 80 6 84 163 24 16 NA 16 NA 10 80 0 8 18 29 0 0 0 0 0 8 18 29 0 0 0 0 2 162 177 8065 4916 22 25 37
137 75 119 99 20 53 37 1150 65 8 83 159 25 16 NA 16 NA 6 65 0 5 21 27 0 0 0 0 0 5 21 27 0 0 0 0 3 141 178 8125 4917 20 28 35
138 79 119 99 20 54 34 1131 75 7 85 162 25 16 NA 16 NA 8 75 0 6 19 29 0 0 0 0 0 6 19 29 0 0 0 0 0 144 181 8192 4915 22 26 37
139 63 120 100 20 56 37 1116 75 6 90 158 26 16 NA 16 NA 10 75 0 6 17 33 0 0 0 0 0 6 17 33 0 0 0 0 0 137 183 8254 4910 25 25 40
140 69 116 97 19 58 38 1074 70 12 90 150 27 16 NA 16 NA 9 70 0 8 18 32 0 0 0 0 0 8 18 32 0 0 0 0 0 109 183 8319 4910 26 25 39
141 86 117 100 17 56 41 1103 74 6 87 167 25 16 NA 16 NA 9 74 0 10 17 29 0 0 0 0 0 10 17 29 0 0 0 0 3 174 183 8374 4913 27 23 37
142 57 120 101 19 57 35 1118 57 10 90 159 25 16 NA 16 NA 8 57 0 11 15 31 0 0 0 0 0 11 15 31 0 0 0 0 4 154 187 8443 4910 28 23 39
143 67 117 98 19 58 38 1118 69 8 88 156 25 16.5 NA 16.5 NA 10 69 0 11 15 32 0 0 0 0 0 11 15 32 0 0 0 0 0 154 187 8511 4912 28 20 40
144 76 118 99 19 60 39 1090 82 6 91 137 25.5 17.5 NA 17.5 NA 7 82 0 10 16 34 0 0 0 0 0 10 16 34 0 0 0 0 0 147 188 8585 4909 28 22 41
145 70 118 100 18 59 42 1100 65 7 93 139 26.5 18 NA 18 NA 11 65 0 10 14 35 0 0 0 0 0 10 14 35 0 0 0 0 1 138 189 8637 4907 30 20 43
146 75 116 97 19 61 44 1113 75 8 93 144 29 16 NA 16 NA 9 75 0 11 15 35 0 0 0 0 0 11 15 35 0 0 0 0 2 155 191 8683 4907 29 21 43
147 63 115 95 20 64 40 1114 57 9 94 144 28 16.5 NA 16.5 NA 6 57 2 11 15 36 0 0 0 0 2 11 15 36 0 0 0 0 0 137 192 8746 4906 30 20 44
148 81 116 95 21 62 40 1107 71 4 92 151 26.5 16 NA 16 NA 7 71 2 11 10 39 0 0 0 0 2 11 10 39 0 0 0 0 3 152 194 8814 4908 29 16 47
149 86 117 94 23 64 31 1113 72 15 92 151 25 16 NA 16 NA 7 72 2 13 9 40 0 0 0 0 2 13 9 40 0 0 0 0 3 155 197 8866 4908 30 15 47
150 78 118 95 23 61 30 1116 66 6 88 158 23.5 16 NA 16 NA 6 66 2 13 9 37 0 0 0 0 2 13 9 37 0 0 0 0 5 141 199 8919 4912 29 15 44
151 58 117 95 22 62 31 1147 65 9 87 164 24 16.5 NA 16.5 NA 10 65 3 10 13 36 0 0 0 0 3 10 13 36 0 0 0 0 1 152 199 8964 4913 25 18 44
152 76 116 94 22 61 31 1145 86 4 85 157 25 16 NA 16 NA 6 86 3 9 13 36 0 0 0 0 3 9 13 36 0 0 0 0 0 147 201 9011 4915 22 20 43
153 77 113 92 21 59 29 1109 70 8 86 159 26 16 NA 16 NA 6 70 2 10 12 35 0 0 0 0 2 10 12 35 0 0 0 0 2 123 203 9083 4914 24 20 42
154 73 109 89 20 60 34 1091 92 5 88 149 27 16.5 NA 16.5 NA 12 92 1 10 13 36 0 0 0 0 1 10 13 36 0 0 0 0 0 150 205 9141 4912 24 22 42
155 88 105 86 19 61 34 1094 55 6 83 161 28 18 NA 18 NA 3 55 1 10 14 36 0 0 0 0 1 10 14 36 0 0 0 0 0 143 205 9205 4917 19 22 42
156 66 104 85 19 62 38 1083 62 4 84 173 29.5 18 NA 18 NA 10 62 1 11 12 38 0 0 0 0 1 11 12 38 0 0 0 0 0 122 207 9262 4916 18 22 44
157 78 101 83 18 62 35 1113 66 10 82 173 30 18.5 NA 18.5 NA 7 66 1 9 17 35 0 0 0 0 1 9 17 35 0 0 0 0 0 172 208 9320 4918 18 22 42
158 80 101 83 18 63 36 1090 74 6 84 172 31 19 NA 19 NA 5 74 0 9 18 36 0 0 0 0 0 9 18 36 0 0 0 0 1 135 208 9383 4916 19 23 42
159 76 99 80 19 60 40 1095 79 5 81 171 32 18 NA 18 NA 10 79 0 6 19 35 0 0 0 0 0 6 19 35 0 0 0 0 1 163 209 9444 4919 16 23 42
160 72 99 79 20 60 40 1077 62 8 83 163 32 18 NA 18 NA 9 62 0 7 17 36 0 0 0 0 0 7 17 36 0 0 0 0 1 141 210 9513 4917 19 21 43
161 73 99 79 20 61 33 1071 66 9 85 157 33 18 NA 18 NA 3 66 0 8 16 37 0 0 0 0 0 8 16 37 0 0 0 0 1 136 212 9576 4915 20 21 44
162 69 97 78 19 59 38 1087 75 2 85 166 32 18 NA 18 NA 9 75 0 7 16 36 0 0 0 0 0 7 16 36 0 0 0 0 0 158 213 9628 4915 22 22 41
163 70 98 78 20 58 41 1096 64 5 83 163 31.5 18 NA 18 NA 9 64 0 7 14 37 0 0 0 0 0 7 14 37 0 0 0 0 3 146 215 9687 4917 22 19 42
164 94 97 77 20 58 35 1091 82 11 80 162 31 18 NA 18 NA 8 82 0 9 12 37 0 0 0 0 0 9 12 37 0 0 0 0 3 153 219 9746 4920 22 16 42
165 79 99 79 20 60 31 1102 59 9 80 157 32 18 NA 18 NA 5 59 0 10 13 37 0 0 0 0 0 10 13 37 0 0 0 0 3 143 220 9788 4920 19 18 43
166 66 106 84 22 59 27 1104 60 4 79 156 31 18 NA 18 NA 2 60 0 7 14 38 0 0 0 0 0 7 14 38 0 0 0 0 4 149 222 9854 4921 16 18 45
167 70 107 84 23 59 31 1114 72 2 79 159 30 18 NA 18 NA 11 72 0 8 13 38 0 0 0 0 0 8 13 38 0 0 0 0 1 156 225 9912 4921 17 17 45
168 79 104 82 22 55 37 1140 64 4 75 152 28.5 18 NA 18 NA 12 64 0 7 14 34 0 0 0 0 0 7 14 34 0 0 0 0 0 159 226 9963 4925 16 16 43
169 77 102 80 22 54 37 1102 83 11 73 154 28 18 NA 18 NA 12 83 0 6 14 34 0 0 0 0 0 6 14 34 0 0 0 0 1 135 227 10038 4927 15 15 43
170 86 102 80 22 56 41 1082 72 6 72 145 29 18 NA 18 NA 11 72 1 5 15 35 0 0 0 0 1 5 15 35 0 0 0 0 1 133 228 10093 4928 12 16 44
171 79 103 81 22 56 43 1090 71 9 70 140 29 18 NA 18 NA 12 71 2 6 12 36 0 0 0 0 2 6 12 36 0 0 0 0 2 158 228 10150 4930 13 13 44
172 80 104 82 22 57 48 1090 88 9 71 145 29 18 NA 18 NA 15 88 3 4 14 36 0 0 0 0 3 4 14 36 0 0 0 0 1 153 229 10199 4929 11 16 44
173 100 104 82 22 55 43 1090 59 11 68 152 27 17 NA 17 NA 9 59 4 1 16 34 0 0 0 0 4 1 16 34 0 0 0 0 3 140 231 10258 4932 9 18 41
174 57 106 84 22 58 43 1092 62 8 70 153 27 17 NA 17 NA 7 62 4 3 15 36 0 0 0 0 4 3 15 36 0 0 0 0 2 142 233 10326 4930 8 19 43
175 72 104 83 21 57 41 1102 69 9 70 155 27 17 NA 17 NA 8 69 4 4 15 34 0 0 0 0 4 4 15 34 0 0 0 0 1 147 235 10376 4930 11 18 41
176 75 103 82 21 55 40 1095 61 8 70 153 27 17 NA 17 NA 7 61 3 5 15 32 0 0 0 0 3 5 15 32 0 0 0 0 0 143 236 10444 4930 14 18 38
177 70 103 82 21 57 32 1110 56 11 73 155 28 17 NA 17 NA 4 56 4 4 17 32 0 0 0 0 4 4 17 32 0 0 0 0 1 157 239 10509 4927 16 18 39
178 77 97 78 19 53 33 1132 49 4 74 170 28 17 NA 17 NA 5 49 2 6 13 32 0 0 0 0 2 6 13 32 0 0 0 0 0 150 239 10573 4926 23 14 37
179 81 94 76 18 51 30 1153 66 8 72 183 24 17 NA 17 NA 6 66 1 8 13 29 0 0 0 0 1 8 13 29 0 0 0 0 1 165 240 10631 4928 25 14 33
180 82 92 73 19 48 34 1137 72 4 68 186 18.5 17 NA 17 NA 10 72 1 8 12 27 0 0 0 0 1 8 12 27 0 0 0 0 3 133 242 10690 4932 25 13 30
181 79 92 72 20 48 38 1136 76 5 67 182 19 17 NA 17 NA 12 76 1 8 11 28 0 0 0 0 1 8 11 28 0 0 0 0 1 145 245 10738 4933 24 12 31
182 65 96 74 22 49 26 1121 58 13 66 176 18.5 17 NA 17 NA 4 58 1 11 9 28 0 0 0 0 1 11 9 28 0 0 0 0 3 131 249 10802 4934 25 10 31
183 77 95 74 21 48 26 1121 66 6 67 163 19 17 NA 17 NA 4 66 1 11 9 27 0 0 0 0 1 11 9 27 0 0 0 0 1 146 249 10870 4933 26 11 30
184 72 96 75 21 48 28 1114 54 3 68 162 19 17 NA 17 NA 6 54 0 13 6 29 0 0 0 0 0 13 6 29 0 0 0 0 1 133 251 10939 4932 28 8 32
185 78 97 76 21 49 32 1100 70 6 72 165 20 17 NA 17 NA 12 70 0 14 4 31 0 0 0 0 0 14 4 31 0 0 0 0 1 137 252 11003 4928 31 7 34
186 81 98 77 21 48 33 1110 69 7 71 171 20 16.5 NA 16.5 NA 11 69 1 12 4 31 0 0 0 0 1 12 4 31 0 0 0 0 2 161 256 11066 4929 30 6 35
187 68 95 75 20 47 35 1121 71 8 68 173 21 16 NA 16 NA 10 71 1 13 4 29 0 0 0 0 1 13 4 29 0 0 0 0 0 149 257 11126 4932 28 7 33
188 78 93 73 20 46 35 1120 78 8 67 176 22 16 NA 16 NA 8 78 1 15 4 26 0 0 0 0 1 15 4 26 0 0 0 0 1 152 257 11181 4933 30 7 30
189 71 95 76 19 48 31 1105 60 12 69 168 23 16 NA 16 NA 8 60 2 14 5 27 0 0 0 0 2 14 5 27 0 0 0 0 1 119 258 11233 4931 29 9 31
190 71 94 76 18 51 30 1098 67 11 68 162 23 16 NA 16 NA 9 67 2 11 13 25 0 0 0 0 2 11 13 25 0 0 0 0 1 139 258 11297 4932 22 17 29
191 72 92 74 18 48 25 1100 59 7 66 155 22.5 16 NA 16 NA 3 59 2 9 13 24 0 0 0 0 2 9 13 24 0 0 0 0 1 151 258 11372 4934 21 17 28
192 86 95 78 17 47 29 1103 71 4 68 157 21 16 NA 16 NA 9 71 2 9 13 23 0 0 0 0 2 9 13 23 0 0 0 0 4 145 259 11420 4932 23 18 27
193 71 95 78 17 49 30 1104 57 6 70 167 22 17 NA 17 NA 8 57 1 11 13 24 0 0 0 0 1 11 13 24 0 0 0 0 0 141 261 11482 4930 24 18 28
194 86 95 77 18 48 34 1132 66 7 71 174 22 17 NA 17 NA 12 66 0 12 14 22 0 0 0 0 0 12 14 22 0 0 0 0 2 178 262 11545 4929 27 19 25
195 89 93 77 16 47 37 1105 79 8 68 172 22 17 NA 17 NA 12 79 0 10 14 23 0 0 0 0 0 10 14 23 0 0 0 0 0 139 263 11615 4932 23 19 26
196 76 95 78 17 49 37 1084 66 8 69 171 23 17 NA 17 NA 6 66 0 13 14 22 0 0 0 0 0 13 14 22 0 0 0 0 1 128 263 11670 4931 24 20 25
197 71 94 78 16 45 39 1088 75 6 65 173 21.5 16 NA 16 NA 9 75 0 9 17 19 0 0 0 0 0 9 17 19 0 0 0 0 1 152 264 11722 4935 20 24 21
198 74 95 81 14 45 41 1077 61 4 66 170 21 16 NA 16 NA 5 61 0 10 15 20 0 0 0 0 0 10 15 20 0 0 0 0 1 128 264 11786 4934 22 22 22
199 69 96 82 14 48 43 1042 78 11 67 156 22 16 NA 16 NA 11 78 0 11 17 20 0 0 0 0 0 11 17 20 0 0 0 0 0 124 264 11852 4933 22 23 22
200 71 101 86 15 46 47 1056 65 7 66 166 20 16 NA 16 NA 16 65 0 9 19 18 0 0 0 0 0 9 19 18 0 0 0 0 2 152 267 11914 4934 21 25 20
201 72 99 84 15 49 40 1106 55 15 68 173 21 16 NA 16 NA 6 55 1 8 20 20 0 0 0 0 1 8 20 20 0 0 0 0 0 171 267 11961 4932 22 24 22
202 79 102 87 15 51 34 1123 69 14 67 171 21.5 16 NA 16 NA 8 69 1 10 15 25 0 0 0 0 1 10 15 25 0 0 0 0 2 160 268 12013 4933 21 18 28
203 66 101 87 14 49 29 1155 47 7 66 173 21 16 NA 16 NA 4 47 0 9 15 25 0 0 0 0 0 9 15 25 0 0 0 0 1 152 270 12074 4934 21 17 28
204 82 100 87 13 47 32 1168 75 3 68 177 21.5 16 NA 16 NA 6 75 0 7 17 23 0 0 0 0 0 7 17 23 0 0 0 0 0 156 270 12127 4932 22 19 27
205 64 102 89 13 47 37 1170 77 4 67 189 20.5 16 NA 16 NA 11 77 0 6 17 24 0 0 0 0 0 6 17 24 0 0 0 0 1 154 270 12190 4933 21 19 27
206 83 102 87 15 46 35 1135 69 8 68 185 20 16 NA 16 NA 7 69 1 5 17 23 0 0 0 0 1 5 17 23 0 0 0 0 0 144 271 12280 4932 21 21 26
207 93 104 88 16 46 28 1110 65 7 69 172 21 16 NA 16 NA 5 65 1 4 16 25 0 0 0 0 1 4 16 25 0 0 0 0 2 127 274 12344 4931 21 19 29
208 69 105 88 17 50 25 1121 67 6 71 179 22 16 NA 16 NA 6 67 2 7 15 26 0 0 0 0 2 7 15 26 0 0 0 0 2 152 278 12399 4929 22 19 30
209 83 106 84 22 47 34 1109 69 4 70 174 20 16 NA 16 NA 11 69 2 6 15 24 0 0 0 0 2 6 15 24 0 0 0 0 0 138 278 12464 4930 24 18 28
210 76 107 86 21 47 31 1125 69 7 71 180 19 16 NA 16 NA 6 69 2 6 15 24 0 0 0 0 2 6 15 24 0 0 0 0 2 152 280 12512 4929 24 19 28
211 79 107 86 21 45 33 1145 66 8 69 182 19 16 NA 16 NA 11 66 2 7 14 22 0 0 0 0 2 7 14 22 0 0 0 0 2 146 282 12558 4931 25 19 25
212 65 108 86 22 45 27 1132 79 11 74 177 18 16 NA 16 NA 6 79 1 8 14 22 0 0 0 0 1 8 14 22 0 0 0 0 2 157 283 12634 4926 30 19 25
213 69 109 87 22 45 38 1113 71 6 73 188 19 16 NA 16 NA 17 71 1 8 13 23 0 0 0 0 1 8 13 23 0 0 0 0 2 143 285 12714 4927 27 20 26
214 70 108 87 21 47 32 1074 73 13 77 173 19.5 16 NA 16 NA 7 73 2 10 12 23 0 0 0 0 2 10 12 23 0 0 0 0 1 126 286 12785 4923 32 19 26
215 78 106 85 21 47 29 1047 85 7 77 171 20.5 16 NA 16 NA 6 85 2 9 12 24 0 0 0 0 2 9 12 24 0 0 0 0 0 139 289 12848 4923 31 20 26
216 84 109 88 21 48 32 1043 61 4 77 162 20 16 NA 16 NA 6 61 2 8 12 26 0 0 0 0 2 8 12 26 0 0 0 0 2 133 289 12909 4923 28 21 28
217 101 111 90 21 47 36 1070 65 5 79 163 21 16 NA 16 NA 9 65 2 7 11 27 0 0 0 0 2 7 11 27 0 0 0 0 1 158 289 12958 4921 30 20 29
218 73 112 89 23 46 29 1084 56 10 77 168 20 16 NA 16 NA 6 56 2 7 10 27 0 0 0 0 2 7 10 27 0 0 0 0 3 149 291 13019 4923 28 18 31
219 61 111 91 20 44 24 1099 73 6 78 160 20 16 NA 16 NA 3 73 1 7 10 26 0 0 0 0 1 7 10 26 0 0 0 0 1 156 293 13073 4922 30 19 29
220 77 114 96 18 43 29 1111 53 5 78 163 20 16 NA 16 NA 9 53 0 7 13 23 0 0 0 0 0 7 13 23 0 0 0 0 2 147 293 13132 4922 31 21 26
221 82 115 97 18 43 32 1124 63 6 80 169 21 16 NA 16 NA 10 63 0 7 13 23 0 0 0 0 0 7 13 23 0 0 0 0 0 153 294 13192 4920 32 22 26
222 60 115 96 19 43 35 1142 71 7 83 167 20 16 NA 16 NA 13 71 0 6 13 24 0 0 0 0 0 6 13 24 0 0 0 0 1 160 295 13248 4917 33 22 28
223 69 117 98 19 44 35 1128 74 9 87 164 21 16.5 NA 16.5 NA 8 74 0 5 14 25 0 0 0 0 0 5 14 25 0 0 0 0 2 133 295 13312 4913 35 23 29
224 67 120 101 19 46 37 1121 59 5 89 159 22 16.5 NA 16.5 NA 6 59 0 7 13 26 0 0 0 0 0 7 13 26 0 0 0 0 1 139 296 13380 4911 32 27 30
225 88 118 99 19 47 40 1128 58 5 88 162 23 16 NA 16 NA 8 58 0 9 12 26 0 0 0 0 0 9 12 26 0 0 0 0 1 143 297 13431 4912 33 23 32
226 85 116 97 19 46 46 1137 73 4 86 180 22.5 16 NA 16 NA 10 73 0 8 14 24 0 0 0 0 0 8 14 24 0 0 0 0 1 144 298 13472 4914 29 28 29
227 71 115 96 19 47 42 1147 54 8 84 183 23 17 NA 17 NA 5 54 0 9 13 25 0 0 0 0 0 9 13 25 0 0 0 0 0 145 300 13532 4916 27 27 30
228 85 115 98 17 46 44 1135 69 6 84 172 23 16.5 NA 16.5 NA 6 69 0 10 12 24 0 0 0 0 0 10 12 24 0 0 0 0 2 133 300 13584 4916 29 25 30
229 85 120 103 17 48 51 1104 76 4 87 163 22.5 16.5 NA 16.5 NA 12 76 0 9 15 24 0 0 0 0 0 9 15 24 0 0 0 0 1 134 302 13649 4913 29 28 30
230 81 121 105 16 49 47 1094 69 11 89 157 23 17 NA 17 NA 10 69 1 9 14 25 0 0 0 0 1 9 14 25 0 0 0 0 1 145 304 13713 4911 31 27 31
231 63 119 103 16 52 43 1094 59 11 88 169 23 17 NA 17 NA 6 59 2 9 17 24 0 0 0 0 2 9 17 24 0 0 0 0 1 140 306 13785 4912 29 29 30
232 74 122 107 15 52 47 1113 56 6 92 178 23.5 17 NA 17 NA 7 56 2 8 17 25 0 0 0 0 2 8 17 25 0 0 0 0 2 151 307 13847 4908 31 30 31
233 90 124 109 15 53 46 1122 57 5 92 180 23.5 17 NA 17 NA 6 57 2 8 18 25 0 0 0 0 2 8 18 25 0 0 0 0 2 154 310 13912 4908 30 30 32
234 84 125 110 15 54 41 1110 53 8 91 179 24 16.5 NA 16.5 NA 8 53 3 7 18 26 0 0 0 0 3 7 18 26 0 0 0 0 3 131 313 13981 4909 26 31 34
235 63 121 108 13 54 37 1150 57 9 88 176 24 16 NA 16 NA 6 57 2 9 18 25 0 0 0 0 2 9 18 25 0 0 0 0 1 173 315 14038 4912 25 30 33
236 65 125 112 13 54 37 1158 68 7 89 182 24 16 NA 16 NA 7 68 2 9 16 27 0 0 0 0 2 9 16 27 0 0 0 0 2 160 316 14102 4911 25 28 36
237 71 120 108 12 55 40 1155 72 7 87 182 25.5 16 NA 16 NA 10 72 2 9 17 27 0 0 0 0 2 9 17 27 0 0 0 0 0 156 318 14165 4913 25 28 34
238 71 121 108 13 55 35 1155 69 7 86 178 26 16 NA 16 NA 4 69 1 9 14 31 0 0 0 0 1 9 14 31 0 0 0 0 2 146 321 14226 4914 25 22 39
239 76 120 107 13 59 29 1146 59 10 87 185 27 17 NA 17 NA 5 59 2 10 14 33 0 0 0 0 2 10 14 33 0 0 0 0 0 122 323 14276 4913 26 21 40
240 80 120 106 14 59 34 1144 73 4 89 180 26 17 NA 17 NA 11 73 2 9 15 33 0 0 0 0 2 9 15 33 0 0 0 0 2 153 323 14338 4911 27 22 40
241 79 122 108 14 61 32 1153 66 9 93 181 24.5 17 NA 17 NA 7 66 3 7 15 36 0 0 0 0 3 7 15 36 0 0 0 0 1 149 325 14389 4907 29 22 42
242 70 122 107 15 64 31 1137 70 9 96 172 25.5 17.5 NA 17.5 NA 9 70 2 8 18 36 0 0 0 0 2 8 18 36 0 0 0 0 0 136 327 14454 4904 28 25 43
243 75 118 104 14 62 29 1139 63 8 93 173 26 17 NA 17 NA 9 63 1 8 16 37 0 0 0 0 1 8 16 37 0 0 0 0 1 144 329 14517 4907 28 22 43
244 76 118 103 15 60 28 1137 66 8 94 176 26 17.5 NA 17.5 NA 12 66 0 7 18 35 0 0 0 0 0 7 18 35 0 0 0 0 3 153 333 14586 4906 28 24 42
245 76 116 103 13 61 23 1136 58 9 93 164 25.5 17 NA 17 NA 6 58 0 9 16 36 0 0 0 0 0 9 16 36 0 0 0 0 2 141 335 14648 4907 29 24 40
246 88 119 105 14 62 26 1152 57 4 97 167 26 17.5 NA 17.5 NA 7 57 0 9 14 39 0 0 0 0 0 9 14 39 0 0 0 0 3 150 336 14704 4903 31 23 43
247 82 122 106 16 62 29 1135 64 7 96 171 26 18 NA 18 NA 10 64 0 8 12 42 0 0 0 0 0 8 12 42 0 0 0 0 3 142 336 14780 4904 30 20 46
248 70 122 106 16 63 28 1109 73 7 95 174 26 18 NA 18 NA 5 73 1 8 12 42 0 0 0 0 1 8 12 42 0 0 0 0 1 146 336 14854 4905 29 20 46
249 81 119 104 15 62 27 1109 70 6 91 167 26 16.5 NA 16.5 NA 5 70 2 9 12 39 0 0 0 0 2 9 12 39 0 0 0 0 1 143 337 14910 4909 26 22 43
250 69 117 101 16 61 32 1105 72 5 91 166 27 16 NA 16 NA 9 72 2 8 13 38 0 0 0 0 2 8 13 38 0 0 0 0 1 146 338 14973 4909 26 23 42
251 88 118 99 19 62 35 1097 72 6 89 166 27 16.5 NA 16.5 NA 8 72 2 10 13 37 0 0 0 0 2 10 13 37 0 0 0 0 1 129 338 15022 4911 25 24 40
252 73 118 101 17 63 31 1080 72 15 87 156 26.5 17 NA 17 NA 9 72 3 12 12 36 0 0 0 0 3 12 12 36 0 0 0 0 1 143 338 15088 4913 24 24 39
253 73 118 101 17 61 30 1092 65 4 85 163 24.5 16 NA 16 NA 7 65 3 11 13 34 0 0 0 0 3 11 13 34 0 0 0 0 3 145 343 15147 4915 22 25 38
254 66 117 100 17 61 27 1107 63 9 84 164 25 16 NA 16 NA 5 63 3 9 13 36 0 0 0 0 3 9 13 36 0 0 0 0 1 149 343 15200 4916 19 24 41
255 78 115 98 17 62 30 1122 62 4 82 176 26 16 NA 16 NA 8 62 3 10 13 36 0 0 0 0 3 10 13 36 0 0 0 0 1 168 344 15269 4918 19 23 40
256 77 113 97 16 62 36 1131 83 5 82 188 26 16 NA 16 NA 12 83 2 11 13 36 0 0 0 0 2 11 13 36 0 0 0 0 1 174 346 15336 4918 19 23 40
257 86 114 98 16 60 46 1128 76 5 82 191 26.5 16 NA 16 NA 18 76 1 9 15 35 0 0 0 0 1 9 15 35 0 0 0 0 1 156 348 15399 4918 17 25 40
258 74 114 99 15 59 41 1126 86 7 83 197 26 16 NA 16 NA 4 86 1 9 16 33 0 0 0 0 1 9 16 33 0 0 0 0 0 167 349 15460 4917 17 26 40
259 96 112 97 15 58 38 1129 61 10 84 191 26.5 16 NA 16 NA 8 61 0 11 13 34 0 0 0 0 0 11 13 34 0 0 0 0 2 146 350 15515 4916 22 23 39
260 63 111 96 15 60 41 1120 70 5 85 178 27 16 NA 16 NA 9 70 1 13 12 34 0 0 0 0 1 13 12 34 0 0 0 0 1 139 353 15570 4915 23 22 40
261 66 109 95 14 60 48 1121 74 9 84 175 28 15.5 NA 15.5 NA 16 74 2 13 10 35 0 0 0 0 2 13 10 35 0 0 0 0 1 144 354 15622 4916 24 20 40
262 97 107 93 14 62 40 1102 71 14 82 161 29 16 NA 16 NA 7 71 2 11 15 34 0 0 0 0 2 11 15 34 0 0 0 0 1 136 354 15685 4918 22 21 39
263 77 107 93 14 62 42 1105 79 8 83 162 29 16 NA 16 NA 11 79 2 12 14 34 0 0 0 0 2 12 14 34 0 0 0 0 1 144 355 15725 4917 24 20 39
264 79 104 90 14 61 38 1076 76 11 82 159 29 16 NA 16 NA 6 76 2 11 15 33 0 0 0 0 2 11 15 33 0 0 0 0 1 122 355 15784 4918 25 20 37
265 75 105 91 14 61 38 1082 60 5 86 157 29 16 NA 16 NA 6 60 2 11 13 35 0 0 0 0 2 11 13 35 0 0 0 0 0 144 356 15841 4914 27 19 40
266 66 107 89 18 58 45 1095 54 5 83 165 25 16 NA 16 NA 12 54 2 10 12 34 0 0 0 0 2 10 12 34 0 0 0 0 5 139 356 15900 4917 27 17 39
267 63 110 92 18 59 47 1099 72 8 83 159 24 16 NA 16 NA 12 72 2 12 11 34 0 0 0 0 2 12 11 34 0 0 0 0 2 161 358 15971 4917 28 16 39
268 81 112 93 19 63 40 1086 69 12 83 151 23.5 16 NA 16 NA 6 69 4 12 13 34 0 0 0 0 4 12 13 34 0 0 0 0 2 145 361 16037 4917 27 16 40
269 78 109 89 20 59 38 1114 62 5 83 157 24 16 NA 16 NA 6 62 3 10 12 34 0 0 0 0 3 10 12 34 0 0 0 0 0 155 364 16086 4917 27 15 41
270 80 105 86 19 58 42 1087 79 4 82 156 25 16 NA 16 NA 11 79 2 9 12 35 0 0 0 0 2 9 12 35 0 0 0 0 0 142 367 16154 4918 24 16 42
271 91 105 86 19 57 43 1072 63 7 84 153 26 16 NA 16 NA 9 63 2 4 16 35 0 0 0 0 2 4 16 35 0 0 0 0 1 132 368 16213 4916 21 21 42
272 78 108 87 21 57 48 1060 68 6 84 158 26.5 16 NA 16 NA 12 68 1 5 16 35 0 0 0 0 1 5 16 35 0 0 0 0 2 137 369 16269 4916 21 20 43
273 87 110 88 22 57 49 1053 73 6 83 154 26.5 16 NA 16 NA 8 73 0 7 17 33 0 0 0 0 0 7 17 33 0 0 0 0 2 151 370 16331 4917 22 20 41
274 64 106 84 22 54 41 1075 59 10 80 157 27 16 NA 16 NA 4 59 0 6 15 33 0 0 0 0 0 6 15 33 0 0 0 0 0 148 372 16389 4920 22 18 40
275 69 104 83 21 52 41 1076 77 3 78 159 28 16 NA 16 NA 6 77 0 6 16 30 0 0 0 0 0 6 16 30 0 0 0 0 0 151 374 16448 4922 22 20 36
276 80 105 83 22 53 41 1096 79 6 77 155 26 16 NA 16 NA 7 79 0 6 17 30 0 0 0 0 0 6 17 30 0 0 0 0 3 160 376 16493 4923 19 22 36
277 72 105 82 23 55 41 1119 54 7 78 166 27 16 NA 16 NA 8 54 0 7 16 32 0 0 0 0 0 7 16 32 0 0 0 0 2 141 377 16546 4922 16 24 38
278 86 104 81 23 53 40 1124 68 4 77 181 26.5 16 NA 16 NA 6 68 1 7 14 31 0 0 0 0 1 7 14 31 0 0 0 0 2 148 379 16604 4923 18 22 37
279 77 105 82 23 52 45 1128 63 8 80 172 27 16 NA 16 NA 14 63 1 7 14 30 0 0 0 0 1 7 14 30 0 0 0 0 1 135 381 16657 4920 22 22 36
280 81 102 78 24 52 37 1142 66 9 77 166 27.5 16 NA 16 NA 5 66 1 9 13 29 0 0 0 0 1 9 13 29 0 0 0 0 1 153 386 16711 4923 22 21 34
281 71 102 77 25 49 36 1141 73 6 75 168 26.5 16 NA 16 NA 6 73 1 8 10 30 0 0 0 0 1 8 10 30 0 0 0 0 2 151 387 16776 4925 20 20 35
282 83 100 76 24 50 33 1136 61 7 74 168 25.5 16 NA 16 NA 3 61 1 10 9 30 0 0 0 0 1 10 9 30 0 0 0 0 0 135 387 16833 4926 21 17 36
283 75 102 78 24 50 32 1160 66 3 75 181 26 16 NA 16 NA 5 66 2 8 7 33 0 0 0 0 2 8 7 33 0 0 0 0 1 169 390 16890 4925 20 15 40
284 80 100 76 24 50 36 1164 68 7 75 180 25 16.5 NA 16.5 NA 12 68 1 9 9 31 0 0 0 0 1 9 9 31 0 0 0 0 1 150 392 16948 4925 22 16 37
285 84 102 78 24 51 35 1180 60 7 78 185 25.5 17 NA 17 NA 7 60 1 9 10 31 0 0 0 0 1 9 10 31 0 0 0 0 1 162 393 17013 4922 25 17 36
286 75 104 80 24 54 31 1185 51 10 76 187 23.5 16.5 NA 16.5 NA 6 51 2 10 11 31 0 0 0 0 2 10 11 31 0 0 0 0 2 144 393 17084 4924 24 17 35
287 78 107 83 24 55 32 1164 62 6 76 181 23 16 NA 16 NA 6 62 2 10 12 31 0 0 0 0 2 10 12 31 0 0 0 0 2 130 394 17154 4924 23 17 36
288 62 106 83 23 56 34 1162 74 9 76 172 22.5 16 NA 16 NA 9 74 2 11 12 31 0 0 0 0 2 11 12 31 0 0 0 0 1 162 394 17230 4924 24 15 37
289 73 105 83 22 56 35 1175 66 5 76 165 23 16 NA 16 NA 7 66 3 11 11 31 0 0 0 0 3 11 11 31 0 0 0 0 1 152 397 17286 4924 24 13 39
290 81 103 81 22 53 38 1162 70 5 74 163 23 16 NA 16 NA 8 70 2 11 14 26 0 0 0 0 2 11 14 26 0 0 0 0 3 144 398 17356 4926 24 16 34
291 89 103 81 22 55 37 1150 64 10 77 155 24 16 NA 16 NA 9 64 3 10 15 27 0 0 0 0 3 10 15 27 0 0 0 0 0 126 400 17408 4923 23 20 34
292 86 105 83 22 56 36 1141 56 7 79 157 25 16 NA 16 NA 10 56 2 10 17 27 0 0 0 0 2 10 17 27 0 0 0 0 2 137 404 17476 4921 23 22 34
293 85 104 81 23 54 32 1118 75 7 79 154 25 15.5 NA 15.5 NA 4 75 2 11 14 27 0 0 0 0 2 11 14 27 0 0 0 0 1 138 405 17541 4921 25 20 34
294 70 107 83 24 57 32 1147 60 6 79 161 25 15 NA 15 NA 8 60 3 13 14 27 0 0 0 0 3 13 14 27 0 0 0 0 3 163 407 17593 4921 24 21 34
295 82 107 81 26 54 33 1130 66 6 79 172 24 15 NA 15 NA 7 66 2 13 12 27 0 0 0 0 2 13 12 27 0 0 0 0 1 150 407 17667 4921 25 19 35
296 63 108 83 25 55 35 1125 68 3 80 169 24.5 15 NA 15 NA 7 68 3 11 13 28 0 0 0 0 3 11 13 28 0 0 0 0 2 150 408 17739 4920 23 21 36
297 72 103 79 24 52 35 1102 75 9 77 162 25 15 NA 15 NA 9 75 3 9 14 26 0 0 0 0 3 9 14 26 0 0 0 0 0 139 408 17808 4923 21 23 33
298 89 108 84 24 54 33 1079 72 9 80 151 25 15 NA 15 NA 8 72 2 11 13 28 0 0 0 0 2 11 13 28 0 0 0 0 2 131 409 17869 4920 24 22 34
299 98 106 82 24 54 31 1087 65 9 80 151 25 15 NA 15 NA 9 65 0 13 12 29 0 0 0 0 0 13 12 29 0 0 0 0 1 148 411 17922 4920 26 21 33
300 62 105 81 24 55 32 1079 72 5 79 146 24 15 NA 15 NA 4 72 0 15 11 29 0 0 0 0 0 15 11 29 0 0 0 0 0 143 412 17987 4921 25 22 32
301 69 105 80 25 54 30 1060 61 6 77 140 23 15.5 NA 15.5 NA 7 61 0 15 12 27 0 0 0 0 0 15 12 27 0 0 0 0 2 124 414 18052 4923 25 21 31
302 82 103 81 22 53 33 1052 66 7 76 135 23 15 NA 15 NA 7 66 0 14 12 27 0 0 0 0 0 14 12 27 0 0 0 0 3 145 414 18114 4924 26 19 31
303 73 103 80 23 55 30 1092 67 8 76 140 24 16 NA 16 NA 5 67 0 13 14 28 0 0 0 0 0 13 14 28 0 0 0 0 2 180 416 18169 4924 24 19 33
304 89 102 79 23 52 30 1076 62 4 72 143 23 16 NA 16 NA 7 62 0 12 14 26 0 0 0 0 0 12 14 26 0 0 0 0 2 125 419 18229 4928 22 19 31
305 79 105 81 24 53 26 1103 63 6 74 152 23 16 NA 16 NA 4 63 0 11 17 25 0 0 0 0 0 11 17 25 0 0 0 0 1 157 420 18281 4926 22 22 30
306 71 106 82 24 54 25 1101 62 7 75 148 23 16 NA 16 NA 5 62 0 11 16 27 0 0 0 0 0 11 16 27 0 0 0 0 4 150 421 18355 4925 23 21 31
307 63 108 84 24 54 27 1111 69 6 76 138 23.5 16 NA 16 NA 8 69 0 8 20 26 0 0 0 0 0 8 20 26 0 0 0 0 2 153 422 18411 4924 22 23 31
308 79 107 84 23 52 31 1113 80 7 76 151 23 16 NA 16 NA 10 80 0 7 18 27 0 0 0 0 0 7 18 27 0 0 0 0 0 161 422 18473 4924 23 21 32
309 72 108 86 22 55 30 1152 66 10 74 164 23 16 NA 16 NA 9 66 2 9 16 28 0 0 0 0 2 9 16 28 0 0 0 0 1 179 423 18535 4926 21 18 35
310 82 106 86 20 53 25 1155 64 8 74 164 23.5 16 NA 16 NA 5 64 2 6 18 27 0 0 0 0 2 6 18 27 0 0 0 0 1 148 424 18597 4926 21 20 33
311 88 110 90 20 54 38 1155 79 5 74 158 23.5 15.5 NA 15.5 NA 17 79 3 4 20 27 0 0 0 0 3 4 20 27 0 0 0 0 2 154 424 18649 4926 19 22 33
312 94 113 92 21 55 37 1154 85 8 75 170 23 16 NA 16 NA 9 85 2 6 19 28 0 0 0 0 2 6 19 28 0 0 0 0 2 163 427 18710 4925 19 22 34
313 81 111 91 20 52 43 1205 53 4 72 175 23 16 NA 16 NA 10 53 2 7 18 25 0 0 0 0 2 7 18 25 0 0 0 0 1 167 427 18759 4928 19 22 31
314 57 114 91 23 50 42 1211 82 9 75 179 21 15.5 NA 15.5 NA 9 82 2 5 18 25 0 0 0 0 2 5 18 25 0 0 0 0 2 163 428 18822 4925 21 23 31
315 85 111 89 22 47 39 1174 76 7 71 175 20 16 NA 16 NA 5 76 0 7 15 25 0 0 0 0 0 7 15 25 0 0 0 0 1 141 429 18900 4929 21 20 30
316 61 116 94 22 46 44 1172 69 5 72 166 18 16 NA 16 NA 10 69 0 7 15 24 0 0 0 0 0 7 15 24 0 0 0 0 4 128 430 18945 4928 24 19 29
317 56 117 95 22 46 44 1158 57 8 73 161 19 16 NA 16 NA 6 57 0 5 15 26 0 0 0 0 0 5 15 26 0 0 0 0 2 129 430 19010 4927 23 19 31
318 76 113 92 21 46 48 1157 72 10 72 154 17 16 NA 16 NA 13 72 1 7 13 25 0 0 0 0 1 7 13 25 0 0 0 0 2 147 431 19070 4928 25 17 30
319 61 112 91 21 51 44 1173 37 11 73 160 17.5 16 NA 16 NA 6 37 1 10 14 26 0 0 0 0 1 10 14 26 0 0 0 0 1 127 432 19134 4927 25 18 30
320 69 116 95 21 51 51 1169 71 2 75 166 18 16 NA 16 NA 10 71 1 8 15 27 0 0 0 0 1 8 15 27 0 0 0 0 2 152 433 19195 4925 25 19 31
321 90 116 94 22 54 49 1135 58 10 78 155 19 16 NA 16 NA 9 58 3 10 15 26 0 0 0 0 3 10 15 26 0 0 0 0 1 127 436 19274 4922 29 18 31
322 75 114 93 21 55 46 1120 65 7 78 157 19.5 15 NA 15 NA 8 65 5 9 14 27 0 0 0 0 5 9 14 27 0 0 0 0 0 130 438 19341 4922 28 19 31
323 77 117 94 23 55 44 1103 63 6 78 160 19 15 NA 15 NA 5 63 5 10 12 28 0 0 0 0 5 10 12 28 0 0 0 0 3 140 438 19410 4922 28 18 32
324 69 116 93 23 54 38 1096 70 2 80 158 20 15 NA 15 NA 5 70 5 10 12 27 0 0 0 0 5 10 12 27 0 0 0 0 0 148 448 19482 4920 31 18 31
325 79 115 93 22 55 33 1095 52 9 79 172 19 15 NA 15 NA 6 52 5 12 13 25 0 0 0 0 5 12 13 25 0 0 0 0 2 159 450 19567 4921 34 18 27
326 71 114 91 23 53 38 1101 65 2 81 174 20 15 NA 15 NA 6 65 2 12 12 27 0 0 0 0 2 12 12 27 0 0 0 0 2 155 450 19637 4919 33 18 30
327 69 113 89 24 53 44 1095 87 3 83 171 21 15 NA 15 NA 10 87 0 13 13 27 0 0 0 0 0 13 13 27 0 0 0 0 1 155 452 19697 4917 34 19 30
328 77 115 91 24 51 45 1098 66 4 86 174 19 15 NA 15 NA 6 66 0 11 15 25 0 0 0 0 0 11 15 25 0 0 0 0 3 149 453 19761 4914 36 22 28
329 82 116 92 24 53 45 1106 74 9 87 171 20 15 NA 15 NA 8 74 2 12 13 26 0 0 0 0 2 12 13 26 0 0 0 0 2 153 455 19816 4913 37 21 29
330 83 116 90 26 58 42 1101 75 13 85 171 20.5 15 NA 15 NA 10 75 3 14 14 27 0 0 0 0 3 14 14 27 0 0 0 0 2 148 457 19880 4915 34 21 30
331 73 115 89 26 58 38 1123 67 6 85 172 21 15 NA 15 NA 5 67 3 14 14 27 0 0 0 0 3 14 14 27 0 0 0 0 2 163 460 19935 4915 34 20 31
332 72 112 88 24 56 40 1127 74 7 85 183 22 15 NA 15 NA 10 74 2 14 14 26 0 0 0 0 2 14 14 26 0 0 0 0 2 156 463 19995 4915 35 20 30
333 71 112 89 23 56 39 1121 60 5 85 178 22.5 15 NA 15 NA 5 60 1 14 16 25 0 0 0 0 1 14 16 25 0 0 0 0 0 139 465 20061 4915 31 25 29
334 79 110 86 24 56 36 1146 69 8 84 179 23.5 15 NA 15 NA 8 69 1 13 15 27 0 0 0 0 1 13 15 27 0 0 0 0 1 161 468 20105 4916 29 23 32
335 78 106 83 23 55 37 1152 66 7 83 170 23 15 NA 15 NA 9 66 1 13 15 26 0 0 0 0 1 13 15 26 0 0 0 0 0 158 469 20165 4917 31 22 30
336 74 108 85 23 58 39 1152 77 10 83 178 23.5 15 NA 15 NA 10 77 2 12 18 26 0 0 0 0 2 12 18 26 0 0 0 0 2 155 470 20221 4917 29 24 30
337 68 107 86 21 58 43 1161 69 9 82 175 24 15 NA 15 NA 12 69 1 11 21 25 0 0 0 0 1 11 21 25 0 0 0 0 1 159 470 20288 4918 26 27 29
338 59 105 85 20 62 42 1176 72 13 83 182 25 15 NA 15 NA 11 72 3 10 22 27 0 0 0 0 3 10 22 27 0 0 0 0 0 151 473 20343 4917 25 26 32
339 80 102 83 19 63 45 1167 70 7 81 180 26 15 NA 15 NA 10 70 2 12 22 27 0 0 0 0 2 12 22 27 0 0 0 0 1 138 474 20396 4919 22 27 32
340 74 101 83 18 60 43 1173 63 5 82 173 27 15 NA 15 NA 4 63 2 8 24 26 0 0 0 0 2 8 24 26 0 0 0 0 2 140 475 20450 4918 21 29 32
341 82 99 82 17 59 39 1159 59 8 80 174 27 15 NA 15 NA 6 59 2 9 23 25 0 0 0 0 2 9 23 25 0 0 0 0 0 137 476 20518 4920 21 28 31
342 77 98 81 17 59 43 1148 60 4 78 180 27.5 15 NA 15 NA 9 60 2 8 23 26 0 0 0 0 2 8 23 26 0 0 0 0 1 137 477 20586 4922 20 27 31
343 73 97 80 17 60 40 1114 67 8 78 160 28 15 NA 15 NA 7 67 2 8 23 27 0 0 0 0 2 8 23 27 0 0 0 0 0 122 480 20651 4922 20 27 31
344 86 100 83 17 63 36 1107 66 13 80 161 28.5 15 NA 15 NA 9 66 3 9 22 29 0 0 0 0 3 9 22 29 0 0 0 0 2 141 482 20710 4920 21 27 32
345 79 100 83 17 63 37 1081 90 5 81 155 29.5 15 NA 15 NA 8 90 1 11 18 33 0 0 0 0 1 11 18 33 0 0 0 0 0 148 484 20776 4919 21 24 36
346 66 99 82 17 61 37 1079 54 11 80 161 30 15 NA 15 NA 11 54 1 11 16 33 0 0 0 0 1 11 16 33 0 0 0 0 1 148 486 20859 4920 22 22 36
347 87 98 80 18 61 30 1075 84 11 79 152 31 15 NA 15 NA 5 84 1 9 18 33 0 0 0 0 1 9 18 33 0 0 0 0 2 157 487 20915 4921 19 24 36
348 86 104 84 20 62 29 1075 74 9 81 147 31.5 16 NA 16 NA 8 74 0 9 17 36 0 0 0 0 0 9 17 36 0 0 0 0 3 161 488 20982 4919 20 22 39
349 68 108 87 21 60 29 1095 64 2 82 159 27 16 NA 16 NA 5 64 0 7 17 36 0 0 0 0 0 7 17 36 0 0 0 0 3 167 490 21046 4918 21 21 40
350 71 106 85 21 61 30 1101 71 8 81 156 28 16 NA 16 NA 10 71 1 6 16 38 0 0 0 0 1 6 16 38 0 0 0 0 0 161 491 21116 4919 19 20 42
351 57 106 86 20 61 30 1105 63 7 80 151 28 16 NA 16 NA 6 63 1 6 16 38 0 0 0 0 1 6 16 38 0 0 0 0 1 142 491 21172 4920 18 19 43
352 60 110 90 20 63 31 1123 80 6 81 161 28.5 16 NA 16 NA 9 80 1 5 15 42 0 0 0 0 1 5 15 42 0 0 0 0 1 165 494 21221 4919 17 17 47
353 87 111 91 20 61 33 1115 68 6 81 158 28 16 NA 16 NA 8 68 1 5 13 42 0 0 0 0 1 5 13 42 0 0 0 0 3 142 494 21278 4919 17 17 47
354 92 112 90 22 62 33 1115 61 8 79 156 27.5 16.5 NA 16.5 NA 10 61 2 7 12 41 0 0 0 0 2 7 12 41 0 0 0 0 3 132 496 21327 4921 17 16 46
355 85 110 87 23 61 28 1102 74 8 75 165 27 16 NA 16 NA 5 74 2 6 12 41 0 0 0 0 2 6 12 41 0 0 0 0 1 138 497 21383 4925 15 16 44
356 74 109 85 24 60 35 1147 65 3 74 177 28 17.5 NA 17.5 NA 9 65 2 5 14 39 0 0 0 0 2 5 14 39 0 0 0 0 1 177 498 21434 4926 14 18 42
357 76 110 87 23 58 35 1128 76 5 72 163 27 18 NA 18 NA 6 76 2 4 13 39 0 0 0 0 2 4 13 39 0 0 0 0 1 140 499 21493 4928 13 17 42
358 83 112 89 23 58 32 1129 73 6 72 157 25.5 17.5 NA 17.5 NA 5 73 3 4 14 37 0 0 0 0 3 4 14 37 0 0 0 0 2 160 500 21561 4928 14 18 40
359 79 109 85 24 58 34 1132 67 6 71 153 26 17.5 NA 17.5 NA 8 67 2 7 11 38 0 0 0 0 2 7 11 38 0 0 0 0 1 160 501 21630 4929 14 15 42
360 68 113 87 26 59 34 1089 81 7 76 142 24 17 NA 17 NA 8 81 2 7 11 39 0 0 0 0 2 7 11 39 0 0 0 0 2 120 502 21690 4924 18 16 42
