1 77 98 84 14 46 27 1228 66 10 75 21 25.5 18 NA 18 NA 3 66 1 5 18 22 0 0 0 0 1 5 18 22 0 0 0 0 2 143 0 0 4925 19 27 29
2 82 96 82 14 46 25 1255 82 16 73 47 26 18 NA 18 NA 12 82 1 4 19 22 0 0 0 0 1 4 19 22 0 0 0 0 1 133 0 0 4927 18 27 28
3 90 96 81 15 46 27 1305 69 5 74 68 27 18 NA 18 NA 6 69 1 4 19 22 0 0 0 0 1 4 19 22 0 0 0 0 1 139 0 0 4926 18 27 29
4 73 98 83 15 51 31 1365 67 8 75 85 27.5 18 NA 18 NA 9 67 1 7 20 23 0 0 0 0 1 7 20 23 0 0 0 0 2 148 0 0 4925 19 27 29
5 77 101 84 17 48 32 1431 71 6 74 96 27 18 NA 18 NA 8 71 1 6 20 21 0 0 0 0 1 6 20 21 0 0 0 0 3 168 0 0 4926 20 27 27
6 83 102 83 19 48 36 1447 76 6 73 111 27.5 18 NA 18 NA 10 76 1 5 19 23 0 0 0 0 1 5 19 23 0 0 0 0 2 118 0 0 4927 18 25 30
7 60 99 80 19 49 43 1494 89 6 71 119 28 18 NA 18 NA 12 89 1 8 15 25 0 0 0 0 1 8 15 25 0 0 0 0 1 152 0 0 4929 18 22 31
8 79 101 81 20 50 47 1521 74 5 72 127 28 18 NA 18 NA 10 74 2 7 15 26 0 0 0 0 2 7 15 26 0 0 0 0 2 121 0 0 4928 17 23 32
9 68 103 83 20 49 45 1545 87 13 73 130 26 18 NA 18 NA 11 87 2 7 13 27 0 0 0 0 2 7 13 27 0 0 0 0 2 133 0 0 4927 18 22 33
10 84 101 81 20 49 48 1554 88 9 76 130 26 18 NA 18 NA 12 88 2 7 11 29 0 0 0 0 2 7 11 29 0 0 0 0 1 122 0 0 4924 22 19 35
11 68 102 80 22 48 50 1571 86 8 76 136 25 18 NA 18 NA 11 86 2 5 12 29 0 0 0 0 2 5 12 29 0 0 0 0 1 124 0 0 4924 21 19 36
12 84 101 79 22 48 49 1566 78 7 74 144 25 18 NA 18 NA 6 78 3 4 11 30 0 0 0 0 3 4 11 30 0 0 0 0 1 103 0 0 4926 20 17 37
13 85 100 77 23 49 42 979 60 11 74 143 26 18 NA 18 NA 10 60 2 7 10 30 0 0 0 0 2 7 10 30 0 0 0 0 0 105 6 619 4926 22 14 38
14 85 97 74 23 48 50 996 61 7 72 150 27 18 NA 18 NA 14 61 2 7 10 29 0 0 0 0 2 7 10 29 0 0 0 0 0 148 6 675 4928 21 14 37
15 85 96 72 24 48 45 987 65 12 71 150 27.5 18 NA 18 NA 7 65 3 6 9 30 0 0 0 0 3 6 9 30 0 0 0 0 1 145 8 737 4929 19 14 38
16 72 95 73 22 50 41 1009 63 8 71 145 29 18 NA 18 NA 6 63 3 7 10 30 0 0 0 0 3 7 10 30 0 0 0 0 1 157 11 795 4929 17 15 39
17 67 95 71 24 49 40 1004 59 5 73 162 26 18 NA 18 NA 6 59 2 8 9 30 0 0 0 0 2 8 9 30 0 0 0 0 2 133 14 857 4927 21 15 37
18 50 96 72 24 49 39 1049 57 5 75 170 26 18 NA 18 NA 6 57 2 8 9 30 0 0 0 0 2 8 9 30 0 0 0 0 2 159 15 904 4925 23 15 37
19 76 95 72 23 47 39 1052 70 4 72 168 25 18 NA 18 NA 7 70 2 7 10 28 0 0 0 0 2 7 10 28 0 0 0 0 3 151 19 966 4928 23 14 35
20 65 95 72 23 50 33 1073 67 10 74 174 26 17.5 NA 17.5 NA 6 67 3 9 10 28 0 0 0 0 3 9 10 28 0 0 0 0 0 162 22 1018 4926 24 15 35
21 61 96 71 25 51 42 1080 67 4 76 175 25.5 17 NA 17 NA 14 67 3 10 9 29 0 0 0 0 3 10 9 29 0 0 0 0 1 149 23 1078 4924 27 13 36
22 74 96 71 25 51 41 1114 65 9 74 185 24 17 NA 17 NA 8 65 3 8 13 27 0 0 0 0 3 8 13 27 0 0 0 0 1 164 23 1132 4926 23 17 34
23 69 97 73 24 52 50 1121 78 9 75 182 25 17 NA 17 NA 18 78 2 9 12 29 0 0 0 0 2 9 12 29 0 0 0 0 0 149 24 1187 4925 23 16 36
24 62 97 73 24 55 46 1133 70 13 76 171 26 17 NA 17 NA 10 70 3 11 12 29 0 0 0 0 3 11 12 29 0 0 0 0 0 147 25 1229 4924 24 16 36
25 80 98 74 24 55 48 1140 69 8 75 178 26.5 17 NA 17 NA 11 69 3 12 11 29 0 0 0 0 3 12 11 29 0 0 0 0 1 137 27 1268 4925 23 16 36
26 83 99 75 24 54 37 1111 77 11 73 168 25 17 NA 17 NA 4 77 3 12 11 28 0 0 0 0 3 12 11 28 0 0 0 0 0 130 30 1330 4927 22 16 35
27 78 100 76 24 54 42 1084 87 2 74 164 25.5 17 NA 17 NA 10 87 3 12 10 29 0 0 0 0 3 12 10 29 0 0 0 0 1 138 33 1391 4926 23 15 36
28 81 104 79 25 54 38 1060 70 5 75 163 24 17 NA 17 NA 3 70 3 11 9 31 0 0 0 0 3 11 9 31 0 0 0 0 3 137 35 1465 4925 22 15 38
29 91 101 76 25 53 37 1065 70 7 76 170 24 17 NA 17 NA 9 70 1 10 12 30 0 0 0 0 1 10 12 30 0 0 0 0 0 133 39 1515 4924 20 20 36
30 76 105 78 27 57 35 1060 67 8 78 164 25 17 NA 17 NA 5 67 1 11 15 30 0 0 0 0 1 11 15 30 0 0 0 0 3 140 40 1573 4922 19 22 37
31 72 107 80 27 59 37 1081 59 7 80 169 26 17 NA 17 NA 10 59 2 11 16 30 0 0 0 0 2 11 16 30 0 0 0 0 3 156 42 1629 4920 21 22 37
32 67 107 80 27 58 40 1101 59 7 78 174 26 16.5 NA 16.5 NA 9 59 2 10 16 30 0 0 0 0 2 10 16 30 0 0 0 0 1 159 42 1689 4922 18 23 37
33 68 108 79 29 59 40 1125 60 7 78 172 27 16 NA 16 NA 8 60 2 11 16 30 0 0 0 0 2 11 16 30 0 0 0 0 0 151 44 1735 4922 17 24 37
34 87 109 78 31 60 43 1092 80 8 80 167 28 16.5 NA 16.5 NA 12 80 1 11 14 34 0 0 0 0 1 11 14 34 0 0 0 0 1 137 45 1804 4920 19 20 41
35 82 111 79 32 62 44 1089 73 14 80 174 28 16.5 NA 16.5 NA 15 73 2 10 15 35 0 0 0 0 2 10 15 35 0 0 0 0 3 158 46 1870 4920 18 20 42
36 84 111 79 32 62 34 1062 75 15 78 164 28 16 NA 16 NA 8 75 3 10 16 33 0 0 0 0 3 10 16 33 0 0 0 0 3 141 49 1939 4922 17 21 40
37 71 112 81 31 63 34 1064 64 6 80 158 27.5 16 NA 16 NA 9 64 4 10 15 34 0 0 0 0 4 10 15 34 0 0 0 0 1 138 52 1995 4920 20 19 41
38 63 115 83 32 62 35 1070 54 5 82 164 27 16 NA 16 NA 9 54 3 11 14 34 0 0 0 0 3 11 14 34 0 0 0 0 3 140 55 2058 4918 23 18 41
39 76 122 90 32 65 35 1083 79 9 81 170 23 16 NA 16 NA 10 79 4 10 17 34 0 0 0 0 4 10 17 34 0 0 0 0 4 156 57 2107 4919 21 19 41
40 66 124 92 32 64 35 1085 69 8 85 167 23 16 NA 16 NA 9 69 3 10 15 36 0 0 0 0 3 10 15 36 0 0 0 0 2 132 58 2156 4915 24 18 43
41 78 126 94 32 65 31 1093 72 8 85 175 24 16 NA 16 NA 7 72 3 8 14 40 0 0 0 0 3 8 14 40 0 0 0 0 1 154 59 2207 4915 21 16 48
42 75 126 95 31 64 28 1086 72 8 86 164 24 16 NA 16 NA 5 72 3 7 13 41 0 0 0 0 3 7 13 41 0 0 0 0 2 149 60 2270 4914 21 15 50
43 80 128 96 32 65 28 1083 67 4 88 166 24.5 16 NA 16 NA 5 67 3 6 14 42 0 0 0 0 3 6 14 42 0 0 0 0 2 142 60 2332 4912 21 18 49
44 74 131 99 32 67 27 1123 52 7 89 174 25 16 NA 16 NA 6 52 3 8 13 43 0 0 0 0 3 8 13 43 0 0 0 0 1 165 61 2392 4911 23 16 50
45 76 130 99 31 63 32 1125 72 2 87 177 21 16 NA 16 NA 10 72 3 7 12 41 0 0 0 0 3 7 12 41 0 0 0 0 3 152 64 2449 4913 25 15 47
46 70 127 96 31 62 34 1137 58 6 88 167 21 16.5 NA 16.5 NA 11 58 4 6 12 40 0 0 0 0 4 6 12 40 0 0 0 0 0 142 66 2504 4912 26 16 46
47 74 122 91 31 61 29 1126 77 9 87 172 22 17 NA 17 NA 8 77 1 7 13 40 0 0 0 0 1 7 13 40 0 0 0 0 1 155 68 2573 4913 28 14 45
48 79 123 92 31 62 35 1135 63 6 90 182 23 17 NA 17 NA 10 63 0 8 12 42 0 0 0 0 0 8 12 42 0 0 0 0 0 152 68 2634 4910 31 13 46
49 77 122 92 30 62 33 1147 58 5 90 176 24 17 NA 17 NA 5 58 0 7 13 42 0 0 0 0 0 7 13 42 0 0 0 0 1 139 69 2683 4910 28 17 45
50 82 115 86 29 57 34 1133 70 5 86 181 24 17 NA 17 NA 9 70 0 7 15 35 0 0 0 0 0 7 15 35 0 0 0 0 1 133 72 2738 4914 28 20 38
51 79 112 86 26 57 34 1129 63 6 92 175 25 17 NA 17 NA 7 63 0 7 15 35 0 0 0 0 0 7 15 35 0 0 0 0 1 141 73 2799 4908 35 19 38
52 83 113 88 25 58 27 1154 59 8 92 181 24 17 NA 17 NA 0 59 0 7 16 35 0 0 0 0 0 7 16 35 0 0 0 0 2 169 75 2859 4908 33 21 38
53 80 114 89 25 59 33 1156 69 4 91 176 24 17 NA 17 NA 8 69 0 8 14 37 0 0 0 0 0 8 14 37 0 0 0 0 3 148 75 2919 4909 34 18 39
54 80 112 87 25 58 37 1155 66 2 91 182 25 17 NA 17 NA 7 66 0 6 13 39 0 0 0 0 0 6 13 39 0 0 0 0 0 152 77 2985 4909 32 18 41
55 73 108 85 23 59 41 1134 79 10 90 173 25 18 NA 18 NA 12 79 0 9 11 39 0 0 0 0 0 9 11 39 0 0 0 0 0 136 78 3046 4910 32 17 41
56 81 108 87 21 57 37 1102 60 10 90 167 25 18 NA 18 NA 7 60 0 9 12 36 0 0 0 0 0 9 12 36 0 0 0 0 2 132 79 3129 4910 34 18 38
57 83 108 88 20 58 31 1119 62 10 90 179 24.5 18 NA 18 NA 5 62 0 11 13 34 0 0 0 0 0 11 13 34 0 0 0 0 0 168 82 3192 4910 33 21 36
58 97 108 89 19 56 34 1109 70 6 86 170 24.5 18 NA 18 NA 10 70 0 11 13 32 0 0 0 0 0 11 13 32 0 0 0 0 1 149 84 3261 4914 29 23 34
59 80 110 91 19 55 37 1114 88 2 86 160 25 18 NA 18 NA 8 88 0 10 13 32 0 0 0 0 0 10 13 32 0 0 0 0 1 168 85 3315 4914 28 24 34
60 83 109 90 19 56 40 1128 66 7 85 159 26 18 NA 18 NA 10 66 0 9 16 31 0 0 0 0 0 9 16 31 0 0 0 0 1 148 87 3361 4915 26 26 33
61 70 106 88 18 52 35 1136 52 6 81 160 25.5 18 NA 18 NA 6 52 0 7 14 31 0 0 0 0 0 7 14 31 0 0 0 0 2 147 91 3426 4919 25 23 33
62 84 104 86 18 52 38 1157 82 8 80 167 25.5 18 NA 18 NA 12 82 0 6 15 31 0 0 0 0 0 6 15 31 0 0 0 0 1 164 92 3471 4920 23 24 33
63 79 106 86 20 55 37 1158 59 7 81 168 26 18 NA 18 NA 7 59 0 4 20 31 0 0 0 0 0 4 20 31 0 0 0 0 0 143 93 3530 4919 17 31 33
64 85 104 84 20 56 35 1116 88 11 84 164 27 19 NA 19 NA 10 88 0 5 18 33 0 0 0 0 0 5 18 33 0 0 0 0 0 136 96 3599 4916 20 28 36
65 80 106 85 21 56 39 1129 69 8 83 163 27 19 NA 19 NA 12 69 0 7 17 32 0 0 0 0 0 7 17 32 0 0 0 0 3 165 96 3662 4917 20 28 35
66 72 110 90 20 56 40 1131 63 6 82 169 27 20 NA 20 NA 9 63 0 5 18 33 0 0 0 0 0 5 18 33 0 0 0 0 4 151 98 3725 4918 18 28 36
67 61 113 92 21 55 45 1130 64 5 81 167 28 20 NA 20 NA 10 64 0 4 18 33 0 0 0 0 0 4 18 33 0 0 0 0 2 137 98 3779 4919 15 28 38
68 93 109 88 21 54 46 1134 61 10 78 163 29 20 NA 20 NA 11 61 0 3 19 32 0 0 0 0 0 3 19 32 0 0 0 0 1 142 98 3833 4922 12 29 37
69 84 111 90 21 52 49 1114 70 7 77 176 27 20 NA 20 NA 10 70 0 3 17 32 0 0 0 0 0 3 17 32 0 0 0 0 2 136 98 3903 4923 13 27 37
70 78 109 88 21 49 46 1108 76 6 75 175 27 20 NA 20 NA 4 76 0 4 15 30 0 0 0 0 0 4 15 30 0 0 0 0 2 147 100 3961 4925 15 24 36
71 73 110 89 21 49 46 1132 56 6 77 180 27.5 20 NA 20 NA 5 56 0 4 14 31 0 0 0 0 0 4 14 31 0 0 0 0 0 169 101 4029 4923 17 23 37
72 63 110 90 20 51 51 1143 66 4 77 196 28 20 NA 20 NA 11 66 0 5 16 30 0 0 0 0 0 5 16 30 0 0 0 0 1 153 103 4089 4923 17 24 36
73 84 109 89 20 51 47 1116 66 7 76 189 29 20 NA 20 NA 7 66 1 5 14 31 0 0 0 0 1 5 14 31 0 0 0 0 0 115 106 4140 4924 17 23 36
74 68 109 90 19 50 43 1115 67 9 74 185 26 20 NA 20 NA 7 67 2 5 14 29 0 0 0 0 2 5 14 29 0 0 0 0 2 141 108 4197 4926 17 21 36
75 88 109 90 19 48 41 1117 64 6 73 177 24 20 NA 20 NA 7 64 2 5 12 29 0 0 0 0 2 5 12 29 0 0 0 0 2 155 112 4263 4927 18 16 39
76 72 109 90 19 47 43 1118 72 5 74 168 25 20 NA 20 NA 9 72 1 3 13 30 0 0 0 0 1 3 13 30 0 0 0 0 0 150 114 4321 4926 16 18 40
77 91 110 91 19 46 47 1107 66 6 76 166 24.5 19.5 NA 19.5 NA 13 66 1 4 12 29 0 0 0 0 1 4 12 29 0 0 0 0 3 140 118 4387 4924 20 17 39
78 61 109 91 18 47 41 1121 70 10 79 169 24 20 NA 20 NA 7 70 1 4 10 32 0 0 0 0 1 4 10 32 0 0 0 0 1 164 122 4454 4921 24 15 40
79 76 115 97 18 45 39 1115 77 9 79 161 21 20 NA 20 NA 10 77 1 4 8 32 0 0 0 0 1 4 8 32 0 0 0 0 4 148 123 4517 4921 26 12 41
80 64 115 97 18 44 40 1121 75 4 78 170 21 20 NA 20 NA 8 75 1 5 4 34 0 0 0 0 1 5 4 34 0 0 0 0 1 146 126 4570 4922 27 9 42
81 78 109 91 18 40 33 1105 69 9 76 161 18 20.5 NA 20.5 NA 7 69 0 4 5 31 0 0 0 0 0 4 5 31 0 0 0 0 1 138 130 4633 4924 27 10 39
82 79 110 92 18 40 34 1107 68 5 77 169 17.5 19.5 NA 19.5 NA 13 68 0 5 6 29 0 0 0 0 0 5 6 29 0 0 0 0 1 146 136 4692 4923 29 11 37
83 86 109 90 19 42 34 1105 74 8 77 173 18 18.5 NA 18.5 NA 7 74 1 5 7 29 0 0 0 0 1 5 7 29 0 0 0 0 1 162 137 4761 4923 27 13 37
84 76 108 89 19 40 36 1133 78 7 75 168 19 18.5 NA 18.5 NA 9 78 1 4 6 29 0 0 0 0 1 4 6 29 0 0 0 0 2 171 138 4809 4925 26 13 36
85 82 114 89 25 43 34 1119 81 10 75 166 19 19 NA 19 NA 6 81 1 6 7 29 0 0 0 0 1 6 7 29 0 0 0 0 2 138 139 4857 4925 27 12 36
86 76 111 86 25 44 36 1119 66 9 74 163 19 19.5 NA 19.5 NA 10 66 1 9 6 28 0 0 0 0 1 9 6 28 0 0 0 0 0 137 139 4916 4926 30 11 33
87 65 111 87 24 45 41 1123 66 4 75 175 20 20 NA 20 NA 8 66 2 8 7 28 0 0 0 0 2 8 7 28 0 0 0 0 0 144 139 4976 4925 30 12 33
88 68 110 87 23 50 36 1153 49 14 74 194 20.5 20 NA 20 NA 5 49 2 12 7 29 0 0 0 0 2 12 7 29 0 0 0 0 1 157 139 5039 4926 29 10 35
89 78 110 87 23 49 42 1139 54 1 75 200 21 20 NA 20 NA 11 54 2 10 9 28 0 0 0 0 2 10 9 28 0 0 0 0 2 117 142 5092 4925 27 14 34
90 73 111 87 24 50 40 1152 65 13 75 201 21 20 NA 20 NA 12 65 3 6 13 28 0 0 0 0 3 6 13 28 0 0 0 0 0 159 144 5153 4925 24 18 33
91 71 112 88 24 51 44 1157 70 3 80 194 22 20 NA 20 NA 7 70 2 8 14 27 0 0 0 0 2 8 14 27 0 0 0 0 3 155 145 5218 4920 28 20 32
92 65 116 92 24 54 43 1152 73 8 83 193 22.5 20 NA 20 NA 9 73 2 9 16 27 0 0 0 0 2 9 16 27 0 0 0 0 3 148 148 5278 4917 29 21 33
93 70 117 93 24 55 39 1151 61 9 84 193 23 20 NA 20 NA 7 61 2 8 18 27 0 0 0 0 2 8 18 27 0 0 0 0 1 139 150 5339 4916 27 24 33
94 73 115 91 24 54 45 1116 81 7 84 188 23 20 NA 20 NA 12 81 2 8 17 27 0 0 0 0 2 8 17 27 0 0 0 0 0 139 151 5405 4916 27 25 32
95 72 114 89 25 55 37 1090 78 10 82 178 23 20 NA 20 NA 5 78 2 9 17 27 0 0 0 0 2 9 17 27 0 0 0 0 2 137 154 5481 4918 26 24 32
96 75 111 86 25 54 41 1091 76 4 80 185 22 19.5 NA 19.5 NA 12 76 1 11 18 24 0 0 0 0 1 11 18 24 0 0 0 0 1 157 157 5545 4920 26 25 29
97 69 108 84 24 55 41 1119 55 10 84 198 22 19 NA 19 NA 10 55 0 14 19 22 0 0 0 0 0 14 19 22 0 0 0 0 1 150 158 5599 4916 33 25 26
98 89 108 85 23 58 41 1121 60 12 84 206 23 19 NA 19 NA 10 60 0 16 20 22 0 0 0 0 0 16 20 22 0 0 0 0 1 137 158 5660 4916 31 27 26
99 58 105 82 23 59 37 1106 66 6 83 188 24 19 NA 19 NA 2 66 0 14 22 23 0 0 0 0 0 14 22 23 0 0 0 0 1 127 159 5724 4917 30 28 25
100 74 105 82 23 58 33 1105 63 6 82 183 23 19 NA 19 NA 4 63 0 14 21 23 0 0 0 0 0 14 21 23 0 0 0 0 1 154 160 5788 4918 30 27 25
101 79 105 81 24 60 34 1114 59 6 83 175 23 18.5 NA 18.5 NA 6 59 0 16 18 26 0 0 0 0 0 16 18 26 0 0 0 0 0 136 160 5840 4917 31 24 28
102 80 105 81 24 59 39 1104 69 4 84 169 23 19 NA 19 NA 12 69 0 16 14 29 0 0 0 0 0 16 14 29 0 0 0 0 0 143 162 5911 4916 32 21 31
103 61 105 80 25 62 36 1094 71 9 87 164 24 18 NA 18 NA 9 71 0 14 18 30 0 0 0 0 0 14 18 30 0 0 0 0 0 149 167 5986 4913 28 26 33
104 72 102 77 25 63 34 1095 66 11 89 173 25 18 NA 18 NA 9 66 0 15 18 30 0 0 0 0 0 15 18 30 0 0 0 0 0 144 169 6045 4911 30 26 33
105 78 104 79 25 62 37 1108 66 3 88 169 26 18 NA 18 NA 7 66 0 16 14 32 0 0 0 0 0 16 14 32 0 0 0 0 4 159 172 6107 4912 29 23 36
106 95 103 78 25 62 34 1096 66 9 87 162 27 18 NA 18 NA 5 66 0 15 15 32 0 0 0 0 0 15 15 32 0 0 0 0 1 128 173 6164 4913 27 23 37
107 74 99 77 22 60 30 1114 68 6 84 165 27 19 NA 19 NA 3 68 0 15 15 30 0 0 0 0 0 15 15 30 0 0 0 0 1 155 174 6217 4916 28 22 34
108 72 96 74 22 58 26 1111 70 5 80 169 27 18 NA 18 NA 3 70 0 13 17 28 0 0 0 0 0 13 17 28 0 0 0 0 2 148 176 6283 4920 25 22 33
109 96 97 75 22 58 30 1114 60 3 79 162 27 18 NA 18 NA 7 60 0 10 21 27 0 0 0 0 0 10 21 27 0 0 0 0 3 147 178 6345 4921 20 27 32
110 95 99 74 25 58 25 1113 77 9 79 165 28 18 NA 18 NA 4 77 0 9 21 28 0 0 0 0 0 9 21 28 0 0 0 0 3 159 179 6406 4921 20 25 34
111 82 99 74 25 58 22 1094 82 4 80 164 27 18 NA 18 NA 4 82 0 7 22 29 0 0 0 0 0 7 22 29 0 0 0 0 0 144 182 6468 4920 20 26 34
112 92 98 74 24 57 28 1096 62 3 78 174 27.5 18 NA 18 NA 9 62 0 7 22 28 0 0 0 0 0 7 22 28 0 0 0 0 2 142 184 6526 4922 19 26 33
113 89 96 70 26 56 30 1086 74 5 74 181 28 18.5 NA 18.5 NA 7 74 0 7 22 27 0 0 0 0 0 7 22 27 0 0 0 0 1 145 185 6584 4926 18 26 30
114 75 97 73 24 57 31 1091 61 7 72 176 29 19 NA 19 NA 7 61 0 6 24 27 0 0 0 0 0 6 24 27 0 0 0 0 0 142 186 6644 4928 15 27 30
115 90 101 77 24 55 36 1080 72 7 69 177 26 20 NA 20 NA 11 72 0 5 20 30 0 0 0 0 0 5 20 30 0 0 0 0 7 141 187 6708 4931 13 23 33
116 85 101 77 24 53 35 1093 61 5 67 186 27 20 NA 20 NA 7 61 0 1 21 31 0 0 0 0 0 1 21 31 0 0 0 0 1 158 190 6761 4933 9 23 35
117 71 99 76 23 54 35 1070 86 5 68 172 28 20 NA 20 NA 7 86 1 0 21 32 0 0 0 0 1 0 21 32 0 0 0 0 1 147 191 6830 4932 10 22 36
118 77 94 73 21 49 38 1061 77 4 62 160 27 20 NA 20 NA 9 77 1 0 18 30 0 0 0 0 1 0 18 30 0 0 0 0 0 131 193 6875 4938 9 20 33
119 77 91 71 20 48 37 1082 59 7 62 155 28 19.5 NA 19.5 NA 7 59 1 0 18 29 0 0 0 0 1 0 18 29 0 0 0 0 1 150 194 6927 4938 8 22 32
120 73 92 71 21 47 42 1092 68 4 63 164 29 19 NA 19 NA 9 68 1 0 16 30 0 0 0 0 1 0 16 30 0 0 0 0 1 152 194 6984 4937 10 20 33
121 82 92 74 18 46 43 1096 78 4 60 166 29 18.5 NA 18.5 NA 8 78 1 0 11 34 0 0 0 0 1 0 11 34 0 0 0 0 2 151 195 7034 4940 9 15 36
122 77 92 74 18 46 48 1085 77 4 63 161 29.5 18.5 NA 18.5 NA 10 77 1 1 10 34 0 0 0 0 1 1 10 34 0 0 0 0 0 145 196 7096 4937 12 15 36
123 80 94 78 16 44 40 1107 62 12 61 150 26.5 18 NA 18 NA 6 62 1 2 8 33 0 0 0 0 1 2 8 33 0 0 0 0 3 166 198 7157 4939 12 14 35
124 79 95 79 16 44 36 1107 61 8 62 154 24 18 NA 18 NA 5 61 1 3 8 32 0 0 0 0 1 3 8 32 0 0 0 0 2 127 199 7201 4938 14 14 34
125 80 96 79 17 43 38 1106 71 2 62 156 19 18 NA 18 NA 9 71 1 4 6 32 0 0 0 0 1 4 6 32 0 0 0 0 3 146 203 7258 4938 17 12 33
126 73 96 79 17 43 40 1123 66 7 63 163 18 18 NA 18 NA 8 66 2 4 6 31 0 0 0 0 2 4 6 31 0 0 0 0 1 156 203 7316 4937 20 11 32
127 70 95 79 16 44 34 1144 70 11 68 162 17 17 NA 17 NA 5 70 1 8 3 32 0 0 0 0 1 8 3 32 0 0 0 0 1 159 205 7365 4932 26 9 33
128 72 95 79 16 44 38 1125 69 4 69 160 18 17 NA 17 NA 9 69 1 8 2 33 0 0 0 0 1 8 2 33 0 0 0 0 1 136 206 7429 4931 28 7 34
129 92 95 79 16 45 35 1095 97 9 68 152 19 17 NA 17 NA 5 97 2 7 3 33 0 0 0 0 2 7 3 33 0 0 0 0 2 157 206 7490 4932 26 8 34
130 65 95 80 15 42 39 1096 65 4 66 165 18 17 NA 17 NA 10 65 2 7 3 30 0 0 0 0 2 7 3 30 0 0 0 0 2 132 207 7547 4934 27 7 32
131 72 97 82 15 45 40 1097 69 10 67 159 19 17 NA 17 NA 10 69 2 9 4 30 0 0 0 0 2 9 4 30 0 0 0 0 1 150 208 7608 4933 27 7 33
132 81 96 82 14 48 39 1089 72 12 67 154 19.5 17 NA 17 NA 10 72 2 12 5 29 0 0 0 0 2 12 5 29 0 0 0 0 0 140 210 7660 4933 27 9 31
133 67 94 80 14 48 44 1100 73 6 68 151 20.5 17 NA 17 NA 16 73 2 13 5 28 0 0 0 0 2 13 5 28 0 0 0 0 0 155 214 7715 4932 29 9 30
134 76 91 77 14 47 37 1069 65 11 66 154 21 17 NA 17 NA 6 65 2 10 9 26 0 0 0 0 2 10 9 26 0 0 0 0 0 128 215 7785 4934 25 12 29
135 60 92 78 14 55 28 1083 66 14 69 168 21.5 17 NA 17 NA 5 66 3 15 12 25 0 0 0 0 3 15 12 25 0 0 0 0 2 156 217 7846 4931 28 12 29
136 72 93 79 14 55 33 1107 71 3 71 170 22 17 NA 17 NA 10 71 1 16 12 26 0 0 0 0 1 16 12 26 0 0 0 0 1 156 218 7889 4929 28 14 29
137 63 91 77 14 53 35 1117 68 2 73 175 23 17 NA 17 NA 6 68 1 16 11 25 0 0 0 0 1 16 11 25 0 0 0 0 0 162 220 7957 4927 30 15 28
138 85 87 74 13 50 38 1119 73 7 70 182 24 17 NA 17 NA 9 73 1 12 13 24 0 0 0 0 1 12 13 24 0 0 0 0 1 148 220 8013 4930 25 18 27
139 70 88 74 14 48 36 1142 53 6 69 194 24.5 17 NA 17 NA 6 53 0 8 15 25 0 0 0 0 0 8 15 25 0 0 0 0 2 160 222 8076 4931 20 21 28
140 72 90 74 16 48 31 1181 65 8 69 199 25 17 NA 17 NA 3 65 0 7 16 25 0 0 0 0 0 7 16 25 0 0 0 0 1 167 222 8122 4931 20 22 27
141 75 88 72 16 46 36 1161 68 2 69 194 26 17.5 NA 17.5 NA 8 68 0 6 14 26 0 0 0 0 0 6 14 26 0 0 0 0 1 133 223 8189 4931 21 20 28
142 73 92 76 16 45 34 1180 59 7 70 190 25.5 18 NA 18 NA 7 59 0 6 14 25 0 0 0 0 0 6 14 25 0 0 0 0 1 144 225 8240 4930 22 21 27
143 79 93 78 15 46 27 1179 74 10 71 186 25 17 NA 17 NA 5 74 0 7 14 25 0 0 0 0 0 7 14 25 0 0 0 0 1 162 229 8311 4929 23 21 27
144 71 90 75 15 45 26 1166 80 4 69 169 25.5 17 NA 17 NA 6 80 0 8 12 25 0 0 0 0 0 8 12 25 0 0 0 0 0 141 232 8368 4931 21 21 27
145 85 92 77 15 46 30 1155 64 4 70 160 25.5 17 NA 17 NA 10 64 0 7 14 25 0 0 0 0 0 7 14 25 0 0 0 0 0 139 233 8435 4930 20 23 27
146 79 91 75 16 46 25 1168 67 9 68 153 26 17.5 NA 17.5 NA 6 67 0 8 11 27 0 0 0 0 0 8 11 27 0 0 0 0 0 146 234 8487 4932 18 21 29
147 74 88 73 15 44 27 1164 63 3 67 162 26 18 NA 18 NA 5 63 0 6 12 26 0 0 0 0 0 6 12 26 0 0 0 0 1 143 234 8551 4933 18 21 28
148 60 90 74 16 44 28 1152 69 7 67 165 25.5 18 NA 18 NA 9 69 0 4 14 26 0 0 0 0 0 4 14 26 0 0 0 0 2 138 236 8616 4933 16 21 30
149 79 88 73 15 44 29 1149 70 5 64 158 26 18 NA 18 NA 8 70 0 4 16 24 0 0 0 0 0 4 16 24 0 0 0 0 0 154 238 8682 4936 14 20 30
150 80 88 74 14 46 31 1124 80 10 64 155 27 18 NA 18 NA 11 80 0 4 16 26 0 0 0 0 0 4 16 26 0 0 0 0 2 142 238 8745 4936 13 20 31
151 75 89 75 14 48 31 1109 67 8 66 159 28 18 NA 18 NA 9 67 1 3 14 30 0 0 0 0 1 3 14 30 0 0 0 0 0 150 240 8824 4934 14 18 34
152 72 92 77 15 49 23 1144 74 12 67 163 27.5 18 NA 18 NA 5 74 0 6 14 29 0 0 0 0 0 6 14 29 0 0 0 0 4 193 240 8895 4933 16 18 33
153 77 91 75 16 48 27 1123 82 5 66 156 28 18.5 NA 18.5 NA 8 82 0 6 13 29 0 0 0 0 0 6 13 29 0 0 0 0 0 140 240 8951 4934 17 16 33
154 74 90 75 15 51 22 1153 52 9 70 161 28.5 19 NA 19 NA 3 52 0 8 13 30 0 0 0 0 0 8 13 30 0 0 0 0 1 155 240 9011 4930 20 16 34
155 91 90 75 15 49 19 1150 72 4 67 157 25 18 NA 18 NA 3 72 1 6 14 28 0 0 0 0 1 6 14 28 0 0 0 0 2 164 242 9081 4933 19 16 32
156 76 89 74 15 49 32 1157 81 2 66 163 26 18 NA 18 NA 15 81 1 6 15 27 0 0 0 0 1 6 15 27 0 0 0 0 0 172 242 9142 4934 18 16 32
157 74 89 74 15 49 29 1147 66 9 67 167 26 18 NA 18 NA 7 66 1 7 13 28 0 0 0 0 1 7 13 28 0 0 0 0 0 132 243 9200 4933 19 15 33
158 80 91 76 15 50 29 1151 70 9 68 164 27 18 NA 18 NA 10 70 1 8 12 29 0 0 0 0 1 8 12 29 0 0 0 0 1 153 244 9251 4932 20 14 34
159 71 92 76 16 50 23 1162 66 8 69 172 26.5 18 NA 18 NA 3 66 2 5 14 29 0 0 0 0 2 5 14 29 0 0 0 0 2 138 246 9300 4931 19 16 34
160 72 91 76 15 49 23 1168 69 7 69 177 25 18 NA 18 NA 8 69 1 7 10 31 0 0 0 0 1 7 10 31 0 0 0 0 1 150 248 9356 4931 21 13 35
161 77 89 73 16 47 23 1150 67 6 68 181 26 18 NA 18 NA 7 67 1 7 9 30 0 0 0 0 1 7 9 30 0 0 0 0 2 143 249 9428 4932 22 12 34
162 71 89 73 16 46 31 1144 79 6 65 185 23 17 NA 17 NA 14 79 1 9 8 28 0 0 0 0 1 9 8 28 0 0 0 0 2 151 250 9484 4935 22 11 32
163 67 89 73 16 45 34 1130 77 12 64 173 23 17 NA 17 NA 14 77 1 9 8 27 0 0 0 0 1 9 8 27 0 0 0 0 1 141 251 9547 4936 21 12 31
164 74 92 76 16 46 37 1095 71 10 67 174 23 17 NA 17 NA 12 71 1 6 12 27 0 0 0 0 1 6 12 27 0 0 0 0 3 138 251 9629 4933 21 15 31
165 57 92 76 16 47 39 1066 86 8 67 163 23 17 NA 17 NA 10 86 1 7 12 27 0 0 0 0 1 7 12 27 0 0 0 0 2 123 251 9683 4933 22 15 30
166 64 91 75 16 47 35 1067 70 7 66 167 24 17 NA 17 NA 6 70 2 6 12 27 0 0 0 0 2 6 12 27 0 0 0 0 1 144 253 9743 4934 18 17 31
167 61 89 73 16 50 32 1067 59 9 69 168 25 17 NA 17 NA 5 59 2 8 12 28 0 0 0 0 2 8 12 28 0 0 0 0 0 135 253 9806 4931 21 17 31
168 51 89 74 15 49 34 1065 61 4 67 174 25 17 NA 17 NA 7 61 2 8 11 28 0 0 0 0 2 8 11 28 0 0 0 0 1 131 253 9869 4933 21 16 30
169 75 90 75 15 48 33 1065 62 4 67 173 25 17 NA 17 NA 6 62 2 7 12 27 0 0 0 0 2 7 12 27 0 0 0 0 2 139 256 9929 4933 20 17 30
170 91 92 76 16 48 29 1046 61 7 67 165 24.5 17 NA 17 NA 3 61 1 8 13 26 0 0 0 0 1 8 13 26 0 0 0 0 3 123 257 9991 4933 20 18 29
171 93 89 73 16 46 29 1058 58 5 67 170 25 17 NA 17 NA 6 58 1 8 10 27 0 0 0 0 1 8 10 27 0 0 0 0 0 147 258 10048 4933 20 17 30
172 64 91 72 19 46 36 1052 69 2 67 164 25 17 NA 17 NA 8 69 1 6 13 26 0 0 0 0 1 6 13 26 0 0 0 0 2 137 258 10109 4933 18 19 30
173 65 90 71 19 48 35 1068 59 5 67 163 26 17 NA 17 NA 4 59 1 7 14 26 0 0 0 0 1 7 14 26 0 0 0 0 0 147 259 10167 4933 17 20 30
174 88 92 73 19 48 36 1053 53 3 69 162 26 17 NA 17 NA 8 53 1 6 15 26 0 0 0 0 1 6 15 26 0 0 0 0 1 133 261 10237 4931 19 21 29
175 82 93 73 20 48 38 1062 69 5 69 171 27 17.5 NA 17.5 NA 12 69 1 6 13 28 0 0 0 0 1 6 13 28 0 0 0 0 2 144 264 10284 4931 19 20 30
176 81 93 75 18 49 36 1066 59 7 72 156 28 17 NA 17 NA 4 59 1 7 11 30 0 0 0 0 1 7 11 30 0 0 0 0 1 147 265 10348 4928 20 20 32
177 80 91 73 18 48 37 1058 76 5 72 152 28 17 NA 17 NA 9 76 0 8 11 29 0 0 0 0 0 8 11 29 0 0 0 0 1 143 268 10401 4928 21 21 30
178 73 90 72 18 47 44 1056 74 7 70 161 27.5 17 NA 17 NA 14 74 0 8 8 31 0 0 0 0 0 8 8 31 0 0 0 0 2 146 269 10460 4930 20 17 33
179 78 90 72 18 51 37 1070 58 13 70 161 28.5 19 NA 19 NA 6 58 0 7 11 33 0 0 0 0 0 7 11 33 0 0 0 0 1 143 270 10514 4930 17 18 35
180 68 90 71 19 50 42 1075 72 5 70 164 28 18 NA 18 NA 10 72 0 7 12 31 0 0 0 0 0 7 12 31 0 0 0 0 2 144 270 10564 4930 19 18 33
181 73 88 68 20 50 37 1073 57 12 69 170 28.5 18 NA 18 NA 8 57 0 6 13 31 0 0 0 0 0 6 13 31 0 0 0 0 0 133 270 10625 4931 19 17 33
182 64 89 68 21 49 34 1081 55 9 69 167 27 19 NA 19 NA 9 55 0 5 13 31 0 0 0 0 0 5 13 31 0 0 0 0 3 138 274 10681 4931 20 17 32
183 77 88 68 20 46 31 1076 62 6 66 163 25.5 19 NA 19 NA 4 62 0 4 12 30 0 0 0 0 0 4 12 30 0 0 0 0 1 141 275 10739 4934 18 16 32
184 83 83 64 19 44 33 1070 72 3 64 163 26 19.5 NA 19.5 NA 5 72 1 5 8 30 0 0 0 0 1 5 8 30 0 0 0 0 0 150 276 10801 4936 20 12 32
185 78 84 64 20 42 47 1059 87 2 62 159 25 19.5 NA 19.5 NA 16 87 1 5 8 28 0 0 0 0 1 5 8 28 0 0 0 0 2 158 277 10859 4938 19 13 30
186 79 85 65 20 41 48 1085 66 7 62 169 25 20 NA 20 NA 9 66 1 3 8 29 0 0 0 0 1 3 8 29 0 0 0 0 0 156 278 10908 4938 16 15 31
187 87 89 65 24 41 44 1081 62 14 63 162 25 20 NA 20 NA 11 62 1 3 8 29 0 0 0 0 1 3 8 29 0 0 0 0 1 137 279 10962 4937 17 15 31
188 72 91 65 26 41 34 1076 64 9 64 166 25 20 NA 20 NA 5 64 1 1 10 29 0 0 0 0 1 1 10 29 0 0 0 0 2 140 284 11022 4936 15 16 33
189 74 90 64 26 41 35 1070 70 8 63 164 25 19 NA 19 NA 10 70 1 1 11 28 0 0 0 0 1 1 11 28 0 0 0 0 1 127 286 11074 4937 14 17 32
190 76 88 63 25 40 35 1093 71 7 63 169 26 18.5 NA 18.5 NA 8 71 1 1 11 27 0 0 0 0 1 1 11 27 0 0 0 0 0 176 287 11136 4937 16 17 30
191 73 90 65 25 41 29 1106 60 9 63 163 26 20 NA 20 NA 5 60 0 3 10 28 0 0 0 0 0 3 10 28 0 0 0 0 0 153 289 11194 4937 16 16 31
192 83 92 66 26 41 31 1090 66 3 65 166 26 20 NA 20 NA 6 66 0 3 10 28 0 0 0 0 0 3 10 28 0 0 0 0 1 134 290 11252 4935 16 18 31
193 67 91 66 25 40 33 1097 67 5 65 162 25 19 NA 19 NA 6 67 0 4 9 27 0 0 0 0 0 4 9 27 0 0 0 0 1 138 290 11301 4935 16 19 30
194 77 91 66 25 40 31 1106 55 10 67 160 25 19 NA 19 NA 10 55 0 5 8 27 0 0 0 0 0 5 8 27 0 0 0 0 1 142 293 11361 4933 18 19 30
195 71 90 66 24 40 32 1117 70 7 67 168 26 17.5 NA 17.5 NA 7 70 0 6 6 28 0 0 0 0 0 6 6 28 0 0 0 0 1 158 294 11422 4933 19 17 31
196 80 89 65 24 41 28 1117 55 10 63 175 24 16 NA 16 NA 6 55 0 8 6 27 0 0 0 0 0 8 6 27 0 0 0 0 2 142 295 11490 4937 17 16 30
197 79 89 66 23 39 26 1105 64 6 63 173 23 16 NA 16 NA 6 64 0 8 5 26 0 0 0 0 0 8 5 26 0 0 0 0 3 140 296 11559 4937 19 15 29
198 93 89 67 22 40 31 1095 65 1 65 166 24 16.5 NA 16.5 NA 8 65 0 8 5 27 0 0 0 0 0 8 5 27 0 0 0 0 1 138 299 11621 4935 20 14 31
199 75 91 69 22 41 35 1110 60 4 67 169 22 17 NA 17 NA 8 60 1 7 8 25 0 0 0 0 1 7 8 25 0 0 0 0 2 144 300 11671 4933 22 15 30
200 86 89 68 21 38 26 1126 56 8 65 171 21 17 NA 17 NA 1 56 1 7 5 25 0 0 0 0 1 7 5 25 0 0 0 0 2 159 302 11733 4935 24 11 30
201 92 89 69 20 39 37 1127 82 5 62 174 20 17 NA 17 NA 16 82 1 8 5 25 0 0 0 0 1 8 5 25 0 0 0 0 4 155 303 11780 4938 23 9 30
202 72 90 70 20 38 41 1119 73 4 61 175 20 17 NA 17 NA 9 73 1 7 6 24 0 0 0 0 1 7 6 24 0 0 0 0 1 152 304 11850 4939 21 11 29
203 71 90 71 19 35 40 1116 68 10 61 170 20 17 NA 17 NA 8 68 1 6 7 21 0 0 0 0 1 6 7 21 0 0 0 0 2 143 304 11911 4939 23 12 26
204 74 89 70 19 38 44 1129 70 8 60 164 19 17 NA 17 NA 12 70 1 8 8 21 0 0 0 0 1 8 8 21 0 0 0 0 2 157 305 11970 4940 23 11 26
205 87 90 71 19 36 38 1113 71 9 60 154 19.5 17 NA 17 NA 6 71 1 6 10 19 0 0 0 0 1 6 10 19 0 0 0 0 2 131 306 12020 4940 23 12 25
206 68 89 70 19 35 33 1131 54 8 61 152 20 17 NA 17 NA 5 54 1 4 12 18 0 0 0 0 1 4 12 18 0 0 0 0 2 146 307 12081 4939 22 15 24
207 74 84 66 18 34 29 1141 65 9 57 153 21 17 NA 17 NA 6 65 1 3 13 17 0 0 0 0 1 3 13 17 0 0 0 0 0 164 309 12149 4943 19 15 23
208 81 87 69 18 35 30 1120 67 6 60 153 21 17 NA 17 NA 6 67 0 5 11 19 0 0 0 0 0 5 11 19 0 0 0 0 1 124 309 12207 4940 22 13 25
209 73 89 72 17 34 35 1136 57 5 62 171 22 17 NA 17 NA 13 57 0 4 12 18 0 0 0 0 0 4 12 18 0 0 0 0 1 147 312 12261 4938 22 16 24
210 80 90 72 18 35 41 1141 69 7 62 175 23 17 NA 17 NA 13 69 0 3 14 18 0 0 0 0 0 3 14 18 0 0 0 0 1 150 313 12317 4938 20 17 25
211 73 90 73 17 36 32 1118 69 12 62 175 21.5 18.5 NA 18.5 NA 8 69 0 5 13 18 0 0 0 0 0 5 13 18 0 0 0 0 2 145 316 12389 4938 18 19 25
212 85 87 72 15 34 33 1075 92 7 58 175 21 18.5 NA 18.5 NA 10 92 0 5 13 16 0 0 0 0 0 5 13 16 0 0 0 0 2 145 317 12464 4942 17 19 22
213 73 88 72 16 38 38 1062 66 8 62 175 21.5 17.5 NA 17.5 NA 12 66 1 7 14 16 0 0 0 0 1 7 14 16 0 0 0 0 2 131 317 12525 4938 21 19 22
214 70 87 72 15 38 37 1051 67 7 63 178 22 18 NA 18 NA 7 67 1 8 12 17 0 0 0 0 1 8 12 17 0 0 0 0 1 133 318 12580 4937 23 17 23
215 88 86 71 15 38 33 1054 66 10 63 170 21.5 17 NA 17 NA 6 66 3 5 14 16 0 0 0 0 3 5 14 16 0 0 0 0 2 151 318 12642 4937 23 19 21
216 81 89 72 17 37 38 1052 67 5 62 168 20 17 NA 17 NA 9 67 3 5 14 15 0 0 0 0 3 5 14 15 0 0 0 0 3 152 318 12707 4938 23 19 20
217 73 89 74 15 37 38 1044 73 7 63 169 20 16 NA 16 NA 8 73 1 8 11 17 0 0 0 0 1 8 11 17 0 0 0 0 1 146 320 12767 4937 24 17 22
218 64 91 74 17 39 34 1074 57 10 65 180 21 16 NA 16 NA 4 57 2 9 9 19 0 0 0 0 2 9 9 19 0 0 0 0 0 159 320 12825 4935 25 15 25
219 76 94 77 17 39 39 1065 80 3 65 179 21.5 16 NA 16 NA 8 80 2 9 8 20 0 0 0 0 2 9 8 20 0 0 0 0 4 148 320 12887 4935 24 15 26
220 69 97 79 18 41 44 1065 74 3 68 168 21 16 NA 16 NA 9 74 1 9 11 20 0 0 0 0 1 9 11 20 0 0 0 0 2 147 322 12933 4932 24 18 26
221 79 96 78 18 42 39 1049 81 6 70 167 21.5 16 NA 16 NA 2 81 1 10 10 21 0 0 0 0 1 10 10 21 0 0 0 0 0 137 325 12987 4930 24 19 27
222 77 93 75 18 43 37 1057 74 3 69 163 21 16 NA 16 NA 4 74 0 11 12 20 0 0 0 0 0 11 12 20 0 0 0 0 1 153 329 13034 4931 25 18 26
223 71 92 74 18 42 36 1071 62 4 67 167 22 16.5 NA 16.5 NA 4 62 0 10 11 21 0 0 0 0 0 10 11 21 0 0 0 0 2 144 331 13084 4933 25 15 27
224 79 92 76 16 42 36 1077 47 7 68 161 22.5 16.5 NA 16.5 NA 7 47 0 11 11 20 0 0 0 0 0 11 11 20 0 0 0 0 1 142 334 13154 4932 26 16 26
225 84 90 73 17 41 39 1089 64 4 64 171 22 16 NA 16 NA 10 64 0 11 12 18 0 0 0 0 0 11 12 18 0 0 0 0 2 149 336 13203 4936 23 19 22
226 61 88 70 18 41 38 1096 75 7 63 162 23 16 NA 16 NA 7 75 1 9 13 18 0 0 0 0 1 9 13 18 0 0 0 0 1 140 337 13248 4937 21 20 22
227 62 89 70 19 42 35 1095 62 10 63 154 23 16.5 NA 16.5 NA 5 62 1 10 11 20 0 0 0 0 1 10 11 20 0 0 0 0 1 143 338 13317 4937 19 20 24
228 64 92 73 19 42 34 1097 56 5 65 152 22.5 17.5 NA 17.5 NA 5 56 1 9 13 19 0 0 0 0 1 9 13 19 0 0 0 0 3 131 339 13373 4935 22 20 23
229 76 94 75 19 43 39 1117 59 6 67 160 21 18 NA 18 NA 13 59 0 8 16 19 0 0 0 0 0 8 16 19 0 0 0 0 2 152 341 13430 4933 22 21 24
230 71 97 77 20 44 34 1102 75 9 68 159 21 19 NA 19 NA 5 75 0 8 17 19 0 0 0 0 0 8 17 19 0 0 0 0 3 146 342 13496 4932 23 21 24
231 82 100 78 22 44 33 1115 66 6 68 166 21 19 NA 19 NA 7 66 0 8 18 18 0 0 0 0 0 8 18 18 0 0 0 0 3 156 344 13550 4932 24 21 23
232 68 102 78 24 44 35 1101 65 6 69 166 20.5 18.5 NA 18.5 NA 7 65 0 7 17 20 0 0 0 0 0 7 17 20 0 0 0 0 2 132 345 13617 4931 23 21 25
233 96 101 78 23 45 28 1095 63 10 66 163 20 17 NA 17 NA 5 63 1 8 17 19 0 0 0 0 1 8 17 19 0 0 0 0 1 123 347 13665 4934 21 21 24
234 68 99 77 22 44 27 1088 77 4 65 154 20 17 NA 17 NA 4 77 1 7 17 19 0 0 0 0 1 7 17 19 0 0 0 0 0 143 349 13723 4935 20 21 24
235 74 93 72 21 45 35 1088 74 5 62 160 20 17 NA 17 NA 11 74 1 9 18 17 0 0 0 0 1 9 18 17 0 0 0 0 0 149 349 13787 4938 20 20 22
236 76 97 75 22 46 29 1089 67 9 64 164 20 17.5 NA 17.5 NA 4 67 1 9 18 18 0 0 0 0 1 9 18 18 0 0 0 0 2 153 350 13846 4936 20 21 23
237 77 93 73 20 45 34 1049 102 7 65 156 21 17 NA 17 NA 11 102 1 9 15 20 0 0 0 0 1 9 15 20 0 0 0 0 0 146 351 13908 4935 21 19 25
238 83 94 73 21 44 25 1053 66 9 64 150 21 17 NA 17 NA 6 66 1 10 14 19 0 0 0 0 1 10 14 19 0 0 0 0 2 149 355 13977 4936 21 18 25
239 82 93 72 21 45 27 1091 55 4 66 166 22 17 NA 17 NA 6 55 1 9 13 22 0 0 0 0 1 9 13 22 0 0 0 0 0 167 355 14030 4934 22 16 28
240 90 93 71 22 43 33 1098 71 4 69 182 22 17 NA 17 NA 10 71 1 9 13 20 0 0 0 0 1 9 13 20 0 0 0 0 2 155 355 14082 4931 26 17 26
241 71 94 72 22 45 30 1094 67 11 70 174 21.5 16 NA 16 NA 7 67 1 11 12 21 0 0 0 0 1 11 12 21 0 0 0 0 1 138 356 14145 4930 26 17 27
242 78 96 72 24 48 27 1098 56 7 73 161 22 16.5 NA 16.5 NA 4 56 1 12 13 22 0 0 0 0 1 12 13 22 0 0 0 0 0 140 359 14202 4927 27 18 28
243 97 95 72 23 46 31 1088 65 4 74 165 22 16.5 NA 16.5 NA 9 65 1 11 14 20 0 0 0 0 1 11 14 20 0 0 0 0 1 144 360 14267 4926 29 19 26
244 76 93 70 23 47 29 1081 71 6 75 165 22 16 NA 16 NA 5 71 0 13 13 21 0 0 0 0 0 13 13 21 0 0 0 0 0 141 360 14320 4925 29 18 28
245 66 96 72 24 49 27 1089 63 10 76 153 22 16 NA 16 NA 9 63 0 15 11 23 0 0 0 0 0 15 11 23 0 0 0 0 4 143 361 14370 4924 31 16 29
246 79 96 70 26 50 26 1101 60 7 75 150 22.5 16.5 NA 16.5 NA 9 60 0 15 10 25 0 0 0 0 0 15 10 25 0 0 0 0 1 145 363 14424 4925 30 15 30
247 75 96 70 26 53 26 1121 68 7 74 161 23 17 NA 17 NA 6 68 0 13 14 26 0 0 0 0 0 13 14 26 0 0 0 0 0 154 363 14473 4926 27 16 31
248 73 92 67 25 50 29 1133 64 5 71 165 23.5 16.5 NA 16.5 NA 10 64 0 11 15 24 0 0 0 0 0 11 15 24 0 0 0 0 1 153 364 14534 4929 25 17 29
249 72 93 67 26 50 31 1161 60 6 70 168 24 16.5 NA 16.5 NA 8 60 0 8 18 24 0 0 0 0 0 8 18 24 0 0 0 0 2 161 364 14587 4930 22 20 28
250 105 93 68 25 50 28 1151 72 9 69 157 24 17 NA 17 NA 7 72 0 9 17 24 0 0 0 0 0 9 17 24 0 0 0 0 2 155 365 14660 4931 22 20 27
251 70 96 71 25 51 29 1137 64 6 69 159 23.5 17 NA 17 NA 8 64 0 9 17 25 0 0 0 0 0 9 17 25 0 0 0 0 1 136 366 14730 4931 21 20 28
252 78 98 73 25 49 39 1137 74 4 70 155 24 17 NA 17 NA 15 74 0 8 17 24 0 0 0 0 0 8 17 24 0 0 0 0 2 151 366 14789 4930 18 24 28
253 90 99 75 24 50 34 1127 61 12 70 149 25 17.5 NA 17.5 NA 9 61 1 8 16 25 0 0 0 0 1 8 16 25 0 0 0 0 1 136 367 14853 4930 18 23 29
254 70 97 73 24 50 45 1124 73 4 68 148 25 18 NA 18 NA 13 73 1 8 17 24 0 0 0 0 1 8 17 24 0 0 0 0 2 147 367 14908 4932 17 23 28
255 80 100 76 24 52 40 1124 75 13 70 150 25 17.5 NA 17.5 NA 11 75 1 7 19 25 0 0 0 0 1 7 19 25 0 0 0 0 1 154 369 14959 4930 16 25 29
256 67 97 74 23 48 38 1173 60 6 66 159 25 18.5 NA 18.5 NA 4 60 1 3 20 24 0 0 0 0 1 3 20 24 0 0 0 0 1 159 369 15003 4934 12 26 28
257 73 97 74 23 48 45 1174 77 3 68 176 26 18.5 NA 18.5 NA 10 77 1 2 21 24 0 0 0 0 1 2 21 24 0 0 0 0 0 160 369 15072 4932 12 28 28
258 74 96 73 23 48 44 1153 70 8 70 173 27 18.5 NA 18.5 NA 10 70 1 2 20 25 0 0 0 0 1 2 20 25 0 0 0 0 1 135 372 15137 4930 14 27 29
259 70 95 73 22 47 43 1136 67 7 68 177 28 18 NA 18 NA 8 67 1 2 17 27 0 0 0 0 1 2 17 27 0 0 0 0 1 144 373 15214 4932 15 23 30
260 62 100 77 23 48 43 1125 71 8 68 177 28 17.5 NA 17.5 NA 10 71 2 2 15 29 0 0 0 0 2 2 15 29 0 0 0 0 5 147 375 15288 4932 14 22 32
261 71 97 74 23 50 33 1131 58 14 69 181 29 17 NA 17 NA 5 58 2 4 12 32 0 0 0 0 2 4 12 32 0 0 0 0 1 150 377 15356 4931 16 18 35
262 83 95 73 22 47 37 1122 76 5 67 179 29 16 NA 16 NA 9 76 2 4 12 29 0 0 0 0 2 4 12 29 0 0 0 0 0 153 377 15423 4933 15 19 33
263 76 98 76 22 47 43 1128 71 5 68 174 28.5 16 NA 16 NA 11 71 1 5 11 30 0 0 0 0 1 5 11 30 0 0 0 0 2 148 377 15480 4932 16 18 34
264 64 97 75 22 46 41 1092 83 12 69 185 28 16 NA 16 NA 11 83 1 4 11 30 0 0 0 0 1 4 11 30 0 0 0 0 1 132 378 15548 4931 16 16 37
265 63 100 78 22 48 30 1091 75 9 72 184 27 16 NA 16 NA 2 75 2 5 10 31 0 0 0 0 2 5 10 31 0 0 0 0 1 149 380 15605 4928 19 15 38
266 88 105 82 23 48 33 1080 76 3 74 176 26 16 NA 16 NA 9 76 2 3 11 32 0 0 0 0 2 3 11 32 0 0 0 0 2 150 382 15666 4926 19 15 40
267 68 105 82 23 51 29 1090 55 9 76 165 25 16 NA 16 NA 7 55 2 7 8 34 0 0 0 0 2 7 8 34 0 0 0 0 1 137 384 15724 4924 21 13 42
268 67 108 85 23 52 34 1088 73 8 78 161 25.5 16 NA 16 NA 13 73 1 9 5 37 0 0 0 0 1 9 5 37 0 0 0 0 1 146 386 15785 4922 23 10 45
269 61 108 86 22 50 35 1113 59 7 77 184 23.5 16 NA 16 NA 10 59 1 9 4 36 0 0 0 0 1 9 4 36 0 0 0 0 1 160 387 15845 4923 23 10 44
270 67 106 86 20 49 30 1112 67 12 73 182 22 16 NA 16 NA 5 67 2 9 5 33 0 0 0 0 2 9 5 33 0 0 0 0 1 137 387 15898 4927 21 12 40
271 65 103 83 20 46 32 1122 64 6 71 171 21 16 NA 16 NA 10 64 2 8 6 30 0 0 0 0 2 8 6 30 0 0 0 0 1 149 388 15955 4929 22 13 36
272 59 100 79 21 45 31 1113 73 9 70 170 20 16 NA 16 NA 8 73 1 12 7 25 0 0 0 0 1 12 7 25 0 0 0 0 1 134 390 16011 4930 26 12 32
273 78 99 78 21 44 30 1122 66 8 69 168 21 15.5 NA 15.5 NA 7 66 2 10 8 24 0 0 0 0 2 10 8 24 0 0 0 0 1 155 390 16076 4931 25 13 31
274 70 97 76 21 46 33 1130 63 7 69 161 21 15.5 NA 15.5 NA 8 63 2 12 7 25 0 0 0 0 2 12 7 25 0 0 0 0 0 151 390 16144 4931 26 11 32
275 70 99 78 21 45 34 1144 58 7 71 166 21 15 NA 15 NA 9 58 1 12 9 23 0 0 0 0 1 12 9 23 0 0 0 0 2 142 392 16198 4929 28 13 30
276 78 101 81 20 46 30 1140 71 9 72 152 21 15 NA 15 NA 6 71 1 13 9 23 0 0 0 0 1 13 9 23 0 0 0 0 2 152 392 16255 4928 27 14 31
277 65 100 80 20 45 32 1136 67 5 73 151 22 15 NA 15 NA 9 67 0 12 11 22 0 0 0 0 0 12 11 22 0 0 0 0 1 144 395 16320 4927 27 17 29
278 92 103 84 19 46 34 1131 60 4 74 157 22 15 NA 15 NA 7 60 0 13 9 24 0 0 0 0 0 13 9 24 0 0 0 0 1 144 395 16382 4926 27 17 30
279 71 104 85 19 46 40 1112 65 6 73 153 22 15 NA 15 NA 11 65 1 11 11 23 0 0 0 0 1 11 11 23 0 0 0 0 1 134 395 16451 4927 24 19 30
280 81 105 86 19 47 39 1105 85 11 73 151 21 15 NA 15 NA 12 85 1 10 13 23 0 0 0 0 1 10 13 23 0 0 0 0 2 155 397 16513 4927 24 20 29
281 97 104 85 19 47 35 1116 70 11 74 153 21 15 NA 15 NA 9 70 1 9 14 23 0 0 0 0 1 9 14 23 0 0 0 0 1 165 400 16577 4926 25 20 29
282 75 103 85 18 46 32 1127 70 12 71 166 22 15 NA 15 NA 9 70 1 11 12 22 0 0 0 0 1 11 12 22 0 0 0 0 1 150 402 16635 4929 25 17 29
283 81 106 86 20 46 33 1127 82 7 72 162 21 15 NA 15 NA 8 82 1 11 12 22 0 0 0 0 1 11 12 22 0 0 0 0 2 163 402 16701 4928 25 18 29
284 65 103 85 18 45 32 1132 64 10 71 164 22 15 NA 15 NA 9 64 0 10 15 20 0 0 0 0 0 10 15 20 0 0 0 0 1 138 404 16751 4929 22 22 27
285 75 104 85 19 47 29 1115 67 10 71 173 22 15 NA 15 NA 8 67 0 11 17 19 0 0 0 0 0 11 17 19 0 0 0 0 0 148 406 16832 4929 22 23 26
286 56 101 85 16 45 34 1110 61 7 68 175 23 16 NA 16 NA 13 61 0 9 18 18 0 0 0 0 0 9 18 18 0 0 0 0 1 135 407 16900 4932 20 24 24
287 93 100 84 16 46 27 1104 66 10 68 158 23.5 16 NA 16 NA 4 66 0 6 21 19 0 0 0 0 0 6 21 19 0 0 0 0 0 145 408 16954 4932 18 25 25
288 84 103 87 16 45 25 1122 51 1 69 161 22 16 NA 16 NA 4 51 0 5 20 20 0 0 0 0 0 5 20 20 0 0 0 0 2 141 412 17010 4931 19 22 28
289 74 103 86 17 44 29 1123 79 3 69 165 23 16 NA 16 NA 8 79 0 4 18 22 0 0 0 0 0 4 18 22 0 0 0 0 1 152 413 17064 4931 19 20 30
290 105 103 87 16 46 32 1117 69 8 73 161 22 16 NA 16 NA 11 69 0 5 20 21 0 0 0 0 0 5 20 21 0 0 0 0 0 151 415 17124 4927 22 21 30
291 81 104 88 16 47 35 1124 68 5 75 162 22 16 NA 16 NA 7 68 0 7 16 24 0 0 0 0 0 7 16 24 0 0 0 0 1 145 415 17178 4925 25 17 33
292 82 99 83 16 45 33 1136 62 9 71 159 22 16 NA 16 NA 8 62 0 8 14 23 0 0 0 0 0 8 14 23 0 0 0 0 1 163 416 17246 4929 25 16 30
293 95 94 79 15 40 27 1137 64 9 65 155 20.5 17 NA 17 NA 5 64 0 9 13 18 0 0 0 0 0 9 13 18 0 0 0 0 2 141 418 17304 4935 22 18 25
294 79 92 78 14 38 33 1121 70 5 65 147 20 16.5 NA 16.5 NA 12 70 0 9 12 17 0 0 0 0 0 9 12 17 0 0 0 0 1 142 418 17372 4935 23 18 24
295 76 92 74 18 36 37 1113 70 5 66 150 18 16 NA 16 NA 9 70 0 8 10 18 0 0 0 0 0 8 10 18 0 0 0 0 0 136 418 17427 4934 26 16 24
296 61 92 74 18 37 36 1120 76 10 67 153 19 16 NA 16 NA 10 76 0 7 10 20 0 0 0 0 0 7 10 20 0 0 0 0 0 158 418 17488 4933 25 15 27
297 74 89 71 18 38 41 1116 71 6 66 154 20 16 NA 16 NA 13 71 0 7 10 21 0 0 0 0 0 7 10 21 0 0 0 0 0 141 419 17548 4934 25 14 27
298 79 87 69 18 37 38 1109 73 9 65 153 20 16 NA 16 NA 8 73 0 7 10 20 0 0 0 0 0 7 10 20 0 0 0 0 0 146 421 17604 4935 26 14 25
299 69 87 71 16 39 42 1126 72 6 64 154 21 16 NA 16 NA 11 72 0 7 10 22 0 0 0 0 0 7 10 22 0 0 0 0 1 160 423 17660 4936 24 14 26
300 72 86 72 14 41 35 1137 67 14 65 149 22 16 NA 16 NA 7 67 0 9 9 23 0 0 0 0 0 9 9 23 0 0 0 0 0 151 424 17721 4935 26 13 26
301 82 86 71 15 42 35 1130 71 13 66 144 23 16 NA 16 NA 12 71 0 9 10 23 0 0 0 0 0 9 10 23 0 0 0 0 1 149 425 17787 4934 26 14 26
302 74 86 72 14 40 34 1124 70 8 64 149 23.5 17.5 NA 17.5 NA 8 70 0 7 11 22 0 0 0 0 0 7 11 22 0 0 0 0 2 153 426 17857 4936 21 18 25
303 79 86 72 14 39 33 1117 65 5 63 162 23.5 17 NA 17 NA 7 65 1 7 11 20 0 0 0 0 1 7 11 20 0 0 0 0 0 148 430 17925 4937 20 20 23
304 82 86 72 14 38 35 1109 59 7 62 161 24 16.5 NA 16.5 NA 9 59 2 5 12 19 0 0 0 0 2 5 12 19 0 0 0 0 1 140 430 17995 4938 18 21 23
305 73 87 73 14 38 42 1128 64 4 65 177 24 16.5 NA 16.5 NA 12 64 1 6 10 21 0 0 0 0 1 6 10 21 0 0 0 0 2 144 431 18043 4935 21 19 25
306 74 92 79 13 38 45 1136 69 7 66 182 23.5 16.5 NA 16.5 NA 9 69 1 5 12 20 0 0 0 0 1 5 12 20 0 0 0 0 4 157 431 18104 4934 20 21 25
307 66 92 80 12 38 44 1157 61 10 67 186 24 16.5 NA 16.5 NA 7 61 1 3 14 20 0 0 0 0 1 3 14 20 0 0 0 0 0 148 432 18154 4933 19 23 25
308 81 94 82 12 40 39 1151 66 11 66 190 24 18 NA 18 NA 8 66 1 3 16 20 0 0 0 0 1 3 16 20 0 0 0 0 1 148 435 18223 4934 19 22 25
309 69 96 83 13 40 40 1145 82 7 65 200 22 18 NA 18 NA 7 82 2 3 14 21 0 0 0 0 2 3 14 21 0 0 0 0 1 147 435 18280 4935 18 21 26
310 76 98 83 15 42 36 1130 60 7 65 189 22 17.5 NA 17.5 NA 7 60 3 4 14 21 0 0 0 0 3 4 14 21 0 0 0 0 0 138 439 18343 4935 17 22 26
311 83 100 85 15 42 35 1131 54 4 68 194 22.5 17.5 NA 17.5 NA 5 54 2 5 12 23 0 0 0 0 2 5 12 23 0 0 0 0 0 145 439 18414 4932 20 20 28
312 75 101 86 15 44 36 1118 57 7 71 182 23 18 NA 18 NA 8 57 1 8 12 23 0 0 0 0 1 8 12 23 0 0 0 0 0 132 439 18481 4929 21 22 28
313 87 100 85 15 40 36 1126 70 4 68 179 22 18 NA 18 NA 6 70 1 7 12 20 0 0 0 0 1 7 12 20 0 0 0 0 2 153 442 18538 4932 20 23 25
314 92 104 86 18 40 37 1112 75 8 70 182 21 18 NA 18 NA 10 75 1 8 8 23 0 0 0 0 1 8 8 23 0 0 0 0 2 143 443 18602 4930 22 19 29
315 81 103 84 19 40 33 1089 71 7 70 171 22 18.5 NA 18.5 NA 7 71 0 10 7 23 0 0 0 0 0 10 7 23 0 0 0 0 1 127 448 18664 4930 23 17 30
316 71 102 83 19 38 35 1112 57 10 69 173 22.5 18.5 NA 18.5 NA 13 57 0 9 6 23 0 0 0 0 0 9 6 23 0 0 0 0 2 157 449 18726 4931 22 16 31
317 83 103 84 19 40 36 1100 68 10 70 175 22 18.5 NA 18.5 NA 12 68 0 6 10 24 0 0 0 0 0 6 10 24 0 0 0 0 0 131 450 18780 4930 20 19 31
318 61 102 84 18 43 39 1094 69 10 72 172 21 18 NA 18 NA 10 69 1 8 10 24 0 0 0 0 1 8 10 24 0 0 0 0 1 147 451 18852 4928 23 17 32
319 61 103 83 20 46 37 1088 71 12 72 173 20 17.5 NA 17.5 NA 10 71 1 11 9 25 0 0 0 0 1 11 9 25 0 0 0 0 2 151 453 18915 4928 22 17 33
320 81 102 83 19 45 41 1065 74 7 70 171 19.5 18 NA 18 NA 10 74 1 12 10 22 0 0 0 0 1 12 10 22 0 0 0 0 2 134 453 18974 4930 25 17 28
321 81 103 84 19 46 33 1075 66 14 72 165 20 18 NA 18 NA 9 66 1 13 10 22 0 0 0 0 1 13 10 22 0 0 0 0 1 137 456 19024 4928 28 16 28
322 60 105 85 20 45 34 1105 49 7 73 175 20 18 NA 18 NA 7 49 1 13 10 21 0 0 0 0 1 13 10 21 0 0 0 0 1 155 456 19086 4927 30 15 28
323 66 108 89 19 47 33 1116 72 9 73 174 19.5 18 NA 18 NA 8 72 1 13 13 20 0 0 0 0 1 13 13 20 0 0 0 0 3 151 456 19143 4927 29 18 26
324 76 109 89 20 48 33 1128 72 4 75 174 20 18 NA 18 NA 4 72 0 12 14 22 0 0 0 0 0 12 14 22 0 0 0 0 2 157 457 19200 4925 28 19 28
325 68 106 88 18 47 40 1146 58 5 76 184 20 18 NA 18 NA 13 58 0 13 11 23 0 0 0 0 0 13 11 23 0 0 0 0 1 154 458 19261 4924 31 17 28
326 72 111 91 20 48 39 1131 61 6 80 176 20 18 NA 18 NA 5 61 0 11 14 23 0 0 0 0 0 11 14 23 0 0 0 0 4 141 458 19330 4920 32 19 29
327 78 114 95 19 48 34 1129 65 7 78 181 19.5 18 NA 18 NA 5 65 0 11 15 22 0 0 0 0 0 11 15 22 0 0 0 0 2 136 459 19383 4922 30 19 29
328 80 119 99 20 47 46 1098 69 3 78 179 19 18 NA 18 NA 14 69 0 9 16 22 0 0 0 0 0 9 16 22 0 0 0 0 6 133 459 19460 4922 30 20 28
329 65 116 96 20 49 39 1134 57 13 77 177 19.5 19 NA 19 NA 7 57 0 10 15 24 0 0 0 0 0 10 15 24 0 0 0 0 2 155 462 19510 4923 30 18 29
330 74 118 95 23 49 35 1126 68 10 75 174 19 19 NA 19 NA 9 68 0 11 15 23 0 0 0 0 0 11 15 23 0 0 0 0 2 137 466 19575 4925 26 21 28
331 80 118 95 23 51 31 1120 71 8 74 180 19 18 NA 18 NA 5 71 2 11 15 23 0 0 0 0 2 11 15 23 0 0 0 0 0 146 466 19640 4926 26 19 29
332 76 120 96 24 50 30 1124 68 9 75 175 19 18 NA 18 NA 6 68 2 9 18 21 0 0 0 0 2 9 18 21 0 0 0 0 5 151 466 19702 4925 26 22 27
333 70 121 96 25 52 31 1128 69 5 77 175 20 18 NA 18 NA 10 69 1 10 20 21 0 0 0 0 1 10 20 21 0 0 0 0 2 145 469 19764 4923 25 25 27
334 65 122 97 25 53 33 1120 70 7 77 174 20 18 NA 18 NA 8 70 1 10 21 21 0 0 0 0 1 10 21 21 0 0 0 0 2 149 469 19838 4923 25 27 25
335 58 124 98 26 54 34 1128 64 2 82 173 21 18 NA 18 NA 6 64 1 10 21 22 0 0 0 0 1 10 21 22 0 0 0 0 2 147 472 19899 4918 29 26 27
336 59 126 100 26 55 36 1137 82 6 82 168 21 18 NA 18 NA 10 82 2 9 19 25 0 0 0 0 2 9 19 25 0 0 0 0 3 169 475 19962 4918 27 25 30
337 77 126 100 26 57 39 1118 80 7 82 165 21 18 NA 18 NA 11 80 2 8 22 25 0 0 0 0 2 8 22 25 0 0 0 0 1 142 477 20029 4918 23 29 30
338 70 125 98 27 61 30 1114 55 10 88 165 22 17 NA 17 NA 2 55 2 11 21 27 0 0 0 0 2 11 21 27 0 0 0 0 0 139 479 20098 4912 26 30 32
339 78 126 100 26 60 39 1128 82 2 89 154 22 17 NA 17 NA 11 82 1 12 19 28 0 0 0 0 1 12 19 28 0 0 0 0 2 181 479 20163 4911 29 28 32
340 71 124 98 26 59 42 1147 66 4 94 162 22 17 NA 17 NA 8 66 1 12 18 28 0 0 0 0 1 12 18 28 0 0 0 0 0 152 480 20213 4906 34 28 32
341 78 123 97 26 60 36 1134 69 11 94 159 21 16.5 NA 16.5 NA 7 69 1 13 18 28 0 0 0 0 1 13 18 28 0 0 0 0 2 140 482 20269 4906 34 28 32
342 77 124 98 26 59 43 1140 72 2 97 166 22 16 NA 16 NA 10 72 1 13 17 28 0 0 0 0 1 13 17 28 0 0 0 0 1 150 482 20324 4903 38 24 35
343 89 125 100 25 60 42 1168 53 9 98 165 23 16 NA 16 NA 9 53 2 13 16 29 0 0 0 0 2 13 16 29 0 0 0 0 1 155 483 20386 4902 39 23 36
344 70 125 101 24 61 45 1174 68 8 101 172 23 16 NA 16 NA 13 68 2 15 14 30 0 0 0 0 2 15 14 30 0 0 0 0 1 156 485 20449 4899 40 24 37
345 80 128 103 25 65 43 1147 81 10 103 164 23 16 NA 16 NA 8 81 2 15 16 32 0 0 0 0 2 15 16 32 0 0 0 0 2 143 485 20509 4897 40 23 40
346 74 128 105 23 70 34 1131 72 13 104 158 23.5 16 NA 16 NA 4 72 1 18 18 33 0 0 0 0 1 18 18 33 0 0 0 0 2 132 487 20568 4896 40 23 41
347 80 129 106 23 68 41 1122 76 0 104 165 24 16 NA 16 NA 9 76 1 17 17 33 0 0 0 0 1 17 17 33 0 0 0 0 2 166 489 20639 4896 38 25 41
348 70 129 106 23 66 47 1115 81 8 103 163 23 16 NA 16 NA 16 81 0 17 15 34 0 0 0 0 0 17 15 34 0 0 0 0 2 151 492 20702 4897 39 23 41
349 85 130 107 23 65 38 1107 59 10 102 152 23 16 NA 16 NA 8 59 0 15 13 37 0 0 0 0 0 15 13 37 0 0 0 0 3 131 496 20761 4898 38 21 43
350 80 129 104 25 64 29 1114 82 16 99 145 24 16.5 NA 16.5 NA 8 82 0 13 18 33 0 0 0 0 0 13 18 33 0 0 0 0 1 150 499 20804 4901 33 25 41
351 90 130 105 25 66 33 1081 69 8 98 154 24 16.5 NA 16.5 NA 11 69 0 13 21 32 0 0 0 0 0 13 21 32 0 0 0 0 2 132 499 20882 4902 31 28 39
352 99 131 106 25 65 28 1047 62 4 97 147 25 16 NA 16 NA 4 62 0 9 24 32 0 0 0 0 0 9 24 32 0 0 0 0 0 137 502 20951 4903 25 32 40
353 85 129 104 25 65 26 1079 68 4 98 165 26 16 NA 16 NA 4 68 1 9 23 32 0 0 0 0 1 9 23 32 0 0 0 0 0 168 502 21000 4902 24 33 41
354 87 126 101 25 63 23 1083 63 6 95 166 26 16 NA 16 NA 3 63 1 7 25 30 0 0 0 0 1 7 25 30 0 0 0 0 1 158 502 21067 4905 20 37 38
355 78 118 95 23 60 24 1115 63 6 89 188 27 16.5 NA 16.5 NA 8 63 1 8 23 28 0 0 0 0 1 8 23 28 0 0 0 0 0 177 503 21130 4911 20 34 35
356 75 119 95 24 58 27 1132 67 4 88 191 28 17 NA 17 NA 9 67 1 5 23 29 0 0 0 0 1 5 23 29 0 0 0 0 2 152 505 21186 4912 17 35 36
357 66 118 95 23 57 27 1119 79 6 90 186 28 17 NA 17 NA 6 79 0 6 21 30 0 0 0 0 0 6 21 30 0 0 0 0 1 139 505 21244 4910 20 34 36
358 101 115 92 23 56 25 1111 74 6 86 169 29 17 NA 17 NA 6 74 2 4 21 29 0 0 0 0 2 4 21 29 0 0 0 0 1 144 505 21298 4914 17 34 35
359 61 116 93 23 55 23 1105 61 7 88 161 28.5 17 NA 17 NA 6 61 1 5 20 29 0 0 0 0 1 5 20 29 0 0 0 0 3 137 506 21364 4912 19 32 37
360 77 116 92 24 56 24 1125 55 7 88 167 28 16 NA 16 NA 7 55 1 6 21 28 0 0 0 0 1 6 21 28 0 0 0 0 4 152 507 21427 4912 21 32 35
