1 75 94 79 15 45 37 1211 85 8 72 32 26 18 NA 18 NA 13 85 1 5 17 22 0 0 0 0 1 5 17 22 0 0 0 0 0 144 0 0 4928 17 26 29
2 85 96 81 15 44 37 1253 78 11 71 51 26 18 NA 18 NA 11 78 1 5 16 22 0 0 0 0 1 5 16 22 0 0 0 0 2 138 0 0 4929 17 25 29
3 81 97 80 17 44 36 1320 62 8 71 79 26 17.5 NA 17.5 NA 6 62 1 7 15 21 0 0 0 0 1 7 15 21 0 0 0 0 2 153 0 0 4929 17 25 29
4 73 97 81 16 45 47 1338 85 7 71 88 27 17 NA 17 NA 16 85 1 8 13 23 0 0 0 0 1 8 13 23 0 0 0 0 2 125 0 0 4929 17 24 30
5 69 95 81 14 45 42 1371 79 8 71 104 28 17 NA 17 NA 4 79 2 8 13 22 0 0 0 0 2 8 13 22 0 0 0 0 1 138 0 0 4929 18 24 29
6 94 98 83 15 47 44 1389 80 7 71 105 28.5 18 NA 18 NA 9 80 1 8 15 23 0 0 0 0 1 8 15 23 0 0 0 0 3 130 0 0 4929 16 24 31
7 80 98 83 15 47 47 1437 74 7 71 116 28.5 18 NA 18 NA 10 74 1 8 13 25 0 0 0 0 1 8 13 25 0 0 0 0 0 143 0 0 4929 17 21 33
8 69 96 81 15 47 49 1456 67 4 72 123 30.5 18 NA 18 NA 8 67 1 7 14 25 0 0 0 0 1 7 14 25 0 0 0 0 0 109 0 0 4928 17 21 34
9 70 97 81 16 49 45 1485 73 9 74 136 31 17 NA 17 NA 4 73 2 8 12 27 0 0 0 0 2 8 12 27 0 0 0 0 0 120 0 0 4926 18 20 36
10 78 98 82 16 50 42 1507 72 7 79 145 31 17.5 NA 17.5 NA 5 72 1 7 14 28 0 0 0 0 1 7 14 28 0 0 0 0 1 119 0 0 4921 22 19 38
11 87 94 80 14 49 48 1521 80 8 77 149 32 18 NA 18 NA 13 80 1 8 12 28 0 0 0 0 1 8 12 28 0 0 0 0 0 120 0 0 4923 20 17 40
12 61 94 81 13 50 49 1537 96 7 75 157 31 18 NA 18 NA 8 96 1 8 12 29 0 0 0 0 1 8 12 29 0 0 0 0 1 128 0 0 4925 19 15 41
13 62 96 81 15 50 38 998 63 10 75 159 30 18 NA 18 NA 11 63 1 9 10 30 0 0 0 0 1 9 10 30 0 0 0 0 1 143 13 608 4925 20 13 42
14 59 96 81 15 53 38 1007 66 11 77 166 29.5 19 NA 19 NA 11 66 0 10 11 32 0 0 0 0 0 10 11 32 0 0 0 0 0 153 15 670 4923 22 13 42
15 80 99 85 14 51 34 1003 55 5 76 160 28 19 NA 19 NA 3 55 0 9 10 32 0 0 0 0 0 9 10 32 0 0 0 0 5 127 18 730 4924 21 12 43
16 84 96 82 14 52 32 1017 60 8 74 156 28.5 18.5 NA 18.5 NA 4 60 0 10 11 31 0 0 0 0 0 10 11 31 0 0 0 0 1 133 18 775 4926 20 12 42
17 64 96 82 14 50 29 1022 58 4 73 166 28 18.5 NA 18.5 NA 4 58 0 9 11 30 0 0 0 0 0 9 11 30 0 0 0 0 2 143 21 841 4927 19 13 41
18 93 99 84 15 50 29 1021 65 6 74 162 26 18.5 NA 18.5 NA 7 65 0 9 11 30 0 0 0 0 0 9 11 30 0 0 0 0 4 148 21 898 4926 22 13 39
19 69 100 83 17 51 32 1045 56 5 75 158 25.5 18 NA 18 NA 7 56 0 9 12 30 0 0 0 0 0 9 12 30 0 0 0 0 2 156 22 957 4925 23 14 38
20 79 103 85 18 52 32 1041 72 6 75 143 25 18 NA 18 NA 8 72 0 10 11 31 0 0 0 0 0 10 11 31 0 0 0 0 2 135 24 1004 4925 22 14 39
21 74 103 84 19 52 26 1071 46 8 73 152 24 18 NA 18 NA 5 46 0 11 10 31 0 0 0 0 0 11 10 31 0 0 0 0 1 144 27 1058 4927 20 15 38
22 94 101 81 20 50 24 1090 61 4 72 154 24 18 NA 18 NA 2 61 0 8 12 30 0 0 0 0 0 8 12 30 0 0 0 0 1 155 27 1111 4928 17 18 37
23 82 103 81 22 51 27 1096 61 3 72 160 25 18 NA 18 NA 6 61 0 8 11 32 0 0 0 0 0 8 11 32 0 0 0 0 2 149 28 1168 4928 16 17 39
24 62 102 78 24 48 29 1115 59 4 72 162 26 18 NA 18 NA 8 59 0 8 10 30 0 0 0 0 0 8 10 30 0 0 0 0 0 137 30 1219 4928 19 16 37
25 76 104 80 24 49 25 1149 59 6 75 165 26.5 18 NA 18 NA 5 59 0 8 11 30 0 0 0 0 0 8 11 30 0 0 0 0 1 171 32 1277 4925 21 17 37
26 82 103 78 25 50 25 1142 75 6 73 163 24 18 NA 18 NA 6 75 0 7 13 30 0 0 0 0 0 7 13 30 0 0 0 0 2 141 33 1338 4927 19 18 36
27 80 104 80 24 51 30 1125 77 7 74 157 25 18 NA 18 NA 12 77 0 8 12 31 0 0 0 0 0 8 12 31 0 0 0 0 2 135 36 1402 4926 21 16 37
28 79 103 79 24 49 35 1131 75 4 72 155 24 18 NA 18 NA 9 75 1 5 12 31 0 0 0 0 1 5 12 31 0 0 0 0 1 159 37 1463 4928 19 16 37
29 66 103 79 24 49 42 1128 74 10 71 156 24 18 NA 18 NA 17 74 2 5 12 30 0 0 0 0 2 5 12 30 0 0 0 0 1 138 37 1514 4929 19 16 36
30 71 104 80 24 50 36 1172 55 14 76 158 24 18 NA 18 NA 9 55 2 8 12 28 0 0 0 0 2 8 12 28 0 0 0 0 3 175 38 1571 4924 23 19 34
31 74 105 79 26 49 34 1155 82 7 75 151 24 18 NA 18 NA 9 82 2 6 14 27 0 0 0 0 2 6 14 27 0 0 0 0 2 155 42 1640 4925 22 21 32
32 72 106 81 25 53 42 1137 68 12 76 153 22 17 NA 17 NA 17 68 3 10 13 27 0 0 0 0 3 10 13 27 0 0 0 0 2 127 42 1698 4924 24 20 32
33 76 107 82 25 53 37 1130 62 8 76 140 21 17 NA 17 NA 4 62 2 11 14 26 0 0 0 0 2 11 14 26 0 0 0 0 0 137 42 1757 4924 25 19 32
34 58 103 79 24 51 43 1114 88 6 75 138 22 17 NA 17 NA 13 88 2 11 11 27 0 0 0 0 2 11 11 27 0 0 0 0 0 145 43 1823 4925 25 15 35
35 86 105 81 24 51 44 1121 75 8 75 136 22 18 NA 18 NA 8 75 2 10 11 28 0 0 0 0 2 10 11 28 0 0 0 0 1 158 43 1873 4925 26 14 35
36 86 104 80 24 49 41 1101 57 8 74 145 21.5 18 NA 18 NA 6 57 2 9 12 26 0 0 0 0 2 9 12 26 0 0 0 0 3 127 43 1938 4926 25 17 32
37 77 104 80 24 48 36 1093 74 8 73 146 22 17.5 NA 17.5 NA 6 74 2 8 13 25 0 0 0 0 2 8 13 25 0 0 0 0 2 165 45 2010 4927 24 18 31
38 73 102 80 22 48 35 1110 70 3 73 144 21.5 17.5 NA 17.5 NA 4 70 2 8 12 26 0 0 0 0 2 8 12 26 0 0 0 0 0 164 47 2073 4927 26 16 31
39 64 101 78 23 46 34 1123 59 4 73 148 21 16.5 NA 16.5 NA 6 59 1 8 14 23 0 0 0 0 1 8 14 23 0 0 0 0 2 147 49 2128 4927 26 19 28
40 74 98 75 23 43 37 1111 77 3 71 143 22 16 NA 16 NA 10 77 1 7 12 23 0 0 0 0 1 7 12 23 0 0 0 0 1 142 52 2190 4929 27 17 27
41 74 100 74 26 42 34 1123 50 7 71 160 22.5 15.5 NA 15.5 NA 5 50 2 6 12 22 0 0 0 0 2 6 12 22 0 0 0 0 2 138 53 2243 4929 28 17 26
42 84 100 74 26 44 34 1142 76 10 75 165 23.5 15.5 NA 15.5 NA 12 76 2 5 13 24 0 0 0 0 2 5 13 24 0 0 0 0 0 173 56 2309 4925 25 21 29
43 75 101 75 26 46 36 1125 76 9 78 171 24 16.5 NA 16.5 NA 9 76 2 5 13 26 0 0 0 0 2 5 13 26 0 0 0 0 1 147 57 2370 4922 27 20 31
44 66 102 74 28 45 26 1128 66 12 78 180 23 16 NA 16 NA 5 66 1 5 14 25 0 0 0 0 1 5 14 25 0 0 0 0 3 136 59 2423 4922 27 22 29
45 85 99 71 28 43 22 1149 70 7 77 180 23 16 NA 16 NA 6 70 1 5 13 24 0 0 0 0 1 5 13 24 0 0 0 0 0 164 62 2476 4923 29 21 27
46 74 95 68 27 45 23 1116 88 8 75 173 24 16 NA 16 NA 6 88 1 8 13 23 0 0 0 0 1 8 13 23 0 0 0 0 0 145 62 2543 4925 27 22 26
47 71 95 68 27 45 22 1135 55 3 78 186 24 16 NA 16 NA 3 55 1 7 14 23 0 0 0 0 1 7 14 23 0 0 0 0 0 159 63 2611 4922 29 24 25
48 89 96 66 30 46 24 1144 63 5 78 188 24.5 16.5 NA 16.5 NA 5 63 1 8 12 25 0 0 0 0 1 8 12 25 0 0 0 0 2 143 63 2660 4922 28 23 27
49 79 99 67 32 46 27 1132 73 3 79 187 25 16.5 NA 16.5 NA 8 73 0 9 10 27 0 0 0 0 0 9 10 27 0 0 0 0 3 145 65 2730 4921 28 22 29
50 75 94 63 31 42 28 1139 76 5 75 186 24 16.5 NA 16.5 NA 6 76 0 8 11 23 0 0 0 0 0 8 11 23 0 0 0 0 0 160 66 2792 4925 26 23 26
51 74 94 63 31 46 26 1173 64 8 77 184 25 16.5 NA 16.5 NA 5 64 0 8 13 25 0 0 0 0 0 8 13 25 0 0 0 0 1 163 66 2840 4923 25 23 29
52 81 94 62 32 45 27 1171 56 8 75 169 25.5 17 NA 17 NA 8 56 0 9 13 23 0 0 0 0 0 9 13 23 0 0 0 0 2 129 67 2901 4925 24 24 27
53 75 94 64 30 46 32 1163 82 6 75 165 26 16.5 NA 16.5 NA 9 82 0 9 14 23 0 0 0 0 0 9 14 23 0 0 0 0 4 152 67 2960 4925 24 24 27
54 90 95 66 29 47 32 1161 54 6 74 173 26 17 NA 17 NA 6 54 0 6 13 28 0 0 0 0 0 6 13 28 0 0 0 0 1 143 68 3027 4926 20 21 33
55 95 89 60 29 46 27 1153 68 10 68 154 25 16.5 NA 16.5 NA 7 68 0 7 15 24 0 0 0 0 0 7 15 24 0 0 0 0 2 144 71 3090 4932 16 22 30
56 68 91 62 29 45 34 1166 69 6 69 169 26 17 NA 17 NA 13 69 0 6 15 24 0 0 0 0 0 6 15 24 0 0 0 0 2 164 71 3150 4931 16 23 30
57 86 90 61 29 44 29 1165 52 8 66 168 26 17.5 NA 17.5 NA 5 52 1 6 15 22 0 0 0 0 1 6 15 22 0 0 0 0 2 138 72 3219 4934 15 23 28
58 86 89 60 29 44 28 1148 68 5 65 151 27 17.5 NA 17.5 NA 4 68 1 6 14 23 0 0 0 0 1 6 14 23 0 0 0 0 0 135 73 3278 4935 15 22 28
59 84 89 59 30 43 25 1146 60 8 63 151 28 17 NA 17 NA 5 60 1 4 15 23 0 0 0 0 1 4 15 23 0 0 0 0 2 147 74 3350 4937 12 23 28
60 69 90 60 30 42 29 1136 66 4 63 140 27.5 17.5 NA 17.5 NA 9 66 1 5 13 23 0 0 0 0 1 5 13 23 0 0 0 0 2 140 76 3415 4937 13 22 28
61 94 89 60 29 42 25 1117 65 9 63 133 26 16.5 NA 16.5 NA 5 65 2 4 14 22 0 0 0 0 2 4 14 22 0 0 0 0 0 135 77 3478 4937 13 23 27
62 78 87 60 27 42 26 1115 51 6 61 134 27 16.5 NA 16.5 NA 7 51 2 4 13 23 0 0 0 0 2 4 13 23 0 0 0 0 1 142 78 3551 4939 11 21 29
63 74 90 63 27 44 30 1114 72 6 61 131 28 17.5 NA 17.5 NA 8 72 1 5 11 27 0 0 0 0 1 5 11 27 0 0 0 0 3 160 78 3624 4939 10 20 31
64 65 89 62 27 44 33 1118 67 4 63 131 29 17 NA 17 NA 8 67 1 6 11 26 0 0 0 0 1 6 11 26 0 0 0 0 0 142 79 3682 4937 12 20 31
65 91 90 63 27 44 39 1127 61 4 65 144 28.5 17 NA 17 NA 12 61 2 4 11 27 0 0 0 0 2 4 11 27 0 0 0 0 1 154 80 3743 4935 12 21 32
66 73 93 66 27 45 37 1166 60 7 67 158 27 17 NA 17 NA 4 60 3 4 11 27 0 0 0 0 3 4 11 27 0 0 0 0 2 168 80 3801 4933 15 19 33
67 74 92 65 27 46 36 1173 71 9 68 150 28 17.5 NA 17.5 NA 9 71 3 5 9 29 0 0 0 0 3 5 9 29 0 0 0 0 0 156 82 3865 4932 17 15 36
68 75 95 66 29 44 32 1181 54 9 68 160 27 17.5 NA 17.5 NA 7 54 3 4 9 28 0 0 0 0 3 4 9 28 0 0 0 0 1 136 84 3927 4932 17 15 36
69 77 97 68 29 45 34 1191 61 4 70 173 28 17 NA 17 NA 7 61 2 6 9 28 0 0 0 0 2 6 9 28 0 0 0 0 1 148 86 3989 4930 19 14 37
70 65 102 71 31 46 34 1201 76 9 69 171 21 17.5 NA 17.5 NA 11 76 3 6 10 27 0 0 0 0 3 6 10 27 0 0 0 0 4 159 88 4048 4931 20 14 35
71 81 102 70 32 46 33 1207 75 8 69 182 19.5 17.5 NA 17.5 NA 9 75 4 7 8 27 0 0 0 0 4 7 8 27 0 0 0 0 1 166 90 4118 4931 22 11 36
72 73 100 68 32 44 31 1182 68 8 70 178 20 16.5 NA 16.5 NA 7 68 4 6 9 25 0 0 0 0 4 6 9 25 0 0 0 0 1 133 91 4183 4930 24 11 35
73 75 98 67 31 46 31 1184 66 9 70 176 21 17.5 NA 17.5 NA 8 66 4 7 9 26 0 0 0 0 4 7 9 26 0 0 0 0 0 153 92 4253 4930 24 12 34
74 65 102 70 32 48 33 1207 61 8 71 177 21 17.5 NA 17.5 NA 8 61 4 9 8 27 0 0 0 0 4 9 8 27 0 0 0 0 4 153 92 4312 4929 25 11 35
75 55 101 69 32 50 29 1193 59 10 73 179 22 17.5 NA 17.5 NA 8 59 4 10 7 29 0 0 0 0 4 10 7 29 0 0 0 0 1 134 93 4384 4927 26 10 37
76 68 100 68 32 48 32 1197 64 5 70 175 22 17.5 NA 17.5 NA 12 64 4 8 9 27 0 0 0 0 4 8 9 27 0 0 0 0 1 133 98 4441 4930 23 12 35
77 75 100 69 31 49 30 1190 63 9 71 181 23 17 NA 17 NA 8 63 4 8 7 30 0 0 0 0 4 8 7 30 0 0 0 0 1 140 99 4507 4929 23 10 38
78 82 101 70 31 50 28 1175 66 6 73 190 24 16.5 NA 16.5 NA 7 66 4 8 8 30 0 0 0 0 4 8 8 30 0 0 0 0 1 152 101 4584 4927 22 13 38
79 85 100 69 31 50 26 1155 65 7 73 192 25 17.5 NA 17.5 NA 5 65 3 8 9 30 0 0 0 0 3 8 9 30 0 0 0 0 0 150 102 4660 4927 20 15 38
80 77 99 68 31 49 30 1145 55 1 74 196 25 17 NA 17 NA 7 55 1 10 8 30 0 0 0 0 1 10 8 30 0 0 0 0 1 136 103 4728 4926 23 14 37
81 85 98 68 30 47 27 1167 54 5 72 198 24 18 NA 18 NA 4 54 1 9 9 28 0 0 0 0 1 9 9 28 0 0 0 0 2 153 104 4781 4928 22 16 34
82 77 97 67 30 46 28 1164 71 9 73 194 24 18.5 NA 18.5 NA 11 71 0 10 9 27 0 0 0 0 0 10 9 27 0 0 0 0 0 155 104 4850 4927 24 16 33
83 67 98 68 30 47 29 1161 68 5 75 188 24.5 19 NA 19 NA 6 68 0 8 12 27 0 0 0 0 0 8 12 27 0 0 0 0 1 156 104 4927 4925 24 18 33
84 74 98 68 30 51 26 1145 57 10 74 181 25.5 19 NA 19 NA 5 57 0 10 13 28 0 0 0 0 0 10 13 28 0 0 0 0 2 126 106 4991 4926 20 21 33
85 93 95 66 29 47 36 1098 90 1 70 173 25 18 NA 18 NA 11 90 0 10 13 24 0 0 0 0 0 10 13 24 0 0 0 0 0 145 107 5071 4930 20 20 30
86 72 96 67 29 54 30 1094 58 13 76 178 26 20 NA 20 NA 6 58 0 13 16 25 0 0 0 0 0 13 16 25 0 0 0 0 0 138 107 5142 4924 25 21 30
87 78 94 67 27 51 28 1114 62 3 73 180 27 21 NA 21 NA 3 62 0 9 18 24 0 0 0 0 0 9 18 24 0 0 0 0 2 158 108 5204 4927 20 24 29
88 61 91 64 27 49 28 1127 60 5 70 178 26 21 NA 21 NA 5 60 0 9 15 25 0 0 0 0 0 9 15 25 0 0 0 0 1 143 109 5262 4930 20 20 30
89 83 89 61 28 46 27 1129 74 2 68 174 26 20.5 NA 20.5 NA 5 74 0 7 15 24 0 0 0 0 0 7 15 24 0 0 0 0 1 150 112 5313 4932 20 20 28
90 79 91 62 29 45 29 1104 68 3 69 178 25 21 NA 21 NA 6 68 0 6 14 25 0 0 0 0 0 6 14 25 0 0 0 0 3 134 113 5379 4931 21 18 30
91 87 90 61 29 43 32 1093 71 3 67 171 25.5 20 NA 20 NA 9 71 0 6 13 24 0 0 0 0 0 6 13 24 0 0 0 0 1 141 115 5445 4933 21 16 30
92 72 89 61 28 41 37 1091 69 5 65 177 24 20 NA 20 NA 9 69 1 3 15 22 0 0 0 0 1 3 15 22 0 0 0 0 2 131 115 5496 4935 20 17 28
93 76 86 60 26 42 42 1095 84 7 66 181 24.5 19 NA 19 NA 13 84 1 5 13 23 0 0 0 0 1 5 13 23 0 0 0 0 1 168 115 5556 4934 22 16 28
94 78 85 59 26 41 44 1083 74 8 65 190 25 20 NA 20 NA 10 74 1 3 14 23 0 0 0 0 1 3 14 23 0 0 0 0 1 161 115 5634 4935 19 18 28
95 73 86 61 25 41 30 1075 62 11 65 186 25 18 NA 18 NA 4 62 1 4 12 24 0 0 0 0 1 4 12 24 0 0 0 0 0 138 119 5704 4935 19 17 29
96 85 89 64 25 41 35 1086 67 4 66 186 26 18 NA 18 NA 9 67 1 4 12 24 0 0 0 0 1 4 12 24 0 0 0 0 1 157 119 5759 4934 20 16 30
97 63 91 66 25 41 34 1088 62 6 67 173 24 18 NA 18 NA 9 62 1 3 13 24 0 0 0 0 1 3 13 24 0 0 0 0 1 147 123 5826 4933 21 17 29
98 85 91 65 26 40 36 1093 66 6 64 171 24 17 NA 17 NA 6 66 1 2 13 24 0 0 0 0 1 2 13 24 0 0 0 0 3 141 123 5878 4936 15 21 28
99 72 92 66 26 44 43 1120 68 13 66 177 25 20.5 NA 20.5 NA 17 68 1 4 12 27 0 0 0 0 1 4 12 27 0 0 0 0 2 171 123 5932 4934 17 18 31
100 59 92 69 23 44 41 1141 66 10 64 177 24.5 20.5 NA 20.5 NA 9 66 1 5 13 25 0 0 0 0 1 5 13 25 0 0 0 0 2 143 124 5978 4936 17 18 29
101 63 93 70 23 45 43 1140 67 4 65 181 25 20 NA 20 NA 9 67 2 5 11 27 0 0 0 0 2 5 11 27 0 0 0 0 1 143 126 6042 4935 17 17 31
102 55 93 70 23 46 43 1171 67 6 68 169 26 19 NA 19 NA 7 67 1 6 11 28 0 0 0 0 1 6 11 28 0 0 0 0 0 161 126 6093 4932 18 18 32
103 66 93 70 23 47 44 1151 81 8 69 165 26 20 NA 20 NA 6 81 1 6 12 28 0 0 0 0 1 6 12 28 0 0 0 0 1 143 126 6154 4931 20 17 32
104 64 94 71 23 48 45 1168 75 8 71 166 26 19 NA 19 NA 9 75 1 6 11 30 0 0 0 0 1 6 11 30 0 0 0 0 0 154 128 6205 4929 21 17 33
105 88 91 69 22 48 42 1161 65 8 69 170 27 19 NA 19 NA 8 65 1 6 12 29 0 0 0 0 1 6 12 29 0 0 0 0 1 138 129 6265 4931 19 18 32
106 78 89 67 22 45 46 1163 71 8 65 173 25 20 NA 20 NA 15 71 1 6 9 29 0 0 0 0 1 6 9 29 0 0 0 0 2 154 132 6331 4935 19 15 31
107 69 88 65 23 44 48 1153 73 8 65 170 25.5 19 NA 19 NA 11 73 1 6 8 29 0 0 0 0 1 6 8 29 0 0 0 0 1 139 133 6383 4935 19 15 31
108 77 88 65 23 45 49 1129 75 8 67 167 25.5 20 NA 20 NA 11 75 0 6 10 29 0 0 0 0 0 6 10 29 0 0 0 0 1 146 134 6459 4933 21 16 30
109 59 87 65 22 45 47 1129 80 11 68 162 25 19 NA 19 NA 10 80 0 8 9 28 0 0 0 0 0 8 9 28 0 0 0 0 1 150 135 6515 4932 22 17 29
110 74 85 63 22 44 43 1146 65 10 70 170 25 17.5 NA 17.5 NA 8 65 0 8 8 28 0 0 0 0 0 8 8 28 0 0 0 0 0 159 137 6580 4930 25 13 32
111 95 86 64 22 46 45 1118 61 8 68 178 25.5 17.5 NA 17.5 NA 9 61 0 9 8 29 0 0 0 0 0 9 8 29 0 0 0 0 1 141 137 6661 4932 21 15 32
112 70 87 63 24 46 44 1136 73 7 68 174 25 17.5 NA 17.5 NA 9 73 0 8 9 29 0 0 0 0 0 8 9 29 0 0 0 0 3 169 142 6722 4932 23 15 30
113 79 89 66 23 45 41 1129 72 9 66 174 23 17 NA 17 NA 6 72 0 8 11 26 0 0 0 0 0 8 11 26 0 0 0 0 3 144 143 6776 4934 23 15 28
114 63 90 67 23 44 40 1145 70 4 65 176 23.5 17.5 NA 17.5 NA 5 70 0 5 11 28 0 0 0 0 0 5 11 28 0 0 0 0 2 170 145 6841 4935 20 15 30
115 84 92 70 22 42 34 1145 74 6 64 167 23 17.5 NA 17.5 NA 3 74 0 5 11 26 0 0 0 0 0 5 11 26 0 0 0 0 4 147 149 6886 4936 20 16 28
116 91 92 70 22 40 40 1137 82 6 63 171 21 16 NA 16 NA 13 82 0 4 11 25 0 0 0 0 0 4 11 25 0 0 0 0 1 159 151 6947 4937 19 17 27
117 69 90 69 21 40 40 1147 62 7 63 171 22 16.5 NA 16.5 NA 8 62 0 5 11 24 0 0 0 0 0 5 11 24 0 0 0 0 0 143 152 7004 4937 20 16 27
118 67 92 71 21 41 39 1149 59 8 66 173 22.5 17 NA 17 NA 8 59 0 6 10 25 0 0 0 0 0 6 10 25 0 0 0 0 2 129 153 7064 4934 22 16 28
119 84 91 70 21 40 34 1149 69 10 64 168 23 16.5 NA 16.5 NA 9 69 1 6 10 23 0 0 0 0 1 6 10 23 0 0 0 0 2 148 156 7124 4936 21 17 26
120 79 89 68 21 39 32 1136 79 6 62 161 23 17 NA 17 NA 7 79 2 5 9 23 0 0 0 0 2 5 9 23 0 0 0 0 1 136 159 7174 4938 18 18 26
121 91 87 65 22 37 29 1143 65 8 61 164 23 17 NA 17 NA 5 65 1 6 8 22 0 0 0 0 1 6 8 22 0 0 0 0 1 169 160 7247 4939 18 17 26
122 72 84 62 22 36 34 1128 71 6 57 158 24 17 NA 17 NA 11 71 1 6 9 20 0 0 0 0 1 6 9 20 0 0 0 0 1 143 162 7313 4943 14 20 23
123 97 82 61 21 37 32 1143 69 9 57 155 23.5 17 NA 17 NA 8 69 1 7 9 20 0 0 0 0 1 7 9 20 0 0 0 0 1 155 163 7363 4943 16 18 23
124 86 83 62 21 36 38 1117 78 7 58 149 24 17.5 NA 17.5 NA 14 78 0 5 12 19 0 0 0 0 0 5 12 19 0 0 0 0 3 145 165 7433 4942 15 21 22
125 78 88 64 24 38 31 1127 62 8 62 151 21.5 18 NA 18 NA 3 62 0 6 12 20 0 0 0 0 0 6 12 20 0 0 0 0 2 137 167 7483 4938 19 20 23
126 72 89 64 25 38 37 1154 63 3 62 159 21 18.5 NA 18.5 NA 8 63 0 6 9 23 0 0 0 0 0 6 9 23 0 0 0 0 2 169 167 7547 4938 20 17 25
127 94 91 66 25 41 36 1146 82 6 65 155 21 19 NA 19 NA 6 82 0 7 10 24 0 0 0 0 0 7 10 24 0 0 0 0 0 147 168 7602 4935 22 17 26
128 88 91 68 23 42 38 1115 73 8 65 145 22 18.5 NA 18.5 NA 10 73 1 6 9 26 0 0 0 0 1 6 9 26 0 0 0 0 1 129 169 7669 4935 22 15 28
129 64 94 69 25 41 42 1102 74 4 63 159 20.5 18 NA 18 NA 10 74 2 6 9 24 0 0 0 0 2 6 9 24 0 0 0 0 4 140 172 7728 4937 21 16 26
130 84 95 68 27 42 49 1114 60 6 64 163 21 18 NA 18 NA 13 60 3 4 10 25 0 0 0 0 3 4 10 25 0 0 0 0 1 145 172 7783 4936 19 18 27
131 77 96 70 26 43 49 1081 79 8 66 165 20 18 NA 18 NA 11 79 3 4 10 26 0 0 0 0 3 4 10 26 0 0 0 0 0 134 174 7846 4934 21 17 28
132 77 98 72 26 47 47 1096 69 7 67 161 20.5 17 NA 17 NA 6 69 4 6 11 26 0 0 0 0 4 6 11 26 0 0 0 0 1 162 175 7905 4933 21 16 30
133 69 98 72 26 47 46 1109 61 9 68 167 21 17 NA 17 NA 9 61 4 7 11 25 0 0 0 0 4 7 11 25 0 0 0 0 1 156 177 7971 4932 22 16 30
134 67 99 73 26 48 40 1112 61 13 66 171 21 16.5 NA 16.5 NA 6 61 4 8 8 28 0 0 0 0 4 8 8 28 0 0 0 0 4 138 178 8031 4934 22 12 32
135 62 100 74 26 46 47 1077 78 6 66 164 21 16.5 NA 16.5 NA 15 78 3 9 8 26 0 0 0 0 3 9 8 26 0 0 0 0 3 139 180 8107 4934 22 13 31
136 79 100 75 25 44 41 1095 74 11 65 173 20.5 16 NA 16 NA 9 74 2 8 8 26 0 0 0 0 2 8 8 26 0 0 0 0 3 167 182 8160 4935 21 14 30
137 70 99 74 25 44 37 1108 71 7 68 173 21 16 NA 16 NA 6 71 1 8 10 25 0 0 0 0 1 8 10 25 0 0 0 0 1 154 185 8214 4932 22 17 29
138 81 102 74 28 45 38 1111 58 5 70 169 20 16 NA 16 NA 7 58 1 9 10 25 0 0 0 0 1 9 10 25 0 0 0 0 2 146 186 8280 4930 24 17 29
139 82 102 74 28 45 34 1109 56 9 71 160 20.5 16 NA 16 NA 10 56 1 9 10 25 0 0 0 0 1 9 10 25 0 0 0 0 1 131 189 8338 4929 24 18 29
140 66 101 73 28 48 32 1135 67 7 72 166 21 16 NA 16 NA 7 67 1 10 12 25 0 0 0 0 1 10 12 25 0 0 0 0 0 163 190 8390 4928 24 19 29
141 78 102 74 28 49 42 1152 74 3 75 162 22 16 NA 16 NA 13 74 1 11 11 26 0 0 0 0 1 11 11 26 0 0 0 0 1 152 191 8434 4925 27 18 30
142 70 102 74 28 50 37 1166 59 12 75 183 23 16 NA 16 NA 9 59 0 12 10 28 0 0 0 0 0 12 10 28 0 0 0 0 1 162 193 8498 4925 26 17 32
143 76 101 73 28 51 39 1156 75 10 76 172 23 17 NA 17 NA 14 75 0 11 12 28 0 0 0 0 0 11 12 28 0 0 0 0 0 149 194 8563 4924 26 19 31
144 65 101 73 28 52 37 1146 64 8 76 172 24 16.5 NA 16.5 NA 8 64 0 12 11 29 0 0 0 0 0 12 11 29 0 0 0 0 0 137 196 8629 4924 25 19 32
145 85 100 71 29 52 35 1126 59 10 76 171 24.5 16.5 NA 16.5 NA 9 59 0 13 11 28 0 0 0 0 0 13 11 28 0 0 0 0 1 128 197 8700 4924 24 20 32
146 68 101 71 30 54 36 1119 86 8 79 156 25 16 NA 16 NA 10 86 1 14 11 28 0 0 0 0 1 14 11 28 0 0 0 0 1 145 198 8754 4921 28 20 31
147 80 96 68 28 52 34 1151 52 5 78 154 26 16.5 NA 16.5 NA 4 52 1 11 12 28 0 0 0 0 1 11 12 28 0 0 0 0 1 160 198 8813 4922 27 19 32
148 75 96 68 28 55 31 1147 56 12 77 149 24.5 18 NA 18 NA 6 56 1 10 15 29 0 0 0 0 1 10 15 29 0 0 0 0 2 138 200 8886 4923 26 18 33
149 68 98 71 27 56 31 1137 65 6 77 137 25 18 NA 18 NA 7 65 2 8 14 32 0 0 0 0 2 8 14 32 0 0 0 0 2 150 201 8961 4923 23 18 36
150 88 99 71 28 55 35 1118 69 3 80 134 25 17 NA 17 NA 8 69 1 8 16 30 0 0 0 0 1 8 16 30 0 0 0 0 1 134 201 9030 4920 25 21 34
151 94 96 69 27 56 36 1088 58 7 79 141 26 16 NA 16 NA 8 58 1 10 15 30 0 0 0 0 1 10 15 30 0 0 0 0 0 115 203 9093 4921 25 20 34
152 83 94 67 27 57 34 1095 67 5 76 137 27.5 16 NA 16 NA 5 67 2 8 15 32 0 0 0 0 2 8 15 32 0 0 0 0 2 161 205 9157 4924 21 19 36
153 89 97 68 29 57 34 1100 65 7 76 138 27 16 NA 16 NA 7 65 2 5 18 32 0 0 0 0 2 5 18 32 0 0 0 0 4 151 206 9223 4924 19 22 35
154 86 101 72 29 58 37 1093 83 5 77 142 28 16.5 NA 16.5 NA 9 83 2 6 17 33 0 0 0 0 2 6 17 33 0 0 0 0 0 149 207 9273 4923 20 21 36
155 91 101 72 29 59 37 1094 66 8 78 151 29 17 NA 17 NA 11 66 2 6 16 35 0 0 0 0 2 6 16 35 0 0 0 0 1 155 210 9337 4922 19 20 39
156 65 100 69 31 58 33 1106 61 7 76 161 28.5 16.5 NA 16.5 NA 7 61 1 7 16 34 0 0 0 0 1 7 16 34 0 0 0 0 0 147 214 9392 4924 19 20 37
157 99 95 65 30 55 32 1126 66 9 71 175 29 17 NA 17 NA 7 66 1 7 13 34 0 0 0 0 1 7 13 34 0 0 0 0 0 157 214 9440 4929 17 17 37
158 57 97 68 29 54 36 1111 92 4 71 177 29 16.5 NA 16.5 NA 10 92 1 6 14 33 0 0 0 0 1 6 14 33 0 0 0 0 3 160 216 9503 4929 16 19 36
159 97 98 69 29 55 39 1097 77 7 72 179 30 16 NA 16 NA 11 77 1 6 13 35 0 0 0 0 1 6 13 35 0 0 0 0 1 153 217 9577 4928 15 19 38
160 72 98 68 30 54 39 1097 73 8 71 174 30 16 NA 16 NA 8 73 1 5 12 36 0 0 0 0 1 5 12 36 0 0 0 0 2 142 218 9634 4929 15 17 39
161 65 98 68 30 54 33 1115 58 12 72 172 30 16.5 NA 16.5 NA 7 58 1 5 11 37 0 0 0 0 1 5 11 37 0 0 0 0 1 152 219 9694 4928 16 16 40
162 81 97 67 30 55 37 1124 64 7 73 182 31 17 NA 17 NA 11 64 0 5 13 37 0 0 0 0 0 5 13 37 0 0 0 0 1 143 220 9743 4927 13 19 41
163 67 99 69 30 55 36 1093 97 9 70 166 28 17 NA 17 NA 11 97 0 6 14 35 0 0 0 0 0 6 14 35 0 0 0 0 1 135 222 9789 4930 12 18 40
164 72 98 68 30 55 40 1092 74 7 72 165 28.5 17 NA 17 NA 12 74 0 6 13 36 0 0 0 0 0 6 13 36 0 0 0 0 0 152 223 9854 4928 14 17 41
165 57 96 69 27 53 34 1070 75 9 70 155 27 16 NA 16 NA 6 75 0 6 8 39 0 0 0 0 0 6 8 39 0 0 0 0 3 133 224 9923 4930 15 12 43
166 86 102 75 27 55 37 1087 70 6 74 156 28 16 NA 16 NA 10 70 1 6 9 39 0 0 0 0 1 6 9 39 0 0 0 0 3 157 225 9971 4926 18 13 43
167 80 100 73 27 54 38 1087 58 10 71 162 27.5 16.5 NA 16.5 NA 10 58 1 7 10 36 0 0 0 0 1 7 10 36 0 0 0 0 1 133 225 10030 4929 18 13 40
168 67 104 76 28 55 36 1077 68 8 72 171 24.5 16 NA 16 NA 10 68 2 8 10 35 0 0 0 0 2 8 10 35 0 0 0 0 3 134 228 10089 4928 20 13 39
169 90 102 76 26 51 31 1077 68 8 69 169 21 16 NA 16 NA 5 68 2 7 10 32 0 0 0 0 2 7 10 32 0 0 0 0 2 143 228 10146 4931 21 12 36
170 79 104 77 27 52 28 1065 66 9 70 160 21 16 NA 16 NA 8 66 2 8 10 32 0 0 0 0 2 8 10 32 0 0 0 0 1 134 231 10211 4930 22 11 37
171 77 106 79 27 50 26 1077 59 8 69 169 19 16 NA 16 NA 7 59 2 8 10 30 0 0 0 0 2 8 10 30 0 0 0 0 4 146 233 10264 4931 23 11 35
172 83 106 80 26 49 32 1065 79 5 69 177 19.5 16 NA 16 NA 14 79 3 7 11 28 0 0 0 0 3 7 11 28 0 0 0 0 1 149 236 10322 4931 23 13 33
173 74 109 83 26 50 36 1079 67 5 70 183 19 16 NA 16 NA 8 67 3 6 12 29 0 0 0 0 3 6 12 29 0 0 0 0 2 156 236 10376 4930 22 14 34
174 86 110 84 26 50 33 1087 65 12 69 178 19.5 16 NA 16 NA 10 65 3 5 11 31 0 0 0 0 3 5 11 31 0 0 0 0 3 136 237 10422 4931 21 11 37
175 81 104 80 24 50 34 1126 64 7 69 179 19 15.5 NA 15.5 NA 10 64 3 8 9 30 0 0 0 0 3 8 9 30 0 0 0 0 0 161 238 10468 4931 25 9 35
176 74 102 77 25 48 30 1119 73 8 66 176 19 15.5 NA 15.5 NA 8 73 4 8 7 29 0 0 0 0 4 8 7 29 0 0 0 0 2 148 241 10530 4934 23 9 34
177 85 103 76 27 50 35 1080 78 5 68 172 19 15 NA 15 NA 9 78 4 10 8 28 0 0 0 0 4 10 8 28 0 0 0 0 1 129 241 10601 4932 25 10 33
178 81 99 73 26 46 28 1079 52 9 68 164 19 15 NA 15 NA 2 52 3 8 9 26 0 0 0 0 3 8 9 26 0 0 0 0 1 132 241 10668 4932 27 12 29
179 69 100 74 26 50 38 1101 65 7 69 160 19.5 15 NA 15 NA 15 65 3 11 10 26 0 0 0 0 3 11 10 26 0 0 0 0 1 156 242 10725 4931 27 13 29
180 69 100 73 27 49 39 1111 63 6 72 163 20 15 NA 15 NA 6 63 1 13 11 24 0 0 0 0 1 13 11 24 0 0 0 0 1 140 243 10773 4928 30 15 27
181 84 102 73 29 49 28 1104 63 12 73 163 19.5 15 NA 15 NA 4 63 1 14 10 24 0 0 0 0 1 14 10 24 0 0 0 0 2 141 246 10836 4927 30 16 27
182 64 103 72 31 47 32 1094 79 5 73 162 19 14 NA 14 NA 8 79 2 13 11 21 0 0 0 0 2 13 11 21 0 0 0 0 4 136 246 10891 4927 31 18 24
183 65 101 72 29 48 32 1110 60 6 72 161 20 14 NA 14 NA 9 60 1 15 11 21 0 0 0 0 1 15 11 21 0 0 0 0 0 149 247 10950 4928 29 19 24
184 71 100 72 28 48 36 1128 66 6 70 163 19 14.5 NA 14.5 NA 10 66 1 17 9 21 0 0 0 0 1 17 9 21 0 0 0 0 2 146 248 10998 4930 27 20 23
185 80 97 72 25 47 34 1135 59 8 71 169 20 15 NA 15 NA 9 59 1 17 9 20 0 0 0 0 1 17 9 20 0 0 0 0 0 158 251 11070 4929 29 20 22
186 78 95 71 24 46 35 1132 72 5 71 176 21 14 NA 14 NA 5 72 2 16 8 20 0 0 0 0 2 16 8 20 0 0 0 0 1 157 251 11134 4929 30 19 22
187 87 96 72 24 49 33 1130 54 8 70 175 21 14 NA 14 NA 6 54 3 14 12 20 0 0 0 0 3 14 12 20 0 0 0 0 2 148 253 11207 4930 26 22 22
188 93 100 74 26 49 43 1134 64 3 73 185 21.5 14 NA 14 NA 14 64 2 15 12 20 0 0 0 0 2 15 12 20 0 0 0 0 4 155 254 11270 4927 29 21 23
189 71 99 73 26 49 34 1135 57 9 73 186 22 15 NA 15 NA 4 57 2 14 13 20 0 0 0 0 2 14 13 20 0 0 0 0 0 129 257 11326 4927 27 23 23
190 88 99 75 24 51 41 1130 74 6 74 191 23 15 NA 15 NA 11 74 2 12 16 21 0 0 0 0 2 12 16 21 0 0 0 0 1 149 257 11385 4926 26 23 25
191 69 99 76 23 52 44 1112 75 8 74 176 23 15 NA 15 NA 10 75 1 14 15 22 0 0 0 0 1 14 15 22 0 0 0 0 0 141 257 11454 4926 25 23 26
192 74 98 75 23 54 44 1132 65 8 74 175 24 15 NA 15 NA 8 65 1 10 20 23 0 0 0 0 1 10 20 23 0 0 0 0 0 155 259 11513 4926 22 25 27
193 70 97 75 22 54 47 1134 64 6 76 183 25 15 NA 15 NA 12 64 1 8 22 23 0 0 0 0 1 8 22 23 0 0 0 0 0 140 261 11571 4924 22 27 27
194 67 99 77 22 55 44 1125 72 7 81 173 26 15 NA 15 NA 8 72 0 9 21 25 0 0 0 0 0 9 21 25 0 0 0 0 2 135 263 11632 4919 25 27 29
195 78 99 78 21 55 48 1129 79 10 80 190 26 15 NA 15 NA 13 79 0 9 22 24 0 0 0 0 0 9 22 24 0 0 0 0 1 162 265 11688 4920 24 27 29
196 78 101 80 21 54 46 1126 57 5 82 190 27 15 NA 15 NA 6 57 0 8 21 25 0 0 0 0 0 8 21 25 0 0 0 0 2 134 266 11750 4918 25 26 31
197 96 107 87 20 54 46 1118 70 8 81 184 26 15 NA 15 NA 8 70 0 7 22 25 0 0 0 0 0 7 22 25 0 0 0 0 1 147 267 11814 4919 22 28 31
198 86 107 84 23 51 46 1104 71 7 78 181 25 15 NA 15 NA 10 71 0 7 21 23 0 0 0 0 0 7 21 23 0 0 0 0 1 141 271 11876 4922 21 28 29
199 80 106 84 22 51 43 1096 82 9 79 173 26.5 15 NA 15 NA 8 82 0 7 18 26 0 0 0 0 0 7 18 26 0 0 0 0 0 150 272 11931 4921 22 25 32
200 67 103 83 20 51 39 1092 75 13 79 170 27 15 NA 15 NA 9 75 0 6 21 24 0 0 0 0 0 6 21 24 0 0 0 0 1 136 273 11985 4921 22 28 29
201 83 98 77 21 47 37 1077 78 9 72 166 25 15 NA 15 NA 8 78 0 7 19 21 0 0 0 0 0 7 19 21 0 0 0 0 1 137 274 12038 4928 21 24 27
202 80 100 80 20 46 43 1082 68 5 72 169 25 15 NA 15 NA 11 68 0 5 18 23 0 0 0 0 0 5 18 23 0 0 0 0 1 161 275 12107 4928 20 23 29
203 62 101 82 19 44 40 1081 82 6 71 167 23 15 NA 15 NA 8 82 0 6 17 21 0 0 0 0 0 6 17 21 0 0 0 0 2 151 279 12164 4929 21 22 28
204 72 101 82 19 44 43 1062 85 6 69 161 23 15 NA 15 NA 10 85 0 6 13 25 0 0 0 0 0 6 13 25 0 0 0 0 0 143 280 12228 4931 20 18 31
205 78 103 82 21 43 44 1041 83 8 68 143 23 15 NA 15 NA 8 83 0 5 12 26 0 0 0 0 0 5 12 26 0 0 0 0 3 135 280 12284 4932 18 17 33
206 64 101 82 19 44 50 1067 55 5 68 159 24 15 NA 15 NA 12 55 1 3 14 26 0 0 0 0 1 3 14 26 0 0 0 0 1 152 281 12337 4932 15 20 33
207 70 102 84 18 44 49 1054 54 6 68 163 24 15 NA 15 NA 6 54 2 4 12 26 0 0 0 0 2 4 12 26 0 0 0 0 1 130 281 12410 4932 17 18 33
208 71 99 82 17 43 42 1068 67 7 66 171 21 15 NA 15 NA 6 67 1 5 12 25 0 0 0 0 1 5 12 25 0 0 0 0 1 146 286 12460 4934 18 18 30
209 68 103 86 17 45 36 1073 79 8 71 157 21 15 NA 15 NA 3 79 1 7 11 26 0 0 0 0 1 7 11 26 0 0 0 0 1 151 288 12506 4929 24 16 31
210 82 104 87 17 45 37 1089 50 5 72 161 20 16 NA 16 NA 8 50 1 9 11 24 0 0 0 0 1 9 11 24 0 0 0 0 2 143 290 12562 4928 27 16 29
211 76 104 88 16 45 42 1085 65 3 72 171 20.5 16 NA 16 NA 8 65 1 7 13 24 0 0 0 0 1 7 13 24 0 0 0 0 1 135 290 12619 4928 26 18 28
212 68 102 87 15 46 41 1071 65 13 70 180 19.5 15.5 NA 15.5 NA 10 65 2 9 12 23 0 0 0 0 2 9 12 23 0 0 0 0 1 133 291 12683 4930 23 20 27
213 81 103 88 15 48 42 1076 76 7 72 171 19 16 NA 16 NA 11 76 2 11 12 23 0 0 0 0 2 11 12 23 0 0 0 0 1 144 293 12733 4928 25 20 27
214 72 105 90 15 48 38 1084 71 6 76 169 20 16 NA 16 NA 5 71 1 11 11 25 0 0 0 0 1 11 11 25 0 0 0 0 2 160 296 12799 4924 27 20 29
215 77 103 88 15 49 33 1100 58 9 77 178 20 16 NA 16 NA 8 58 1 12 12 24 0 0 0 0 1 12 12 24 0 0 0 0 2 144 302 12856 4923 28 21 28
216 82 105 90 15 50 38 1101 72 6 78 177 20 16 NA 16 NA 11 72 1 13 11 25 0 0 0 0 1 13 11 25 0 0 0 0 0 150 302 12915 4922 30 19 29
217 78 107 91 16 50 40 1113 73 6 79 177 20 16 NA 16 NA 10 73 1 14 10 25 0 0 0 0 1 14 10 25 0 0 0 0 2 148 304 12959 4921 32 17 30
218 72 112 96 16 53 43 1067 87 9 80 177 21 16 NA 16 NA 12 87 1 15 9 28 0 0 0 0 1 15 9 28 0 0 0 0 1 138 306 13032 4920 31 14 35
219 85 108 92 16 52 35 1088 61 10 79 176 22 16 NA 16 NA 5 61 1 14 10 27 0 0 0 0 1 14 10 27 0 0 0 0 1 155 308 13079 4921 31 16 32
220 76 109 94 15 51 35 1072 67 6 79 165 23 16 NA 16 NA 8 67 1 13 10 27 0 0 0 0 1 13 10 27 0 0 0 0 2 130 310 13135 4921 31 15 33
221 93 107 92 15 49 36 1065 61 5 80 163 23 16 NA 16 NA 6 61 0 11 14 24 0 0 0 0 0 11 14 24 0 0 0 0 2 139 310 13199 4920 29 22 29
222 74 108 93 15 48 35 1092 66 4 80 176 23 16 NA 16 NA 5 66 0 9 15 24 0 0 0 0 0 9 15 24 0 0 0 0 2 165 311 13256 4920 26 25 29
223 86 110 95 15 47 36 1078 61 4 78 174 21 16 NA 16 NA 6 61 0 10 13 24 0 0 0 0 0 10 13 24 0 0 0 0 2 124 313 13310 4922 27 23 28
224 85 114 98 16 48 39 1105 54 9 78 177 21 16 NA 16 NA 10 54 0 9 15 24 0 0 0 0 0 9 15 24 0 0 0 0 4 157 313 13363 4922 27 21 30
225 84 112 96 16 49 35 1116 73 7 74 173 22 16 NA 16 NA 6 73 1 9 15 24 0 0 0 0 1 9 15 24 0 0 0 0 1 165 316 13421 4926 24 22 28
226 70 112 95 17 48 38 1103 83 5 74 170 22 16 NA 16 NA 10 83 1 7 17 23 0 0 0 0 1 7 17 23 0 0 0 0 1 154 317 13488 4926 23 24 27
227 84 114 96 18 49 35 1101 53 6 75 165 22 16 NA 16 NA 4 53 1 7 18 23 0 0 0 0 1 7 18 23 0 0 0 0 2 138 319 13548 4925 21 26 28
228 67 116 96 20 49 34 1095 78 9 76 169 21.5 16 NA 16 NA 7 78 1 6 20 22 0 0 0 0 1 6 20 22 0 0 0 0 2 147 319 13604 4924 21 28 27
229 77 113 92 21 49 30 1114 54 7 75 163 23 17 NA 17 NA 6 54 1 5 22 21 0 0 0 0 1 5 22 21 0 0 0 0 0 144 322 13663 4925 19 30 26
230 80 116 95 21 50 32 1106 69 4 81 171 23 17 NA 17 NA 9 69 0 6 21 23 0 0 0 0 0 6 21 23 0 0 0 0 1 132 324 13713 4919 24 29 28
231 81 119 97 22 46 28 1101 61 7 75 173 20 16.5 NA 16.5 NA 7 61 0 5 20 21 0 0 0 0 0 5 20 21 0 0 0 0 7 138 327 13782 4925 23 27 25
232 69 120 98 22 46 37 1107 82 4 78 170 19.5 16.5 NA 16.5 NA 14 82 0 4 19 23 0 0 0 0 0 4 19 23 0 0 0 0 1 154 328 13830 4922 24 27 27
233 92 123 101 22 49 28 1102 60 11 79 173 18 16 NA 16 NA 6 60 1 5 17 26 0 0 0 0 1 5 17 26 0 0 0 0 1 132 331 13889 4921 23 23 33
234 67 121 100 21 48 30 1109 65 5 80 179 19 16.5 NA 16.5 NA 6 65 1 4 15 28 0 0 0 0 1 4 15 28 0 0 0 0 0 148 331 13956 4920 24 21 35
235 77 117 96 21 48 29 1140 67 6 81 171 20 16.5 NA 16.5 NA 7 67 1 4 16 27 0 0 0 0 1 4 16 27 0 0 0 0 0 171 333 14012 4919 26 22 33
236 73 117 95 22 46 31 1137 56 6 83 175 19 16.5 NA 16.5 NA 8 56 1 5 14 26 0 0 0 0 1 5 14 26 0 0 0 0 1 136 334 14082 4917 31 20 32
237 75 117 96 21 45 27 1140 70 8 82 176 20 16 NA 16 NA 5 70 1 5 14 25 0 0 0 0 1 5 14 25 0 0 0 0 2 154 335 14146 4918 31 20 31
238 98 119 96 23 46 34 1118 80 5 83 171 20 16.5 NA 16.5 NA 11 80 0 7 12 27 0 0 0 0 0 7 12 27 0 0 0 0 1 148 336 14208 4917 31 19 33
239 74 121 94 27 46 34 1112 65 9 84 173 21 17 NA 17 NA 9 65 0 7 10 29 0 0 0 0 0 7 10 29 0 0 0 0 0 136 337 14264 4916 32 18 34
240 65 120 93 27 46 36 1112 71 8 84 167 19.5 16.5 NA 16.5 NA 9 71 0 9 9 28 0 0 0 0 0 9 9 28 0 0 0 0 1 152 337 14326 4916 34 17 33
241 93 118 91 27 46 29 1131 49 11 83 168 20 17 NA 17 NA 5 49 0 9 10 27 0 0 0 0 0 9 10 27 0 0 0 0 1 144 337 14384 4917 33 18 32
242 77 119 91 28 47 29 1147 60 8 84 166 20 17 NA 17 NA 7 60 0 9 12 26 0 0 0 0 0 9 12 26 0 0 0 0 3 141 339 14433 4916 31 22 31
243 86 117 89 28 43 32 1147 57 2 88 157 20 17 NA 17 NA 7 57 0 6 11 26 0 0 0 0 0 6 11 26 0 0 0 0 1 134 341 14492 4912 36 21 31
244 73 116 89 27 48 32 1119 57 8 87 150 21.5 17.5 NA 17.5 NA 7 57 0 8 13 27 0 0 0 0 0 8 13 27 0 0 0 0 1 113 343 14562 4913 33 21 33
245 85 120 93 27 48 42 1116 77 5 92 154 21 17.5 NA 17.5 NA 16 77 1 8 11 28 0 0 0 0 1 8 11 28 0 0 0 0 2 151 344 14620 4908 38 19 35
246 70 120 93 27 54 36 1117 72 12 92 147 22 18 NA 18 NA 6 72 1 10 14 29 0 0 0 0 1 10 14 29 0 0 0 0 0 147 346 14682 4908 35 21 36
247 69 122 92 30 54 40 1117 66 8 91 147 23 18 NA 18 NA 12 66 1 9 14 30 0 0 0 0 1 9 14 30 0 0 0 0 1 154 346 14757 4909 33 22 36
248 68 120 90 30 55 37 1122 76 10 92 144 23.5 18 NA 18 NA 9 76 1 10 15 29 0 0 0 0 1 10 15 29 0 0 0 0 0 147 348 14808 4908 32 25 35
249 60 120 89 31 56 37 1109 63 9 92 137 24 18 NA 18 NA 8 63 1 10 17 28 0 0 0 0 1 10 17 28 0 0 0 0 2 138 349 14877 4908 31 27 34
250 91 118 89 29 53 33 1113 54 9 91 139 23 18 NA 18 NA 6 54 1 10 16 26 0 0 0 0 1 10 16 26 0 0 0 0 0 145 350 14939 4909 33 26 32
251 83 116 86 30 53 33 1117 61 7 91 136 23.5 18 NA 18 NA 9 61 0 11 18 24 0 0 0 0 0 11 18 24 0 0 0 0 0 142 353 15000 4909 33 27 31
252 77 115 85 30 53 35 1102 66 4 92 134 25 18 NA 18 NA 6 66 0 10 17 26 0 0 0 0 0 10 17 26 0 0 0 0 1 140 353 15074 4908 31 28 33
253 68 116 86 30 54 37 1097 65 5 91 145 25 18 NA 18 NA 7 65 0 11 16 27 0 0 0 0 0 11 16 27 0 0 0 0 2 133 354 15135 4909 30 27 34
254 67 119 89 30 55 40 1111 56 5 94 152 26 18 NA 18 NA 10 56 0 8 14 33 0 0 0 0 0 8 14 33 0 0 0 0 2 149 356 15193 4906 30 25 39
255 73 116 86 30 56 44 1125 55 9 92 157 27 18 NA 18 NA 14 55 0 8 14 34 0 0 0 0 0 8 14 34 0 0 0 0 0 138 358 15247 4908 23 30 39
256 67 117 87 30 56 50 1136 71 7 94 153 28 18 NA 18 NA 14 71 0 8 12 36 0 0 0 0 0 8 12 36 0 0 0 0 0 148 360 15297 4906 24 29 41
257 94 119 89 30 58 51 1128 68 13 96 154 27 18 NA 18 NA 13 68 1 5 16 36 0 0 0 0 1 5 16 36 0 0 0 0 2 153 360 15359 4904 24 31 41
258 73 120 90 30 58 49 1124 64 8 95 145 27.5 18 NA 18 NA 11 64 1 6 13 38 0 0 0 0 1 6 13 38 0 0 0 0 2 139 365 15428 4905 24 27 44
259 76 121 91 30 58 40 1111 63 11 97 155 28 17.5 NA 17.5 NA 4 63 0 8 12 38 0 0 0 0 0 8 12 38 0 0 0 0 0 132 366 15492 4903 27 25 45
260 89 116 86 30 55 42 1134 64 4 91 170 29 17 NA 17 NA 8 64 1 7 13 34 0 0 0 0 1 7 13 34 0 0 0 0 1 161 367 15553 4909 23 25 43
261 71 117 88 29 53 42 1121 78 3 90 170 30 17 NA 17 NA 6 78 1 6 12 34 0 0 0 0 1 6 12 34 0 0 0 0 1 140 370 15611 4910 21 25 44
262 83 119 90 29 54 45 1100 83 5 92 174 31 17 NA 17 NA 9 83 1 5 14 34 0 0 0 0 1 5 14 34 0 0 0 0 0 150 370 15681 4908 20 27 45
263 78 120 91 29 53 46 1092 73 6 92 171 30.5 17 NA 17 NA 8 73 0 5 12 36 0 0 0 0 0 5 12 36 0 0 0 0 2 150 371 15748 4908 19 25 48
264 77 119 88 31 53 44 1088 67 9 89 169 28 18 NA 18 NA 7 67 0 5 13 35 0 0 0 0 0 5 13 35 0 0 0 0 3 144 371 15808 4911 18 24 47
265 70 118 87 31 56 40 1098 61 15 88 166 29 19 NA 19 NA 11 61 0 6 14 36 0 0 0 0 0 6 14 36 0 0 0 0 4 151 374 15866 4912 19 22 47
266 92 114 84 30 54 42 1074 70 6 86 164 30 19 NA 19 NA 9 70 0 5 14 35 0 0 0 0 0 5 14 35 0 0 0 0 0 134 376 15931 4914 17 23 46
267 75 114 85 29 55 36 1086 77 9 85 168 30.5 19 NA 19 NA 7 77 0 6 10 39 0 0 0 0 0 6 10 39 0 0 0 0 1 162 378 15982 4915 16 18 51
268 70 117 88 29 56 39 1080 61 7 86 183 31 18.5 NA 18.5 NA 11 61 0 7 9 40 0 0 0 0 0 7 9 40 0 0 0 0 2 131 379 16044 4914 16 18 52
269 64 118 89 29 59 37 1060 89 11 90 164 31 18 NA 18 NA 11 89 0 7 9 43 0 0 0 0 0 7 9 43 0 0 0 0 3 150 383 16111 4910 17 20 53
270 60 118 90 28 57 34 1075 66 8 89 165 30.5 18 NA 18 NA 11 66 0 7 9 41 0 0 0 0 0 7 9 41 0 0 0 0 3 154 388 16170 4911 19 19 51
271 72 116 87 29 55 38 1074 71 9 87 155 29 18 NA 18 NA 16 71 0 6 10 39 0 0 0 0 0 6 10 39 0 0 0 0 2 134 390 16216 4913 20 19 48
272 94 113 85 28 54 36 1061 57 9 85 161 30 19 NA 19 NA 7 57 0 7 10 37 0 0 0 0 0 7 10 37 0 0 0 0 1 129 391 16280 4915 21 17 47
273 83 112 85 27 56 39 1085 69 6 86 172 31 18.5 NA 18.5 NA 9 69 1 8 9 38 0 0 0 0 1 8 9 38 0 0 0 0 0 160 393 16333 4914 23 15 48
274 78 112 85 27 56 35 1095 71 5 84 171 29 18 NA 18 NA 3 71 1 8 7 40 0 0 0 0 1 8 7 40 0 0 0 0 2 155 394 16384 4916 22 13 49
275 72 113 87 26 54 28 1094 66 9 83 165 28 18 NA 18 NA 3 66 0 8 7 39 0 0 0 0 0 8 7 39 0 0 0 0 2 149 395 16449 4917 23 12 48
276 74 111 85 26 52 26 1106 58 7 80 171 24 18.5 NA 18.5 NA 6 58 0 7 7 38 0 0 0 0 0 7 7 38 0 0 0 0 3 142 395 16502 4920 23 12 45
277 91 114 88 26 52 32 1112 71 4 83 180 24.5 18.5 NA 18.5 NA 10 71 0 7 7 38 0 0 0 0 0 7 7 38 0 0 0 0 2 163 395 16565 4917 25 13 45
278 88 113 87 26 51 32 1122 58 5 80 188 23 18 NA 18 NA 6 58 0 7 6 38 0 0 0 0 0 7 6 38 0 0 0 0 1 152 396 16629 4920 24 11 45
279 74 114 88 26 54 34 1134 69 9 81 184 23.5 18 NA 18 NA 11 69 1 8 7 38 0 0 0 0 1 8 7 38 0 0 0 0 1 155 397 16688 4919 24 12 45
280 68 114 90 24 56 39 1136 73 10 79 175 23 18 NA 18 NA 14 73 1 11 8 36 0 0 0 0 1 11 8 36 0 0 0 0 0 136 397 16733 4921 24 13 42
281 71 117 93 24 57 33 1124 69 7 82 174 24 18 NA 18 NA 5 69 1 7 10 39 0 0 0 0 1 7 10 39 0 0 0 0 2 136 399 16794 4918 21 16 45
282 75 116 90 26 56 33 1095 71 7 81 176 23.5 18.5 NA 18.5 NA 8 71 1 8 11 36 0 0 0 0 1 8 11 36 0 0 0 0 5 138 401 16867 4919 23 16 42
283 75 115 89 26 57 33 1098 57 7 80 183 23 18 NA 18 NA 7 57 1 9 11 36 0 0 0 0 1 9 11 36 0 0 0 0 2 134 402 16925 4920 23 16 41
284 81 118 89 29 57 34 1102 68 6 79 185 21.5 17 NA 17 NA 10 68 1 9 12 35 0 0 0 0 1 9 12 35 0 0 0 0 3 147 406 16980 4921 23 17 39
285 70 120 92 28 58 28 1100 79 12 81 168 22 16.5 NA 16.5 NA 6 79 0 10 13 35 0 0 0 0 0 10 13 35 0 0 0 0 1 161 407 17049 4919 23 19 39
286 75 117 90 27 54 30 1128 57 6 79 171 22 17.5 NA 17.5 NA 7 57 0 8 12 34 0 0 0 0 0 8 12 34 0 0 0 0 2 175 407 17118 4921 23 18 38
287 79 116 89 27 53 29 1100 66 7 79 160 22 16 NA 16 NA 7 66 1 8 12 32 0 0 0 0 1 8 12 32 0 0 0 0 1 129 408 17181 4921 25 18 36
288 76 121 92 29 56 30 1124 64 8 81 179 20 16.5 NA 16.5 NA 6 64 0 11 11 34 0 0 0 0 0 11 11 34 0 0 0 0 3 167 408 17245 4919 25 18 38
289 85 119 90 29 53 31 1106 75 4 80 162 20 16 NA 16 NA 7 75 0 10 11 32 0 0 0 0 0 10 11 32 0 0 0 0 2 140 409 17307 4920 24 19 37
290 77 119 90 29 50 39 1134 66 3 78 166 20 16 NA 16 NA 11 66 0 10 10 30 0 0 0 0 0 10 10 30 0 0 0 0 3 166 410 17370 4922 26 17 35
291 66 119 88 31 50 39 1121 65 8 77 166 20 16 NA 16 NA 8 65 1 9 9 31 0 0 0 0 1 9 9 31 0 0 0 0 2 130 410 17434 4923 26 17 34
292 91 121 89 32 54 32 1126 59 13 79 161 19 16 NA 16 NA 5 59 2 11 9 32 0 0 0 0 2 11 9 32 0 0 0 0 3 148 412 17497 4921 26 18 35
293 76 123 89 34 55 33 1137 58 6 81 161 19 16 NA 16 NA 11 58 3 10 7 35 0 0 0 0 3 10 7 35 0 0 0 0 1 146 417 17549 4919 27 15 39
294 74 118 85 33 50 38 1152 67 5 80 174 19 16 NA 16 NA 10 67 3 8 8 31 0 0 0 0 3 8 8 31 0 0 0 0 2 144 418 17600 4920 29 15 36
295 83 118 84 34 50 35 1159 68 13 78 163 18 15.5 NA 15.5 NA 7 68 2 9 10 29 0 0 0 0 2 9 10 29 0 0 0 0 3 157 421 17661 4922 29 15 34
296 73 120 85 35 52 34 1166 69 10 83 156 18.5 15.5 NA 15.5 NA 9 69 1 11 11 29 0 0 0 0 1 11 11 29 0 0 0 0 2 159 421 17724 4917 34 15 34
297 74 119 86 33 53 31 1186 56 6 84 167 19 16 NA 16 NA 5 56 0 12 11 30 0 0 0 0 0 12 11 30 0 0 0 0 0 156 421 17784 4916 34 15 35
298 84 119 85 34 55 31 1156 66 5 83 163 20 16 NA 16 NA 7 66 1 12 11 31 0 0 0 0 1 12 11 31 0 0 0 0 2 139 422 17867 4917 31 16 36
299 69 118 84 34 55 38 1144 78 4 84 170 21 15 NA 15 NA 9 78 1 11 11 32 0 0 0 0 1 11 11 32 0 0 0 0 0 140 422 17919 4916 30 17 37
300 63 116 83 33 54 34 1134 81 10 85 160 21.5 15 NA 15 NA 8 81 1 10 11 32 0 0 0 0 1 10 11 32 0 0 0 0 2 150 425 17987 4915 32 16 37
301 84 118 86 32 54 34 1110 73 5 84 152 20.5 15.5 NA 15.5 NA 9 73 1 9 10 34 0 0 0 0 1 9 10 34 0 0 0 0 1 136 427 18049 4916 30 16 38
302 80 119 86 33 53 39 1140 64 3 86 158 21 15 NA 15 NA 8 64 0 9 11 33 0 0 0 0 0 9 11 33 0 0 0 0 2 180 427 18118 4914 32 17 37
303 63 119 86 33 57 40 1128 70 10 89 157 22 16 NA 16 NA 11 70 0 13 11 33 0 0 0 0 0 13 11 33 0 0 0 0 0 131 429 18172 4911 34 18 37
304 86 123 91 32 58 36 1121 69 10 90 154 22 15.5 NA 15.5 NA 8 69 0 13 13 32 0 0 0 0 0 13 13 32 0 0 0 0 1 138 431 18236 4910 34 20 36
305 99 123 91 32 59 34 1128 68 9 89 153 22 15 NA 15 NA 7 68 2 15 12 30 0 0 0 0 2 15 12 30 0 0 0 0 2 171 431 18310 4911 33 21 35
306 70 122 91 31 62 27 1151 61 11 91 157 22.5 15 NA 15 NA 4 61 2 16 12 32 0 0 0 0 2 16 12 32 0 0 0 0 1 153 434 18360 4909 32 22 37
307 72 126 92 34 60 30 1151 64 4 93 166 22.5 15 NA 15 NA 9 64 1 16 13 30 0 0 0 0 1 16 13 30 0 0 0 0 6 150 437 18431 4907 35 23 35
308 61 128 93 35 62 29 1149 62 7 96 169 23 15 NA 15 NA 5 62 1 15 16 30 0 0 0 0 1 15 16 30 0 0 0 0 1 143 438 18498 4904 33 28 35
309 68 127 91 36 62 34 1116 74 6 97 151 24 15 NA 15 NA 12 74 1 14 17 30 0 0 0 0 1 14 17 30 0 0 0 0 1 142 439 18573 4903 33 28 36
310 66 127 90 37 64 30 1124 54 11 96 158 23 15.5 NA 15.5 NA 5 54 2 14 16 32 0 0 0 0 2 14 16 32 0 0 0 0 3 143 439 18629 4904 33 27 36
311 80 128 91 37 65 31 1134 63 8 94 156 23 16 NA 16 NA 6 63 2 14 17 32 0 0 0 0 2 14 17 32 0 0 0 0 0 152 439 18683 4906 31 26 37
312 66 125 89 36 64 42 1126 76 5 92 160 24 16.5 NA 16.5 NA 14 76 1 14 19 30 0 0 0 0 1 14 19 30 0 0 0 0 1 138 440 18742 4908 28 29 35
313 67 124 89 35 64 37 1129 65 12 94 157 24.5 16.5 NA 16.5 NA 10 65 2 14 19 29 0 0 0 0 2 14 19 29 0 0 0 0 3 138 442 18796 4906 30 29 35
314 68 124 88 36 65 26 1107 66 12 95 151 24.5 16 NA 16 NA 2 66 3 14 19 29 0 0 0 0 3 14 19 29 0 0 0 0 1 135 444 18875 4905 29 30 36
315 86 123 87 36 63 30 1116 70 2 92 161 25 16 NA 16 NA 7 70 3 11 20 29 0 0 0 0 3 11 20 29 0 0 0 0 2 153 445 18930 4908 25 31 36
316 59 122 87 35 61 31 1143 59 3 93 171 26 16 NA 16 NA 6 59 2 10 21 28 0 0 0 0 2 10 21 28 0 0 0 0 0 159 446 18989 4907 26 32 35
317 78 121 88 33 60 39 1113 77 5 91 175 27 16 NA 16 NA 12 77 1 11 20 28 0 0 0 0 1 11 20 28 0 0 0 0 0 137 446 19059 4909 26 29 36
318 89 121 88 33 60 40 1100 78 9 92 172 28 16 NA 16 NA 11 78 1 10 18 31 0 0 0 0 1 10 18 31 0 0 0 0 0 152 448 19119 4908 25 27 40
319 73 123 90 33 61 38 1072 72 9 95 164 28 16 NA 16 NA 7 72 0 10 18 33 0 0 0 0 0 10 18 33 0 0 0 0 1 117 448 19175 4905 24 30 41
320 80 122 89 33 60 38 1103 61 5 93 167 28.5 16.5 NA 16.5 NA 5 61 0 10 14 36 0 0 0 0 0 10 14 36 0 0 0 0 2 162 448 19230 4907 24 24 45
321 94 124 91 33 59 41 1070 65 4 93 157 27 16 NA 16 NA 7 65 0 9 14 36 0 0 0 0 0 9 14 36 0 0 0 0 2 124 448 19297 4907 24 23 46
322 74 119 88 31 58 45 1077 74 7 91 161 27 16.5 NA 16.5 NA 12 74 0 9 16 33 0 0 0 0 0 9 16 33 0 0 0 0 0 153 451 19355 4909 24 25 42
323 92 119 89 30 61 41 1063 70 10 93 160 28 16 NA 16 NA 5 70 0 12 15 34 0 0 0 0 0 12 15 34 0 0 0 0 0 143 452 19421 4907 27 23 43
324 70 119 89 30 59 38 1074 54 9 91 161 28 16 NA 16 NA 8 54 0 10 16 33 0 0 0 0 0 10 16 33 0 0 0 0 2 138 455 19476 4909 26 21 44
325 83 117 89 28 58 38 1090 63 5 90 165 27 16 NA 16 NA 7 63 0 8 17 33 0 0 0 0 0 8 17 33 0 0 0 0 2 170 456 19540 4910 23 24 43
326 82 114 87 27 54 31 1109 75 10 87 161 25.5 16 NA 16 NA 6 75 1 8 13 32 0 0 0 0 1 8 13 32 0 0 0 0 1 158 459 19587 4913 25 18 44
327 81 113 86 27 56 39 1101 71 7 88 156 26 16 NA 16 NA 12 71 0 13 11 32 0 0 0 0 0 13 11 32 0 0 0 0 0 143 459 19650 4912 28 16 44
328 77 112 85 27 61 33 1123 54 14 87 162 27 16 NA 16 NA 7 54 1 14 12 34 0 0 0 0 1 14 12 34 0 0 0 0 2 158 461 19715 4913 26 17 44
329 78 110 83 27 58 39 1103 68 5 86 149 28 16 NA 16 NA 12 68 1 13 13 31 0 0 0 0 1 13 13 31 0 0 0 0 2 139 462 19778 4914 25 20 41
330 75 106 79 27 55 38 1099 66 8 83 151 26 16 NA 16 NA 9 66 1 13 12 29 0 0 0 0 1 13 12 29 0 0 0 0 0 150 464 19848 4917 25 20 38
331 93 108 82 26 56 36 1118 60 9 83 155 26 16 NA 16 NA 9 60 2 11 13 30 0 0 0 0 2 11 13 30 0 0 0 0 3 143 467 19892 4917 23 20 40
332 66 111 84 27 56 33 1116 65 8 85 157 25 16 NA 16 NA 6 65 1 12 13 30 0 0 0 0 1 12 13 30 0 0 0 0 3 145 469 19957 4915 25 20 40
333 92 111 86 25 52 31 1142 72 7 83 153 24 16 NA 16 NA 7 72 1 12 12 27 0 0 0 0 1 12 12 27 0 0 0 0 3 157 470 19997 4917 27 20 36
334 83 109 86 23 50 39 1119 74 4 79 159 24 16 NA 16 NA 15 74 1 9 13 27 0 0 0 0 1 9 13 27 0 0 0 0 2 130 473 20056 4921 24 21 34
335 69 113 87 26 52 38 1094 76 10 80 153 24 16 NA 16 NA 10 76 1 9 15 27 0 0 0 0 1 9 15 27 0 0 0 0 3 123 475 20114 4920 23 23 34
336 68 112 87 25 56 33 1113 52 15 81 148 24.5 16 NA 16 NA 8 52 2 12 14 28 0 0 0 0 2 12 14 28 0 0 0 0 1 140 476 20166 4919 24 23 34
337 69 108 83 25 53 33 1102 69 4 80 149 24.5 16 NA 16 NA 6 69 2 10 13 28 0 0 0 0 2 10 13 28 0 0 0 0 1 147 476 20235 4920 24 19 37
338 82 105 80 25 51 33 1124 66 8 75 154 24 16 NA 16 NA 7 66 2 8 15 26 0 0 0 0 2 8 15 26 0 0 0 0 2 164 476 20300 4925 21 20 34
339 79 112 87 25 54 37 1117 80 7 76 156 22.5 16 NA 16 NA 13 80 2 9 17 26 0 0 0 0 2 9 17 26 0 0 0 0 2 152 478 20365 4924 21 21 34
340 84 112 87 25 55 37 1115 73 7 77 156 23.5 16 NA 16 NA 8 73 2 9 16 28 0 0 0 0 2 9 16 28 0 0 0 0 0 155 479 20432 4923 21 20 36
341 79 112 87 25 54 37 1128 79 9 76 172 24 16 NA 16 NA 12 79 1 7 18 28 0 0 0 0 1 7 18 28 0 0 0 0 3 167 481 20486 4924 18 22 36
342 74 110 86 24 52 31 1135 68 9 72 164 23.5 16 NA 16 NA 5 68 3 7 15 27 0 0 0 0 3 7 15 27 0 0 0 0 1 145 482 20541 4928 17 20 35
343 62 110 85 25 53 35 1125 76 6 74 169 23 16 NA 16 NA 11 76 3 9 12 29 0 0 0 0 3 9 12 29 0 0 0 0 2 147 485 20609 4926 20 17 37
344 71 112 88 24 56 34 1100 86 11 77 158 23.5 16 NA 16 NA 9 86 3 10 13 30 0 0 0 0 3 10 13 30 0 0 0 0 2 142 486 20674 4923 21 18 38
345 80 105 81 24 53 35 1100 57 5 77 159 24 16 NA 16 NA 8 57 3 8 15 27 0 0 0 0 3 8 15 27 0 0 0 0 0 144 488 20738 4923 22 20 35
346 87 108 83 25 55 34 1086 76 13 77 152 24 16 NA 16 NA 11 76 3 10 13 29 0 0 0 0 3 10 13 29 0 0 0 0 3 145 489 20800 4923 23 17 37
347 76 109 84 25 57 32 1104 60 8 81 164 24 15 NA 15 NA 5 60 3 11 13 30 0 0 0 0 3 11 13 30 0 0 0 0 1 157 489 20855 4919 26 16 39
348 79 109 84 25 57 31 1079 76 7 81 150 24 15 NA 15 NA 8 76 3 10 14 30 0 0 0 0 3 10 14 30 0 0 0 0 1 130 490 20916 4919 26 17 38
349 81 110 84 26 57 35 1071 71 7 79 157 21.5 15 NA 15 NA 11 71 3 11 14 29 0 0 0 0 3 11 14 29 0 0 0 0 3 146 492 20980 4921 26 16 37
350 66 110 82 28 56 34 1090 57 7 79 159 20 15 NA 15 NA 8 57 2 13 12 29 0 0 0 0 2 13 12 29 0 0 0 0 1 152 493 21041 4921 28 15 36
351 73 110 82 28 56 33 1098 77 7 81 153 21 15 NA 15 NA 7 77 1 13 13 29 0 0 0 0 1 13 13 29 0 0 0 0 0 162 494 21100 4919 29 16 36
352 83 107 79 28 53 28 1093 61 10 77 149 21 15 NA 15 NA 6 61 1 12 13 27 0 0 0 0 1 12 13 27 0 0 0 0 1 143 495 21164 4923 27 16 34
353 80 107 80 27 53 30 1080 73 5 78 144 21 16 NA 16 NA 8 73 0 12 13 28 0 0 0 0 0 12 13 28 0 0 0 0 1 134 496 21222 4922 28 15 35
354 65 108 80 28 51 33 1113 63 3 78 147 21.5 15 NA 15 NA 6 63 0 12 11 28 0 0 0 0 0 12 11 28 0 0 0 0 1 162 497 21279 4922 30 13 35
355 62 109 80 29 54 33 1137 57 5 81 155 22 16 NA 16 NA 4 57 0 13 13 28 0 0 0 0 0 13 13 28 0 0 0 0 1 158 497 21340 4919 30 16 35
356 81 110 83 27 55 38 1134 83 3 83 156 23 16 NA 16 NA 10 83 1 11 13 30 0 0 0 0 1 11 13 30 0 0 0 0 2 159 500 21400 4917 30 16 37
357 78 113 85 28 54 42 1149 62 5 81 161 23 16 NA 16 NA 11 62 1 9 13 31 0 0 0 0 1 9 13 31 0 0 0 0 3 160 502 21460 4919 25 18 38
358 83 117 87 30 58 35 1159 68 14 86 161 23 16 NA 16 NA 6 68 1 12 14 31 0 0 0 0 1 12 14 31 0 0 0 0 4 146 503 21506 4914 29 19 38
359 86 116 86 30 57 35 1140 64 8 84 161 24 16 NA 16 NA 6 64 1 11 14 31 0 0 0 0 1 11 14 31 0 0 0 0 1 123 504 21567 4916 25 21 38
360 80 120 87 33 61 36 1163 52 11 85 176 23 16 NA 16 NA 11 52 1 13 17 30 0 0 0 0 1 13 17 30 0 0 0 0 3 153 505 21625 4915 25 22 38
