1 86 98 82 16 46 30 1229 66 13 76 38 26 18 NA 18 NA 10 66 1 5 17 23 0 0 0 0 1 5 17 23 0 0 0 0 0 151 0 0 4924 19 27 30
2 85 99 83 16 46 33 1267 59 8 75 46 26 18 NA 18 NA 7 59 1 5 17 23 0 0 0 0 1 5 17 23 0 0 0 0 1 121 0 0 4925 19 27 29
3 78 98 83 15 46 35 1299 80 7 75 68 27 18 NA 18 NA 8 80 1 5 18 22 0 0 0 0 1 5 18 22 0 0 0 0 0 136 0 0 4925 19 27 29
4 80 99 83 16 46 40 1352 70 6 75 84 27 18 NA 18 NA 10 70 1 5 18 22 0 0 0 0 1 5 18 22 0 0 0 0 1 144 0 0 4925 20 27 28
5 82 102 84 18 48 42 1396 78 7 76 95 26.5 18 NA 18 NA 9 78 1 7 18 22 0 0 0 0 1 7 18 22 0 0 0 0 3 148 0 0 4924 22 27 27
6 81 100 78 22 43 43 1443 69 3 71 107 25 18 NA 18 NA 4 69 0 5 18 20 0 0 0 0 0 5 18 20 0 0 0 0 2 136 0 0 4929 19 26 26
7 80 102 79 23 45 48 1456 92 10 71 129 24.5 18 NA 18 NA 12 92 0 6 17 22 0 0 0 0 0 6 17 22 0 0 0 0 3 131 0 0 4929 19 23 29
8 86 104 81 23 46 60 1462 101 5 70 131 23.5 17.5 NA 17.5 NA 19 101 1 6 17 22 0 0 0 0 1 6 17 22 0 0 0 0 1 133 0 0 4930 18 24 28
9 78 108 85 23 47 52 1479 79 12 71 143 22.5 18 NA 18 NA 5 79 1 6 16 24 0 0 0 0 1 6 16 24 0 0 0 0 2 124 0 0 4929 19 23 29
10 68 103 82 21 49 51 1520 87 11 73 149 23 17 NA 17 NA 9 87 0 11 13 25 0 0 0 0 0 11 13 25 0 0 0 0 0 145 0 0 4927 22 22 29
11 68 106 86 20 49 57 1544 90 6 74 154 24 17 NA 17 NA 13 90 0 9 13 27 0 0 0 0 0 9 13 27 0 0 0 0 2 138 0 0 4926 20 22 32
12 73 107 86 21 48 59 1554 98 10 72 156 22 17 NA 17 NA 10 98 0 9 11 28 0 0 0 0 0 9 11 28 0 0 0 0 3 130 0 0 4928 19 19 34
13 71 106 84 22 46 46 1037 49 10 70 158 21.5 17 NA 17 NA 5 49 1 9 8 28 0 0 0 0 1 9 8 28 0 0 0 0 1 136 8 588 4930 20 16 34
14 78 105 84 21 45 39 1046 75 10 70 156 22 17 NA 17 NA 5 75 1 8 8 28 0 0 0 0 1 8 8 28 0 0 0 0 2 150 12 635 4930 21 16 33
15 80 108 86 22 47 40 1062 67 5 69 155 19.5 17 NA 17 NA 7 67 1 8 9 29 0 0 0 0 1 8 9 29 0 0 0 0 3 163 13 695 4931 19 16 34
16 73 109 86 23 46 40 1075 66 5 68 153 19 17.5 NA 17.5 NA 6 66 1 7 9 29 0 0 0 0 1 7 9 29 0 0 0 0 1 150 15 747 4932 17 16 35
17 65 110 87 23 49 41 1114 59 6 73 164 20 18 NA 18 NA 10 59 0 10 10 29 0 0 0 0 0 10 10 29 0 0 0 0 0 171 18 801 4927 22 16 35
18 71 109 87 22 49 39 1115 82 11 75 165 20 17 NA 17 NA 10 82 1 10 9 29 0 0 0 0 1 10 9 29 0 0 0 0 2 163 19 865 4925 26 15 34
19 75 109 87 22 49 41 1112 71 2 77 169 21 17 NA 17 NA 6 71 1 9 10 29 0 0 0 0 1 9 10 29 0 0 0 0 1 142 21 920 4923 28 15 34
20 81 109 87 22 51 44 1109 70 4 80 175 22 17 NA 17 NA 7 70 1 11 9 30 0 0 0 0 1 11 9 30 0 0 0 0 1 144 22 977 4920 31 14 35
21 74 108 85 23 55 45 1095 84 9 81 156 22.5 17 NA 17 NA 11 84 1 15 10 29 0 0 0 0 1 15 10 29 0 0 0 0 3 123 24 1011 4919 32 15 34
22 85 108 85 23 53 40 1108 61 7 78 157 20.5 17 NA 17 NA 3 61 1 12 12 28 0 0 0 0 1 12 12 28 0 0 0 0 4 151 25 1072 4922 27 18 33
23 72 109 86 23 54 38 1097 59 5 81 161 21 17 NA 17 NA 6 59 1 11 13 29 0 0 0 0 1 11 13 29 0 0 0 0 1 133 28 1135 4919 28 17 36
24 73 108 86 22 55 42 1114 63 5 83 161 22 17 NA 17 NA 12 63 0 14 12 29 0 0 0 0 0 14 12 29 0 0 0 0 0 146 32 1188 4917 32 16 35
25 94 107 85 22 53 41 1131 65 7 81 158 20 17 NA 17 NA 7 65 0 15 12 26 0 0 0 0 0 15 12 26 0 0 0 0 0 153 34 1233 4919 33 16 32
26 91 106 85 21 52 39 1155 53 7 81 160 21 17 NA 17 NA 6 53 0 14 12 26 0 0 0 0 0 14 12 26 0 0 0 0 0 160 36 1292 4919 32 17 32
27 76 106 85 21 52 33 1156 66 12 83 165 21 17 NA 17 NA 7 66 0 15 10 27 0 0 0 0 0 15 10 27 0 0 0 0 1 148 37 1353 4917 36 14 33
28 82 109 86 23 53 34 1131 82 5 84 165 22 17 NA 17 NA 8 82 0 16 9 28 0 0 0 0 0 16 9 28 0 0 0 0 2 135 38 1409 4916 38 13 33
29 92 109 88 21 51 38 1092 72 6 79 166 21 17 NA 17 NA 12 72 0 14 10 27 0 0 0 0 0 14 10 27 0 0 0 0 2 136 39 1480 4921 32 15 32
30 92 106 85 21 52 39 1076 79 7 79 159 22 17 NA 17 NA 8 79 0 14 13 25 0 0 0 0 0 14 13 25 0 0 0 0 0 155 41 1548 4921 29 20 30
31 69 108 87 21 52 44 1081 68 6 80 157 23 17 NA 17 NA 13 68 0 13 14 25 0 0 0 0 0 13 14 25 0 0 0 0 1 145 44 1607 4920 28 22 30
32 75 110 89 21 55 45 1096 53 10 79 161 23 17 NA 17 NA 8 53 1 13 16 25 0 0 0 0 1 13 16 25 0 0 0 0 2 149 46 1668 4921 25 25 29
33 88 108 86 22 54 48 1094 66 10 80 162 24 17 NA 17 NA 12 66 1 10 17 26 0 0 0 0 1 10 17 26 0 0 0 0 2 147 46 1728 4920 24 26 30
34 92 105 83 22 53 44 1109 53 8 77 159 25 17 NA 17 NA 5 53 2 9 15 27 0 0 0 0 2 9 15 27 0 0 0 0 1 143 48 1786 4923 24 21 32
35 77 108 86 22 54 45 1114 66 8 78 157 24 16.5 NA 16.5 NA 8 66 1 10 15 28 0 0 0 0 1 10 15 28 0 0 0 0 3 135 48 1838 4922 23 22 33
36 74 106 85 21 53 50 1113 64 2 75 155 24 16 NA 16 NA 9 64 1 8 17 27 0 0 0 0 1 8 17 27 0 0 0 0 0 140 49 1899 4925 19 26 30
37 71 108 87 21 55 47 1100 62 7 77 150 25 16 NA 16 NA 8 62 2 6 20 27 0 0 0 0 2 6 20 27 0 0 0 0 2 141 53 1970 4923 19 28 30
38 70 111 90 21 59 45 1079 64 10 78 149 26 16 NA 16 NA 9 64 3 8 21 27 0 0 0 0 3 8 21 27 0 0 0 0 0 136 55 2045 4922 19 28 31
39 77 113 92 21 61 42 1087 63 10 76 154 24 16 NA 16 NA 8 63 3 8 25 25 0 0 0 0 3 8 25 25 0 0 0 0 4 145 56 2100 4924 17 30 29
40 76 115 94 21 63 39 1088 56 9 81 157 25 17 NA 17 NA 8 56 2 9 26 26 0 0 0 0 2 9 26 26 0 0 0 0 2 129 58 2155 4919 21 30 30
41 57 112 91 21 62 34 1109 58 8 84 155 26 16.5 NA 16.5 NA 7 58 2 9 23 28 0 0 0 0 2 9 23 28 0 0 0 0 0 143 62 2206 4916 25 27 32
42 79 115 92 23 60 34 1095 60 9 82 168 24 16.5 NA 16.5 NA 10 60 2 9 20 29 0 0 0 0 2 9 20 29 0 0 0 0 3 128 64 2272 4918 24 24 34
43 68 116 93 23 59 26 1086 54 8 82 177 23.5 16 NA 16 NA 2 54 2 9 18 30 0 0 0 0 2 9 18 30 0 0 0 0 2 125 66 2338 4918 24 23 35
44 66 118 95 23 58 32 1073 67 5 81 182 23 16 NA 16 NA 11 67 2 9 15 32 0 0 0 0 2 9 15 32 0 0 0 0 1 143 68 2410 4919 24 20 37
45 64 119 95 24 58 30 1098 56 7 81 191 23 16 NA 16 NA 6 56 2 9 13 34 0 0 0 0 2 9 13 34 0 0 0 0 3 160 69 2476 4919 23 19 39
46 73 116 94 22 56 34 1109 74 4 80 198 23 16 NA 16 NA 9 74 1 9 12 34 0 0 0 0 1 9 12 34 0 0 0 0 0 160 71 2537 4920 23 19 38
47 72 114 94 20 54 36 1104 75 8 81 199 21.5 16 NA 16 NA 10 75 1 8 12 33 0 0 0 0 1 8 12 33 0 0 0 0 2 144 72 2596 4919 26 18 37
48 72 112 93 19 51 39 1099 83 9 79 185 21 16 NA 16 NA 13 83 1 8 8 34 0 0 0 0 1 8 8 34 0 0 0 0 0 151 73 2656 4921 27 14 38
49 77 110 91 19 52 41 1111 81 6 78 182 21.5 16 NA 16 NA 8 81 1 9 7 35 0 0 0 0 1 9 7 35 0 0 0 0 0 171 73 2713 4922 26 14 38
50 62 115 96 19 54 39 1112 83 7 81 180 22 16 NA 16 NA 7 83 1 10 8 35 0 0 0 0 1 10 8 35 0 0 0 0 2 160 76 2771 4919 28 15 38
51 77 113 93 20 54 42 1115 61 5 85 182 23 15.5 NA 15.5 NA 9 61 1 9 7 37 0 0 0 0 1 9 7 37 0 0 0 0 0 151 78 2834 4915 31 13 41
52 85 113 94 19 53 41 1128 70 8 84 185 23 15 NA 15 NA 8 70 1 9 8 35 0 0 0 0 1 9 8 35 0 0 0 0 0 156 80 2888 4916 28 16 40
53 66 115 96 19 58 37 1095 70 13 84 170 24 15 NA 15 NA 7 70 2 8 13 35 0 0 0 0 2 8 13 35 0 0 0 0 1 118 80 2956 4916 23 21 40
54 72 112 94 18 55 43 1110 78 3 86 169 25 15 NA 15 NA 13 78 2 8 13 32 0 0 0 0 2 8 13 32 0 0 0 0 1 153 82 3000 4914 28 20 38
55 69 111 93 18 55 37 1112 69 14 84 162 26 15 NA 15 NA 8 69 3 9 13 30 0 0 0 0 3 9 13 30 0 0 0 0 1 128 83 3041 4916 28 19 37
56 69 109 91 18 51 37 1105 76 7 85 165 23 15 NA 15 NA 6 76 2 10 13 26 0 0 0 0 2 10 13 26 0 0 0 0 1 142 83 3097 4915 31 21 33
57 96 107 90 17 50 36 1080 73 7 84 158 24 15 NA 15 NA 6 73 1 10 14 25 0 0 0 0 1 10 14 25 0 0 0 0 2 138 84 3167 4916 30 22 32
58 88 107 90 17 51 46 1085 67 3 83 159 25 15 NA 15 NA 11 67 1 10 13 27 0 0 0 0 1 10 13 27 0 0 0 0 1 153 84 3229 4917 27 22 34
59 68 106 89 17 52 42 1099 53 9 83 168 25.5 15.5 NA 15.5 NA 8 53 2 8 14 28 0 0 0 0 2 8 14 28 0 0 0 0 0 144 88 3285 4917 24 24 35
60 76 106 89 17 52 47 1071 77 7 82 159 26 16 NA 16 NA 12 77 2 9 14 27 0 0 0 0 2 9 14 27 0 0 0 0 2 135 89 3351 4918 24 24 34
61 81 104 87 17 52 41 1076 62 12 81 163 26.5 15.5 NA 15.5 NA 10 62 3 9 14 26 0 0 0 0 3 9 14 26 0 0 0 0 0 152 93 3419 4919 24 23 34
62 76 106 87 19 54 40 1107 59 8 83 164 27 16 NA 16 NA 7 59 1 11 16 26 0 0 0 0 1 11 16 26 0 0 0 0 2 161 95 3474 4917 26 24 33
63 70 105 86 19 53 41 1096 68 9 82 161 26 15 NA 15 NA 13 68 1 9 17 26 0 0 0 0 1 9 17 26 0 0 0 0 0 143 97 3544 4918 22 27 33
64 68 107 89 18 56 44 1104 67 8 81 165 26 16 NA 16 NA 11 67 1 11 16 28 0 0 0 0 1 11 16 28 0 0 0 0 4 152 99 3604 4919 21 24 36
65 100 105 89 16 56 41 1096 80 13 78 157 26 16.5 NA 16.5 NA 10 80 1 12 13 30 0 0 0 0 1 12 13 30 0 0 0 0 5 139 100 3649 4922 20 19 39
66 83 109 93 16 55 46 1083 61 5 78 171 27 17 NA 17 NA 10 61 1 10 14 30 0 0 0 0 1 10 14 30 0 0 0 0 5 147 101 3723 4922 16 23 39
67 65 109 91 18 52 46 1081 64 7 77 178 27 17 NA 17 NA 8 64 1 9 14 28 0 0 0 0 1 9 14 28 0 0 0 0 2 131 102 3778 4923 17 23 37
68 70 109 90 19 54 41 1084 71 9 78 178 26 16.5 NA 16.5 NA 6 71 2 8 16 28 0 0 0 0 2 8 16 28 0 0 0 0 1 137 104 3823 4922 16 25 37
69 81 108 87 21 53 40 1107 56 5 76 185 26 16 NA 16 NA 4 56 3 8 15 27 0 0 0 0 3 8 15 27 0 0 0 0 1 155 105 3879 4924 17 22 37
70 58 111 89 22 51 49 1102 76 4 75 185 26 17 NA 17 NA 14 76 3 8 14 26 0 0 0 0 3 8 14 26 0 0 0 0 5 151 106 3948 4925 18 21 36
71 81 110 88 22 52 48 1120 68 8 73 189 26.5 17 NA 17 NA 9 68 3 6 15 28 0 0 0 0 3 6 15 28 0 0 0 0 2 157 108 4002 4927 15 19 39
72 64 112 90 22 52 50 1150 75 6 75 192 25 16.5 NA 16.5 NA 10 75 4 5 16 27 0 0 0 0 4 5 16 27 0 0 0 0 1 169 108 4053 4925 17 20 38
73 75 112 91 21 50 48 1138 61 6 73 193 23 16 NA 16 NA 7 61 4 5 15 26 0 0 0 0 4 5 15 26 0 0 0 0 3 132 111 4119 4927 18 19 36
74 76 110 89 21 49 49 1116 66 9 74 181 24 16 NA 16 NA 9 66 2 5 16 26 0 0 0 0 2 5 16 26 0 0 0 0 1 147 111 4197 4926 17 21 36
75 75 110 89 21 48 45 1117 66 6 73 177 23.5 15.5 NA 15.5 NA 5 66 2 6 11 29 0 0 0 0 2 6 11 29 0 0 0 0 0 151 113 4259 4927 18 15 40
76 66 109 88 21 47 35 1128 75 8 75 171 23 16 NA 16 NA 4 75 1 7 10 29 0 0 0 0 1 7 10 29 0 0 0 0 0 160 118 4314 4925 21 14 40
77 58 110 89 21 47 31 1140 58 7 78 171 23.5 16 NA 16 NA 6 58 0 7 11 29 0 0 0 0 0 7 11 29 0 0 0 0 1 140 121 4368 4922 23 15 40
78 75 112 91 21 49 37 1105 87 5 83 144 23 16 NA 16 NA 13 87 0 8 9 32 0 0 0 0 0 8 9 32 0 0 0 0 2 134 124 4432 4917 28 12 43
79 73 113 93 20 50 35 1133 68 9 85 154 24 16 NA 16 NA 8 68 0 8 10 32 0 0 0 0 0 8 10 32 0 0 0 0 1 157 125 4478 4915 28 14 43
80 66 115 94 21 50 35 1134 65 8 84 157 23 16 NA 16 NA 10 65 0 7 10 33 0 0 0 0 0 7 10 33 0 0 0 0 4 142 128 4537 4916 27 13 44
81 81 115 94 21 50 39 1121 73 8 85 158 22 16 NA 16 NA 13 73 0 8 9 33 0 0 0 0 0 8 9 33 0 0 0 0 0 138 129 4593 4915 29 13 43
82 94 107 87 20 46 38 1121 62 9 83 158 22 15 NA 15 NA 10 62 1 8 8 29 0 0 0 0 1 8 8 29 0 0 0 0 1 141 131 4653 4917 33 13 37
83 87 105 83 22 48 38 1120 68 7 82 177 23 15 NA 15 NA 6 68 0 11 8 29 0 0 0 0 0 11 8 29 0 0 0 0 1 149 133 4712 4918 32 13 37
84 80 105 83 22 48 39 1121 57 6 84 171 23 15.5 NA 15.5 NA 9 57 0 9 10 29 0 0 0 0 0 9 10 29 0 0 0 0 1 152 135 4784 4916 32 15 37
85 87 105 81 24 50 39 1111 75 8 84 168 23 15.5 NA 15.5 NA 8 75 0 10 11 29 0 0 0 0 0 10 11 29 0 0 0 0 3 143 135 4840 4916 32 16 36
86 59 109 83 26 50 39 1106 61 9 83 171 21 17 NA 17 NA 8 61 0 8 11 31 0 0 0 0 0 8 11 31 0 0 0 0 4 123 136 4895 4917 29 16 38
87 79 109 82 27 47 34 1092 51 6 81 172 21 17 NA 17 NA 3 51 1 7 11 28 0 0 0 0 1 7 11 28 0 0 0 0 3 132 137 4972 4919 30 16 35
88 82 112 82 30 47 37 1112 62 4 81 180 22 17 NA 17 NA 7 62 1 7 11 28 0 0 0 0 1 7 11 28 0 0 0 0 0 171 138 5042 4919 30 16 35
89 69 114 84 30 47 44 1101 62 5 80 177 23 17 NA 17 NA 11 62 1 6 11 29 0 0 0 0 1 6 11 29 0 0 0 0 2 131 138 5098 4920 27 17 36
90 72 115 85 30 48 40 1108 56 8 79 187 23 17 NA 17 NA 6 56 1 5 12 30 0 0 0 0 1 5 12 30 0 0 0 0 2 143 141 5162 4921 23 20 36
91 68 115 84 31 47 30 1109 53 10 77 179 22 17 NA 17 NA 2 53 1 6 11 29 0 0 0 0 1 6 11 29 0 0 0 0 3 129 145 5219 4923 22 20 35
92 72 120 89 31 47 28 1106 62 1 80 176 22 17 NA 17 NA 2 62 0 7 10 30 0 0 0 0 0 7 10 30 0 0 0 0 2 137 148 5281 4920 25 18 37
93 81 119 89 30 48 34 1088 69 3 80 177 23 17 NA 17 NA 8 69 0 8 11 29 0 0 0 0 0 8 11 29 0 0 0 0 0 135 149 5340 4920 23 20 37
94 84 118 87 31 46 36 1082 71 4 79 176 23.5 18 NA 18 NA 9 71 0 4 15 27 0 0 0 0 0 4 15 27 0 0 0 0 2 154 153 5410 4921 20 23 36
95 83 116 85 31 45 33 1103 66 11 76 185 22.5 17 NA 17 NA 10 66 0 7 14 24 0 0 0 0 0 7 14 24 0 0 0 0 1 161 157 5467 4924 21 22 33
96 69 113 84 29 45 37 1090 65 8 75 177 23 17 NA 17 NA 12 65 0 7 14 24 0 0 0 0 0 7 14 24 0 0 0 0 1 133 159 5534 4925 20 23 32
97 73 112 84 28 46 41 1084 74 5 76 166 23.5 17 NA 17 NA 9 74 0 8 15 23 0 0 0 0 0 8 15 23 0 0 0 0 0 131 160 5586 4924 20 25 31
98 72 113 85 28 46 40 1105 62 10 81 165 24 17 NA 17 NA 9 62 0 7 14 25 0 0 0 0 0 7 14 25 0 0 0 0 2 143 161 5635 4919 24 23 34
99 70 112 84 28 47 42 1121 80 11 84 163 25.5 17 NA 17 NA 13 80 1 6 15 25 0 0 0 0 1 6 15 25 0 0 0 0 0 160 162 5685 4916 25 25 34
100 69 111 84 27 50 39 1096 75 11 84 161 25 16.5 NA 16.5 NA 9 75 2 8 16 24 0 0 0 0 2 8 16 24 0 0 0 0 0 149 164 5758 4916 27 25 32
101 63 109 82 27 48 38 1093 68 9 83 169 26 15.5 NA 15.5 NA 9 68 2 8 15 23 0 0 0 0 2 8 15 23 0 0 0 0 0 136 165 5813 4917 28 24 31
102 83 108 81 27 48 39 1077 86 7 84 167 23 15.5 NA 15.5 NA 12 86 1 9 13 25 0 0 0 0 1 9 13 25 0 0 0 0 1 159 169 5878 4916 31 20 33
103 85 106 80 26 46 42 1104 59 6 80 183 23 15.5 NA 15.5 NA 7 59 1 10 10 25 0 0 0 0 1 10 10 25 0 0 0 0 2 154 169 5927 4920 29 18 33
104 101 104 77 27 46 33 1121 50 11 80 182 22 15 NA 15 NA 4 50 0 11 12 23 0 0 0 0 0 11 12 23 0 0 0 0 2 149 169 5983 4920 30 20 30
105 72 105 77 28 46 35 1155 65 5 81 174 22 15 NA 15 NA 7 65 0 11 10 25 0 0 0 0 0 11 10 25 0 0 0 0 1 166 169 6037 4919 31 17 33
106 72 104 77 27 45 37 1169 69 4 77 175 20.5 15 NA 15 NA 8 69 1 11 8 25 0 0 0 0 1 11 8 25 0 0 0 0 2 161 171 6101 4923 30 14 33
107 91 106 77 29 44 36 1159 67 5 78 174 21 14 NA 14 NA 5 67 2 10 8 24 0 0 0 0 2 10 8 24 0 0 0 0 2 155 172 6167 4922 31 14 33
108 78 108 80 28 44 40 1132 77 6 76 185 21 14.5 NA 14.5 NA 10 77 2 9 9 24 0 0 0 0 2 9 9 24 0 0 0 0 3 135 174 6229 4924 29 14 33
109 68 109 81 28 44 35 1159 58 9 74 190 21 14 NA 14 NA 8 58 3 9 8 24 0 0 0 0 3 9 8 24 0 0 0 0 2 155 177 6279 4926 27 13 34
110 80 110 82 28 44 38 1170 70 4 75 188 21.5 14 NA 14 NA 8 70 3 8 9 24 0 0 0 0 3 8 9 24 0 0 0 0 0 156 179 6337 4925 26 15 34
111 66 108 81 27 44 35 1156 67 8 73 195 21.5 15 NA 15 NA 4 67 3 7 11 23 0 0 0 0 3 7 11 23 0 0 0 0 1 133 179 6402 4927 22 17 34
112 69 112 84 28 44 39 1166 66 3 75 205 22 15 NA 15 NA 9 66 2 8 11 23 0 0 0 0 2 8 11 23 0 0 0 0 3 156 181 6459 4925 22 19 34
113 74 112 83 29 44 40 1162 75 8 75 206 22.5 15.5 NA 15.5 NA 9 75 1 8 12 23 0 0 0 0 1 8 12 23 0 0 0 0 1 150 183 6516 4925 22 20 33
114 65 112 83 29 45 31 1182 55 9 77 213 23.5 15 NA 15 NA 3 55 2 6 14 23 0 0 0 0 2 6 14 23 0 0 0 0 0 151 186 6578 4923 21 23 33
115 66 110 82 28 44 36 1173 76 5 77 204 23 15.5 NA 15.5 NA 12 76 3 6 15 20 0 0 0 0 3 6 15 20 0 0 0 0 0 146 188 6643 4923 23 24 30
116 71 108 80 28 44 34 1159 73 6 77 204 24 15.5 NA 15.5 NA 7 73 3 5 13 23 0 0 0 0 3 5 13 23 0 0 0 0 0 136 191 6709 4923 20 25 32
117 93 106 79 27 42 33 1130 68 7 76 199 25 14.5 NA 14.5 NA 7 68 4 5 13 20 0 0 0 0 4 5 13 20 0 0 0 0 1 138 191 6786 4924 21 26 29
118 62 112 83 29 44 33 1118 72 9 80 188 24 14.5 NA 14.5 NA 10 72 3 8 12 21 0 0 0 0 3 8 12 21 0 0 0 0 5 147 193 6855 4920 23 27 30
119 68 113 84 29 48 34 1116 65 7 83 177 25 16 NA 16 NA 8 65 3 8 16 21 0 0 0 0 3 8 16 21 0 0 0 0 1 149 195 6927 4917 23 29 31
120 90 113 82 31 48 36 1137 64 9 83 179 25 15.5 NA 15.5 NA 11 64 3 10 16 19 0 0 0 0 3 10 16 19 0 0 0 0 1 159 195 6980 4917 26 27 30
121 67 115 83 32 50 32 1141 55 8 85 180 22 16 NA 16 NA 3 55 1 11 20 18 0 0 0 0 1 11 20 18 0 0 0 0 4 140 196 7044 4915 29 26 30
122 69 114 82 32 52 35 1160 68 6 87 174 23.5 16 NA 16 NA 10 68 0 13 18 21 0 0 0 0 0 13 18 21 0 0 0 0 0 170 198 7111 4913 30 24 33
123 80 111 81 30 49 31 1136 85 7 84 170 25 16 NA 16 NA 6 85 0 10 16 23 0 0 0 0 0 10 16 23 0 0 0 0 0 142 200 7172 4916 27 21 36
124 69 108 79 29 50 32 1142 72 8 84 163 25.5 16 NA 16 NA 6 72 1 10 16 23 0 0 0 0 1 10 16 23 0 0 0 0 0 154 200 7232 4916 27 20 37
125 75 111 81 30 53 27 1132 65 8 84 162 25 16 NA 16 NA 4 65 1 12 16 24 0 0 0 0 1 12 16 24 0 0 0 0 4 137 203 7293 4916 27 20 37
126 74 113 83 30 53 35 1133 68 2 83 168 24 16 NA 16 NA 11 68 1 10 15 27 0 0 0 0 1 10 15 27 0 0 0 0 2 157 204 7356 4917 25 19 39
127 70 111 82 29 52 34 1144 64 10 81 171 25 16 NA 16 NA 9 64 1 10 14 27 0 0 0 0 1 10 14 27 0 0 0 0 1 151 204 7415 4919 22 20 39
128 77 111 82 29 53 33 1122 81 7 80 160 25 17 NA 17 NA 8 81 1 8 15 29 0 0 0 0 1 8 15 29 0 0 0 0 3 136 207 7472 4920 19 20 41
129 76 114 88 26 53 29 1121 63 10 79 157 25 16 NA 16 NA 7 63 1 8 15 29 0 0 0 0 1 8 15 29 0 0 0 0 4 133 209 7525 4921 19 20 40
130 74 113 87 26 55 30 1105 76 9 81 157 26 16 NA 16 NA 9 76 1 9 15 30 0 0 0 0 1 9 15 30 0 0 0 0 1 135 209 7583 4919 21 20 40
131 78 112 87 25 51 34 1100 52 3 78 155 24.5 16 NA 16 NA 8 52 1 9 12 29 0 0 0 0 1 9 12 29 0 0 0 0 3 133 211 7649 4922 20 19 39
132 73 113 88 25 54 35 1101 75 8 80 154 24 16 NA 16 NA 8 75 1 10 14 29 0 0 0 0 1 10 14 29 0 0 0 0 3 162 213 7717 4920 21 20 39
133 75 116 89 27 55 29 1120 50 9 85 157 25 16 NA 16 NA 6 50 0 8 17 30 0 0 0 0 0 8 17 30 0 0 0 0 1 152 217 7787 4915 22 23 40
134 76 118 88 30 54 28 1125 66 8 83 168 25 15.5 NA 15.5 NA 8 66 0 7 18 29 0 0 0 0 0 7 18 29 0 0 0 0 3 169 217 7869 4917 20 23 40
135 80 117 86 31 54 23 1126 56 8 82 166 26 16 NA 16 NA 3 56 0 7 17 30 0 0 0 0 0 7 17 30 0 0 0 0 1 140 218 7922 4918 20 23 39
136 84 117 86 31 53 29 1111 79 4 80 170 26 16 NA 16 NA 9 79 1 6 15 31 0 0 0 0 1 6 15 31 0 0 0 0 1 150 218 7986 4920 18 22 40
137 79 119 87 32 53 37 1097 75 4 83 171 27 16 NA 16 NA 14 75 0 6 15 32 0 0 0 0 0 6 15 32 0 0 0 0 3 140 220 8041 4917 20 22 41
138 71 115 83 32 52 35 1105 66 11 81 177 23 16 NA 16 NA 9 66 1 7 15 29 0 0 0 0 1 7 15 29 0 0 0 0 1 153 220 8098 4919 24 21 36
139 77 113 81 32 51 33 1080 87 8 78 164 21 16 NA 16 NA 7 87 3 6 14 28 0 0 0 0 3 6 14 28 0 0 0 0 1 146 221 8162 4922 23 19 36
140 71 115 84 31 51 37 1090 72 7 80 159 22 16 NA 16 NA 10 72 3 7 12 29 0 0 0 0 3 7 12 29 0 0 0 0 1 148 221 8216 4920 26 16 38
141 84 118 87 31 52 32 1110 62 14 84 166 21 16 NA 16 NA 10 62 2 11 12 27 0 0 0 0 2 11 12 27 0 0 0 0 4 162 222 8275 4916 32 16 36
142 64 119 88 31 52 34 1130 73 5 83 165 21 16.5 NA 16.5 NA 7 73 3 10 14 25 0 0 0 0 3 10 14 25 0 0 0 0 1 152 223 8315 4917 30 19 34
143 79 120 90 30 52 33 1130 83 5 85 170 22 17 NA 17 NA 8 83 2 10 14 26 0 0 0 0 2 10 14 26 0 0 0 0 4 155 226 8367 4915 31 19 35
144 70 119 89 30 51 38 1119 76 8 84 164 21 17 NA 17 NA 12 76 2 8 14 27 0 0 0 0 2 8 14 27 0 0 0 0 0 148 226 8435 4916 30 18 36
145 87 119 89 30 51 32 1105 71 13 84 174 20 16 NA 16 NA 9 71 2 7 13 29 0 0 0 0 2 7 13 29 0 0 0 0 1 136 228 8491 4916 28 18 38
146 66 121 90 31 52 40 1081 68 4 88 162 20 16 NA 16 NA 12 68 1 9 11 31 0 0 0 0 1 9 11 31 0 0 0 0 2 130 229 8557 4912 32 16 40
147 83 123 92 31 54 32 1085 75 12 89 167 21 16.5 NA 16.5 NA 4 75 0 11 12 31 0 0 0 0 0 11 12 31 0 0 0 0 2 145 229 8602 4911 32 16 41
148 77 126 95 31 57 38 1105 76 6 90 172 22 16 NA 16 NA 11 76 0 13 12 32 0 0 0 0 0 13 12 32 0 0 0 0 2 155 230 8648 4910 33 15 42
149 73 121 90 31 54 42 1106 64 7 85 177 21 16.5 NA 16.5 NA 10 64 1 12 13 28 0 0 0 0 1 12 13 28 0 0 0 0 1 138 231 8705 4915 31 17 37
150 83 116 85 31 53 37 1098 74 9 81 174 22 16 NA 16 NA 5 74 1 13 12 27 0 0 0 0 1 13 12 27 0 0 0 0 1 154 231 8773 4919 26 20 35
151 88 113 84 29 50 34 1068 71 7 80 165 22 15 NA 15 NA 6 71 1 13 11 25 0 0 0 0 1 13 11 25 0 0 0 0 0 125 232 8830 4920 27 20 33
152 75 112 83 29 49 39 1071 58 2 80 174 23 15 NA 15 NA 8 58 1 11 13 24 0 0 0 0 1 11 13 24 0 0 0 0 0 137 233 8890 4920 26 23 31
153 72 112 83 29 48 37 1080 79 8 82 172 24 16 NA 16 NA 7 79 2 7 17 22 0 0 0 0 2 7 17 22 0 0 0 0 3 158 234 8943 4918 25 28 29
154 90 108 80 28 51 35 1062 70 11 81 177 22.5 15 NA 15 NA 9 70 3 10 17 21 0 0 0 0 3 10 17 21 0 0 0 0 1 137 236 9003 4919 28 26 27
155 75 107 79 28 54 34 1078 51 9 83 176 23 15 NA 15 NA 7 51 3 13 17 21 0 0 0 0 3 13 17 21 0 0 0 0 0 143 236 9059 4917 30 26 27
156 83 109 81 28 56 38 1087 65 5 85 175 24 15 NA 15 NA 6 65 2 14 16 24 0 0 0 0 2 14 16 24 0 0 0 0 0 163 236 9126 4915 30 25 30
157 70 112 81 31 55 35 1111 62 7 86 181 24 15 NA 15 NA 8 62 1 13 15 26 0 0 0 0 1 13 15 26 0 0 0 0 2 155 239 9176 4914 29 24 33
158 78 112 82 30 58 37 1122 80 8 86 183 24 16 NA 16 NA 11 80 1 15 17 25 0 0 0 0 1 15 17 25 0 0 0 0 2 168 243 9236 4914 27 28 31
159 80 112 83 29 56 40 1122 60 6 87 186 25 15 NA 15 NA 7 60 1 14 16 25 0 0 0 0 1 14 16 25 0 0 0 0 1 143 243 9296 4913 29 27 31
160 88 116 87 29 58 38 1114 64 8 90 190 24 14.5 NA 14.5 NA 5 64 2 14 18 24 0 0 0 0 2 14 18 24 0 0 0 0 2 142 244 9359 4910 31 29 30
161 72 116 87 29 58 38 1129 63 7 90 190 23.5 14 NA 14 NA 9 63 2 14 18 24 0 0 0 0 2 14 18 24 0 0 0 0 1 151 247 9419 4910 32 27 31
162 74 117 87 30 59 41 1109 86 8 91 183 24 14 NA 14 NA 13 86 2 15 17 25 0 0 0 0 2 15 17 25 0 0 0 0 1 143 249 9475 4909 32 24 35
163 72 117 88 29 59 39 1137 63 6 89 188 25 14 NA 14 NA 5 63 3 13 18 25 0 0 0 0 3 13 18 25 0 0 0 0 2 148 249 9517 4911 28 26 35
164 80 115 85 30 60 38 1126 66 8 88 175 25 14 NA 14 NA 8 66 3 13 16 28 0 0 0 0 3 13 16 28 0 0 0 0 1 143 249 9574 4912 27 25 36
165 84 112 83 29 60 35 1132 59 8 87 175 26 15 NA 15 NA 6 59 2 12 14 32 0 0 0 0 2 12 14 32 0 0 0 0 0 147 250 9636 4913 23 23 41
166 56 113 84 29 63 41 1129 79 5 87 171 26 15 NA 15 NA 12 79 3 12 15 33 0 0 0 0 3 12 15 33 0 0 0 0 1 147 252 9696 4913 23 24 40
167 96 109 80 29 63 33 1143 64 13 83 169 26 17 NA 17 NA 9 64 2 12 18 31 0 0 0 0 2 12 18 31 0 0 0 0 1 155 255 9753 4917 22 23 38
168 69 108 80 28 64 35 1124 77 6 83 162 27 17 NA 17 NA 8 77 2 12 19 31 0 0 0 0 2 12 19 31 0 0 0 0 1 137 257 9815 4917 22 22 39
169 72 109 81 28 64 32 1120 80 9 85 159 28 17 NA 17 NA 7 80 0 12 19 33 0 0 0 0 0 12 19 33 0 0 0 0 2 165 257 9884 4915 22 23 40
170 81 108 80 28 63 42 1095 65 6 85 156 29 17 NA 17 NA 15 65 0 10 16 37 0 0 0 0 0 10 16 37 0 0 0 0 1 143 257 9964 4915 22 20 43
171 78 109 81 28 66 36 1108 66 14 86 157 29 17 NA 17 NA 6 66 0 11 18 37 0 0 0 0 0 11 18 37 0 0 0 0 1 155 258 10024 4914 21 22 43
172 74 110 82 28 67 35 1129 66 7 89 166 28 17 NA 17 NA 6 66 0 10 19 38 0 0 0 0 0 10 19 38 0 0 0 0 2 153 259 10075 4911 23 23 43
173 72 108 81 27 66 35 1124 59 7 89 161 28.5 17 NA 17 NA 7 59 0 10 19 37 0 0 0 0 0 10 19 37 0 0 0 0 2 139 261 10141 4911 23 24 42
174 84 107 80 27 65 38 1126 66 2 88 165 29 17 NA 17 NA 8 66 0 10 18 37 0 0 0 0 0 10 18 37 0 0 0 0 1 151 263 10206 4912 24 22 42
175 75 108 80 28 64 33 1129 48 5 88 153 28.5 17 NA 17 NA 4 48 0 10 17 37 0 0 0 0 0 10 17 37 0 0 0 0 2 140 266 10277 4912 26 21 41
176 74 111 81 30 65 36 1139 55 8 87 160 29 17 NA 17 NA 11 55 0 12 15 38 0 0 0 0 0 12 15 38 0 0 0 0 3 145 267 10343 4913 25 20 42
177 72 107 78 29 63 36 1120 68 7 83 153 30 17 NA 17 NA 10 68 0 10 14 39 0 0 0 0 0 10 14 39 0 0 0 0 1 130 268 10406 4917 22 18 43
178 92 108 79 29 63 33 1107 62 7 83 153 30 17 NA 17 NA 4 62 0 11 13 39 0 0 0 0 0 11 13 39 0 0 0 0 0 117 269 10450 4917 22 18 43
179 96 106 79 27 61 28 1114 65 6 79 162 30.5 17 NA 17 NA 5 65 0 9 14 38 0 0 0 0 0 9 14 38 0 0 0 0 2 152 272 10504 4921 21 17 41
180 105 107 78 29 60 25 1103 66 6 79 152 27 17 NA 17 NA 5 66 0 7 13 40 0 0 0 0 0 7 13 40 0 0 0 0 0 134 272 10557 4921 20 16 43
181 73 103 76 27 56 28 1097 61 4 77 146 27 17.5 NA 17.5 NA 7 61 0 5 14 37 0 0 0 0 0 5 14 37 0 0 0 0 0 140 273 10623 4923 20 16 41
182 66 98 73 25 50 31 1097 62 6 73 147 25 17 NA 17 NA 9 62 0 4 14 32 0 0 0 0 0 4 14 32 0 0 0 0 1 148 273 10691 4927 19 17 37
183 85 101 76 25 52 27 1099 51 8 75 147 26 17 NA 17 NA 5 51 0 5 13 34 0 0 0 0 0 5 13 34 0 0 0 0 2 149 275 10766 4925 19 17 39
184 77 104 79 25 55 25 1103 63 9 78 155 26 17 NA 17 NA 4 63 0 5 14 36 0 0 0 0 0 5 14 36 0 0 0 0 1 148 275 10826 4922 18 18 42
185 73 102 76 26 54 28 1122 59 5 77 162 27 16.5 NA 16.5 NA 11 59 0 4 15 35 0 0 0 0 0 4 15 35 0 0 0 0 1 162 277 10889 4923 18 18 41
186 79 102 76 26 53 30 1102 72 4 74 163 26.5 16 NA 16 NA 7 72 0 5 15 33 0 0 0 0 0 5 15 33 0 0 0 0 1 145 278 10961 4926 16 19 39
187 65 102 78 24 54 31 1093 76 6 76 163 27 15.5 NA 15.5 NA 7 76 0 6 16 32 0 0 0 0 0 6 16 32 0 0 0 0 2 150 278 11020 4924 17 21 38
188 80 101 78 23 56 30 1077 71 10 77 163 28 16 NA 16 NA 5 71 0 9 16 31 0 0 0 0 0 9 16 31 0 0 0 0 1 145 278 11096 4923 21 21 35
189 72 100 78 22 55 33 1069 69 4 75 162 27.5 16 NA 16 NA 7 69 0 10 15 30 0 0 0 0 0 10 15 30 0 0 0 0 3 127 280 11148 4925 22 19 34
190 83 103 81 22 54 29 1088 59 8 75 168 24 15.5 NA 15.5 NA 3 59 0 11 13 30 0 0 0 0 0 11 13 30 0 0 0 0 4 151 280 11197 4925 23 18 34
191 78 106 84 22 55 35 1077 67 3 74 157 22.5 15 NA 15 NA 9 67 0 12 13 30 0 0 0 0 0 12 13 30 0 0 0 0 6 136 281 11258 4926 22 18 34
192 69 106 84 22 55 36 1084 71 7 74 151 23 15 NA 15 NA 8 71 1 12 12 30 0 0 0 0 1 12 12 30 0 0 0 0 0 156 281 11316 4926 22 18 34
193 83 106 84 22 57 35 1064 80 10 74 145 23.5 14 NA 14 NA 12 80 3 12 9 33 0 0 0 0 3 12 9 33 0 0 0 0 1 133 282 11371 4926 21 16 37
194 76 108 88 20 56 37 1103 59 4 73 151 23.5 14.5 NA 14.5 NA 6 59 3 10 11 32 0 0 0 0 3 10 11 32 0 0 0 0 2 167 282 11427 4927 19 17 37
195 73 109 89 20 57 37 1129 66 8 74 160 24 15 NA 15 NA 9 66 2 9 13 33 0 0 0 0 2 9 13 33 0 0 0 0 1 169 284 11489 4926 19 18 37
196 83 111 89 22 58 35 1120 71 5 78 163 24 14.5 NA 14.5 NA 6 71 2 8 12 36 0 0 0 0 2 8 12 36 0 0 0 0 0 138 287 11545 4922 21 16 41
197 64 112 92 20 54 37 1129 70 5 75 173 22.5 14.5 NA 14.5 NA 7 70 2 6 9 37 0 0 0 0 2 6 9 37 0 0 0 0 4 156 287 11609 4925 19 14 42
198 86 108 88 20 52 33 1122 74 5 74 160 22 14 NA 14 NA 8 74 1 8 9 34 0 0 0 0 1 8 9 34 0 0 0 0 0 136 291 11655 4926 21 14 39
199 79 107 87 20 54 35 1112 58 8 77 153 23 14 NA 14 NA 9 58 1 10 8 35 0 0 0 0 1 10 8 35 0 0 0 0 0 137 292 11725 4923 24 13 40
200 82 109 85 24 54 33 1110 67 5 76 145 24 14.5 NA 14.5 NA 5 67 1 10 9 34 0 0 0 0 1 10 9 34 0 0 0 0 1 136 293 11779 4924 21 16 39
201 87 104 80 24 51 35 1125 77 6 73 135 23 15 NA 15 NA 9 77 1 9 10 31 0 0 0 0 1 9 10 31 0 0 0 0 1 171 294 11836 4927 22 16 35
202 77 100 76 24 49 36 1108 64 8 71 139 20.5 15 NA 15 NA 8 64 0 10 11 28 0 0 0 0 0 10 11 28 0 0 0 0 1 135 295 11903 4929 24 16 31
203 73 97 74 23 49 36 1114 66 6 72 136 22 15 NA 15 NA 5 66 1 9 11 28 0 0 0 0 1 9 11 28 0 0 0 0 0 148 295 11959 4928 25 15 32
204 71 100 78 22 46 40 1091 76 6 71 137 20 15 NA 15 NA 11 76 1 8 12 25 0 0 0 0 1 8 12 25 0 0 0 0 5 140 295 12031 4929 26 15 30
205 78 102 80 22 47 41 1089 75 5 70 138 21 14 NA 14 NA 6 75 2 9 11 25 0 0 0 0 2 9 11 25 0 0 0 0 2 144 295 12085 4930 25 14 31
206 67 101 80 21 47 45 1071 66 5 70 135 20 14 NA 14 NA 10 66 1 12 9 25 0 0 0 0 1 12 9 25 0 0 0 0 0 122 298 12148 4930 27 12 31
207 76 102 81 21 47 41 1083 68 10 70 146 20.5 15 NA 15 NA 9 68 0 12 11 24 0 0 0 0 0 12 11 24 0 0 0 0 1 165 302 12210 4930 27 14 29
208 88 100 80 20 45 34 1091 68 11 69 150 21 14 NA 14 NA 7 68 0 10 12 23 0 0 0 0 0 10 12 23 0 0 0 0 1 153 304 12263 4931 25 16 28
209 68 99 80 19 44 31 1079 68 5 72 146 22 13.5 NA 13.5 NA 5 68 0 9 12 23 0 0 0 0 0 9 12 23 0 0 0 0 0 143 306 12334 4928 28 15 29
210 78 98 80 18 45 32 1103 57 4 71 160 22 14 NA 14 NA 7 57 0 9 14 22 0 0 0 0 0 9 14 22 0 0 0 0 0 161 308 12395 4929 25 18 28
211 84 96 80 16 42 35 1089 72 4 67 162 21 14.5 NA 14.5 NA 7 72 0 8 16 18 0 0 0 0 0 8 16 18 0 0 0 0 2 139 309 12458 4933 22 21 24
212 79 95 79 16 42 35 1089 74 7 68 170 22 15 NA 15 NA 7 74 0 9 15 18 0 0 0 0 0 9 15 18 0 0 0 0 1 144 310 12506 4932 24 19 25
213 67 97 81 16 44 36 1095 61 9 70 170 22 15 NA 15 NA 11 61 1 9 16 18 0 0 0 0 1 9 16 18 0 0 0 0 1 149 311 12574 4930 25 20 25
214 62 98 81 17 45 42 1107 72 7 74 176 23 15 NA 15 NA 13 72 1 8 16 20 0 0 0 0 1 8 16 20 0 0 0 0 0 152 312 12627 4926 26 21 27
215 78 94 77 17 42 31 1107 65 13 68 173 23 14.5 NA 14.5 NA 5 65 2 7 15 18 0 0 0 0 2 7 15 18 0 0 0 0 1 143 314 12687 4932 22 22 24
216 78 96 77 19 41 33 1123 52 6 71 168 22 14 NA 14 NA 7 52 2 7 13 19 0 0 0 0 2 7 13 19 0 0 0 0 3 143 315 12741 4929 25 21 25
217 63 98 79 19 44 34 1106 70 5 74 168 22.5 14.5 NA 14.5 NA 8 70 2 8 15 19 0 0 0 0 2 8 15 19 0 0 0 0 1 133 317 12800 4926 27 21 26
218 70 101 84 17 46 32 1135 55 7 74 167 21 15 NA 15 NA 7 55 2 8 17 19 0 0 0 0 2 8 17 19 0 0 0 0 0 167 319 12858 4926 27 23 24
219 76 100 83 17 49 34 1137 77 8 77 173 22.5 15 NA 15 NA 9 77 2 10 16 21 0 0 0 0 2 10 16 21 0 0 0 0 1 162 320 12924 4923 28 23 26
220 77 99 82 17 46 34 1146 77 4 75 174 23 14.5 NA 14.5 NA 5 77 1 11 12 22 0 0 0 0 1 11 12 22 0 0 0 0 0 162 321 12983 4925 28 20 27
221 70 101 85 16 49 41 1138 70 9 74 182 21 15 NA 15 NA 15 70 1 13 13 22 0 0 0 0 1 13 13 22 0 0 0 0 2 141 322 13040 4926 24 23 27
222 74 100 84 16 47 38 1145 71 9 72 175 21 15 NA 15 NA 7 71 0 15 11 21 0 0 0 0 0 15 11 21 0 0 0 0 2 150 323 13097 4928 26 20 26
223 72 104 87 17 48 36 1133 75 10 74 167 21.5 15.5 NA 15.5 NA 8 75 0 15 11 22 0 0 0 0 0 15 11 22 0 0 0 0 3 137 323 13152 4926 28 18 28
224 68 107 90 17 49 29 1108 77 9 75 162 22 16 NA 16 NA 4 77 0 14 13 22 0 0 0 0 0 14 13 22 0 0 0 0 3 132 325 13212 4925 26 21 28
225 64 106 89 17 50 30 1143 56 4 78 178 23 16 NA 16 NA 5 56 0 12 14 24 0 0 0 0 0 12 14 24 0 0 0 0 1 160 326 13269 4922 26 22 30
226 80 108 90 18 52 27 1129 75 5 78 166 24 16 NA 16 NA 2 75 0 10 17 25 0 0 0 0 0 10 17 25 0 0 0 0 2 138 329 13323 4922 22 24 32
227 73 109 90 19 53 31 1124 65 2 80 177 25 16 NA 16 NA 8 65 0 11 17 25 0 0 0 0 0 11 17 25 0 0 0 0 1 155 331 13399 4920 24 22 34
228 79 108 89 19 52 34 1155 60 4 80 194 25 15.5 NA 15.5 NA 8 60 1 8 17 26 0 0 0 0 1 8 17 26 0 0 0 0 2 163 331 13454 4920 23 22 35
229 64 107 88 19 52 36 1151 76 10 80 183 25 14.5 NA 14.5 NA 11 76 1 8 18 25 0 0 0 0 1 8 18 25 0 0 0 0 0 148 333 13511 4920 22 24 34
230 73 105 86 19 54 28 1113 70 14 81 169 26 15 NA 15 NA 6 70 1 10 18 25 0 0 0 0 1 10 18 25 0 0 0 0 1 128 335 13583 4919 24 23 34
231 81 107 88 19 55 28 1109 67 8 81 171 26 15 NA 15 NA 8 67 1 8 20 26 0 0 0 0 1 8 20 26 0 0 0 0 3 152 335 13648 4919 22 24 35
232 86 107 88 19 55 23 1079 73 6 82 165 27 15 NA 15 NA 4 73 2 7 20 26 0 0 0 0 2 7 20 26 0 0 0 0 0 136 337 13716 4918 23 24 35
233 69 106 87 19 55 27 1103 59 5 82 174 26.5 14 NA 14 NA 8 59 2 8 18 27 0 0 0 0 2 8 18 27 0 0 0 0 0 163 337 13778 4918 25 21 36
234 66 105 86 19 52 28 1116 74 7 79 180 26 14.5 NA 14.5 NA 9 74 2 8 18 24 0 0 0 0 2 8 18 24 0 0 0 0 1 169 338 13844 4921 24 22 33
235 75 105 87 18 53 30 1098 79 7 80 186 25 15 NA 15 NA 9 79 2 7 20 24 0 0 0 0 2 7 20 24 0 0 0 0 2 126 339 13895 4920 24 24 32
236 83 104 86 18 51 32 1088 73 4 81 179 25.5 15 NA 15 NA 7 73 2 7 17 25 0 0 0 0 2 7 17 25 0 0 0 0 0 147 340 13961 4919 27 20 34
237 72 106 88 18 53 31 1073 72 8 82 173 26 15 NA 15 NA 6 72 2 8 15 28 0 0 0 0 2 8 15 28 0 0 0 0 1 130 341 14024 4918 26 19 37
238 75 107 88 19 54 29 1093 66 9 83 178 25 15 NA 15 NA 6 66 1 11 12 30 0 0 0 0 1 11 12 30 0 0 0 0 2 148 342 14074 4917 27 17 39
239 74 109 90 19 56 30 1098 70 5 81 182 24 16 NA 16 NA 5 70 1 11 16 28 0 0 0 0 1 11 16 28 0 0 0 0 3 154 343 14141 4919 25 19 37
240 91 110 93 17 56 38 1120 55 4 81 189 24 16 NA 16 NA 13 55 1 8 17 30 0 0 0 0 1 8 17 30 0 0 0 0 3 162 345 14209 4919 24 19 38
241 86 114 97 17 57 38 1102 81 7 82 174 24.5 16 NA 16 NA 7 81 1 8 17 31 0 0 0 0 1 8 17 31 0 0 0 0 1 139 346 14261 4918 23 19 40
242 92 113 96 17 58 28 1137 56 11 81 179 26 17 NA 17 NA 4 56 1 7 19 31 0 0 0 0 1 7 19 31 0 0 0 0 1 157 348 14309 4919 19 21 41
243 61 110 94 16 61 35 1133 67 7 81 179 26 18 NA 18 NA 12 67 1 8 19 33 0 0 0 0 1 8 19 33 0 0 0 0 0 143 349 14378 4919 21 19 41
244 75 108 92 16 60 37 1162 68 4 80 183 26.5 18 NA 18 NA 8 68 1 8 19 32 0 0 0 0 1 8 19 32 0 0 0 0 0 166 351 14431 4920 21 19 40
245 84 106 90 16 60 36 1148 69 8 81 173 27.5 18 NA 18 NA 7 69 2 7 20 31 0 0 0 0 2 7 20 31 0 0 0 0 0 135 351 14492 4919 21 21 39
246 61 106 90 16 60 34 1146 62 7 82 166 27.5 18 NA 18 NA 5 62 2 8 19 31 0 0 0 0 2 8 19 31 0 0 0 0 2 149 352 14568 4918 23 21 38
247 85 106 91 15 58 35 1153 74 3 82 164 26.5 18 NA 18 NA 8 74 0 8 18 32 0 0 0 0 0 8 18 32 0 0 0 0 3 156 355 14620 4918 24 20 38
248 65 109 94 15 57 35 1152 68 8 82 165 26 18 NA 18 NA 10 68 0 6 20 31 0 0 0 0 0 6 20 31 0 0 0 0 2 149 357 14680 4918 22 23 37
249 87 106 91 15 56 30 1161 66 10 79 165 27 18 NA 18 NA 4 66 0 8 16 32 0 0 0 0 0 8 16 32 0 0 0 0 1 148 357 14734 4921 21 20 38
250 61 106 91 15 57 37 1150 71 4 80 165 27.5 17 NA 17 NA 11 71 0 8 17 32 0 0 0 0 0 8 17 32 0 0 0 0 1 134 359 14799 4920 21 21 38
251 57 106 91 15 58 33 1162 57 10 82 171 27.5 16.5 NA 16.5 NA 5 57 1 9 15 33 0 0 0 0 1 9 15 33 0 0 0 0 1 144 359 14863 4918 24 19 39
252 64 107 91 16 57 34 1132 75 7 84 170 28 17 NA 17 NA 10 75 1 9 13 34 0 0 0 0 1 9 13 34 0 0 0 0 1 132 360 14942 4916 25 19 40
253 96 104 87 17 57 34 1121 68 6 83 175 27.5 18 NA 18 NA 7 68 1 9 12 35 0 0 0 0 1 9 12 35 0 0 0 0 2 137 364 14999 4917 26 18 39
254 78 100 84 16 56 34 1114 66 7 81 180 28.5 17.5 NA 17.5 NA 5 66 1 10 9 36 0 0 0 0 1 10 9 36 0 0 0 0 0 140 365 15066 4919 26 15 40
255 85 108 92 16 58 39 1120 65 4 81 183 25.5 16.5 NA 16.5 NA 10 65 2 8 11 37 0 0 0 0 2 8 11 37 0 0 0 0 3 158 366 15129 4919 23 17 41
256 70 105 88 17 56 39 1108 69 10 77 180 25 16 NA 16 NA 10 69 2 10 10 34 0 0 0 0 2 10 10 34 0 0 0 0 0 151 367 15206 4923 22 17 38
257 70 106 90 16 55 34 1109 57 8 75 176 24.5 16 NA 16 NA 7 57 2 11 9 33 0 0 0 0 2 11 9 33 0 0 0 0 1 129 370 15261 4925 21 16 38
258 79 103 87 16 52 40 1092 81 5 75 183 24 16 NA 16 NA 13 81 1 10 8 33 0 0 0 0 1 10 8 33 0 0 0 0 0 156 372 15333 4925 20 16 39
259 75 103 83 20 49 36 1106 72 9 72 178 24 16 NA 16 NA 6 72 1 9 6 33 0 0 0 0 1 9 6 33 0 0 0 0 2 158 372 15386 4928 19 15 38
260 62 106 86 20 52 34 1103 68 9 78 174 24.5 16 NA 16 NA 7 68 0 10 8 34 0 0 0 0 0 10 8 34 0 0 0 0 1 139 372 15446 4922 24 15 39
261 80 107 85 22 55 37 1119 67 7 78 171 24 16 NA 16 NA 12 67 0 11 11 33 0 0 0 0 0 11 11 33 0 0 0 0 1 166 375 15506 4922 24 15 39
262 78 110 87 23 56 39 1145 77 9 78 169 23.5 16.5 NA 16.5 NA 9 77 0 11 12 33 0 0 0 0 0 11 12 33 0 0 0 0 3 159 375 15545 4922 23 16 39
263 69 109 86 23 53 37 1147 58 6 76 186 24 17 NA 17 NA 6 58 0 9 13 31 0 0 0 0 0 9 13 31 0 0 0 0 2 143 376 15608 4924 21 18 37
264 87 111 85 26 52 37 1134 85 5 76 177 24 17.5 NA 17.5 NA 8 85 0 5 16 31 0 0 0 0 0 5 16 31 0 0 0 0 1 144 378 15660 4924 19 20 37
265 66 110 84 26 53 39 1117 65 7 78 180 25 18 NA 18 NA 8 65 0 6 16 31 0 0 0 0 0 6 16 31 0 0 0 0 0 121 379 15723 4922 19 22 37
266 73 108 84 24 51 39 1118 63 6 76 172 25.5 18 NA 18 NA 9 63 0 6 16 29 0 0 0 0 0 6 16 29 0 0 0 0 2 121 382 15770 4924 18 22 36
267 79 107 82 25 50 36 1155 47 7 80 183 26 18 NA 18 NA 5 47 0 6 16 28 0 0 0 0 0 6 16 28 0 0 0 0 1 160 384 15829 4920 24 22 34
268 90 108 83 25 53 33 1158 56 8 80 179 26.5 18 NA 18 NA 7 56 0 8 17 28 0 0 0 0 0 8 17 28 0 0 0 0 2 146 385 15893 4920 25 21 34
269 65 108 84 24 51 34 1157 69 4 80 185 23 18 NA 18 NA 7 69 0 8 16 27 0 0 0 0 0 8 16 27 0 0 0 0 0 151 387 15957 4920 27 20 33
270 76 106 82 24 51 39 1135 66 7 78 173 24 18 NA 18 NA 13 66 0 8 14 29 0 0 0 0 0 8 14 29 0 0 0 0 0 144 389 16031 4922 23 19 36
271 77 101 77 24 48 35 1130 65 12 77 167 24 16.5 NA 16.5 NA 10 65 0 10 11 27 0 0 0 0 0 10 11 27 0 0 0 0 0 136 393 16091 4923 26 17 34
272 82 102 77 25 48 38 1157 58 6 80 177 24.5 16.5 NA 16.5 NA 9 58 0 6 14 28 0 0 0 0 0 6 14 28 0 0 0 0 0 163 393 16143 4920 24 21 35
273 72 100 75 25 50 43 1113 71 8 78 172 25 16.5 NA 16.5 NA 12 71 0 7 16 27 0 0 0 0 0 7 16 27 0 0 0 0 1 131 394 16229 4922 25 20 33
274 88 99 75 24 49 41 1096 69 10 78 172 26 16 NA 16 NA 9 69 0 8 13 28 0 0 0 0 0 8 13 28 0 0 0 0 0 150 397 16299 4922 26 18 34
275 53 98 74 24 48 45 1080 79 8 78 162 26.5 16 NA 16 NA 13 79 0 7 12 29 0 0 0 0 0 7 12 29 0 0 0 0 0 149 398 16368 4922 26 17 35
276 75 98 75 23 45 44 1079 53 5 78 158 24.5 16 NA 16 NA 5 53 0 7 9 29 0 0 0 0 0 7 9 29 0 0 0 0 2 130 399 16433 4922 27 16 35
277 72 99 76 23 48 47 1086 57 9 78 157 24 16 NA 16 NA 14 57 0 9 10 29 0 0 0 0 0 9 10 29 0 0 0 0 1 131 401 16485 4922 26 16 36
278 77 103 81 22 47 44 1097 75 8 76 166 23 16 NA 16 NA 8 75 0 10 10 27 0 0 0 0 0 10 10 27 0 0 0 0 4 151 403 16536 4924 26 15 35
279 91 102 80 22 49 38 1081 63 9 76 161 24 16 NA 16 NA 2 63 0 10 12 27 0 0 0 0 0 10 12 27 0 0 0 0 1 132 406 16592 4924 24 18 34
280 72 104 81 23 50 42 1076 83 5 78 162 24.5 16 NA 16 NA 10 83 0 9 14 27 0 0 0 0 0 9 14 27 0 0 0 0 2 149 407 16650 4922 25 19 34
281 72 103 80 23 49 45 1103 69 5 79 176 24 16 NA 16 NA 9 69 0 9 14 26 0 0 0 0 0 9 14 26 0 0 0 0 0 167 408 16706 4921 26 20 33
282 72 100 77 23 49 43 1107 70 10 76 185 25.5 15 NA 15 NA 10 70 1 9 12 27 0 0 0 0 1 9 12 27 0 0 0 0 0 148 410 16762 4924 25 17 34
283 63 104 81 23 49 46 1095 73 8 77 169 24 15 NA 15 NA 13 73 0 6 15 28 0 0 0 0 0 6 15 28 0 0 0 0 3 132 412 16818 4923 22 19 36
284 63 105 82 23 50 45 1092 75 11 78 155 25 15.5 NA 15.5 NA 9 75 0 7 11 32 0 0 0 0 0 7 11 32 0 0 0 0 1 139 413 16873 4922 20 18 40
285 102 104 81 23 48 44 1112 53 6 76 158 25.5 15 NA 15 NA 5 53 0 8 11 29 0 0 0 0 0 8 11 29 0 0 0 0 1 157 414 16928 4924 20 18 38
286 67 104 80 24 48 42 1126 77 7 76 152 26 15 NA 15 NA 9 77 1 7 12 28 0 0 0 0 1 7 12 28 0 0 0 0 1 169 419 16992 4924 19 21 36
287 89 106 82 24 53 30 1120 66 14 75 157 25.5 16 NA 16 NA 3 66 2 9 14 28 0 0 0 0 2 9 14 28 0 0 0 0 1 146 421 17059 4925 18 21 36
288 68 106 82 24 53 31 1103 88 6 76 155 26 16 NA 16 NA 8 88 1 8 15 29 0 0 0 0 1 8 15 29 0 0 0 0 1 129 423 17105 4924 17 23 36
289 89 105 79 26 51 24 1135 51 9 76 156 26 16 NA 16 NA 5 51 1 8 13 29 0 0 0 0 1 8 13 29 0 0 0 0 0 161 425 17163 4924 18 22 36
290 81 104 78 26 50 27 1128 68 3 81 155 26 16 NA 16 NA 7 68 1 8 13 28 0 0 0 0 1 8 13 28 0 0 0 0 1 140 426 17221 4919 23 24 34
291 80 98 71 27 46 26 1138 57 6 77 153 27 15.5 NA 15.5 NA 8 57 1 6 12 27 0 0 0 0 1 6 12 27 0 0 0 0 1 138 429 17276 4923 21 23 33
292 74 99 72 27 46 29 1112 63 8 76 156 27 17 NA 17 NA 9 63 0 8 12 26 0 0 0 0 0 8 12 26 0 0 0 0 4 128 429 17344 4924 22 22 32
293 67 99 72 27 47 32 1115 63 6 77 157 28 18 NA 18 NA 9 63 0 6 15 26 0 0 0 0 0 6 15 26 0 0 0 0 0 146 430 17410 4923 20 24 33
294 72 98 71 27 50 29 1109 71 7 75 162 28.5 15.5 NA 15.5 NA 6 71 2 8 14 26 0 0 0 0 2 8 14 26 0 0 0 0 2 141 432 17471 4925 19 23 33
295 72 97 68 29 52 32 1146 57 5 75 171 29 17 NA 17 NA 9 57 0 10 13 29 0 0 0 0 0 10 13 29 0 0 0 0 0 158 434 17522 4925 20 20 35
296 76 97 68 29 51 30 1133 66 9 73 167 27 18 NA 18 NA 7 66 0 10 14 27 0 0 0 0 0 10 14 27 0 0 0 0 2 134 435 17584 4927 20 18 35
297 79 98 69 29 51 32 1130 65 3 75 169 28 18 NA 18 NA 7 65 0 10 14 27 0 0 0 0 0 10 14 27 0 0 0 0 2 147 437 17645 4925 22 17 36
298 81 99 71 28 52 37 1114 60 5 75 176 29 15.5 NA 15.5 NA 10 60 1 9 14 28 0 0 0 0 1 9 14 28 0 0 0 0 1 144 438 17724 4925 21 15 39
299 65 99 72 27 52 43 1115 64 8 75 174 25 17 NA 17 NA 14 64 1 10 13 28 0 0 0 0 1 10 13 28 0 0 0 0 3 141 438 17780 4925 24 14 37
300 71 95 69 26 50 45 1098 74 9 73 175 24 18 NA 18 NA 11 74 1 8 13 28 0 0 0 0 1 8 13 28 0 0 0 0 0 134 438 17840 4927 24 14 35
301 63 93 67 26 50 53 1066 72 6 71 167 25 17.5 NA 17.5 NA 13 72 2 8 11 29 0 0 0 0 2 8 11 29 0 0 0 0 1 128 438 17910 4929 23 13 35
302 80 92 66 26 48 53 1062 69 9 71 175 25.5 17.5 NA 17.5 NA 10 69 2 6 12 28 0 0 0 0 2 6 12 28 0 0 0 0 0 140 439 17961 4929 18 18 35
303 85 97 72 25 47 52 1068 73 11 71 177 25 18 NA 18 NA 12 73 2 6 10 29 0 0 0 0 2 6 10 29 0 0 0 0 2 154 441 18014 4929 18 17 36
304 74 98 72 26 45 47 1055 78 12 71 174 25.5 18 NA 18 NA 6 78 2 4 12 27 0 0 0 0 2 4 12 27 0 0 0 0 4 143 441 18073 4929 19 19 33
305 70 97 69 28 46 37 1077 55 11 68 178 26 18 NA 18 NA 4 55 2 4 11 29 0 0 0 0 2 4 11 29 0 0 0 0 1 151 444 18131 4932 16 17 35
306 66 98 72 26 46 42 1070 78 5 68 181 25.5 18 NA 18 NA 12 78 2 6 11 27 0 0 0 0 2 6 11 27 0 0 0 0 5 146 447 18189 4932 18 17 33
307 70 97 73 24 47 40 1043 66 9 69 159 26 18 NA 18 NA 8 66 1 6 12 28 0 0 0 0 1 6 12 28 0 0 0 0 2 128 449 18257 4931 18 18 33
308 71 97 74 23 47 41 1048 78 7 69 155 25 18 NA 18 NA 11 78 1 6 12 28 0 0 0 0 1 6 12 28 0 0 0 0 2 148 451 18305 4931 18 18 33
309 77 97 75 22 46 38 1089 60 8 67 168 25 18 NA 18 NA 6 60 1 4 14 27 0 0 0 0 1 4 14 27 0 0 0 0 2 170 453 18367 4933 16 19 32
310 76 98 76 22 45 35 1098 73 7 67 166 25 18 NA 18 NA 7 73 1 4 12 28 0 0 0 0 1 4 12 28 0 0 0 0 1 154 456 18420 4933 16 18 33
311 79 97 75 22 46 32 1089 69 7 67 164 25 18 NA 18 NA 3 69 0 6 12 28 0 0 0 0 0 6 12 28 0 0 0 0 1 135 456 18480 4933 16 19 32
312 70 96 75 21 44 37 1118 58 3 65 180 24.5 18 NA 18 NA 10 58 0 6 11 27 0 0 0 0 0 6 11 27 0 0 0 0 2 157 458 18534 4935 16 18 31
313 87 97 77 20 43 44 1098 80 5 63 176 23 18 NA 18 NA 13 80 0 6 11 26 0 0 0 0 0 6 11 26 0 0 0 0 4 135 460 18585 4937 15 18 30
314 72 96 76 20 44 43 1100 64 8 62 167 23.5 18 NA 18 NA 9 64 0 5 11 28 0 0 0 0 0 5 11 28 0 0 0 0 1 135 462 18638 4938 14 15 33
315 71 99 78 21 43 45 1099 81 8 64 164 23 18 NA 18 NA 13 81 1 4 10 28 0 0 0 0 1 4 10 28 0 0 0 0 4 164 465 18705 4936 17 14 33
316 70 100 79 21 43 43 1129 49 9 65 186 21.5 18 NA 18 NA 6 49 1 3 11 28 0 0 0 0 1 3 11 28 0 0 0 0 1 151 465 18760 4935 17 16 32
317 71 102 79 23 45 39 1135 64 6 65 179 21.5 18 NA 18 NA 4 64 2 4 10 29 0 0 0 0 2 4 10 29 0 0 0 0 0 137 467 18817 4935 17 15 33
318 80 103 80 23 44 33 1163 48 8 68 182 19 18 NA 18 NA 2 48 1 5 10 28 0 0 0 0 1 5 10 28 0 0 0 0 2 148 467 18871 4932 20 17 31
319 54 107 84 23 45 36 1170 73 1 70 188 18 18 NA 18 NA 7 73 1 5 9 30 0 0 0 0 1 5 9 30 0 0 0 0 3 155 471 18926 4930 21 16 33
320 62 112 89 23 46 43 1152 66 4 72 181 17 17.5 NA 17.5 NA 11 66 1 5 9 31 0 0 0 0 1 5 9 31 0 0 0 0 5 143 472 19001 4928 22 16 34
321 80 113 91 22 44 41 1154 67 8 72 171 18 17.5 NA 17.5 NA 9 67 1 5 7 31 0 0 0 0 1 5 7 31 0 0 0 0 2 143 475 19061 4928 24 14 34
322 85 112 91 21 45 40 1144 65 9 72 175 18 18 NA 18 NA 8 65 1 7 7 30 0 0 0 0 1 7 7 30 0 0 0 0 0 147 476 19130 4928 25 13 34
323 70 110 90 20 45 36 1155 53 6 71 186 19 18 NA 18 NA 5 53 1 9 5 30 0 0 0 0 1 9 5 30 0 0 0 0 1 141 478 19192 4929 25 12 34
324 75 114 94 20 45 37 1144 57 4 72 184 18 18 NA 18 NA 8 57 1 9 5 30 0 0 0 0 1 9 5 30 0 0 0 0 5 131 480 19259 4928 26 12 34
325 70 115 95 20 46 37 1106 71 6 77 172 19 18 NA 18 NA 7 71 1 10 5 30 0 0 0 0 1 10 5 30 0 0 0 0 1 116 483 19323 4923 30 12 35
326 84 113 93 20 48 36 1101 80 7 74 168 20 18 NA 18 NA 7 80 0 13 4 31 0 0 0 0 0 13 4 31 0 0 0 0 2 150 484 19375 4926 27 11 36
327 66 116 96 20 46 38 1097 69 3 77 171 19 17.5 NA 17.5 NA 6 69 0 10 7 29 0 0 0 0 0 10 7 29 0 0 0 0 4 150 486 19445 4923 29 14 34
328 78 118 97 21 48 39 1084 67 6 80 167 20 17.5 NA 17.5 NA 10 67 0 11 8 29 0 0 0 0 0 11 8 29 0 0 0 0 1 142 489 19513 4920 29 15 36
329 76 119 98 21 50 35 1102 62 10 80 175 21 17.5 NA 17.5 NA 7 62 1 12 8 29 0 0 0 0 1 12 8 29 0 0 0 0 2 157 491 19572 4920 29 15 36
330 71 119 98 21 49 39 1115 61 3 81 173 21 17 NA 17 NA 7 61 1 9 10 29 0 0 0 0 1 9 10 29 0 0 0 0 2 146 491 19632 4919 27 17 37
331 85 117 96 21 52 42 1112 52 10 83 174 22 16.5 NA 16.5 NA 12 52 1 12 10 29 0 0 0 0 1 12 10 29 0 0 0 0 1 140 492 19696 4917 29 18 36
332 69 114 95 19 52 34 1104 61 16 84 169 21.5 15 NA 15 NA 5 61 1 12 9 30 0 0 0 0 1 12 9 30 0 0 0 0 1 129 493 19761 4916 31 17 36
333 83 117 98 19 54 33 1111 59 10 87 167 22 16 NA 16 NA 9 59 0 14 10 30 0 0 0 0 0 14 10 30 0 0 0 0 2 151 496 19821 4913 31 20 36
334 72 120 101 19 56 32 1141 69 7 87 169 21 16.5 NA 16.5 NA 7 69 0 15 11 30 0 0 0 0 0 15 11 30 0 0 0 0 3 176 498 19879 4913 30 20 37
335 71 114 95 19 52 28 1136 54 9 82 175 20 16.5 NA 16.5 NA 6 54 0 13 13 26 0 0 0 0 0 13 13 26 0 0 0 0 0 126 499 19939 4918 29 19 34
336 79 115 96 19 52 25 1119 75 9 88 172 21 16.5 NA 16.5 NA 9 75 0 13 13 26 0 0 0 0 0 13 13 26 0 0 0 0 1 143 502 20002 4912 35 19 34
337 85 115 96 19 53 38 1127 60 2 89 183 22 17 NA 17 NA 14 60 0 10 17 26 0 0 0 0 0 10 17 26 0 0 0 0 0 131 503 20050 4911 33 21 35
338 76 116 96 20 51 36 1109 72 11 87 175 23 17 NA 17 NA 8 72 0 9 18 24 0 0 0 0 0 9 18 24 0 0 0 0 2 150 503 20121 4913 33 20 34
339 78 118 97 21 52 34 1120 75 11 91 182 23 15.5 NA 15.5 NA 11 75 0 10 16 26 0 0 0 0 0 10 16 26 0 0 0 0 2 172 507 20185 4909 33 22 36
340 67 119 99 20 54 33 1091 76 11 92 183 23 15.5 NA 15.5 NA 9 76 0 10 18 26 0 0 0 0 0 10 18 26 0 0 0 0 2 129 508 20247 4908 34 22 36
341 73 118 98 20 56 34 1084 79 6 92 183 23 15.5 NA 15.5 NA 8 79 0 12 20 24 0 0 0 0 0 12 20 24 0 0 0 0 1 159 508 20318 4908 35 24 33
342 79 117 97 20 57 27 1082 70 12 89 179 23 16 NA 16 NA 4 70 0 12 19 26 0 0 0 0 0 12 19 26 0 0 0 0 3 144 508 20369 4911 33 22 34
343 73 119 99 20 56 35 1109 59 2 90 179 23 16 NA 16 NA 9 59 0 9 20 27 0 0 0 0 0 9 20 27 0 0 0 0 2 155 508 20424 4910 32 23 35
344 75 118 98 20 54 40 1126 62 5 86 194 23 16.5 NA 16.5 NA 11 62 0 10 17 27 0 0 0 0 0 10 17 27 0 0 0 0 2 140 509 20471 4914 28 24 34
345 72 118 98 20 54 44 1109 76 7 89 188 24 16.5 NA 16.5 NA 11 76 0 8 18 28 0 0 0 0 0 8 18 28 0 0 0 0 0 144 509 20534 4911 27 27 35
346 74 116 96 20 53 42 1077 68 9 87 191 25 16 NA 16 NA 8 68 0 8 17 28 0 0 0 0 0 8 17 28 0 0 0 0 2 135 509 20611 4913 28 24 35
347 83 119 99 20 54 41 1087 68 8 87 180 23 16 NA 16 NA 7 68 1 9 16 28 0 0 0 0 1 9 16 28 0 0 0 0 1 143 510 20652 4913 29 23 35
348 70 118 98 20 53 43 1100 62 5 86 172 24 16 NA 16 NA 6 62 1 7 19 26 0 0 0 0 1 7 19 26 0 0 0 0 0 147 510 20703 4914 25 28 33
349 93 118 99 19 55 37 1089 63 13 83 166 23.5 16 NA 16 NA 8 63 1 10 17 27 0 0 0 0 1 10 17 27 0 0 0 0 4 119 513 20743 4917 24 26 33
350 77 119 100 19 55 35 1112 62 3 86 169 24 16 NA 16 NA 3 62 1 9 18 27 0 0 0 0 1 9 18 27 0 0 0 0 0 165 515 20808 4914 26 27 33
351 71 118 99 19 54 39 1110 66 7 88 167 24 16.5 NA 16.5 NA 11 66 1 7 17 29 0 0 0 0 1 7 17 29 0 0 0 0 0 138 516 20867 4912 24 28 36
352 95 119 101 18 53 47 1109 67 5 89 170 25 16 NA 16 NA 13 67 1 5 17 30 0 0 0 0 1 5 17 30 0 0 0 0 2 141 519 20921 4911 24 28 37
353 67 120 101 19 57 41 1123 53 12 91 172 26 16 NA 16 NA 5 53 1 7 18 31 0 0 0 0 1 7 18 31 0 0 0 0 0 149 520 20988 4909 23 29 39
354 83 119 98 21 56 41 1139 60 4 91 166 27 16 NA 16 NA 6 60 1 7 15 33 0 0 0 0 1 7 15 33 0 0 0 0 1 160 521 21054 4909 24 26 41
355 77 123 101 22 55 49 1138 62 2 94 173 27 16 NA 16 NA 11 62 1 6 14 34 0 0 0 0 1 6 14 34 0 0 0 0 4 146 523 21119 4906 26 26 42
356 77 122 100 22 54 44 1129 75 11 95 173 27 16 NA 16 NA 8 75 0 7 14 33 0 0 0 0 0 7 14 33 0 0 0 0 2 141 526 21175 4905 28 24 43
357 71 118 96 22 52 45 1151 60 6 90 186 27.5 16 NA 16 NA 8 60 0 6 13 33 0 0 0 0 0 6 13 33 0 0 0 0 2 162 528 21238 4910 24 24 42
358 77 119 95 24 52 39 1174 55 9 87 188 27 16 NA 16 NA 9 55 0 6 14 32 0 0 0 0 0 6 14 32 0 0 0 0 2 147 533 21290 4913 23 24 40
359 78 117 93 24 51 42 1180 68 4 88 190 27 16 NA 16 NA 8 68 0 7 13 31 0 0 0 0 0 7 13 31 0 0 0 0 0 149 535 21346 4912 25 24 39
360 62 116 92 24 52 37 1174 80 14 86 180 27 16 NA 16 NA 6 80 0 8 13 31 0 0 0 0 0 8 13 31 0 0 0 0 2 161 535 21416 4914 24 22 40
