1 75 97 82 15 47 34 1240 60 8 75 27 26 18 NA 18 NA 8 60 1 5 18 23 0 0 0 0 1 5 18 23 0 0 0 0 0 156 0 0 4925 19 26 30
2 82 99 84 15 48 35 1288 67 8 75 40 26 18 NA 18 NA 9 67 1 4 18 25 0 0 0 0 1 4 18 25 0 0 0 0 0 137 0 0 4925 19 25 31
3 67 102 86 16 49 41 1325 76 6 77 51 27 18 NA 18 NA 11 76 1 5 17 26 0 0 0 0 1 5 17 26 0 0 0 0 3 139 0 0 4923 19 25 33
4 64 103 87 16 49 40 1368 80 10 78 69 27 18 NA 18 NA 8 80 1 5 16 27 0 0 0 0 1 5 16 27 0 0 0 0 2 138 0 0 4922 20 24 34
5 76 104 88 16 50 44 1396 73 5 79 76 28 18 NA 18 NA 9 73 1 6 16 27 0 0 0 0 1 6 16 27 0 0 0 0 2 129 0 0 4921 22 24 33
6 76 102 85 17 50 41 1438 65 9 77 96 29 18 NA 18 NA 8 65 0 6 17 27 0 0 0 0 0 6 17 27 0 0 0 0 2 132 0 0 4923 19 24 34
7 81 102 85 17 50 43 1469 65 5 77 98 29.5 18 NA 18 NA 7 65 0 6 15 29 0 0 0 0 0 6 15 29 0 0 0 0 0 122 0 0 4923 19 23 35
8 68 103 86 17 50 43 1480 89 8 77 100 29 18 NA 18 NA 9 89 0 5 16 29 0 0 0 0 0 5 16 29 0 0 0 0 1 124 0 0 4923 18 24 35
9 86 99 83 16 46 47 1504 78 8 75 108 30 18 NA 18 NA 12 78 0 4 13 29 0 0 0 0 0 4 13 29 0 0 0 0 0 125 0 0 4925 18 22 35
10 80 101 85 16 43 51 1507 74 6 77 117 28 18 NA 18 NA 10 74 0 4 11 28 0 0 0 0 0 4 11 28 0 0 0 0 3 103 0 0 4923 22 21 34
11 86 100 85 15 43 58 1521 81 7 77 114 28.5 18 NA 18 NA 15 81 0 4 9 30 0 0 0 0 0 4 9 30 0 0 0 0 0 116 0 0 4923 20 20 37
12 75 99 83 16 47 61 1551 79 14 75 117 28 18 NA 18 NA 13 79 0 7 7 33 0 0 0 0 0 7 7 33 0 0 0 0 1 132 0 0 4925 19 17 39
13 90 98 82 16 47 53 999 57 10 73 118 26.5 18 NA 18 NA 11 57 0 9 5 33 0 0 0 0 0 9 5 33 0 0 0 0 2 135 9 614 4927 20 14 39
14 85 96 80 16 46 51 1020 67 9 73 138 27 18 NA 18 NA 9 67 0 9 4 33 0 0 0 0 0 9 4 33 0 0 0 0 1 168 12 678 4927 21 13 39
15 82 96 81 15 47 43 1044 52 11 75 149 28 18 NA 18 NA 4 52 0 9 5 33 0 0 0 0 0 9 5 33 0 0 0 0 1 140 13 730 4925 22 13 40
16 86 95 80 15 44 41 1062 74 3 74 151 28 18 NA 18 NA 4 74 0 6 6 32 0 0 0 0 0 6 6 32 0 0 0 0 1 174 16 793 4926 21 13 40
17 81 94 80 14 42 46 1059 61 4 73 152 26 18 NA 18 NA 10 61 0 7 6 29 0 0 0 0 0 7 6 29 0 0 0 0 1 139 18 856 4927 23 13 37
18 81 91 78 13 39 47 1066 66 8 68 149 24 18 NA 18 NA 9 66 0 6 7 26 0 0 0 0 0 6 7 26 0 0 0 0 2 145 18 913 4932 21 14 33
19 86 93 80 13 38 47 1057 71 9 66 151 22 18 NA 18 NA 9 71 0 6 8 24 0 0 0 0 0 6 8 24 0 0 0 0 2 148 19 979 4934 21 14 31
20 93 96 84 12 38 49 1075 57 5 66 165 22 18 NA 18 NA 8 57 1 5 7 25 0 0 0 0 1 5 7 25 0 0 0 0 2 154 21 1033 4934 21 13 32
21 87 98 85 13 40 53 1108 52 7 65 177 23 18 NA 18 NA 11 52 2 6 7 25 0 0 0 0 2 6 7 25 0 0 0 0 1 159 21 1082 4935 19 15 31
22 78 98 85 13 39 55 1112 73 1 67 174 23.5 18 NA 18 NA 7 73 0 5 10 24 0 0 0 0 0 5 10 24 0 0 0 0 0 138 25 1125 4933 18 19 30
23 76 98 85 13 36 50 1109 69 10 64 179 20.5 18 NA 18 NA 7 69 1 5 9 21 0 0 0 0 1 5 9 21 0 0 0 0 0 128 27 1172 4936 17 18 29
24 71 97 85 12 34 44 1134 66 12 61 176 20 16.5 NA 16.5 NA 9 66 1 6 7 20 0 0 0 0 1 6 7 20 0 0 0 0 2 152 32 1223 4939 18 15 28
25 72 100 87 13 35 45 1121 86 11 63 162 19.5 17 NA 17 NA 12 86 1 8 7 19 0 0 0 0 1 8 7 19 0 0 0 0 2 144 34 1280 4937 21 15 27
26 70 101 88 13 37 40 1083 92 11 62 144 18 18 NA 18 NA 9 92 1 7 11 18 0 0 0 0 1 7 11 18 0 0 0 0 1 139 39 1348 4938 20 16 26
27 81 98 85 13 37 38 1058 82 6 62 142 19 17 NA 17 NA 9 82 1 8 11 17 0 0 0 0 1 8 11 17 0 0 0 0 0 134 42 1405 4938 20 17 25
28 79 98 83 15 36 39 1071 61 6 61 152 18 16.5 NA 16.5 NA 8 61 1 8 10 17 0 0 0 0 1 8 10 17 0 0 0 0 2 155 43 1470 4939 19 17 25
29 73 100 85 15 37 39 1068 64 7 61 149 18.5 17 NA 17 NA 9 64 0 7 13 17 0 0 0 0 0 7 13 17 0 0 0 0 3 136 43 1526 4939 18 18 25
30 78 102 86 16 36 40 1047 73 10 62 150 17.5 16.5 NA 16.5 NA 13 73 0 7 12 17 0 0 0 0 0 7 12 17 0 0 0 0 3 128 44 1584 4938 19 18 25
31 77 99 84 15 37 34 1043 64 9 64 161 18 16 NA 16 NA 6 64 0 9 11 17 0 0 0 0 0 9 11 17 0 0 0 0 0 135 48 1641 4936 22 17 25
32 73 100 86 14 37 30 1066 66 8 67 155 18.5 15 NA 15 NA 5 66 0 10 10 17 0 0 0 0 0 10 10 17 0 0 0 0 1 153 49 1693 4933 25 17 25
33 78 102 89 13 38 32 1061 72 6 67 154 18 15 NA 15 NA 8 72 0 11 10 17 0 0 0 0 0 11 10 17 0 0 0 0 2 146 50 1757 4933 26 15 26
34 68 99 87 12 40 32 1066 71 6 67 166 18 15 NA 15 NA 8 71 1 10 8 21 0 0 0 0 1 10 8 21 0 0 0 0 1 158 52 1819 4933 26 12 29
35 68 97 85 12 39 32 1076 68 5 66 168 17 14 NA 14 NA 6 68 1 11 7 20 0 0 0 0 1 11 7 20 0 0 0 0 2 137 53 1866 4934 27 12 27
36 81 97 83 14 39 34 1090 76 7 67 173 17 15 NA 15 NA 8 76 1 12 8 18 0 0 0 0 1 12 8 18 0 0 0 0 2 168 53 1927 4933 29 13 25
37 69 97 81 16 38 32 1081 58 4 69 166 18 15 NA 15 NA 4 58 1 10 10 17 0 0 0 0 1 10 10 17 0 0 0 0 0 122 53 1986 4931 29 16 24
38 72 99 83 16 38 26 1084 70 9 70 162 19 15 NA 15 NA 6 70 0 10 9 19 0 0 0 0 0 10 9 19 0 0 0 0 3 144 55 2042 4930 30 14 26
39 79 101 84 17 38 28 1053 80 7 69 160 19 15 NA 15 NA 11 80 0 11 9 18 0 0 0 0 0 11 9 18 0 0 0 0 2 132 58 2103 4931 30 13 26
40 85 100 82 18 38 29 1028 74 4 71 160 20 15 NA 15 NA 8 74 0 9 10 19 0 0 0 0 0 9 10 19 0 0 0 0 0 140 59 2174 4929 30 14 27
41 63 103 85 18 40 29 1047 56 8 74 154 20 15 NA 15 NA 9 56 0 9 11 20 0 0 0 0 0 9 11 20 0 0 0 0 0 151 62 2235 4926 32 14 28
42 88 103 86 17 41 32 1067 53 6 76 162 21 15 NA 15 NA 8 53 1 9 12 19 0 0 0 0 1 9 12 19 0 0 0 0 1 149 62 2284 4924 34 14 28
43 65 102 85 17 41 33 1098 73 7 75 173 21.5 15 NA 15 NA 11 73 1 8 14 18 0 0 0 0 1 8 14 18 0 0 0 0 0 161 67 2333 4925 30 18 27
44 74 105 88 17 42 36 1088 70 9 78 164 22 15.5 NA 15.5 NA 11 70 1 6 17 18 0 0 0 0 1 6 17 18 0 0 0 0 2 138 67 2399 4922 29 22 27
45 70 109 92 17 46 38 1100 65 10 80 166 21 15.5 NA 15.5 NA 10 65 1 9 17 19 0 0 0 0 1 9 17 19 0 0 0 0 3 155 67 2456 4920 30 23 27
46 67 108 93 15 49 35 1094 69 12 80 154 22 15 NA 15 NA 8 69 3 8 16 22 0 0 0 0 3 8 16 22 0 0 0 0 1 144 68 2515 4920 29 22 29
47 87 107 92 15 51 34 1106 66 8 79 156 22 15 NA 15 NA 8 66 3 9 16 23 0 0 0 0 3 9 16 23 0 0 0 0 2 149 69 2570 4921 29 21 29
48 84 107 90 17 52 35 1107 69 5 79 163 23 15 NA 15 NA 8 69 2 11 16 23 0 0 0 0 2 11 16 23 0 0 0 0 1 158 70 2638 4921 27 23 29
49 78 107 90 17 53 32 1120 69 11 80 146 24 15 NA 15 NA 9 69 2 10 17 24 0 0 0 0 2 10 17 24 0 0 0 0 1 152 71 2684 4920 25 25 30
50 97 107 88 19 51 30 1105 92 8 79 138 24 15 NA 15 NA 6 92 2 8 17 24 0 0 0 0 2 8 17 24 0 0 0 0 2 153 71 2739 4921 25 25 29
51 69 106 88 18 52 35 1108 74 10 81 139 24.5 15.5 NA 15.5 NA 12 74 3 7 18 24 0 0 0 0 3 7 18 24 0 0 0 0 1 149 71 2794 4919 27 25 29
52 74 103 86 17 53 29 1115 71 8 78 157 25 16 NA 16 NA 3 71 3 7 19 24 0 0 0 0 3 7 19 24 0 0 0 0 1 146 72 2848 4922 23 26 29
53 57 107 89 18 54 33 1133 67 5 79 160 25 16 NA 16 NA 11 67 2 6 21 25 0 0 0 0 2 6 21 25 0 0 0 0 3 165 74 2912 4921 21 28 30
54 79 107 89 18 57 26 1118 81 11 80 149 26 17 NA 17 NA 8 81 2 9 21 25 0 0 0 0 2 9 21 25 0 0 0 0 0 144 77 2973 4920 21 29 30
55 76 107 89 18 57 27 1134 51 5 77 155 26 17 NA 17 NA 6 51 2 10 18 27 0 0 0 0 2 10 18 27 0 0 0 0 2 159 78 3045 4923 21 25 31
56 56 110 92 18 56 26 1130 75 6 79 165 25 17 NA 17 NA 8 75 0 11 15 30 0 0 0 0 0 11 15 30 0 0 0 0 2 140 80 3097 4921 23 22 34
57 95 110 94 16 56 22 1103 68 11 81 164 24 15.5 NA 15.5 NA 8 68 1 9 16 30 0 0 0 0 1 9 16 30 0 0 0 0 1 123 81 3151 4919 25 23 33
58 62 110 94 16 58 25 1108 81 7 82 170 25 16.5 NA 16.5 NA 9 81 1 9 17 31 0 0 0 0 1 9 17 31 0 0 0 0 0 155 82 3202 4918 24 24 34
59 70 111 95 16 59 23 1096 72 9 83 169 25 16 NA 16 NA 9 72 1 9 17 32 0 0 0 0 1 9 17 32 0 0 0 0 3 135 83 3259 4917 24 24 35
60 72 110 95 15 59 26 1072 84 7 84 168 26.5 16 NA 16 NA 9 84 1 10 14 34 0 0 0 0 1 10 14 34 0 0 0 0 0 147 83 3326 4916 26 20 38
61 88 109 94 15 59 27 1079 60 4 84 163 27 16 NA 16 NA 6 60 1 9 12 37 0 0 0 0 1 9 12 37 0 0 0 0 0 147 84 3382 4916 25 18 41
62 84 111 98 13 59 23 1086 61 7 85 166 25 15 NA 15 NA 3 61 0 10 12 37 0 0 0 0 0 10 12 37 0 0 0 0 2 161 86 3455 4915 25 19 41
63 86 110 97 13 59 33 1084 59 6 84 178 25.5 16 NA 16 NA 14 59 0 10 12 37 0 0 0 0 0 10 12 37 0 0 0 0 1 136 86 3517 4916 23 20 41
64 67 111 96 15 61 31 1092 65 10 83 181 26 16 NA 16 NA 8 65 2 10 12 37 0 0 0 0 2 10 12 37 0 0 0 0 1 143 86 3570 4917 23 18 42
65 85 108 94 14 59 27 1069 57 9 83 183 26 15 NA 15 NA 7 57 2 10 13 34 0 0 0 0 2 10 13 34 0 0 0 0 2 134 87 3650 4917 25 18 40
66 85 106 93 13 58 27 1093 60 3 81 188 27 15.5 NA 15.5 NA 5 60 2 9 12 35 0 0 0 0 2 9 12 35 0 0 0 0 0 161 89 3696 4919 22 18 41
67 70 108 93 15 58 27 1064 66 6 81 176 26.5 15 NA 15 NA 7 66 2 10 12 34 0 0 0 0 2 10 12 34 0 0 0 0 3 123 90 3767 4919 24 18 39
68 74 106 92 14 60 35 1073 67 5 83 175 26.5 15 NA 15 NA 8 67 0 12 14 34 0 0 0 0 0 12 14 34 0 0 0 0 1 142 90 3820 4917 25 19 39
69 78 106 92 14 59 30 1066 70 9 86 169 27 15 NA 15 NA 5 70 0 9 15 35 0 0 0 0 0 9 15 35 0 0 0 0 1 128 91 3866 4914 23 22 41
70 74 104 91 13 57 30 1082 62 4 84 171 27 15 NA 15 NA 5 62 0 9 14 34 0 0 0 0 0 9 14 34 0 0 0 0 1 152 92 3921 4916 22 22 40
71 82 105 92 13 59 38 1056 82 4 87 163 27 15 NA 15 NA 13 82 0 9 14 36 0 0 0 0 0 9 14 36 0 0 0 0 0 139 94 3978 4913 23 22 42
72 86 100 87 13 59 35 1052 62 6 83 167 29 15 NA 15 NA 7 62 0 8 15 36 0 0 0 0 0 8 15 36 0 0 0 0 0 133 97 4030 4917 21 22 40
73 81 102 88 14 58 34 1068 76 9 80 172 28 15.5 NA 15.5 NA 8 76 0 8 15 35 0 0 0 0 0 8 15 35 0 0 0 0 2 176 98 4092 4920 20 22 38
74 91 99 85 14 58 29 1058 71 10 79 168 29 16.5 NA 16.5 NA 8 71 0 8 15 35 0 0 0 0 0 8 15 35 0 0 0 0 1 150 100 4165 4921 19 22 38
75 85 99 85 14 55 30 1074 62 8 77 166 30 17 NA 17 NA 8 62 0 7 13 35 0 0 0 0 0 7 13 35 0 0 0 0 1 159 100 4215 4923 18 20 39
76 88 97 83 14 53 27 1072 63 9 76 165 29 17 NA 17 NA 8 63 0 6 14 33 0 0 0 0 0 6 14 33 0 0 0 0 1 134 102 4273 4924 20 20 36
77 80 100 84 16 53 26 1077 68 5 77 151 28.5 17 NA 17 NA 5 68 0 4 16 33 0 0 0 0 0 4 16 33 0 0 0 0 2 146 104 4320 4923 19 22 36
78 60 99 82 17 52 20 1066 41 10 76 145 28 16.5 NA 16.5 NA 5 41 0 5 14 33 0 0 0 0 0 5 14 33 0 0 0 0 2 112 105 4389 4924 19 21 36
79 78 99 83 16 51 24 1060 58 4 78 152 29 17 NA 17 NA 8 58 0 4 15 32 0 0 0 0 0 4 15 32 0 0 0 0 1 135 105 4453 4922 20 23 35
80 84 97 82 15 49 21 1089 61 7 75 159 28 17 NA 17 NA 6 61 1 1 15 32 0 0 0 0 1 1 15 32 0 0 0 0 2 175 106 4514 4925 18 22 35
81 64 98 83 15 48 22 1086 80 5 76 156 28 17 NA 17 NA 7 80 1 1 11 35 0 0 0 0 1 1 11 35 0 0 0 0 1 143 107 4564 4924 17 19 40
82 93 95 80 15 48 26 1086 56 6 75 155 29 17.5 NA 17.5 NA 8 56 1 2 11 34 0 0 0 0 1 2 11 34 0 0 0 0 0 141 107 4615 4925 17 18 40
83 65 97 81 16 48 20 1096 65 9 72 156 28 17.5 NA 17.5 NA 6 65 1 3 11 33 0 0 0 0 1 3 11 33 0 0 0 0 3 152 108 4676 4928 16 17 39
84 86 96 79 17 46 20 1100 80 3 70 156 28.5 17 NA 17 NA 4 80 1 3 10 32 0 0 0 0 1 3 10 32 0 0 0 0 2 160 110 4729 4930 16 16 38
85 61 95 79 16 47 23 1121 68 7 71 144 29 17 NA 17 NA 9 68 1 4 9 33 0 0 0 0 1 4 9 33 0 0 0 0 0 166 110 4792 4929 19 14 38
86 67 99 81 18 48 32 1127 63 4 72 148 29 17 NA 17 NA 12 63 1 4 9 34 0 0 0 0 1 4 9 34 0 0 0 0 3 136 111 4847 4928 18 15 39
87 82 98 80 18 49 27 1142 57 10 72 156 29 17 NA 17 NA 6 57 0 7 9 33 0 0 0 0 0 7 9 33 0 0 0 0 0 147 113 4907 4928 19 15 38
88 64 98 79 19 51 25 1102 76 7 74 152 30 18 NA 18 NA 5 76 0 6 11 34 0 0 0 0 0 6 11 34 0 0 0 0 0 127 113 4977 4926 18 17 39
89 76 97 79 18 51 30 1112 70 6 73 151 27 17 NA 17 NA 9 70 0 7 10 34 0 0 0 0 0 7 10 34 0 0 0 0 1 151 114 5036 4927 18 16 39
90 78 98 79 19 51 32 1112 59 5 74 156 27.5 18 NA 18 NA 6 59 0 6 11 34 0 0 0 0 0 6 11 34 0 0 0 0 2 133 114 5092 4926 19 16 39
91 61 95 76 19 49 32 1127 63 6 72 168 27 18 NA 18 NA 9 63 0 7 10 32 0 0 0 0 0 7 10 32 0 0 0 0 1 142 115 5143 4928 17 17 38
92 76 91 71 20 45 32 1092 73 4 68 165 27 18 NA 18 NA 6 73 0 7 7 31 0 0 0 0 0 7 7 31 0 0 0 0 2 130 116 5219 4932 17 15 36
93 65 90 72 18 43 30 1106 54 3 67 166 26 18 NA 18 NA 4 54 0 6 6 31 0 0 0 0 0 6 6 31 0 0 0 0 2 139 117 5277 4933 17 14 36
94 77 91 73 18 42 34 1118 71 4 65 172 26 18 NA 18 NA 9 71 0 6 6 30 0 0 0 0 0 6 6 30 0 0 0 0 1 155 118 5336 4935 16 14 35
95 85 87 71 16 41 31 1102 60 9 63 179 26 18 NA 18 NA 5 60 0 7 4 30 0 0 0 0 0 7 4 30 0 0 0 0 1 129 118 5401 4937 18 11 34
96 75 85 69 16 42 38 1075 75 6 63 171 26 18 NA 18 NA 14 75 0 8 4 30 0 0 0 0 0 8 4 30 0 0 0 0 1 135 119 5466 4937 20 11 32
97 77 85 69 16 43 39 1071 78 9 65 178 27 18 NA 18 NA 10 78 0 6 7 30 0 0 0 0 0 6 7 30 0 0 0 0 0 164 119 5537 4935 19 14 32
98 76 86 70 16 42 37 1077 71 9 67 181 25 17.5 NA 17.5 NA 9 71 0 7 6 29 0 0 0 0 0 7 6 29 0 0 0 0 1 154 120 5595 4933 22 13 32
99 83 84 68 16 41 37 1100 67 9 64 177 24.5 17 NA 17 NA 13 67 0 6 7 28 0 0 0 0 0 6 7 28 0 0 0 0 0 161 123 5649 4936 21 13 30
100 68 84 68 16 39 34 1124 52 7 63 175 23.5 18 NA 18 NA 4 52 0 5 7 27 0 0 0 0 0 5 7 27 0 0 0 0 0 147 123 5706 4937 21 12 30
101 84 85 69 16 38 40 1099 67 2 63 179 24 18 NA 18 NA 8 67 0 4 7 27 0 0 0 0 0 4 7 27 0 0 0 0 1 133 124 5774 4937 20 13 30
102 69 87 71 16 40 36 1109 64 8 65 174 24 18 NA 18 NA 6 64 0 4 9 27 0 0 0 0 0 4 9 27 0 0 0 0 1 139 125 5823 4935 21 14 30
103 76 88 71 17 43 38 1112 70 8 66 176 24.5 18 NA 18 NA 10 70 0 7 9 27 0 0 0 0 0 7 9 27 0 0 0 0 0 151 126 5880 4934 20 15 31
104 68 89 72 17 43 37 1116 67 7 67 170 25 18 NA 18 NA 7 67 0 7 10 26 0 0 0 0 0 7 10 26 0 0 0 0 2 160 127 5942 4933 21 15 31
105 70 89 72 17 43 29 1121 60 12 66 170 24 18 NA 18 NA 5 60 0 7 11 25 0 0 0 0 0 7 11 25 0 0 0 0 2 135 128 5995 4934 21 14 31
106 89 91 73 18 42 36 1112 74 4 66 157 23 18 NA 18 NA 11 74 0 8 9 25 0 0 0 0 0 8 9 25 0 0 0 0 3 149 129 6065 4934 23 12 31
107 67 91 72 19 42 41 1122 79 5 64 167 23 18 NA 18 NA 12 79 0 8 10 24 0 0 0 0 0 8 10 24 0 0 0 0 1 148 130 6110 4936 19 15 30
108 89 92 73 19 42 39 1113 69 10 64 164 23.5 17.5 NA 17.5 NA 10 69 1 6 11 24 0 0 0 0 1 6 11 24 0 0 0 0 1 130 132 6164 4936 18 16 30
109 90 94 75 19 44 36 1093 65 11 64 170 24 18 NA 18 NA 11 65 1 7 9 27 0 0 0 0 1 7 9 27 0 0 0 0 1 135 134 6235 4936 16 15 33
110 85 92 73 19 43 43 1085 68 7 63 175 24 18 NA 18 NA 12 68 1 6 10 26 0 0 0 0 1 6 10 26 0 0 0 0 1 139 134 6297 4937 16 15 32
111 78 89 71 18 41 39 1080 64 11 61 164 23 18 NA 18 NA 7 64 1 7 9 24 0 0 0 0 1 7 9 24 0 0 0 0 1 147 135 6367 4939 17 14 30
112 69 90 72 18 41 36 1087 61 7 63 167 23.5 18 NA 18 NA 8 61 1 6 9 25 0 0 0 0 1 6 9 25 0 0 0 0 2 152 138 6434 4937 18 14 31
113 79 87 72 15 40 36 1085 77 9 63 152 23 18 NA 18 NA 10 77 1 6 8 25 0 0 0 0 1 6 8 25 0 0 0 0 0 153 138 6492 4937 20 12 31
114 85 89 74 15 42 37 1098 74 8 64 157 24 17.5 NA 17.5 NA 10 74 3 4 9 26 0 0 0 0 3 4 9 26 0 0 0 0 3 163 140 6552 4936 19 13 32
115 78 90 75 15 42 29 1100 68 12 63 162 23.5 16.5 NA 16.5 NA 4 68 3 5 8 26 0 0 0 0 3 5 8 26 0 0 0 0 2 142 140 6607 4937 18 12 33
116 75 95 80 15 42 33 1100 66 4 65 168 23 16.5 NA 16.5 NA 9 66 3 4 9 26 0 0 0 0 3 4 9 26 0 0 0 0 0 155 141 6675 4935 18 14 33
117 72 97 81 16 44 34 1119 57 6 67 170 23 16 NA 16 NA 7 57 3 5 10 26 0 0 0 0 3 5 10 26 0 0 0 0 2 149 144 6730 4933 19 16 32
118 80 98 81 17 44 31 1110 68 11 70 174 23 16 NA 16 NA 10 68 1 7 11 25 0 0 0 0 1 7 11 25 0 0 0 0 1 140 145 6794 4930 21 18 31
119 76 97 80 17 43 32 1135 71 7 70 170 21 16 NA 16 NA 8 71 1 8 9 25 0 0 0 0 1 8 9 25 0 0 0 0 1 169 146 6849 4930 23 15 32
120 74 98 81 17 42 30 1120 72 7 70 175 21.5 16 NA 16 NA 6 72 1 8 10 23 0 0 0 0 1 8 10 23 0 0 0 0 1 131 147 6899 4930 24 16 30
121 66 96 80 16 43 32 1136 66 8 70 179 21.5 15 NA 15 NA 9 66 2 10 9 22 0 0 0 0 2 10 9 22 0 0 0 0 0 153 148 6951 4930 26 15 29
122 78 97 81 16 44 31 1178 60 6 70 196 22 15 NA 15 NA 7 60 3 9 9 23 0 0 0 0 3 9 9 23 0 0 0 0 3 164 149 6993 4930 24 16 30
123 74 97 80 17 42 32 1174 66 4 68 196 22 15 NA 15 NA 6 66 3 8 9 22 0 0 0 0 3 8 9 22 0 0 0 0 2 149 150 7062 4932 24 16 28
124 80 100 79 21 42 28 1171 73 7 67 178 19.5 15 NA 15 NA 8 73 3 11 8 20 0 0 0 0 3 11 8 20 0 0 0 0 2 144 152 7120 4933 24 17 26
125 63 101 78 23 40 33 1174 73 4 65 182 20 15 NA 15 NA 10 73 3 8 8 21 0 0 0 0 3 8 8 21 0 0 0 0 1 148 152 7181 4935 20 18 27
126 78 99 76 23 39 38 1164 78 7 67 179 21 15 NA 15 NA 12 78 2 9 7 21 0 0 0 0 2 9 7 21 0 0 0 0 2 157 153 7247 4933 22 18 27
127 71 101 78 23 40 28 1184 51 14 67 183 21 14.5 NA 14.5 NA 4 51 3 10 7 20 0 0 0 0 3 10 7 20 0 0 0 0 3 145 154 7301 4933 23 17 27
128 89 101 79 22 39 28 1159 86 7 70 171 22 15 NA 15 NA 7 86 2 10 7 20 0 0 0 0 2 10 7 20 0 0 0 0 1 160 155 7378 4930 25 17 28
129 69 103 81 22 40 37 1124 85 4 72 169 23 15 NA 15 NA 15 85 2 10 7 21 0 0 0 0 2 10 7 21 0 0 0 0 1 133 157 7445 4928 24 18 30
130 64 106 84 22 45 34 1121 78 10 73 160 22 15 NA 15 NA 8 78 2 9 12 22 0 0 0 0 2 9 12 22 0 0 0 0 1 161 160 7509 4927 22 20 31
131 73 108 86 22 46 36 1106 74 11 70 154 20 15 NA 15 NA 11 74 2 10 14 20 0 0 0 0 2 10 14 20 0 0 0 0 3 151 161 7582 4930 21 21 28
132 76 109 87 22 46 35 1130 77 6 72 177 20 15 NA 15 NA 6 77 2 9 15 20 0 0 0 0 2 9 15 20 0 0 0 0 0 174 161 7638 4928 22 22 28
133 70 110 88 22 50 34 1133 70 12 72 180 20 15 NA 15 NA 5 70 2 11 17 20 0 0 0 0 2 11 17 20 0 0 0 0 2 151 161 7704 4928 21 23 28
134 75 111 88 23 51 37 1114 68 5 71 174 20 15 NA 15 NA 12 68 2 12 16 21 0 0 0 0 2 12 16 21 0 0 0 0 5 139 164 7776 4929 21 21 29
135 70 112 90 22 50 39 1111 71 5 73 179 19 15 NA 15 NA 9 71 2 13 16 19 0 0 0 0 2 13 16 19 0 0 0 0 1 154 165 7845 4927 23 23 27
136 91 111 88 23 51 33 1101 67 9 78 177 20 15 NA 15 NA 3 67 1 14 15 21 0 0 0 0 1 14 15 21 0 0 0 0 0 139 166 7902 4922 27 22 29
137 67 111 88 23 51 37 1114 59 3 78 183 21 15 NA 15 NA 7 59 0 15 13 23 0 0 0 0 0 15 13 23 0 0 0 0 1 150 167 7962 4922 28 19 31
138 82 107 85 22 48 36 1105 82 6 74 171 22 15 NA 15 NA 9 82 1 11 14 22 0 0 0 0 1 11 14 22 0 0 0 0 0 149 171 8013 4926 26 20 28
139 56 111 89 22 49 41 1097 87 6 77 160 21 15 NA 15 NA 13 87 1 11 14 23 0 0 0 0 1 11 14 23 0 0 0 0 2 148 172 8066 4923 28 21 28
140 68 110 88 22 49 43 1116 76 8 79 175 22.5 16 NA 16 NA 12 76 0 6 19 24 0 0 0 0 0 6 19 24 0 0 0 0 0 175 173 8127 4921 25 24 30
141 91 113 88 25 50 42 1139 65 5 79 165 21 16 NA 16 NA 6 65 0 5 19 26 0 0 0 0 0 5 19 26 0 0 0 0 2 162 174 8177 4921 25 22 32
142 80 113 89 24 51 38 1130 74 8 81 159 20 16 NA 16 NA 8 74 0 5 16 30 0 0 0 0 0 5 16 30 0 0 0 0 0 148 178 8236 4919 27 20 34
143 62 112 89 23 50 36 1126 70 9 80 145 20 15 NA 15 NA 9 70 1 6 15 28 0 0 0 0 1 6 15 28 0 0 0 0 2 147 179 8305 4920 29 19 32
144 70 113 89 24 49 37 1143 59 5 78 142 20 15 NA 15 NA 7 59 1 6 13 29 0 0 0 0 1 6 13 29 0 0 0 0 5 158 180 8374 4922 27 18 33
145 79 112 88 24 48 44 1142 72 3 77 155 21 15 NA 15 NA 10 72 1 7 13 27 0 0 0 0 1 7 13 27 0 0 0 0 1 144 180 8426 4923 29 17 31
146 76 109 86 23 47 42 1154 80 11 78 155 22 15 NA 15 NA 8 80 0 9 12 26 0 0 0 0 0 9 12 26 0 0 0 0 0 160 181 8480 4922 31 18 29
147 72 107 87 20 46 39 1145 79 9 78 153 22 15.5 NA 15.5 NA 8 79 0 8 13 25 0 0 0 0 0 8 13 25 0 0 0 0 0 157 185 8545 4922 31 19 28
148 69 108 89 19 47 31 1145 52 9 78 150 22.5 16 NA 16 NA 2 52 0 6 16 25 0 0 0 0 0 6 16 25 0 0 0 0 0 126 186 8603 4922 26 24 28
149 92 111 92 19 47 36 1145 61 3 79 153 22 16 NA 16 NA 7 61 0 6 18 23 0 0 0 0 0 6 18 23 0 0 0 0 4 142 187 8667 4921 27 26 26
150 84 110 91 19 47 39 1130 68 7 81 156 22.5 16 NA 16 NA 9 68 0 7 14 26 0 0 0 0 0 7 14 26 0 0 0 0 0 130 187 8720 4919 28 24 29
151 69 112 93 19 51 37 1135 54 10 84 161 22.5 16 NA 16 NA 6 54 0 10 15 26 0 0 0 0 0 10 15 26 0 0 0 0 2 135 188 8776 4916 29 25 30
152 75 111 92 19 51 34 1117 69 5 83 163 23 16 NA 16 NA 7 69 0 11 11 29 0 0 0 0 0 11 11 29 0 0 0 0 0 133 193 8841 4917 28 22 33
153 83 109 90 19 53 36 1093 61 9 84 159 23 16 NA 16 NA 10 61 0 13 11 29 0 0 0 0 0 13 11 29 0 0 0 0 0 131 195 8911 4916 30 21 33
154 69 112 89 23 53 32 1114 58 11 84 154 23 15 NA 15 NA 9 58 1 11 13 28 0 0 0 0 1 11 13 28 0 0 0 0 3 155 197 8974 4916 29 22 33
155 86 113 91 22 56 31 1110 63 9 85 166 24 15 NA 15 NA 8 63 2 12 15 27 0 0 0 0 2 12 15 27 0 0 0 0 1 150 197 9043 4915 28 25 32
156 93 113 88 25 54 28 1112 57 7 84 170 23 15 NA 15 NA 6 57 1 12 17 24 0 0 0 0 1 12 17 24 0 0 0 0 2 145 199 9111 4916 29 25 30
157 77 114 85 29 53 31 1095 81 4 83 158 23 15 NA 15 NA 10 81 1 11 18 23 0 0 0 0 1 11 18 23 0 0 0 0 2 143 199 9169 4917 29 26 28
158 83 113 86 27 50 32 1130 47 7 79 155 23 15 NA 15 NA 9 47 1 10 18 21 0 0 0 0 1 10 18 21 0 0 0 0 0 165 200 9230 4921 24 28 27
159 61 117 88 29 51 34 1131 72 7 81 150 22 15 NA 15 NA 8 72 1 10 16 24 0 0 0 0 1 10 16 24 0 0 0 0 2 154 200 9292 4919 24 27 30
160 74 116 86 30 51 33 1121 74 8 81 151 23 15 NA 15 NA 10 74 1 11 12 27 0 0 0 0 1 11 12 27 0 0 0 0 1 147 202 9353 4919 25 23 33
161 69 118 87 31 52 32 1141 63 9 84 160 23 15 NA 15 NA 11 63 1 10 13 28 0 0 0 0 1 10 13 28 0 0 0 0 2 164 204 9413 4916 26 23 35
162 69 117 86 31 52 34 1148 81 8 83 158 23 15 NA 15 NA 11 81 1 9 14 28 0 0 0 0 1 9 14 28 0 0 0 0 0 157 205 9466 4917 25 24 34
163 77 116 86 30 52 36 1144 79 9 83 154 24 15 NA 15 NA 12 79 1 7 17 27 0 0 0 0 1 7 17 27 0 0 0 0 1 147 207 9519 4917 24 25 34
164 83 118 87 31 53 42 1186 64 6 83 152 23.5 15 NA 15 NA 11 64 1 8 16 28 0 0 0 0 1 8 16 28 0 0 0 0 2 167 207 9564 4917 24 25 34
165 72 122 90 32 55 42 1176 82 12 82 149 23 15 NA 15 NA 12 82 3 6 18 28 0 0 0 0 3 6 18 28 0 0 0 0 4 150 207 9629 4918 22 26 34
166 68 121 90 31 54 40 1167 73 14 85 143 23 15 NA 15 NA 9 73 2 7 16 29 0 0 0 0 2 7 16 29 0 0 0 0 2 147 207 9696 4915 25 25 35
167 81 116 87 29 55 37 1189 70 9 83 147 23.5 15 NA 15 NA 6 70 3 9 14 29 0 0 0 0 3 9 14 29 0 0 0 0 0 159 208 9751 4917 25 21 37
168 89 113 84 29 53 41 1188 75 2 82 153 23 15 NA 15 NA 7 75 3 9 14 27 0 0 0 0 3 9 14 27 0 0 0 0 2 158 210 9820 4918 27 22 33
169 75 117 84 33 55 36 1154 73 9 87 160 22 15 NA 15 NA 7 73 2 11 14 28 0 0 0 0 2 11 14 28 0 0 0 0 2 116 212 9879 4913 30 23 34
170 76 113 82 31 53 38 1119 76 8 86 161 21 15 NA 15 NA 10 76 2 13 12 26 0 0 0 0 2 13 12 26 0 0 0 0 0 139 213 9951 4914 34 19 33
171 68 113 83 30 54 39 1095 81 6 90 147 22 15 NA 15 NA 7 81 0 14 12 28 0 0 0 0 0 14 12 28 0 0 0 0 0 131 213 10014 4910 36 19 35
172 87 114 84 30 56 39 1083 71 7 89 149 23 16 NA 16 NA 5 71 0 15 12 29 0 0 0 0 0 15 12 29 0 0 0 0 2 139 214 10075 4911 35 20 34
173 71 116 85 31 57 37 1117 51 5 91 162 22.5 16 NA 16 NA 5 51 0 14 13 30 0 0 0 0 0 14 13 30 0 0 0 0 3 156 216 10133 4909 34 22 35
174 77 116 85 31 58 38 1148 61 6 91 160 23 16 NA 16 NA 7 61 0 15 13 30 0 0 0 0 0 15 13 30 0 0 0 0 0 169 217 10192 4909 34 21 36
175 76 115 83 32 57 43 1117 76 3 91 161 24 16 NA 16 NA 10 76 0 14 11 32 0 0 0 0 0 14 11 32 0 0 0 0 0 128 219 10254 4909 32 21 38
176 56 113 81 32 56 43 1125 54 5 91 173 25 16.5 NA 16.5 NA 7 54 1 13 12 30 0 0 0 0 1 13 12 30 0 0 0 0 0 146 221 10328 4909 33 21 37
177 81 114 81 33 56 44 1115 77 7 94 180 25.5 16.5 NA 16.5 NA 11 77 1 13 11 31 0 0 0 0 1 13 11 31 0 0 0 0 1 155 223 10393 4906 36 20 38
178 68 114 81 33 56 42 1099 77 5 95 177 25 17 NA 17 NA 5 77 1 9 16 30 0 0 0 0 1 9 16 30 0 0 0 0 1 146 226 10454 4905 32 25 38
179 82 122 88 34 59 34 1116 65 12 95 187 25 17 NA 17 NA 9 65 1 9 18 31 0 0 0 0 1 9 18 31 0 0 0 0 3 153 229 10508 4905 30 25 40
180 82 116 84 32 55 37 1104 68 7 90 180 24.5 17 NA 17 NA 11 68 1 8 17 29 0 0 0 0 1 8 17 29 0 0 0 0 0 141 230 10576 4910 28 25 37
181 77 116 85 31 55 35 1116 67 10 91 176 25 17 NA 17 NA 7 67 2 5 19 29 0 0 0 0 2 5 19 29 0 0 0 0 1 155 230 10626 4909 26 29 36
182 86 120 88 32 56 34 1112 68 6 90 179 25 17 NA 17 NA 6 68 2 5 21 28 0 0 0 0 2 5 21 28 0 0 0 0 5 134 231 10676 4910 23 33 34
183 78 125 92 33 58 36 1142 69 6 91 168 26 17 NA 17 NA 8 69 1 5 22 30 0 0 0 0 1 5 22 30 0 0 0 0 2 170 233 10729 4909 21 34 36
184 65 126 93 33 60 37 1124 91 8 94 158 26.5 17 NA 17 NA 11 91 2 5 22 31 0 0 0 0 2 5 22 31 0 0 0 0 1 147 236 10783 4906 23 33 38
185 71 126 95 31 60 32 1138 65 10 93 157 27 17 NA 17 NA 5 65 2 6 21 31 0 0 0 0 2 6 21 31 0 0 0 0 3 165 238 10850 4907 23 30 40
186 81 127 94 33 60 35 1113 70 6 90 161 26 17 NA 17 NA 9 70 3 8 20 29 0 0 0 0 3 8 20 29 0 0 0 0 3 137 239 10922 4910 23 29 38
187 80 125 94 31 59 38 1112 83 9 89 159 27 17 NA 17 NA 14 83 2 9 18 30 0 0 0 0 2 9 18 30 0 0 0 0 1 156 241 10970 4911 22 27 40
188 70 127 96 31 61 38 1100 86 9 87 157 26 17 NA 17 NA 7 86 3 8 20 30 0 0 0 0 3 8 20 30 0 0 0 0 3 153 241 11034 4913 20 28 39
189 64 123 93 30 63 32 1109 58 11 84 160 27 17 NA 17 NA 5 58 4 7 23 29 0 0 0 0 4 7 23 29 0 0 0 0 1 137 243 11089 4916 17 30 37
190 78 122 89 33 62 39 1117 66 4 82 165 25.5 17.5 NA 17.5 NA 11 66 5 7 19 31 0 0 0 0 5 7 19 31 0 0 0 0 0 152 244 11148 4918 16 27 39
191 73 124 92 32 63 35 1104 64 6 87 158 26 18 NA 18 NA 5 64 4 8 18 33 0 0 0 0 4 8 18 33 0 0 0 0 2 126 245 11203 4913 21 25 41
192 77 125 93 32 64 36 1102 61 5 87 157 27 17.5 NA 17.5 NA 7 61 5 7 18 34 0 0 0 0 5 7 18 34 0 0 0 0 1 129 245 11255 4913 21 22 44
193 74 125 92 33 65 25 1111 57 9 88 163 27 18 NA 18 NA 3 57 6 6 16 37 0 0 0 0 6 6 16 37 0 0 0 0 1 148 250 11317 4912 20 21 47
194 77 119 88 31 63 29 1116 76 4 88 170 28 18 NA 18 NA 8 76 3 10 11 39 0 0 0 0 3 10 11 39 0 0 0 0 0 146 251 11366 4912 24 16 48
195 78 115 86 29 61 35 1114 75 6 90 172 29 18 NA 18 NA 13 75 1 10 11 39 0 0 0 0 1 10 11 39 0 0 0 0 0 157 252 11434 4910 27 15 48
196 64 110 83 27 56 27 1147 59 10 84 182 26 18 NA 18 NA 3 59 2 8 12 34 0 0 0 0 2 8 12 34 0 0 0 0 2 164 252 11492 4916 26 15 43
197 98 111 86 25 55 29 1135 70 5 85 182 25 18 NA 18 NA 10 70 2 8 10 35 0 0 0 0 2 8 10 35 0 0 0 0 1 152 255 11558 4915 27 14 44
198 76 108 84 24 56 24 1124 75 13 84 173 23.5 17 NA 17 NA 6 75 0 12 11 33 0 0 0 0 0 12 11 33 0 0 0 0 0 140 255 11616 4916 30 14 40
199 92 102 79 23 53 32 1099 72 4 80 176 23 17 NA 17 NA 13 72 0 12 10 31 0 0 0 0 0 12 10 31 0 0 0 0 0 126 257 11681 4920 29 13 38
200 76 104 80 24 56 31 1075 78 9 85 162 22.5 16.5 NA 16.5 NA 7 78 1 13 9 33 0 0 0 0 1 13 9 33 0 0 0 0 4 154 257 11754 4915 34 12 39
201 82 107 81 26 57 30 1111 74 5 86 158 22 16 NA 16 NA 6 74 1 14 8 34 0 0 0 0 1 14 8 34 0 0 0 0 1 175 257 11804 4914 34 12 40
202 63 106 81 25 60 31 1119 61 8 87 153 23 16.5 NA 16.5 NA 7 61 1 17 7 35 0 0 0 0 1 17 7 35 0 0 0 0 0 135 259 11857 4913 35 11 41
203 91 111 81 30 61 37 1118 76 6 87 157 23 16 NA 16 NA 13 76 1 16 9 35 0 0 0 0 1 16 9 35 0 0 0 0 6 144 260 11910 4913 32 15 40
204 72 109 80 29 62 40 1136 69 7 86 157 23 16.5 NA 16.5 NA 12 69 1 17 11 33 0 0 0 0 1 17 11 33 0 0 0 0 0 154 261 11960 4914 32 16 38
205 95 111 82 29 61 38 1117 66 8 86 147 23 17 NA 17 NA 6 66 0 18 11 32 0 0 0 0 0 18 11 32 0 0 0 0 5 136 262 12023 4914 32 17 37
206 85 113 82 31 62 44 1125 55 5 85 149 24 16.5 NA 16.5 NA 12 55 1 12 17 32 0 0 0 0 1 12 17 32 0 0 0 0 2 145 262 12077 4915 25 23 37
207 86 117 86 31 63 45 1108 72 9 83 155 24 16 NA 16 NA 10 72 1 10 20 32 0 0 0 0 1 10 20 32 0 0 0 0 3 144 262 12142 4917 21 25 37
208 77 114 84 30 63 40 1105 66 11 80 150 24.5 16 NA 16 NA 6 66 2 14 17 30 0 0 0 0 2 14 17 30 0 0 0 0 1 146 263 12211 4920 22 23 35
209 100 114 84 30 62 38 1088 61 5 81 166 24.5 16 NA 16 NA 4 61 2 12 19 29 0 0 0 0 2 12 19 29 0 0 0 0 1 135 264 12278 4919 22 23 36
210 83 112 83 29 60 38 1104 52 8 79 170 24 16 NA 16 NA 8 52 1 11 19 29 0 0 0 0 1 11 19 29 0 0 0 0 1 141 265 12335 4921 20 24 35
211 85 111 82 29 60 38 1125 67 9 76 183 25 16.5 NA 16.5 NA 10 67 1 11 19 29 0 0 0 0 1 11 19 29 0 0 0 0 1 153 266 12383 4924 18 24 34
212 75 115 82 33 59 31 1120 68 10 78 180 24 16 NA 16 NA 7 68 1 7 23 28 0 0 0 0 1 7 23 28 0 0 0 0 3 148 269 12449 4922 16 29 33
213 82 114 83 31 59 33 1095 70 5 80 181 25 16 NA 16 NA 7 70 1 7 23 28 0 0 0 0 1 7 23 28 0 0 0 0 0 159 270 12534 4920 19 28 33
214 71 114 82 32 58 30 1113 56 6 79 176 26 16.5 NA 16.5 NA 7 56 1 6 24 27 0 0 0 0 1 6 24 27 0 0 0 0 3 144 271 12589 4921 17 30 32
215 74 112 81 31 57 29 1132 59 6 80 171 27 16 NA 16 NA 7 59 1 5 21 30 0 0 0 0 1 5 21 30 0 0 0 0 1 148 273 12640 4920 18 27 35
216 78 116 84 32 57 24 1111 77 7 80 162 28 16 NA 16 NA 7 77 1 4 21 31 0 0 0 0 1 4 21 31 0 0 0 0 3 141 278 12706 4920 17 27 36
217 63 117 85 32 55 25 1138 73 5 80 176 26 17 NA 17 NA 9 73 0 3 21 31 0 0 0 0 0 3 21 31 0 0 0 0 3 175 282 12762 4920 18 26 36
218 87 115 84 31 54 29 1137 70 7 82 163 27 16.5 NA 16.5 NA 12 70 0 3 16 35 0 0 0 0 0 3 16 35 0 0 0 0 1 140 283 12817 4918 21 21 40
219 67 117 85 32 57 30 1169 61 13 87 172 26 16 NA 16 NA 14 61 0 7 14 36 0 0 0 0 0 7 14 36 0 0 0 0 2 155 284 12866 4913 27 18 42
220 71 111 79 32 58 27 1193 60 11 82 176 24 15.5 NA 15.5 NA 7 60 0 12 13 33 0 0 0 0 0 12 13 33 0 0 0 0 0 157 287 12921 4918 26 16 40
221 67 113 82 31 59 30 1192 68 4 83 180 24 15 NA 15 NA 7 68 1 13 11 34 0 0 0 0 1 13 11 34 0 0 0 0 2 135 287 12977 4917 26 16 41
222 91 112 82 30 56 31 1179 69 2 81 183 23 15 NA 15 NA 4 69 1 11 8 36 0 0 0 0 1 11 8 36 0 0 0 0 1 143 287 13044 4919 25 14 42
223 67 107 79 28 55 36 1156 72 5 82 179 25 15 NA 15 NA 10 72 0 12 8 35 0 0 0 0 0 12 8 35 0 0 0 0 0 132 287 13110 4918 28 13 41
224 63 103 75 28 54 30 1122 73 11 79 173 24 14.5 NA 14.5 NA 7 73 1 10 8 35 0 0 0 0 1 10 8 35 0 0 0 0 2 122 289 13174 4921 27 12 40
225 78 103 75 28 56 36 1114 75 9 79 174 24 15 NA 15 NA 11 75 1 11 10 34 0 0 0 0 1 11 10 34 0 0 0 0 0 153 289 13240 4921 26 14 39
226 63 102 74 28 55 41 1089 75 6 81 173 24 15 NA 15 NA 12 75 1 12 9 33 0 0 0 0 1 12 9 33 0 0 0 0 1 133 289 13311 4919 30 13 38
227 90 100 73 27 56 37 1083 69 12 80 168 25 14.5 NA 14.5 NA 10 69 2 12 8 34 0 0 0 0 2 12 8 34 0 0 0 0 0 150 291 13373 4920 25 16 39
228 81 98 72 26 53 38 1101 61 5 80 181 25 15 NA 15 NA 7 61 2 12 8 31 0 0 0 0 2 12 8 31 0 0 0 0 1 169 292 13438 4920 28 16 36
229 81 99 73 26 53 39 1087 57 6 82 177 26 15 NA 15 NA 7 57 0 11 10 32 0 0 0 0 0 11 10 32 0 0 0 0 0 134 293 13509 4918 29 17 36
230 76 99 73 26 53 38 1100 60 6 82 182 25 15 NA 15 NA 5 60 0 11 11 31 0 0 0 0 0 11 11 31 0 0 0 0 0 160 293 13577 4918 29 18 35
231 94 97 70 27 51 36 1123 68 9 81 195 26 15 NA 15 NA 9 68 0 9 14 28 0 0 0 0 0 9 14 28 0 0 0 0 0 172 295 13628 4919 27 22 32
232 81 103 74 29 51 34 1112 78 6 81 181 25 15 NA 15 NA 7 78 0 9 14 28 0 0 0 0 0 9 14 28 0 0 0 0 4 147 298 13693 4919 26 22 33
233 68 105 75 30 51 35 1128 66 9 82 185 26 15 NA 15 NA 10 66 0 8 14 29 0 0 0 0 0 8 14 29 0 0 0 0 2 161 299 13752 4918 26 22 34
234 90 104 72 32 51 31 1143 63 8 82 183 25 14 NA 14 NA 7 63 1 9 12 29 0 0 0 0 1 9 12 29 0 0 0 0 0 145 302 13800 4918 27 21 34
235 87 105 72 33 52 34 1121 87 6 82 179 26 14 NA 14 NA 10 87 1 9 13 29 0 0 0 0 1 9 13 29 0 0 0 0 2 144 303 13851 4918 24 24 34
236 71 108 75 33 51 37 1123 68 4 81 172 25.5 15 NA 15 NA 7 68 1 7 13 30 0 0 0 0 1 7 13 30 0 0 0 0 4 136 303 13900 4919 21 24 36
237 63 109 76 33 52 32 1119 78 9 81 170 26 15 NA 15 NA 6 78 1 7 13 31 0 0 0 0 1 7 13 31 0 0 0 0 1 148 306 13963 4919 21 24 36
238 110 106 75 31 47 34 1123 64 8 76 170 25.5 15 NA 15 NA 10 64 1 5 15 26 0 0 0 0 1 5 15 26 0 0 0 0 2 154 307 14020 4924 19 27 30
239 82 103 72 31 45 37 1119 73 5 73 165 25 15 NA 15 NA 9 73 1 6 11 27 0 0 0 0 1 6 11 27 0 0 0 0 1 152 308 14083 4927 18 21 34
240 93 102 72 30 43 35 1076 70 9 70 159 24.5 15 NA 15 NA 8 70 0 8 10 25 0 0 0 0 0 8 10 25 0 0 0 0 3 112 310 14149 4930 17 22 31
241 64 101 73 28 43 34 1096 71 4 71 168 25 15 NA 15 NA 6 71 0 5 11 27 0 0 0 0 0 5 11 27 0 0 0 0 1 168 314 14206 4929 16 23 32
242 75 98 72 26 43 35 1102 64 6 69 172 25.5 15 NA 15 NA 7 64 0 4 11 28 0 0 0 0 0 4 11 28 0 0 0 0 0 150 314 14273 4931 15 21 33
243 77 97 70 27 45 34 1094 70 5 68 161 26 15 NA 15 NA 6 70 1 4 12 28 0 0 0 0 1 4 12 28 0 0 0 0 1 144 316 14342 4932 13 21 34
244 77 95 69 26 44 38 1082 83 6 70 160 27 15 NA 15 NA 10 83 1 4 12 27 0 0 0 0 1 4 12 27 0 0 0 0 0 152 316 14403 4930 16 21 33
245 80 94 68 26 44 38 1059 63 4 69 160 28 15 NA 15 NA 7 63 1 3 13 27 0 0 0 0 1 3 13 27 0 0 0 0 1 123 318 14462 4931 15 20 34
246 90 91 67 24 43 41 1070 61 6 68 161 29 15 NA 15 NA 9 61 1 3 13 26 0 0 0 0 1 3 13 26 0 0 0 0 1 146 318 14519 4932 14 22 32
247 61 90 67 23 41 43 1111 59 7 69 172 27 15 NA 15 NA 11 59 2 3 11 25 0 0 0 0 2 3 11 25 0 0 0 0 2 172 319 14575 4931 18 19 32
248 82 92 69 23 42 52 1103 84 7 71 171 27 15 NA 15 NA 15 84 1 5 9 27 0 0 0 0 1 5 9 27 0 0 0 0 1 164 319 14638 4929 20 17 34
249 71 90 67 23 40 48 1108 70 10 69 170 27 15 NA 15 NA 6 70 1 5 9 25 0 0 0 0 1 5 9 25 0 0 0 0 0 140 320 14691 4931 20 17 32
250 65 92 67 25 42 43 1123 69 12 72 174 28 15 NA 15 NA 7 69 1 7 8 26 0 0 0 0 1 7 8 26 0 0 0 0 2 165 320 14760 4928 22 16 34
251 55 91 67 24 44 54 1116 80 7 71 173 29 15 NA 15 NA 16 80 2 8 8 26 0 0 0 0 2 8 8 26 0 0 0 0 0 148 321 14820 4929 23 15 33
252 93 90 67 23 43 49 1145 71 5 68 192 25 15 NA 15 NA 4 71 1 8 9 25 0 0 0 0 1 8 9 25 0 0 0 0 2 158 323 14858 4932 22 15 31
253 82 92 69 23 43 47 1139 69 6 68 189 24.5 15 NA 15 NA 11 69 1 8 6 28 0 0 0 0 1 8 6 28 0 0 0 0 1 145 328 14915 4932 20 13 35
254 92 98 74 24 42 43 1092 76 10 66 165 21.5 15 NA 15 NA 8 76 1 8 5 28 0 0 0 0 1 8 5 28 0 0 0 0 5 128 330 14985 4934 20 12 34
255 72 95 71 24 42 40 1096 49 9 66 164 23 15 NA 15 NA 5 49 0 8 5 29 0 0 0 0 0 8 5 29 0 0 0 0 0 137 330 15048 4934 21 11 34
256 74 95 70 25 42 38 1106 60 8 65 164 24 15 NA 15 NA 7 60 0 7 6 29 0 0 0 0 0 7 6 29 0 0 0 0 1 142 331 15102 4935 17 14 34
257 83 89 66 23 41 37 1094 63 7 60 163 23 15 NA 15 NA 6 63 0 10 4 27 0 0 0 0 0 10 4 27 0 0 0 0 0 133 333 15155 4940 17 12 31
258 74 91 68 23 42 33 1087 65 5 60 152 23 15 NA 15 NA 2 65 0 10 4 28 0 0 0 0 0 10 4 28 0 0 0 0 2 137 335 15219 4940 15 11 34
259 85 89 67 22 40 35 1086 60 4 58 148 24 15 NA 15 NA 8 60 0 8 6 26 0 0 0 0 0 8 6 26 0 0 0 0 1 150 337 15287 4942 12 14 32
260 70 92 70 22 41 31 1089 64 7 60 147 24 15 NA 15 NA 5 64 0 6 9 26 0 0 0 0 0 6 9 26 0 0 0 0 2 146 339 15347 4940 12 16 32
261 70 93 70 23 43 31 1108 72 8 61 146 25 15 NA 15 NA 9 72 0 6 10 27 0 0 0 0 0 6 10 27 0 0 0 0 2 172 340 15408 4939 13 16 32
262 74 92 70 22 42 29 1127 64 8 60 152 23 15 NA 15 NA 6 64 0 7 11 24 0 0 0 0 0 7 11 24 0 0 0 0 1 162 341 15473 4940 14 16 30
263 71 96 74 22 41 22 1152 77 9 59 153 19 16 NA 16 NA 3 77 0 7 12 22 0 0 0 0 0 7 12 22 0 0 0 0 3 185 342 15532 4941 15 16 28
264 92 96 74 22 41 25 1138 63 4 61 151 17.5 16 NA 16 NA 9 63 0 5 14 22 0 0 0 0 0 5 14 22 0 0 0 0 1 146 345 15604 4939 17 17 27
265 68 97 76 21 40 22 1128 84 11 63 156 17 15.5 NA 15.5 NA 9 84 0 5 15 20 0 0 0 0 0 5 15 20 0 0 0 0 2 151 346 15666 4937 20 17 26
266 84 96 75 21 40 22 1142 75 8 67 160 17.5 15.5 NA 15.5 NA 10 75 1 6 14 19 0 0 0 0 1 6 14 19 0 0 0 0 1 166 349 15721 4933 26 16 25
267 77 99 79 20 41 16 1155 65 9 66 167 17 16 NA 16 NA 4 65 1 7 15 18 0 0 0 0 1 7 15 18 0 0 0 0 3 158 350 15779 4934 25 17 24
268 83 100 79 21 44 24 1152 83 5 66 176 17.5 15.5 NA 15.5 NA 12 83 2 9 13 20 0 0 0 0 2 9 13 20 0 0 0 0 1 149 350 15832 4934 26 14 26
269 70 99 78 21 48 23 1189 66 12 67 178 19 16 NA 16 NA 10 66 3 10 13 22 0 0 0 0 3 10 13 22 0 0 0 0 0 166 352 15880 4933 26 14 27
270 80 101 81 20 48 22 1188 63 9 66 186 18 16 NA 16 NA 8 63 3 12 9 24 0 0 0 0 3 12 9 24 0 0 0 0 1 141 352 15936 4934 27 11 28
271 69 100 81 19 49 25 1166 83 9 66 177 18 15 NA 15 NA 13 83 3 13 7 26 0 0 0 0 3 13 7 26 0 0 0 0 0 136 353 15999 4934 28 9 29
272 75 99 80 19 48 24 1180 79 8 68 178 19 14.5 NA 14.5 NA 7 79 3 11 8 26 0 0 0 0 3 11 8 26 0 0 0 0 1 172 353 16056 4932 29 11 28
273 82 99 79 20 47 27 1173 60 2 70 164 20 14 NA 14 NA 5 60 3 9 10 25 0 0 0 0 3 9 10 25 0 0 0 0 1 146 353 16129 4930 30 12 28
274 82 97 77 20 48 38 1171 80 5 70 165 21 15.5 NA 15.5 NA 15 80 3 9 10 26 0 0 0 0 3 9 10 26 0 0 0 0 1 161 354 16193 4930 29 12 29
275 79 98 79 19 50 37 1126 79 10 74 151 21 16 NA 16 NA 7 79 1 12 11 26 0 0 0 0 1 12 11 26 0 0 0 0 0 137 354 16272 4926 33 13 28
276 76 97 78 19 51 37 1124 56 9 72 152 22 16 NA 16 NA 9 56 1 13 12 25 0 0 0 0 1 13 12 25 0 0 0 0 1 131 354 16335 4928 30 15 27
277 68 99 80 19 51 40 1102 74 7 74 154 23 16 NA 16 NA 10 74 2 11 13 25 0 0 0 0 2 11 13 25 0 0 0 0 1 130 354 16396 4926 29 18 27
278 65 100 82 18 50 42 1081 74 5 73 156 23.5 16 NA 16 NA 11 74 2 9 15 24 0 0 0 0 2 9 15 24 0 0 0 0 2 138 356 16463 4927 23 24 26
279 78 102 84 18 52 35 1069 68 11 77 147 23.5 16.5 NA 16.5 NA 3 68 1 10 17 24 0 0 0 0 1 10 17 24 0 0 0 0 1 140 358 16527 4923 26 25 26
280 70 101 83 18 54 39 1074 63 6 78 146 25 17.5 NA 17.5 NA 11 63 1 11 18 24 0 0 0 0 1 11 18 24 0 0 0 0 0 154 358 16586 4922 26 26 26
281 75 101 83 18 56 39 1054 68 7 77 149 25 16.5 NA 16.5 NA 7 68 3 10 18 25 0 0 0 0 3 10 18 25 0 0 0 0 1 138 359 16656 4923 25 25 27
282 69 99 81 18 53 37 1080 53 4 78 163 24 18 NA 18 NA 2 53 2 10 18 23 0 0 0 0 2 10 18 23 0 0 0 0 3 152 359 16719 4922 28 25 25
283 87 104 86 18 55 36 1106 60 5 80 172 23.5 17 NA 17 NA 7 60 0 13 18 24 0 0 0 0 0 13 18 24 0 0 0 0 1 159 360 16771 4920 28 26 26
284 76 103 85 18 53 42 1070 84 3 79 162 24 17 NA 17 NA 12 84 0 12 18 23 0 0 0 0 0 12 18 23 0 0 0 0 0 134 364 16840 4921 26 27 26
285 80 104 85 19 53 34 1052 71 10 78 153 24 17 NA 17 NA 5 71 0 12 18 23 0 0 0 0 0 12 18 23 0 0 0 0 2 144 367 16906 4922 24 28 26
286 69 104 85 19 55 37 1083 57 4 79 168 25 17 NA 17 NA 9 57 0 12 19 24 0 0 0 0 0 12 19 24 0 0 0 0 0 159 369 16966 4921 24 27 28
287 62 105 85 20 55 39 1094 77 5 81 173 26 17 NA 17 NA 10 77 0 9 21 25 0 0 0 0 0 9 21 25 0 0 0 0 1 157 371 17018 4919 23 29 29
288 71 106 86 20 54 41 1134 70 9 79 189 25 18 NA 18 NA 13 70 0 10 19 25 0 0 0 0 0 10 19 25 0 0 0 0 3 169 371 17066 4921 24 26 29
289 79 107 86 21 57 44 1121 78 8 80 182 26 18 NA 18 NA 10 78 0 13 16 28 0 0 0 0 0 13 16 28 0 0 0 0 3 127 371 17115 4920 24 25 31
290 87 108 87 21 55 47 1130 89 8 78 182 24 17 NA 17 NA 12 89 0 13 12 30 0 0 0 0 0 13 12 30 0 0 0 0 3 170 372 17166 4922 24 19 35
291 76 105 87 18 52 45 1116 76 7 77 176 24 17.5 NA 17.5 NA 9 76 0 8 15 29 0 0 0 0 0 8 15 29 0 0 0 0 1 145 375 17230 4923 20 23 34
292 74 106 87 19 53 46 1119 65 10 76 168 25 18 NA 18 NA 11 65 0 7 16 30 0 0 0 0 0 7 16 30 0 0 0 0 1 146 375 17287 4924 18 23 35
293 79 109 90 19 55 45 1138 71 10 77 169 26 18 NA 18 NA 10 71 1 7 15 32 0 0 0 0 1 7 15 32 0 0 0 0 1 158 378 17342 4923 19 22 36
294 87 108 90 18 56 44 1139 61 8 77 175 27 18 NA 18 NA 11 61 1 6 17 32 0 0 0 0 1 6 17 32 0 0 0 0 0 145 383 17398 4923 17 24 36
295 79 108 90 18 56 41 1128 79 8 80 170 27.5 17.5 NA 17.5 NA 9 79 2 4 18 32 0 0 0 0 2 4 18 32 0 0 0 0 1 157 384 17462 4920 19 24 37
296 63 110 93 17 55 38 1132 77 9 81 179 27 17 NA 17 NA 8 77 1 5 16 33 0 0 0 0 1 5 16 33 0 0 0 0 2 159 386 17523 4919 20 22 39
297 68 110 93 17 57 39 1153 71 7 85 183 28 17 NA 17 NA 8 71 1 6 15 35 0 0 0 0 1 6 15 35 0 0 0 0 0 158 389 17576 4915 24 19 42
298 91 109 93 16 55 38 1138 74 9 83 188 28 17 NA 17 NA 10 74 1 5 15 34 0 0 0 0 1 5 15 34 0 0 0 0 1 148 390 17641 4917 23 19 41
299 79 111 93 18 54 37 1151 65 8 82 190 27 17 NA 17 NA 10 65 1 5 11 37 0 0 0 0 1 5 11 37 0 0 0 0 3 146 391 17693 4918 22 18 42
300 72 108 90 18 56 37 1140 64 8 85 189 28.5 17 NA 17 NA 9 64 1 6 12 37 0 0 0 0 1 6 12 37 0 0 0 0 0 146 393 17761 4915 25 19 41
301 79 105 87 18 57 29 1138 67 8 84 185 30 17 NA 17 NA 3 67 1 8 12 36 0 0 0 0 1 8 12 36 0 0 0 0 0 134 397 17810 4916 23 20 41
302 75 105 85 20 57 30 1133 67 8 84 185 28 17 NA 17 NA 8 67 0 10 13 34 0 0 0 0 0 10 13 34 0 0 0 0 3 153 397 17878 4916 26 19 39
303 85 103 82 21 55 33 1110 74 4 83 175 28 17 NA 17 NA 7 74 0 8 10 37 0 0 0 0 0 8 10 37 0 0 0 0 1 147 399 17947 4917 25 15 43
304 71 102 81 21 56 34 1133 60 5 84 175 29 17 NA 17 NA 7 60 0 9 9 38 0 0 0 0 0 9 9 38 0 0 0 0 0 151 401 18001 4916 27 13 44
305 66 98 78 20 53 31 1149 65 9 81 176 27 17 NA 17 NA 8 65 0 11 9 33 0 0 0 0 0 11 9 33 0 0 0 0 1 157 403 18060 4919 29 14 38
306 71 95 75 20 54 25 1158 67 10 79 168 27 17 NA 17 NA 5 67 0 13 8 33 0 0 0 0 0 13 8 33 0 0 0 0 1 149 405 18119 4921 27 13 39
307 70 99 77 22 54 27 1143 65 3 79 166 25 16.5 NA 16.5 NA 6 65 0 12 7 35 0 0 0 0 0 12 7 35 0 0 0 0 4 131 407 18183 4921 24 14 41
308 74 98 77 21 54 29 1126 81 4 79 161 26 17 NA 17 NA 9 81 1 9 9 35 0 0 0 0 1 9 9 35 0 0 0 0 1 145 409 18246 4921 23 15 41
309 78 99 78 21 53 32 1123 62 6 77 165 26 17 NA 17 NA 10 62 1 7 11 34 0 0 0 0 1 7 11 34 0 0 0 0 1 152 410 18318 4923 20 17 40
310 74 97 77 20 52 33 1140 62 8 74 165 27 17 NA 17 NA 8 62 1 7 12 32 0 0 0 0 1 7 12 32 0 0 0 0 0 152 410 18376 4926 21 16 37
311 87 97 77 20 52 34 1160 59 6 75 176 26 17 NA 17 NA 9 59 1 8 13 30 0 0 0 0 1 8 13 30 0 0 0 0 2 157 413 18436 4925 23 16 36
312 69 98 78 20 52 32 1177 80 7 74 166 26 17 NA 17 NA 5 80 1 7 14 30 0 0 0 0 1 7 14 30 0 0 0 0 1 183 414 18503 4926 20 18 36
313 92 97 78 19 52 34 1181 64 6 72 171 26 17 NA 17 NA 10 64 1 6 15 30 0 0 0 0 1 6 15 30 0 0 0 0 0 146 416 18559 4928 18 18 36
314 73 99 80 19 52 30 1182 63 13 75 171 26 17 NA 17 NA 8 63 1 4 18 29 0 0 0 0 1 4 18 29 0 0 0 0 3 149 416 18626 4925 19 21 35
315 69 98 78 20 50 31 1171 69 4 73 174 26.5 17 NA 17 NA 9 69 1 4 16 29 0 0 0 0 1 4 16 29 0 0 0 0 2 149 419 18697 4927 18 20 35
316 83 98 77 21 51 31 1153 54 7 71 176 27 17 NA 17 NA 7 54 1 5 17 28 0 0 0 0 1 5 17 28 0 0 0 0 1 134 421 18773 4929 17 20 34
317 93 104 82 22 50 27 1141 74 11 71 173 24.5 16.5 NA 16.5 NA 10 74 1 5 18 26 0 0 0 0 1 5 18 26 0 0 0 0 4 142 423 18834 4929 16 23 32
318 72 104 82 22 50 24 1149 54 7 71 183 25 16.5 NA 16.5 NA 5 54 1 4 18 27 0 0 0 0 1 4 18 27 0 0 0 0 0 146 423 18903 4929 16 21 34
319 66 103 81 22 49 30 1157 70 4 75 180 26 16 NA 16 NA 11 70 0 5 15 29 0 0 0 0 0 5 15 29 0 0 0 0 1 158 425 18965 4925 20 18 37
320 69 102 79 23 51 27 1169 63 12 73 177 25.5 16 NA 16 NA 8 63 0 8 14 29 0 0 0 0 0 8 14 29 0 0 0 0 1 141 425 19018 4927 19 18 36
321 71 103 80 23 50 25 1157 63 3 75 182 25 16.5 NA 16.5 NA 3 63 0 8 11 31 0 0 0 0 0 8 11 31 0 0 0 0 2 130 427 19081 4925 22 15 38
322 74 103 77 26 50 23 1152 55 6 74 188 23 16.5 NA 16.5 NA 4 55 1 10 11 28 0 0 0 0 1 10 11 28 0 0 0 0 1 143 427 19159 4926 23 16 35
323 61 103 77 26 48 30 1135 71 2 75 182 24 16 NA 16 NA 10 71 0 8 11 29 0 0 0 0 0 8 11 29 0 0 0 0 1 131 427 19221 4925 22 17 36
324 87 104 79 25 51 29 1098 72 8 75 175 23.5 16 NA 16 NA 5 72 0 11 9 31 0 0 0 0 0 11 9 31 0 0 0 0 3 142 428 19305 4925 23 14 38
325 92 105 81 24 50 33 1090 66 5 74 172 23 16 NA 16 NA 9 66 0 11 6 33 0 0 0 0 0 11 6 33 0 0 0 0 2 131 428 19352 4926 24 11 39
326 76 107 83 24 51 38 1104 63 5 77 180 24 16 NA 16 NA 11 63 0 10 7 34 0 0 0 0 0 10 7 34 0 0 0 0 1 154 429 19415 4923 23 14 40
327 80 106 83 23 53 32 1102 63 13 77 182 23 15 NA 15 NA 10 63 1 11 7 34 0 0 0 0 1 11 7 34 0 0 0 0 0 148 433 19480 4923 24 14 39
328 84 103 79 24 53 32 1111 59 9 75 184 23 16 NA 16 NA 8 59 1 11 8 33 0 0 0 0 1 11 8 33 0 0 0 0 1 144 433 19535 4925 24 14 37
329 64 106 81 25 53 41 1069 79 5 78 170 22.5 16 NA 16 NA 15 79 1 10 8 34 0 0 0 0 1 10 8 34 0 0 0 0 3 119 434 19601 4922 26 13 39
330 88 107 81 26 55 34 1065 70 14 78 162 23 16 NA 16 NA 9 70 2 11 8 34 0 0 0 0 2 11 8 34 0 0 0 0 2 154 435 19669 4922 26 13 39
331 95 107 81 26 56 30 1076 52 7 78 162 24 16 NA 16 NA 6 52 2 9 11 34 0 0 0 0 2 9 11 34 0 0 0 0 0 148 435 19732 4922 22 17 39
332 78 105 79 26 59 27 1081 66 10 79 162 25 16 NA 16 NA 5 66 2 11 12 34 0 0 0 0 2 11 12 34 0 0 0 0 0 152 436 19794 4921 23 17 39
333 73 102 76 26 57 29 1108 64 4 79 168 26 16 NA 16 NA 8 64 1 11 12 33 0 0 0 0 1 11 12 33 0 0 0 0 0 155 438 19843 4921 22 19 38
334 86 103 77 26 58 38 1103 67 5 82 159 27 16 NA 16 NA 14 67 1 12 12 33 0 0 0 0 1 12 12 33 0 0 0 0 0 149 438 19912 4918 24 19 39
335 95 101 76 25 56 36 1071 76 9 81 152 28 16 NA 16 NA 9 76 0 11 12 33 0 0 0 0 0 11 12 33 0 0 0 0 0 125 439 19971 4919 22 19 40
336 78 99 75 24 56 33 1068 71 11 81 154 29 16 NA 16 NA 8 71 0 11 12 33 0 0 0 0 0 11 12 33 0 0 0 0 0 145 440 20033 4919 23 19 39
337 75 97 75 22 55 33 1067 73 6 82 160 29 16 NA 16 NA 8 73 0 11 13 31 0 0 0 0 0 11 13 31 0 0 0 0 1 145 442 20092 4918 25 20 37
338 73 98 77 21 54 28 1097 54 5 80 170 28.5 16 NA 16 NA 2 54 0 9 13 32 0 0 0 0 0 9 13 32 0 0 0 0 1 152 443 20144 4920 22 20 38
339 71 100 80 20 56 36 1117 70 5 80 172 28 16 NA 16 NA 12 70 1 8 14 33 0 0 0 0 1 8 14 33 0 0 0 0 1 163 443 20197 4920 21 21 38
340 80 101 82 19 53 29 1122 56 8 77 168 27 16 NA 16 NA 3 56 1 7 15 30 0 0 0 0 1 7 15 30 0 0 0 0 2 145 444 20256 4923 20 22 35
341 77 102 83 19 52 32 1134 57 5 79 170 27 16 NA 16 NA 8 57 1 7 13 31 0 0 0 0 1 7 13 31 0 0 0 0 2 139 445 20299 4921 21 22 36
342 81 101 82 19 53 34 1136 70 8 80 169 28 16 NA 16 NA 10 70 1 8 14 30 0 0 0 0 1 8 14 30 0 0 0 0 0 154 446 20359 4920 22 23 35
343 88 105 86 19 52 36 1136 76 6 78 164 26 16 NA 16 NA 10 76 0 9 12 31 0 0 0 0 0 9 12 31 0 0 0 0 1 159 448 20420 4922 22 19 37
344 71 107 87 20 55 41 1133 77 12 79 159 27 16 NA 16 NA 15 77 0 10 13 32 0 0 0 0 0 10 13 32 0 0 0 0 2 165 448 20486 4921 21 20 38
345 75 107 89 18 56 43 1140 65 9 77 169 26 16.5 NA 16.5 NA 10 65 0 12 12 32 0 0 0 0 0 12 12 32 0 0 0 0 0 155 449 20551 4923 21 18 38
346 87 109 91 18 55 38 1124 71 13 75 161 24 16 NA 16 NA 9 71 0 13 12 30 0 0 0 0 0 13 12 30 0 0 0 0 2 130 450 20606 4925 19 19 37
347 79 106 88 18 55 37 1131 70 6 71 160 23.5 16 NA 16 NA 9 70 2 11 11 31 0 0 0 0 2 11 11 31 0 0 0 0 2 139 453 20655 4929 18 17 36
348 75 103 86 17 54 36 1116 68 9 69 155 24 16 NA 16 NA 10 68 3 8 11 32 0 0 0 0 3 8 11 32 0 0 0 0 0 144 455 20725 4931 16 16 37
349 81 103 86 17 54 39 1121 67 6 69 153 25 16 NA 16 NA 11 67 4 5 14 31 0 0 0 0 4 5 14 31 0 0 0 0 1 144 457 20782 4931 13 20 36
350 68 102 85 17 55 37 1114 53 12 71 159 25 16 NA 16 NA 12 53 5 5 14 31 0 0 0 0 5 5 14 31 0 0 0 0 2 133 460 20846 4929 15 19 37
351 76 102 84 18 54 31 1103 76 11 73 155 26 16 NA 16 NA 8 76 5 4 13 32 0 0 0 0 5 4 13 32 0 0 0 0 1 158 462 20915 4927 17 18 38
352 92 100 82 18 53 29 1106 59 6 73 164 26.5 16 NA 16 NA 5 59 5 5 12 31 0 0 0 0 5 5 12 31 0 0 0 0 0 151 463 20975 4927 20 17 36
353 92 102 84 18 55 26 1117 73 9 76 159 27 15 NA 15 NA 5 73 5 6 12 32 0 0 0 0 5 6 12 32 0 0 0 0 1 154 463 21026 4924 21 17 38
354 70 101 83 18 54 35 1108 80 2 75 153 28 15 NA 15 NA 10 80 5 5 13 31 0 0 0 0 5 5 13 31 0 0 0 0 0 152 465 21090 4925 19 18 38
355 83 103 83 20 54 40 1104 75 6 80 156 26 15 NA 15 NA 12 75 3 7 15 29 0 0 0 0 3 7 15 29 0 0 0 0 3 139 465 21147 4920 25 19 36
356 87 101 81 20 53 35 1098 60 11 78 149 27 15 NA 15 NA 8 60 2 7 13 31 0 0 0 0 2 7 13 31 0 0 0 0 2 141 466 21215 4922 24 17 37
357 83 102 82 20 54 39 1064 80 7 78 147 27.5 15.5 NA 15.5 NA 11 80 1 9 13 31 0 0 0 0 1 9 13 31 0 0 0 0 3 130 466 21280 4922 24 17 37
358 78 99 80 19 53 39 1064 66 9 76 148 27 16 NA 16 NA 11 66 0 10 14 29 0 0 0 0 0 10 14 29 0 0 0 0 2 137 467 21334 4924 25 16 35
359 70 103 85 18 53 34 1081 64 7 76 154 23 16 NA 16 NA 4 64 0 10 14 29 0 0 0 0 0 10 14 29 0 0 0 0 1 152 469 21393 4924 25 16 35
360 78 101 84 17 52 36 1062 78 5 73 142 22 16 NA 16 NA 7 78 0 10 11 31 0 0 0 0 0 10 11 31 0 0 0 0 1 140 469 21449 4927 24 14 35
