1 67 94 79 15 43 28 1246 65 10 72 25 25.5 18 NA 18 NA 6 65 1 5 14 23 0 0 0 0 1 5 14 23 0 0 0 0 1 163 0 0 4928 19 24 29
2 79 94 78 16 43 32 1291 71 5 72 55 26 18 NA 18 NA 8 71 1 4 15 23 0 0 0 0 1 4 15 23 0 0 0 0 1 128 0 0 4928 19 24 29
3 73 88 73 15 43 34 1323 79 7 70 75 27 18 NA 18 NA 8 79 1 4 15 23 0 0 0 0 1 4 15 23 0 0 0 0 0 127 0 0 4930 19 22 29
4 65 87 72 15 43 42 1359 72 7 71 97 28 18 NA 18 NA 15 72 1 5 14 23 0 0 0 0 1 5 14 23 0 0 0 0 0 128 0 0 4929 20 22 29
5 82 88 73 15 43 46 1379 90 7 73 115 28.5 18 NA 18 NA 11 90 1 5 14 23 0 0 0 0 1 5 14 23 0 0 0 0 1 142 0 0 4927 22 22 29
6 73 84 69 15 42 45 1419 73 11 71 124 30 18 NA 18 NA 10 73 0 4 14 24 0 0 0 0 0 4 14 24 0 0 0 0 0 136 0 0 4929 19 22 30
7 81 83 68 15 38 50 1422 85 4 67 132 30 18 NA 18 NA 10 85 0 4 12 22 0 0 0 0 0 4 12 22 0 0 0 0 1 113 0 0 4933 18 20 29
8 77 81 65 16 37 52 1450 83 8 65 130 29 18 NA 18 NA 9 83 0 3 13 21 0 0 0 0 0 3 13 21 0 0 0 0 0 131 0 0 4935 17 21 27
9 76 81 65 16 37 56 1486 76 9 65 141 30 19 NA 19 NA 14 76 0 4 11 22 0 0 0 0 0 4 11 22 0 0 0 0 1 132 0 0 4935 17 20 28
10 71 79 63 16 39 63 1522 80 7 69 155 31 19 NA 19 NA 14 80 0 4 10 25 0 0 0 0 0 4 10 25 0 0 0 0 0 137 0 0 4931 20 19 30
11 94 78 62 16 39 64 1537 80 12 68 163 31.5 19 NA 19 NA 12 80 0 3 11 25 0 0 0 0 0 3 11 25 0 0 0 0 0 127 0 0 4932 17 20 31
12 66 80 62 18 37 72 1556 90 6 65 166 28 19 NA 19 NA 14 90 0 3 9 25 0 0 0 0 0 3 9 25 0 0 0 0 2 127 0 0 4935 16 19 30
13 72 82 64 18 38 54 958 63 15 66 157 28.5 18.5 NA 18.5 NA 7 63 0 4 6 28 0 0 0 0 0 4 6 28 0 0 0 0 2 115 9 639 4934 17 16 33
14 73 84 65 19 37 56 981 68 5 66 160 28 18 NA 18 NA 7 68 0 4 5 28 0 0 0 0 0 4 5 28 0 0 0 0 4 150 11 683 4934 17 16 33
15 80 81 62 19 37 47 1011 57 10 63 162 28 19 NA 19 NA 4 57 0 5 7 25 0 0 0 0 0 5 7 25 0 0 0 0 0 147 13 728 4937 15 16 32
16 67 82 64 18 37 49 1029 76 5 61 172 29 19 NA 19 NA 10 76 0 5 7 25 0 0 0 0 0 5 7 25 0 0 0 0 2 160 16 779 4939 12 17 32
17 88 83 65 18 36 46 1033 64 5 59 159 29 19 NA 19 NA 6 64 1 4 8 23 0 0 0 0 1 4 8 23 0 0 0 0 2 134 20 832 4941 11 18 30
18 82 83 65 18 39 46 1051 62 8 57 160 27 20 NA 20 NA 7 62 2 3 12 22 0 0 0 0 2 3 12 22 0 0 0 0 1 150 22 883 4943 9 19 29
19 81 85 68 17 39 40 1055 70 10 59 154 27 19 NA 19 NA 7 70 2 4 11 22 0 0 0 0 2 4 11 22 0 0 0 0 2 134 24 930 4941 12 17 30
20 72 84 67 17 41 41 1071 63 7 58 158 28 20 NA 20 NA 7 63 3 4 10 24 0 0 0 0 3 4 10 24 0 0 0 0 0 154 25 987 4942 11 16 31
21 78 82 66 16 37 40 1099 61 5 54 163 26 19 NA 19 NA 8 61 3 4 8 22 0 0 0 0 3 4 8 22 0 0 0 0 1 159 29 1036 4946 11 14 29
22 76 85 68 17 38 28 1139 47 9 51 165 24 19 NA 19 NA 2 47 5 2 10 21 0 0 0 0 5 2 10 21 0 0 0 0 2 147 33 1083 4949 7 17 27
23 68 86 68 18 39 30 1150 61 3 52 170 25 19 NA 19 NA 6 61 6 1 9 23 0 0 0 0 6 1 9 23 0 0 0 0 0 145 34 1144 4948 7 14 31
24 52 90 71 19 40 31 1156 79 5 56 164 24 19 NA 19 NA 8 79 4 4 9 23 0 0 0 0 4 4 9 23 0 0 0 0 3 156 37 1199 4944 11 13 32
25 71 89 70 19 39 42 1164 82 1 57 175 20 19 NA 19 NA 16 82 3 5 9 22 0 0 0 0 3 5 9 22 0 0 0 0 0 154 39 1245 4943 13 14 30
26 83 86 67 19 39 37 1166 67 11 57 183 20 19 NA 19 NA 6 67 2 7 8 22 0 0 0 0 2 7 8 22 0 0 0 0 0 152 41 1304 4943 15 13 29
27 76 87 66 21 37 33 1161 74 9 55 175 18 18 NA 18 NA 6 74 2 7 6 22 0 0 0 0 2 7 6 22 0 0 0 0 1 153 42 1367 4945 15 11 29
28 74 86 67 19 34 32 1186 61 5 54 183 16 17 NA 17 NA 6 61 1 9 6 18 0 0 0 0 1 9 6 18 0 0 0 0 0 162 43 1430 4946 18 9 27
29 73 85 66 19 34 31 1218 53 5 56 186 17 17 NA 17 NA 8 53 1 8 7 18 0 0 0 0 1 8 7 18 0 0 0 0 0 160 48 1492 4944 19 10 27
30 73 86 66 20 34 33 1213 64 4 57 189 17.5 17 NA 17 NA 7 64 1 8 6 19 0 0 0 0 1 8 6 19 0 0 0 0 2 143 48 1557 4943 21 9 27
31 88 88 68 20 34 31 1221 63 6 59 185 17.5 17 NA 17 NA 9 63 0 8 7 19 0 0 0 0 0 8 7 19 0 0 0 0 2 163 51 1622 4941 22 10 27
32 59 84 65 19 34 36 1211 74 4 55 191 18 16 NA 16 NA 8 74 1 9 6 18 0 0 0 0 1 9 6 18 0 0 0 0 0 150 51 1687 4945 21 10 24
33 76 85 65 20 33 32 1181 78 8 57 186 19 15 NA 15 NA 9 78 1 8 7 17 0 0 0 0 1 8 7 17 0 0 0 0 1 138 54 1755 4943 23 10 24
34 77 87 66 21 36 35 1164 77 6 62 184 18 15 NA 15 NA 11 77 1 11 4 20 0 0 0 0 1 11 4 20 0 0 0 0 2 148 55 1829 4938 29 6 27
35 94 86 65 21 36 33 1143 67 8 58 180 18 15 NA 15 NA 5 67 1 11 3 21 0 0 0 0 1 11 3 21 0 0 0 0 2 138 55 1904 4942 25 5 28
36 74 88 66 22 36 42 1121 77 4 62 180 18.5 15 NA 15 NA 14 77 1 10 4 21 0 0 0 0 1 10 4 21 0 0 0 0 1 139 57 1962 4938 27 7 28
37 83 85 65 20 34 37 1109 68 11 58 182 18 16 NA 16 NA 6 68 1 8 6 19 0 0 0 0 1 8 6 19 0 0 0 0 0 143 57 2028 4942 24 8 26
38 76 87 67 20 37 39 1130 57 6 57 183 17 15 NA 15 NA 9 57 1 8 7 21 0 0 0 0 1 8 7 21 0 0 0 0 3 158 59 2089 4943 22 10 25
39 81 86 67 19 39 35 1104 76 10 58 177 17.5 15 NA 15 NA 9 76 2 9 7 21 0 0 0 0 2 9 7 21 0 0 0 0 1 145 62 2162 4942 25 9 24
40 76 85 67 18 37 33 1076 69 10 56 166 18 15 NA 15 NA 7 69 2 10 7 18 0 0 0 0 2 10 7 18 0 0 0 0 2 139 62 2237 4944 26 9 21
41 58 85 66 19 40 35 1089 69 9 56 165 19 15 NA 15 NA 9 69 2 11 8 19 0 0 0 0 2 11 8 19 0 0 0 0 1 156 62 2297 4944 23 11 22
42 84 86 67 19 43 38 1113 70 8 58 168 19.5 15 NA 15 NA 12 70 3 12 9 19 0 0 0 0 3 12 9 19 0 0 0 0 0 168 62 2354 4942 24 13 21
43 69 85 65 20 44 38 1122 62 10 58 164 19 19 NA 19 NA 13 62 2 13 10 19 0 0 0 0 2 13 10 19 0 0 0 0 0 153 63 2415 4942 24 14 20
44 77 86 66 20 44 33 1116 61 8 58 160 20 19 NA 19 NA 3 61 2 13 9 20 0 0 0 0 2 13 9 20 0 0 0 0 1 138 64 2477 4942 24 13 21
45 79 88 67 21 45 33 1127 61 5 60 152 21 19 NA 19 NA 8 61 3 11 11 20 0 0 0 0 3 11 11 20 0 0 0 0 1 142 65 2520 4940 24 15 21
46 58 88 66 22 45 30 1154 68 6 61 157 22 19 NA 19 NA 5 68 1 10 15 19 0 0 0 0 1 10 15 19 0 0 0 0 1 169 66 2576 4939 21 20 20
47 69 88 66 22 44 29 1119 82 3 62 164 22.5 17 NA 17 NA 4 82 1 9 16 18 0 0 0 0 1 9 16 18 0 0 0 0 4 126 68 2634 4938 22 21 19
48 94 89 67 22 45 27 1108 71 6 64 169 23 15 NA 15 NA 6 71 1 7 17 20 0 0 0 0 1 7 17 20 0 0 0 0 2 137 70 2690 4936 20 23 21
49 70 89 67 22 44 28 1113 65 5 66 168 23 15 NA 15 NA 8 65 0 8 16 20 0 0 0 0 0 8 16 20 0 0 0 0 1 156 72 2757 4934 22 22 22
50 79 91 70 21 46 31 1111 60 9 66 168 23 15 NA 15 NA 9 60 0 11 14 21 0 0 0 0 0 11 14 21 0 0 0 0 2 134 72 2816 4934 22 21 23
51 69 90 69 21 45 32 1117 72 7 65 161 23 14 NA 14 NA 7 72 1 10 15 19 0 0 0 0 1 10 15 19 0 0 0 0 2 150 72 2874 4935 22 22 21
52 66 91 70 21 46 36 1111 67 6 68 161 24 14.5 NA 14.5 NA 12 67 0 10 17 19 0 0 0 0 0 10 17 19 0 0 0 0 1 139 74 2938 4932 22 25 21
53 76 93 69 24 45 39 1129 61 3 67 167 23 15 NA 15 NA 8 61 0 11 16 18 0 0 0 0 0 11 16 18 0 0 0 0 2 154 76 3001 4933 23 22 22
54 81 97 71 26 45 40 1111 65 8 68 162 21 15 NA 15 NA 9 65 0 10 16 19 0 0 0 0 0 10 16 19 0 0 0 0 2 133 76 3069 4932 22 24 22
55 65 96 70 26 47 42 1108 76 9 66 158 23 15 NA 15 NA 10 76 2 7 17 21 0 0 0 0 2 7 17 21 0 0 0 0 2 154 77 3135 4934 18 24 24
56 84 97 71 26 48 38 1112 65 9 65 152 22 15 NA 15 NA 9 65 2 9 18 19 0 0 0 0 2 9 18 19 0 0 0 0 2 154 80 3199 4935 19 24 22
57 73 101 75 26 48 39 1135 56 6 65 156 21 15 NA 15 NA 7 56 2 9 16 21 0 0 0 0 2 9 16 21 0 0 0 0 2 158 80 3264 4935 19 22 24
58 70 101 74 27 47 39 1141 65 5 66 166 22 15 NA 15 NA 8 65 2 7 14 24 0 0 0 0 2 7 14 24 0 0 0 0 1 161 83 3334 4934 19 19 28
59 70 105 75 30 48 47 1141 66 7 68 173 21 15 NA 15 NA 14 66 1 6 15 26 0 0 0 0 1 6 15 26 0 0 0 0 2 141 83 3391 4932 19 20 29
60 73 109 76 33 50 35 1173 59 15 70 177 21 15 NA 15 NA 4 59 3 4 14 29 0 0 0 0 3 4 14 29 0 0 0 0 3 166 84 3447 4930 19 18 33
61 69 108 75 33 48 38 1145 66 5 69 160 21 14.5 NA 14.5 NA 8 66 3 4 14 27 0 0 0 0 3 4 14 27 0 0 0 0 0 121 84 3521 4931 19 18 32
62 68 110 77 33 49 40 1138 71 6 72 155 22 14 NA 14 NA 8 71 3 5 13 28 0 0 0 0 3 5 13 28 0 0 0 0 0 136 84 3576 4928 21 18 33
63 83 110 76 34 50 42 1136 70 9 70 166 20 14 NA 14 NA 10 70 3 6 13 28 0 0 0 0 3 6 13 28 0 0 0 0 2 150 86 3637 4930 20 17 33
64 56 110 77 33 51 44 1116 72 6 70 154 21 14 NA 14 NA 9 72 3 5 12 31 0 0 0 0 3 5 12 31 0 0 0 0 0 135 88 3704 4930 17 18 35
65 73 108 76 32 50 43 1119 73 10 73 163 20 14 NA 14 NA 13 73 3 5 13 29 0 0 0 0 3 5 13 29 0 0 0 0 1 150 93 3761 4927 21 19 33
66 82 106 75 31 52 40 1122 52 9 75 169 20 14 NA 14 NA 6 52 2 8 11 31 0 0 0 0 2 8 11 31 0 0 0 0 0 124 95 3816 4925 24 16 35
67 74 102 71 31 51 37 1131 50 10 74 167 21 14 NA 14 NA 10 50 1 9 9 32 0 0 0 0 1 9 9 32 0 0 0 0 0 149 97 3889 4926 25 14 35
68 71 99 69 30 48 39 1127 65 8 72 169 21 14 NA 14 NA 9 65 1 8 10 29 0 0 0 0 1 8 10 29 0 0 0 0 1 143 98 3952 4928 25 15 32
69 62 100 69 31 50 41 1094 73 6 77 161 22 14 NA 14 NA 10 73 1 10 10 29 0 0 0 0 1 10 10 29 0 0 0 0 0 130 100 4026 4923 30 14 33
70 81 99 69 30 49 41 1082 68 6 78 172 23 14 NA 14 NA 6 68 1 10 8 30 0 0 0 0 1 10 8 30 0 0 0 0 0 150 101 4102 4922 30 14 34
71 77 99 70 29 51 42 1062 80 9 80 174 22 14 NA 14 NA 11 80 0 12 9 30 0 0 0 0 0 12 9 30 0 0 0 0 4 134 103 4161 4920 33 13 34
72 89 96 67 29 48 56 1022 76 1 80 171 22 14 NA 14 NA 15 76 0 12 7 29 0 0 0 0 0 12 7 29 0 0 0 0 0 132 104 4234 4920 35 12 33
73 72 96 67 29 49 52 1039 70 9 80 167 23 14 NA 14 NA 7 70 0 14 7 28 0 0 0 0 0 14 7 28 0 0 0 0 1 154 106 4282 4920 35 13 32
74 73 91 63 28 45 52 1066 73 6 77 178 23 14 NA 14 NA 11 73 0 12 6 27 0 0 0 0 0 12 6 27 0 0 0 0 1 170 110 4340 4923 32 14 31
75 80 94 68 26 43 48 1088 72 8 77 179 22 14 NA 14 NA 7 72 0 11 5 27 0 0 0 0 0 11 5 27 0 0 0 0 4 169 113 4395 4923 33 13 31
76 78 95 69 26 44 51 1111 64 7 78 180 23 14.5 NA 14.5 NA 8 64 0 11 5 28 0 0 0 0 0 11 5 28 0 0 0 0 2 163 113 4450 4922 33 12 33
77 73 98 71 27 46 48 1102 65 9 78 172 23.5 15 NA 15 NA 6 65 0 10 8 28 0 0 0 0 0 10 8 28 0 0 0 0 4 130 115 4507 4922 29 16 33
78 63 98 72 26 46 43 1113 64 11 78 182 24 15 NA 15 NA 6 64 0 8 10 28 0 0 0 0 0 8 10 28 0 0 0 0 1 137 115 4557 4922 27 17 34
79 53 101 76 25 46 45 1116 62 5 77 185 24 15 NA 15 NA 7 62 0 8 11 27 0 0 0 0 0 8 11 27 0 0 0 0 1 139 115 4623 4923 25 19 33
80 71 98 73 25 45 45 1125 59 6 74 184 24.5 16 NA 16 NA 9 59 0 7 12 26 0 0 0 0 0 7 12 26 0 0 0 0 0 142 118 4679 4926 23 20 31
81 74 98 72 26 47 42 1141 55 9 73 190 24.5 16 NA 16 NA 7 55 1 8 14 24 0 0 0 0 1 8 14 24 0 0 0 0 2 146 120 4735 4927 21 23 29
82 76 98 72 26 48 44 1135 66 5 73 186 25.5 16 NA 16 NA 11 66 1 9 14 24 0 0 0 0 1 9 14 24 0 0 0 0 0 129 123 4790 4927 19 24 30
83 72 97 73 24 47 42 1128 67 7 73 182 26 16 NA 16 NA 4 67 1 7 16 23 0 0 0 0 1 7 16 23 0 0 0 0 0 125 123 4840 4927 16 28 29
84 77 98 76 22 49 38 1123 58 7 71 182 26 16 NA 16 NA 8 58 1 7 18 23 0 0 0 0 1 7 18 23 0 0 0 0 2 129 128 4898 4929 13 29 29
85 62 100 77 23 50 34 1110 57 4 72 185 26.5 16.5 NA 16.5 NA 7 57 1 6 20 23 0 0 0 0 1 6 20 23 0 0 0 0 1 124 135 4964 4928 13 30 29
86 65 100 78 22 49 38 1116 68 3 71 192 27 16 NA 16 NA 7 68 1 4 20 24 0 0 0 0 1 4 20 24 0 0 0 0 2 148 137 5021 4929 11 29 31
87 78 103 83 20 49 38 1096 68 10 73 179 27 15 NA 15 NA 10 68 2 4 21 22 0 0 0 0 2 4 21 22 0 0 0 0 2 138 139 5091 4927 14 30 29
88 69 104 84 20 51 36 1089 60 9 75 170 28 15 NA 15 NA 9 60 1 6 22 22 0 0 0 0 1 6 22 22 0 0 0 0 1 144 141 5164 4925 15 30 30
89 65 106 86 20 51 35 1095 65 4 77 162 27.5 15 NA 15 NA 5 65 1 7 18 25 0 0 0 0 1 7 18 25 0 0 0 0 3 152 142 5231 4923 17 27 33
90 83 105 86 19 52 32 1073 65 8 76 159 28 15 NA 15 NA 6 65 1 8 16 27 0 0 0 0 1 8 16 27 0 0 0 0 2 123 143 5291 4924 17 25 34
91 76 103 85 18 51 35 1080 64 4 75 169 29 15 NA 15 NA 9 64 0 9 16 26 0 0 0 0 0 9 16 26 0 0 0 0 1 152 146 5355 4925 19 22 34
92 64 103 85 18 50 37 1075 82 5 74 171 29 15 NA 15 NA 9 82 1 9 14 26 0 0 0 0 1 9 14 26 0 0 0 0 0 155 147 5419 4926 20 19 35
93 66 100 81 19 48 37 1089 59 8 74 167 28.5 15 NA 15 NA 10 59 1 8 12 27 0 0 0 0 1 8 12 27 0 0 0 0 1 150 148 5482 4926 22 16 36
94 81 102 83 19 50 42 1106 59 7 74 174 27 15.5 NA 15.5 NA 12 59 1 8 11 30 0 0 0 0 1 8 11 30 0 0 0 0 1 149 149 5540 4926 22 15 37
95 83 103 85 18 52 37 1093 62 11 75 176 26 15.5 NA 15.5 NA 8 62 1 9 9 33 0 0 0 0 1 9 9 33 0 0 0 0 1 127 150 5601 4925 21 13 41
96 79 101 83 18 50 39 1079 77 8 75 175 24 15 NA 15 NA 12 77 1 8 9 32 0 0 0 0 1 8 9 32 0 0 0 0 1 131 151 5655 4925 24 11 40
97 75 102 84 18 49 33 1117 72 12 74 176 22 15 NA 15 NA 5 72 1 7 9 32 0 0 0 0 1 7 9 32 0 0 0 0 2 176 152 5700 4926 25 11 38
98 79 102 84 18 49 35 1129 64 1 76 182 23 15 NA 15 NA 4 64 1 6 8 34 0 0 0 0 1 6 8 34 0 0 0 0 0 151 153 5759 4924 27 10 39
99 78 106 87 19 52 30 1117 76 11 80 182 24 15 NA 15 NA 7 76 0 8 8 36 0 0 0 0 0 8 8 36 0 0 0 0 3 150 155 5826 4920 26 13 41
100 74 110 91 19 52 30 1096 67 2 81 179 24 15 NA 15 NA 6 67 0 7 8 37 0 0 0 0 0 7 8 37 0 0 0 0 4 127 159 5889 4919 25 14 42
101 55 113 90 23 51 39 1085 76 3 83 182 24 15 NA 15 NA 13 76 0 6 8 37 0 0 0 0 0 6 8 37 0 0 0 0 0 148 160 5957 4917 26 14 43
102 79 110 86 24 48 44 1087 72 7 80 176 22.5 15 NA 15 NA 12 72 0 7 8 33 0 0 0 0 0 7 8 33 0 0 0 0 0 141 160 6008 4920 27 15 38
103 80 114 90 24 52 37 1086 61 13 80 172 21 15 NA 15 NA 7 61 0 8 11 33 0 0 0 0 0 8 11 33 0 0 0 0 4 147 162 6075 4920 26 17 37
104 77 113 90 23 52 36 1108 58 6 82 176 23 15 NA 15 NA 5 58 0 7 12 33 0 0 0 0 0 7 12 33 0 0 0 0 0 148 162 6133 4918 27 18 37
105 60 113 90 23 51 35 1120 59 6 80 166 22 15 NA 15 NA 8 59 0 7 12 32 0 0 0 0 0 7 12 32 0 0 0 0 2 139 163 6194 4920 25 19 36
106 75 114 91 23 52 35 1118 66 5 81 163 22.5 15 NA 15 NA 8 66 1 7 12 32 0 0 0 0 1 7 12 32 0 0 0 0 2 152 165 6269 4919 26 19 36
107 70 118 90 28 52 33 1122 65 6 80 158 22.5 15 NA 15 NA 6 65 1 7 11 33 0 0 0 0 1 7 11 33 0 0 0 0 1 140 167 6323 4920 25 18 37
108 76 121 91 30 54 30 1123 79 7 81 156 22 15 NA 15 NA 4 79 1 7 12 34 0 0 0 0 1 7 12 34 0 0 0 0 3 147 168 6375 4919 23 20 38
109 57 122 93 29 54 38 1101 60 3 84 165 23 15 NA 15 NA 13 60 1 8 11 34 0 0 0 0 1 8 11 34 0 0 0 0 1 118 171 6443 4916 25 21 38
110 76 119 90 29 57 31 1116 64 14 82 161 23 15 NA 15 NA 6 64 3 8 13 33 0 0 0 0 3 8 13 33 0 0 0 0 0 153 172 6505 4918 23 23 36
111 77 122 92 30 57 37 1148 65 6 84 178 23.5 15 NA 15 NA 10 65 3 6 15 33 0 0 0 0 3 6 15 33 0 0 0 0 4 171 172 6564 4916 23 24 37
112 74 119 88 31 57 39 1156 65 7 84 182 23 16 NA 16 NA 9 65 3 7 15 32 0 0 0 0 3 7 15 32 0 0 0 0 1 153 174 6626 4916 25 23 36
113 77 119 86 33 54 36 1104 83 9 84 171 22 15.5 NA 15.5 NA 7 83 2 7 14 31 0 0 0 0 2 7 14 31 0 0 0 0 4 114 176 6692 4916 25 24 35
114 61 121 87 34 58 35 1097 74 10 85 166 22 15 NA 15 NA 11 74 4 9 14 31 0 0 0 0 4 9 14 31 0 0 0 0 2 144 177 6754 4915 27 23 35
115 73 120 87 33 60 30 1086 64 8 90 158 23 15 NA 15 NA 5 64 2 12 13 33 0 0 0 0 2 12 13 33 0 0 0 0 0 139 178 6819 4910 31 22 37
116 76 121 88 33 60 29 1099 62 5 89 153 23 15 NA 15 NA 4 62 3 10 14 33 0 0 0 0 3 10 14 33 0 0 0 0 1 150 178 6879 4911 29 23 37
117 67 121 88 33 59 32 1123 59 3 91 161 23 15 NA 15 NA 7 59 1 12 13 33 0 0 0 0 1 12 13 33 0 0 0 0 2 165 178 6945 4909 31 22 38
118 73 122 89 33 58 36 1117 67 6 92 155 22.5 15 NA 15 NA 11 67 1 11 14 32 0 0 0 0 1 11 14 32 0 0 0 0 0 134 179 7000 4908 32 23 37
119 59 122 89 33 57 41 1116 61 7 94 156 22.5 15 NA 15 NA 10 61 0 13 14 30 0 0 0 0 0 13 14 30 0 0 0 0 2 131 180 7063 4906 35 23 36
120 68 123 90 33 58 38 1115 56 9 95 156 23 15 NA 15 NA 6 56 0 13 13 32 0 0 0 0 0 13 13 32 0 0 0 0 2 122 182 7121 4905 35 21 39
121 87 122 89 33 58 36 1151 58 4 94 167 23.5 15 NA 15 NA 4 58 0 12 14 32 0 0 0 0 0 12 14 32 0 0 0 0 1 164 182 7169 4906 33 22 39
122 73 126 92 34 57 34 1130 73 7 93 170 23 15 NA 15 NA 7 73 0 12 12 33 0 0 0 0 0 12 12 33 0 0 0 0 3 142 184 7243 4907 32 20 41
123 79 120 87 33 53 37 1103 73 4 90 154 23.5 15 NA 15 NA 7 73 0 10 11 32 0 0 0 0 0 10 11 32 0 0 0 0 0 136 185 7314 4910 30 18 42
124 73 118 85 33 58 44 1110 70 11 89 148 24.5 15 NA 15 NA 13 70 0 15 10 33 0 0 0 0 0 15 10 33 0 0 0 0 1 157 186 7384 4911 28 19 42
125 83 116 85 31 57 41 1129 60 11 88 145 24 15 NA 15 NA 7 60 1 14 10 32 0 0 0 0 1 14 10 32 0 0 0 0 2 142 187 7426 4912 29 18 41
126 77 117 86 31 56 47 1114 83 6 89 152 23 15.5 NA 15.5 NA 12 83 1 13 11 31 0 0 0 0 1 13 11 31 0 0 0 0 0 147 187 7487 4911 31 19 39
127 80 119 88 31 57 42 1126 51 7 87 167 24 15 NA 15 NA 5 51 2 10 15 30 0 0 0 0 2 10 15 30 0 0 0 0 2 150 191 7550 4913 25 24 38
128 67 118 87 31 56 45 1143 58 5 88 174 25 15 NA 15 NA 8 58 2 10 14 30 0 0 0 0 2 10 14 30 0 0 0 0 0 161 191 7619 4912 27 23 38
129 82 114 84 30 55 50 1123 69 7 86 172 25 16 NA 16 NA 9 69 2 8 16 29 0 0 0 0 2 8 16 29 0 0 0 0 0 133 192 7683 4914 26 24 36
130 84 115 85 30 55 47 1105 80 9 85 170 24 16 NA 16 NA 10 80 2 10 15 28 0 0 0 0 2 10 15 28 0 0 0 0 2 151 194 7755 4915 26 24 35
131 76 116 84 32 56 46 1151 52 6 85 187 24.5 16 NA 16 NA 9 52 3 8 16 29 0 0 0 0 3 8 16 29 0 0 0 0 1 171 198 7811 4915 23 26 36
132 62 116 84 32 56 38 1172 61 13 87 195 25 16 NA 16 NA 8 61 2 8 18 28 0 0 0 0 2 8 18 28 0 0 0 0 1 154 201 7865 4913 24 28 35
133 68 114 83 31 57 45 1163 68 5 86 195 26 16 NA 16 NA 12 68 2 10 17 28 0 0 0 0 2 10 17 28 0 0 0 0 1 147 202 7931 4914 23 27 36
134 63 110 80 30 57 42 1168 72 12 87 192 27 16 NA 16 NA 9 72 1 13 16 27 0 0 0 0 1 13 16 27 0 0 0 0 0 144 204 7985 4913 28 25 34
135 79 109 79 30 58 43 1156 74 8 85 185 27 16 NA 16 NA 10 74 1 12 17 28 0 0 0 0 1 12 17 28 0 0 0 0 2 135 205 8041 4915 25 26 34
136 78 106 78 28 55 41 1168 65 7 81 193 27.5 16 NA 16 NA 6 65 1 10 16 28 0 0 0 0 1 10 16 28 0 0 0 0 2 151 206 8100 4919 22 25 34
137 71 106 78 28 60 46 1159 84 8 85 201 28.5 16.5 NA 16.5 NA 11 84 1 10 19 30 0 0 0 0 1 10 19 30 0 0 0 0 0 158 207 8170 4915 22 26 37
138 75 104 77 27 59 44 1149 83 12 86 195 28 16 NA 16 NA 13 83 1 9 20 29 0 0 0 0 1 9 20 29 0 0 0 0 0 150 211 8227 4914 22 28 36
139 81 105 76 29 59 38 1118 75 11 88 187 28 17 NA 17 NA 8 75 0 11 17 31 0 0 0 0 0 11 17 31 0 0 0 0 1 135 214 8297 4912 26 23 39
140 84 105 77 28 60 40 1117 61 10 86 180 29 17 NA 17 NA 9 61 0 13 17 30 0 0 0 0 0 13 17 30 0 0 0 0 2 147 215 8362 4914 25 23 38
141 63 103 75 28 59 40 1099 73 11 84 171 28 17 NA 17 NA 11 73 0 14 17 28 0 0 0 0 0 14 17 28 0 0 0 0 0 134 216 8423 4916 25 22 37
142 69 106 79 27 60 42 1098 64 5 84 174 28 17 NA 17 NA 8 64 0 14 18 28 0 0 0 0 0 14 18 28 0 0 0 0 2 130 217 8475 4916 25 22 37
143 85 106 77 29 59 43 1062 76 10 82 156 26.5 17 NA 17 NA 12 76 0 14 16 29 0 0 0 0 0 14 16 29 0 0 0 0 2 133 218 8550 4918 25 19 38
144 71 105 76 29 59 41 1064 75 12 80 140 26 17 NA 17 NA 12 75 0 14 15 30 0 0 0 0 0 14 15 30 0 0 0 0 1 153 220 8610 4920 24 18 38
145 73 107 76 31 61 44 1044 67 6 80 146 25 17 NA 17 NA 12 67 1 14 15 31 0 0 0 0 1 14 15 31 0 0 0 0 3 123 223 8670 4920 24 18 38
146 68 107 77 30 61 43 1042 84 13 79 143 26 17 NA 17 NA 11 84 1 10 20 30 0 0 0 0 1 10 20 30 0 0 0 0 2 155 224 8728 4921 19 23 37
147 59 110 80 30 62 36 1071 75 12 81 137 25.5 17 NA 17 NA 7 75 1 10 17 34 0 0 0 0 1 10 17 34 0 0 0 0 2 166 227 8777 4919 20 20 41
148 81 110 80 30 60 32 1063 66 8 79 138 26 17 NA 17 NA 6 66 1 11 16 32 0 0 0 0 1 11 16 32 0 0 0 0 3 139 228 8841 4921 21 19 39
149 81 110 81 29 59 27 1067 54 7 77 140 27 17 NA 17 NA 2 54 1 8 17 33 0 0 0 0 1 8 17 33 0 0 0 0 1 138 228 8904 4923 17 19 41
150 78 114 84 30 58 32 1101 64 2 75 137 25 16.5 NA 16.5 NA 6 64 1 8 16 33 0 0 0 0 1 8 16 33 0 0 0 0 2 165 229 8954 4925 14 19 42
151 86 113 83 30 58 34 1116 61 3 76 138 25 17 NA 17 NA 7 61 1 5 19 33 0 0 0 0 1 5 19 33 0 0 0 0 0 156 232 9015 4924 13 23 40
152 75 117 87 30 58 31 1140 67 4 78 152 25 17 NA 17 NA 4 67 0 5 19 34 0 0 0 0 0 5 19 34 0 0 0 0 3 166 233 9068 4922 15 23 40
153 81 117 86 31 56 29 1138 66 5 77 145 26 17 NA 17 NA 6 66 0 5 18 33 0 0 0 0 0 5 18 33 0 0 0 0 1 140 235 9127 4923 16 22 39
154 69 116 85 31 58 31 1171 55 3 83 155 27 17 NA 17 NA 4 55 0 3 22 33 0 0 0 0 0 3 22 33 0 0 0 0 0 159 235 9176 4917 19 24 40
155 90 114 84 30 57 33 1177 62 4 83 158 27.5 17 NA 17 NA 6 62 0 3 22 32 0 0 0 0 0 3 22 32 0 0 0 0 1 143 236 9228 4917 20 25 38
156 71 118 88 30 59 35 1120 90 10 85 160 26 17 NA 17 NA 11 90 0 5 20 34 0 0 0 0 0 5 20 34 0 0 0 0 1 129 237 9301 4915 21 24 40
157 69 118 89 29 59 34 1141 57 7 88 164 27 17 NA 17 NA 8 57 0 6 19 34 0 0 0 0 0 6 19 34 0 0 0 0 1 147 238 9346 4912 24 24 40
158 79 117 90 27 59 33 1135 66 7 84 169 26 16 NA 16 NA 6 66 1 8 14 36 0 0 0 0 1 8 14 36 0 0 0 0 3 138 240 9403 4916 24 19 41
159 68 117 89 28 60 28 1093 64 9 82 171 24 16 NA 16 NA 6 64 2 9 14 35 0 0 0 0 2 9 14 35 0 0 0 0 2 119 242 9484 4918 23 19 40
160 75 117 90 27 60 25 1111 68 6 84 166 21 16 NA 16 NA 5 68 2 10 14 34 0 0 0 0 2 10 14 34 0 0 0 0 2 153 245 9532 4916 26 19 39
161 82 114 88 26 60 18 1129 58 9 84 172 22 16 NA 16 NA 2 58 2 11 12 35 0 0 0 0 2 11 12 35 0 0 0 0 1 160 247 9592 4916 28 16 40
162 83 113 88 25 58 18 1113 66 4 86 172 22 16 NA 16 NA 4 66 3 10 10 35 0 0 0 0 3 10 10 35 0 0 0 0 0 144 248 9667 4914 32 13 41
163 87 111 88 23 55 23 1126 59 3 84 173 22 16 NA 16 NA 10 59 3 8 8 36 0 0 0 0 3 8 8 36 0 0 0 0 0 152 250 9730 4916 31 11 42
164 70 111 88 23 58 28 1116 69 7 89 190 23 16 NA 16 NA 12 69 1 12 8 37 0 0 0 0 1 12 8 37 0 0 0 0 0 155 251 9811 4911 34 12 43
165 60 113 90 23 61 20 1119 66 11 91 182 23 16 NA 16 NA 5 66 2 14 8 37 0 0 0 0 2 14 8 37 0 0 0 0 1 152 252 9883 4909 35 13 43
166 78 108 87 21 59 20 1127 73 7 87 186 24 16 NA 16 NA 5 73 3 13 8 35 0 0 0 0 3 13 8 35 0 0 0 0 0 164 252 9947 4913 31 14 42
167 88 110 89 21 60 25 1136 57 3 88 178 24.5 15 NA 15 NA 8 57 4 12 9 35 0 0 0 0 4 12 9 35 0 0 0 0 1 151 252 10011 4912 31 14 43
168 73 113 91 22 61 20 1140 83 7 90 166 24 15 NA 15 NA 6 83 3 12 10 36 0 0 0 0 3 12 10 36 0 0 0 0 2 158 255 10061 4910 32 15 43
169 88 110 89 21 57 23 1117 73 4 86 155 24 15 NA 15 NA 7 73 2 11 11 33 0 0 0 0 2 11 11 33 0 0 0 0 2 122 255 10118 4914 28 18 40
170 74 110 90 20 58 22 1096 75 7 87 152 25 15 NA 15 NA 6 75 2 12 11 33 0 0 0 0 2 12 11 33 0 0 0 0 1 123 256 10168 4913 30 17 40
171 83 105 86 19 55 26 1120 58 3 85 156 24 15 NA 15 NA 7 58 2 13 9 31 0 0 0 0 2 13 9 31 0 0 0 0 2 145 257 10214 4915 32 15 38
172 78 105 87 18 53 30 1092 70 5 86 152 24 15 NA 15 NA 8 70 2 12 10 29 0 0 0 0 2 12 10 29 0 0 0 0 0 130 257 10288 4914 31 19 36
173 90 106 89 17 53 30 1102 53 9 85 163 24.5 15 NA 15 NA 8 53 1 13 12 27 0 0 0 0 1 13 12 27 0 0 0 0 0 144 257 10346 4915 29 22 34
174 79 105 88 17 52 37 1081 71 4 84 169 25 15 NA 15 NA 12 71 1 10 15 26 0 0 0 0 1 10 15 26 0 0 0 0 1 133 257 10412 4916 24 27 33
175 77 104 86 18 51 38 1079 67 11 82 154 26 15 NA 15 NA 12 67 1 10 15 25 0 0 0 0 1 10 15 25 0 0 0 0 1 144 257 10477 4918 22 28 32
176 88 98 80 18 51 35 1073 71 10 77 154 27 16 NA 16 NA 8 71 1 7 18 25 0 0 0 0 1 7 18 25 0 0 0 0 0 145 258 10535 4923 16 29 32
177 67 95 79 16 50 33 1058 63 8 75 158 27 16 NA 16 NA 7 63 1 6 19 24 0 0 0 0 1 6 19 24 0 0 0 0 2 122 259 10595 4925 16 29 30
178 72 91 75 16 48 31 1071 48 4 72 170 28 15.5 NA 15.5 NA 4 48 1 5 18 24 0 0 0 0 1 5 18 24 0 0 0 0 0 156 261 10670 4928 15 28 29
179 74 92 76 16 51 33 1073 61 8 72 164 29 16 NA 16 NA 9 61 1 7 17 26 0 0 0 0 1 7 17 26 0 0 0 0 1 150 263 10743 4928 14 27 31
180 83 93 76 17 53 31 1075 54 8 76 177 30 16 NA 16 NA 7 54 0 8 17 28 0 0 0 0 0 8 17 28 0 0 0 0 1 144 264 10806 4924 16 27 33
181 98 89 74 15 50 37 1090 78 6 73 178 31 16.5 NA 16.5 NA 11 78 0 7 14 29 0 0 0 0 0 7 14 29 0 0 0 0 0 165 264 10853 4927 16 23 34
182 60 93 78 15 51 33 1071 75 7 74 172 30 16 NA 16 NA 5 75 0 7 15 29 0 0 0 0 0 7 15 29 0 0 0 0 2 133 266 10913 4926 16 24 34
183 64 93 79 14 51 33 1093 58 9 72 176 31 17 NA 17 NA 6 58 0 7 16 28 0 0 0 0 0 7 16 28 0 0 0 0 0 157 266 10974 4928 13 25 34
184 86 88 74 14 53 33 1104 59 5 72 180 32 17 NA 17 NA 6 59 1 6 15 31 0 0 0 0 1 6 15 31 0 0 0 0 1 137 268 11023 4928 13 22 37
185 69 90 75 15 53 36 1110 65 7 74 179 33 17 NA 17 NA 11 65 1 6 14 32 0 0 0 0 1 6 14 32 0 0 0 0 1 144 269 11081 4926 15 20 39
186 80 93 78 15 53 31 1137 52 9 72 179 32 17 NA 17 NA 8 52 2 6 11 34 0 0 0 0 2 6 11 34 0 0 0 0 6 146 271 11126 4928 14 17 41
187 85 94 79 15 54 32 1168 62 5 73 191 32.5 16.5 NA 16.5 NA 7 62 1 8 11 34 0 0 0 0 1 8 11 34 0 0 0 0 0 178 273 11189 4927 15 17 41
188 71 92 78 14 51 37 1171 69 1 70 187 32.5 16 NA 16 NA 10 69 1 8 10 32 0 0 0 0 1 8 10 32 0 0 0 0 1 158 276 11256 4930 15 14 41
189 71 91 77 14 55 28 1200 71 13 70 179 33 16 NA 16 NA 4 71 3 9 10 33 0 0 0 0 3 9 10 33 0 0 0 0 0 156 278 11301 4930 15 13 42
190 81 92 78 14 54 30 1170 88 7 68 166 31.5 15.5 NA 15.5 NA 11 88 3 9 9 33 0 0 0 0 3 9 9 33 0 0 0 0 2 149 280 11368 4932 15 12 41
191 75 88 75 13 52 34 1164 77 2 65 177 32 16 NA 16 NA 7 77 3 7 8 34 0 0 0 0 3 7 8 34 0 0 0 0 1 153 281 11425 4935 15 10 40
192 85 85 71 14 47 36 1167 63 6 62 193 32 16 NA 16 NA 10 63 2 6 7 32 0 0 0 0 2 6 7 32 0 0 0 0 2 140 282 11484 4938 13 11 38
193 72 81 67 14 47 34 1144 67 8 60 199 33 16 NA 16 NA 6 67 2 6 8 31 0 0 0 0 2 6 8 31 0 0 0 0 0 140 282 11560 4940 13 11 36
194 75 78 65 13 44 27 1146 59 8 61 201 30.5 15.5 NA 15.5 NA 2 59 2 5 8 29 0 0 0 0 2 5 8 29 0 0 0 0 1 130 283 11612 4939 16 11 34
195 72 79 66 13 43 34 1138 74 4 61 194 27 15 NA 15 NA 11 74 1 6 8 28 0 0 0 0 1 6 8 28 0 0 0 0 2 160 283 11685 4939 17 10 34
196 78 80 65 15 41 36 1146 76 5 60 200 28 15 NA 15 NA 9 76 1 5 6 29 0 0 0 0 1 5 6 29 0 0 0 0 3 165 284 11740 4940 15 10 35
197 70 77 62 15 42 37 1165 74 11 57 194 27 15 NA 15 NA 12 74 2 7 6 27 0 0 0 0 2 7 6 27 0 0 0 0 2 165 285 11795 4943 14 11 32
198 77 77 62 15 43 35 1157 68 7 62 199 28 15 NA 15 NA 6 68 1 8 6 28 0 0 0 0 1 8 6 28 0 0 0 0 1 136 286 11858 4938 18 11 33
199 82 76 59 17 42 34 1163 65 6 59 196 27 15 NA 15 NA 7 65 1 7 8 26 0 0 0 0 1 7 8 26 0 0 0 0 1 161 288 11926 4941 16 12 31
200 88 79 59 20 42 32 1123 71 6 59 186 27 15 NA 15 NA 6 71 1 7 8 26 0 0 0 0 1 7 8 26 0 0 0 0 1 130 290 11999 4941 17 12 30
201 80 79 58 21 43 38 1107 66 6 59 191 27 15 NA 15 NA 10 66 1 7 10 25 0 0 0 0 1 7 10 25 0 0 0 0 0 137 290 12066 4941 17 12 30
202 73 79 58 21 45 33 1104 56 9 60 188 28 15 NA 15 NA 4 56 1 8 10 26 0 0 0 0 1 8 10 26 0 0 0 0 0 137 290 12128 4940 18 12 30
203 81 81 60 21 44 34 1096 58 2 60 189 26 15 NA 15 NA 7 58 0 8 11 25 0 0 0 0 0 8 11 25 0 0 0 0 3 138 293 12196 4940 17 14 29
204 72 81 60 21 44 34 1089 76 5 60 171 25 15 NA 15 NA 7 76 0 8 9 27 0 0 0 0 0 8 9 27 0 0 0 0 1 149 296 12259 4940 16 12 32
205 74 82 61 21 43 31 1087 61 5 58 160 25.5 15 NA 15 NA 6 61 0 8 9 26 0 0 0 0 0 8 9 26 0 0 0 0 2 134 300 12313 4942 15 12 31
206 79 83 59 24 43 31 1110 58 6 57 170 26 15 NA 15 NA 6 58 0 7 10 26 0 0 0 0 0 7 10 26 0 0 0 0 1 149 301 12363 4943 13 13 31
207 82 82 59 23 40 43 1104 65 2 55 174 24.5 15 NA 15 NA 14 65 0 6 10 24 0 0 0 0 0 6 10 24 0 0 0 0 1 143 301 12431 4945 13 13 29
208 84 83 60 23 39 39 1095 56 6 57 173 24 15 NA 15 NA 5 56 0 5 10 24 0 0 0 0 0 5 10 24 0 0 0 0 1 141 304 12503 4943 15 12 30
209 71 84 62 22 38 40 1087 75 9 58 168 23.5 15 NA 15 NA 11 75 0 4 9 25 0 0 0 0 0 4 9 25 0 0 0 0 2 151 305 12570 4942 16 11 31
210 87 83 61 22 38 35 1070 77 7 59 164 25 15 NA 15 NA 6 77 0 2 10 26 0 0 0 0 0 2 10 26 0 0 0 0 0 147 309 12631 4941 13 14 32
211 62 88 65 23 39 34 1062 60 2 61 161 25 15 NA 15 NA 4 60 0 3 9 27 0 0 0 0 0 3 9 27 0 0 0 0 5 131 311 12700 4939 15 13 33
212 73 87 65 22 39 31 1101 59 10 64 172 26 15 NA 15 NA 6 59 0 3 10 26 0 0 0 0 0 3 10 26 0 0 0 0 0 174 311 12756 4936 18 14 32
213 72 88 65 23 38 37 1107 76 2 64 173 24.5 14.5 NA 14.5 NA 8 76 0 4 9 25 0 0 0 0 0 4 9 25 0 0 0 0 2 142 312 12803 4936 19 14 31
214 67 85 62 23 39 42 1098 78 8 62 181 26 15 NA 15 NA 14 78 0 5 10 24 0 0 0 0 0 5 10 24 0 0 0 0 0 140 314 12864 4938 18 14 30
215 84 85 60 25 39 46 1088 79 12 59 179 23 15 NA 15 NA 13 79 0 7 10 22 0 0 0 0 0 7 10 22 0 0 0 0 2 141 314 12926 4941 17 13 29
216 72 83 57 26 41 43 1057 72 9 58 159 22 15 NA 15 NA 7 72 2 8 9 22 0 0 0 0 2 8 9 22 0 0 0 0 1 125 315 12992 4942 17 12 29
217 76 83 56 27 42 45 1069 73 6 57 159 21 14.5 NA 14.5 NA 11 73 3 8 10 21 0 0 0 0 3 8 10 21 0 0 0 0 3 149 317 13038 4943 18 12 27
218 94 85 58 27 42 42 1097 70 6 59 160 22 14.5 NA 14.5 NA 4 70 4 7 9 22 0 0 0 0 4 7 9 22 0 0 0 0 1 168 318 13090 4941 19 12 28
219 79 85 58 27 43 42 1081 72 8 61 159 22 15 NA 15 NA 9 72 3 10 8 22 0 0 0 0 3 10 8 22 0 0 0 0 0 142 319 13152 4939 21 12 28
220 70 87 59 28 41 45 1089 78 1 60 164 21 15 NA 15 NA 11 78 3 9 8 21 0 0 0 0 3 9 8 21 0 0 0 0 3 150 323 13202 4940 20 13 27
221 70 90 62 28 43 42 1108 76 9 62 171 21 15 NA 15 NA 6 76 3 10 8 22 0 0 0 0 3 10 8 22 0 0 0 0 3 164 323 13250 4938 20 14 28
222 83 88 60 28 42 41 1108 63 9 59 162 22 15 NA 15 NA 9 63 3 11 5 23 0 0 0 0 3 11 5 23 0 0 0 0 1 138 326 13303 4941 20 9 30
223 79 87 59 28 42 40 1094 60 6 60 156 22 15.5 NA 15.5 NA 5 60 1 12 8 21 0 0 0 0 1 12 8 21 0 0 0 0 2 129 328 13371 4940 21 11 28
224 63 89 60 29 43 39 1085 80 6 60 137 23 16 NA 16 NA 7 80 1 9 10 23 0 0 0 0 1 9 10 23 0 0 0 0 1 155 329 13443 4940 17 14 29
225 74 88 60 28 45 38 1112 54 5 62 146 23 16 NA 16 NA 4 54 3 7 12 23 0 0 0 0 3 7 12 23 0 0 0 0 0 151 329 13498 4938 18 15 29
226 75 89 60 29 43 38 1119 70 6 59 146 20 16 NA 16 NA 7 70 3 7 12 21 0 0 0 0 3 7 12 21 0 0 0 0 3 151 330 13550 4941 18 14 27
227 88 91 61 30 42 32 1147 57 5 62 156 21 16 NA 16 NA 5 57 3 6 12 21 0 0 0 0 3 6 12 21 0 0 0 0 2 149 334 13599 4938 21 14 27
228 80 89 61 28 41 39 1155 70 7 60 155 21 16 NA 16 NA 14 70 2 8 10 21 0 0 0 0 2 8 10 21 0 0 0 0 2 136 335 13642 4940 21 13 26
229 71 88 60 28 40 38 1163 72 5 58 165 21 16 NA 16 NA 8 72 1 8 12 19 0 0 0 0 1 8 12 19 0 0 0 0 0 161 339 13705 4942 20 14 24
230 75 90 63 27 40 30 1142 66 9 59 163 19 15.5 NA 15.5 NA 4 66 1 10 11 18 0 0 0 0 1 10 11 18 0 0 0 0 2 144 341 13782 4941 20 15 24
231 92 90 65 25 40 29 1122 70 7 59 160 19 15 NA 15 NA 5 70 1 9 13 17 0 0 0 0 1 9 13 17 0 0 0 0 1 138 341 13843 4941 19 17 23
232 80 89 65 24 41 25 1122 66 8 57 161 17 15 NA 15 NA 5 66 1 12 11 17 0 0 0 0 1 12 11 17 0 0 0 0 3 157 342 13914 4943 22 15 20
233 81 90 66 24 41 29 1077 75 3 61 152 18 15 NA 15 NA 7 75 1 10 11 19 0 0 0 0 1 10 11 19 0 0 0 0 1 126 343 13988 4939 24 15 22
234 67 90 68 22 41 35 1101 63 2 60 166 17.5 14 NA 14 NA 11 63 1 11 11 18 0 0 0 0 1 11 11 18 0 0 0 0 2 146 346 14035 4940 25 15 20
235 80 88 67 21 41 29 1101 69 8 60 167 18.5 14 NA 14 NA 3 69 0 11 11 19 0 0 0 0 0 11 11 19 0 0 0 0 0 147 347 14093 4940 23 16 21
236 74 89 68 21 40 30 1083 58 6 61 171 18 14 NA 14 NA 7 58 0 11 10 19 0 0 0 0 0 11 10 19 0 0 0 0 1 133 347 14169 4939 25 14 22
237 91 91 68 23 38 26 1092 51 6 58 176 18 14 NA 14 NA 3 51 0 11 9 18 0 0 0 0 0 11 9 18 0 0 0 0 2 145 349 14229 4942 23 14 21
238 78 92 68 24 38 28 1077 53 6 59 172 18 14 NA 14 NA 7 53 0 11 10 17 0 0 0 0 0 11 10 17 0 0 0 0 3 117 349 14290 4941 25 14 20
239 84 91 67 24 36 29 1104 64 5 59 175 18 14 NA 14 NA 7 64 0 8 12 16 0 0 0 0 0 8 12 16 0 0 0 0 0 162 350 14341 4941 24 16 19
240 92 88 64 24 36 33 1123 74 6 56 187 19 14.5 NA 14.5 NA 10 74 0 8 13 15 0 0 0 0 0 8 13 15 0 0 0 0 0 170 351 14396 4944 22 17 17
241 87 88 65 23 37 39 1085 81 5 58 180 20 14 NA 14 NA 12 81 1 8 13 15 0 0 0 0 1 8 13 15 0 0 0 0 0 141 353 14467 4942 24 17 17
242 71 87 65 22 38 36 1057 86 10 60 173 20 15.5 NA 15.5 NA 6 86 1 8 15 14 0 0 0 0 1 8 15 14 0 0 0 0 0 134 354 14528 4940 25 17 18
243 72 86 64 22 39 39 1054 75 5 62 172 21.5 16 NA 16 NA 11 75 0 8 14 17 0 0 0 0 0 8 14 17 0 0 0 0 0 141 355 14584 4938 25 16 21
244 72 87 65 22 41 30 1054 62 10 65 162 22 17 NA 17 NA 2 62 0 9 15 17 0 0 0 0 0 9 15 17 0 0 0 0 0 153 357 14656 4935 26 18 21
245 71 86 64 22 42 27 1068 61 8 65 161 23 17 NA 17 NA 5 61 0 7 16 19 0 0 0 0 0 7 16 19 0 0 0 0 0 135 358 14706 4935 23 19 23
246 69 87 65 22 44 28 1114 50 4 68 180 24 16.5 NA 16.5 NA 7 50 0 7 18 19 0 0 0 0 0 7 18 19 0 0 0 0 1 175 359 14770 4932 24 21 23
247 66 89 67 22 45 26 1102 67 9 67 175 23 16 NA 16 NA 8 67 0 7 16 22 0 0 0 0 0 7 16 22 0 0 0 0 2 139 360 14831 4933 23 19 25
248 67 89 66 23 45 32 1112 63 5 68 170 24 16 NA 16 NA 9 63 0 8 16 21 0 0 0 0 0 8 16 21 0 0 0 0 2 143 360 14885 4932 23 21 24
249 78 91 67 24 46 35 1106 65 8 73 179 23 16 NA 16 NA 14 65 0 9 15 22 0 0 0 0 0 9 15 22 0 0 0 0 1 143 360 14948 4927 28 19 26
250 73 92 68 24 47 32 1133 68 11 76 173 24 16 NA 16 NA 9 68 0 8 17 22 0 0 0 0 0 8 17 22 0 0 0 0 0 155 362 14993 4924 29 21 26
251 76 94 71 23 47 30 1117 69 5 77 165 24 17 NA 17 NA 4 69 0 9 15 23 0 0 0 0 0 9 15 23 0 0 0 0 1 132 363 15053 4923 29 21 27
252 79 92 69 23 46 29 1078 67 6 74 162 24.5 18 NA 18 NA 5 67 0 9 14 23 0 0 0 0 0 9 14 23 0 0 0 0 1 120 364 15121 4926 27 20 27
253 65 91 68 23 47 31 1089 72 3 74 169 26 18 NA 18 NA 8 72 0 8 15 24 0 0 0 0 0 8 15 24 0 0 0 0 0 158 368 15181 4926 24 22 28
254 79 91 69 22 46 28 1103 60 6 74 175 26 17.5 NA 17.5 NA 6 60 0 7 14 25 0 0 0 0 0 7 14 25 0 0 0 0 0 149 371 15236 4926 23 22 29
255 69 89 67 22 42 27 1095 65 9 70 159 26 17.5 NA 17.5 NA 8 65 0 6 13 23 0 0 0 0 0 6 13 23 0 0 0 0 3 133 372 15300 4930 21 22 27
256 61 91 68 23 43 37 1087 65 2 72 158 26 17 NA 17 NA 12 65 0 5 14 24 0 0 0 0 0 5 14 24 0 0 0 0 1 127 372 15360 4928 19 24 29
257 74 93 70 23 42 41 1098 67 8 70 167 26 17.5 NA 17.5 NA 13 67 0 4 12 26 0 0 0 0 0 4 12 26 0 0 0 0 1 152 372 15413 4930 18 21 31
258 72 95 70 25 43 40 1077 68 11 70 162 26 17 NA 17 NA 9 68 1 3 11 28 0 0 0 0 1 3 11 28 0 0 0 0 0 140 372 15488 4930 16 21 33
259 75 96 71 25 42 37 1096 63 9 70 171 26.5 17 NA 17 NA 5 63 1 5 10 26 0 0 0 0 1 5 10 26 0 0 0 0 2 166 372 15554 4930 19 20 31
260 80 95 71 24 43 38 1078 72 2 71 160 27 17 NA 17 NA 5 72 1 5 11 26 0 0 0 0 1 5 11 26 0 0 0 0 0 136 373 15616 4929 19 20 32
261 82 95 69 26 44 37 1113 61 7 72 157 27 17.5 NA 17.5 NA 7 61 0 6 13 25 0 0 0 0 0 6 13 25 0 0 0 0 1 170 374 15671 4928 16 25 31
262 75 97 70 27 48 37 1101 62 5 73 159 28 18 NA 18 NA 5 62 0 5 16 27 0 0 0 0 0 5 16 27 0 0 0 0 2 144 376 15742 4927 14 26 33
263 68 99 73 26 49 34 1118 64 7 73 157 27 18 NA 18 NA 5 64 0 6 14 29 0 0 0 0 0 6 14 29 0 0 0 0 2 138 378 15788 4927 14 24 35
264 63 99 74 25 47 41 1125 77 6 72 163 27 18 NA 18 NA 14 77 0 5 13 29 0 0 0 0 0 5 13 29 0 0 0 0 3 148 379 15836 4928 15 22 35
265 71 99 74 25 49 45 1140 68 9 72 176 28 18 NA 18 NA 12 68 1 6 11 31 0 0 0 0 1 6 11 31 0 0 0 0 0 162 379 15903 4928 14 21 37
266 84 103 75 28 50 45 1126 81 10 71 171 28 18 NA 18 NA 11 81 1 7 10 32 0 0 0 0 1 7 10 32 0 0 0 0 3 138 380 15956 4929 14 20 37
267 85 104 77 27 50 34 1128 59 16 72 174 27.5 18 NA 18 NA 5 59 1 9 9 31 0 0 0 0 1 9 9 31 0 0 0 0 0 140 381 16015 4928 17 18 37
268 85 105 77 28 51 38 1101 71 4 71 172 24 18 NA 18 NA 9 71 2 8 10 31 0 0 0 0 2 8 10 31 0 0 0 0 3 122 383 16070 4929 17 16 38
269 86 105 77 28 52 33 1091 63 7 72 167 22 18 NA 18 NA 5 63 3 7 11 31 0 0 0 0 3 7 11 31 0 0 0 0 3 134 386 16131 4928 20 15 37
270 66 106 78 28 54 31 1115 76 9 73 178 23 18 NA 18 NA 8 76 3 9 10 32 0 0 0 0 3 9 10 32 0 0 0 0 3 165 388 16181 4927 22 13 38
271 72 105 77 28 53 36 1100 80 5 74 168 24 18 NA 18 NA 10 80 2 7 12 32 0 0 0 0 2 7 12 32 0 0 0 0 0 144 389 16245 4926 21 15 38
272 64 104 75 29 52 34 1105 58 10 71 185 22.5 18 NA 18 NA 10 58 2 7 12 31 0 0 0 0 2 7 12 31 0 0 0 0 2 142 391 16309 4929 20 15 36
273 72 103 75 28 51 33 1099 64 6 72 194 23 18 NA 18 NA 5 64 2 6 9 34 0 0 0 0 2 6 9 34 0 0 0 0 0 143 392 16379 4928 21 12 39
274 71 100 74 26 50 26 1107 56 9 69 186 22.5 18 NA 18 NA 4 56 2 7 9 32 0 0 0 0 2 7 9 32 0 0 0 0 1 129 394 16431 4931 20 11 38
275 77 102 74 28 50 28 1072 84 4 73 174 23 18 NA 18 NA 6 84 1 7 9 33 0 0 0 0 1 7 9 33 0 0 0 0 0 125 395 16491 4927 23 11 39
276 69 101 73 28 51 31 1066 76 7 75 170 24 18 NA 18 NA 11 76 0 10 8 33 0 0 0 0 0 10 8 33 0 0 0 0 0 143 397 16548 4925 24 12 39
277 71 100 72 28 52 24 1076 69 10 73 165 22.5 17 NA 17 NA 4 69 1 11 8 32 0 0 0 0 1 11 8 32 0 0 0 0 0 142 399 16600 4927 24 11 38
278 74 101 73 28 53 25 1090 63 7 78 171 23 17 NA 17 NA 9 63 0 11 10 32 0 0 0 0 0 11 10 32 0 0 0 0 0 150 401 16655 4922 28 12 38
279 73 101 72 29 52 24 1072 63 5 78 168 23 17.5 NA 17.5 NA 3 63 0 11 11 30 0 0 0 0 0 11 11 30 0 0 0 0 2 126 401 16716 4922 28 15 35
280 81 103 74 29 51 32 1092 64 1 80 178 23 17 NA 17 NA 10 64 0 10 11 30 0 0 0 0 0 10 11 30 0 0 0 0 3 156 402 16769 4920 29 15 36
281 70 102 74 28 53 29 1098 64 10 83 185 24.5 17 NA 17 NA 8 64 0 11 12 30 0 0 0 0 0 11 12 30 0 0 0 0 0 154 404 16836 4917 30 17 36
282 78 102 74 28 55 22 1105 60 12 85 179 25 17 NA 17 NA 3 60 0 13 13 29 0 0 0 0 0 13 13 29 0 0 0 0 0 147 404 16903 4915 31 19 35
283 70 103 74 29 55 21 1103 59 5 86 167 25 17 NA 17 NA 5 59 0 11 13 31 0 0 0 0 0 11 13 31 0 0 0 0 2 135 405 16964 4914 30 19 37
284 77 99 72 27 53 23 1109 74 4 82 155 26 17 NA 17 NA 5 74 0 11 12 30 0 0 0 0 0 11 12 30 0 0 0 0 0 152 407 17015 4918 28 18 36
285 74 99 72 27 53 26 1100 56 4 80 160 26 17 NA 17 NA 9 56 0 11 12 30 0 0 0 0 0 11 12 30 0 0 0 0 1 136 410 17085 4920 27 18 35
286 78 98 73 25 53 20 1091 67 10 78 162 27 17 NA 17 NA 3 67 0 10 13 30 0 0 0 0 0 10 13 30 0 0 0 0 3 137 410 17146 4922 25 18 35
287 95 100 76 24 52 24 1093 70 3 79 163 25.5 18 NA 18 NA 7 70 0 8 15 29 0 0 0 0 0 8 15 29 0 0 0 0 3 148 410 17199 4921 24 21 34
288 80 103 79 24 52 24 1087 60 4 79 165 25 18 NA 18 NA 4 60 0 5 17 30 0 0 0 0 0 5 17 30 0 0 0 0 1 135 411 17258 4921 21 22 36
289 71 105 80 25 53 31 1077 72 3 79 169 26 18 NA 18 NA 10 72 0 6 17 30 0 0 0 0 0 6 17 30 0 0 0 0 1 138 412 17318 4921 21 22 36
290 80 104 79 25 55 30 1071 67 9 77 175 27 18 NA 18 NA 9 67 0 6 19 30 0 0 0 0 0 6 19 30 0 0 0 0 1 138 413 17378 4923 17 25 35
291 74 106 81 25 55 36 1069 80 6 79 180 27.5 18 NA 18 NA 14 80 0 4 19 32 0 0 0 0 0 4 19 32 0 0 0 0 2 147 415 17432 4921 16 25 38
292 80 105 80 25 55 37 1073 69 10 81 171 29 18 NA 18 NA 11 69 0 2 19 34 0 0 0 0 0 2 19 34 0 0 0 0 0 154 415 17493 4919 16 25 40
293 75 108 83 25 57 31 1080 64 9 79 161 28 18 NA 18 NA 4 64 1 4 18 34 0 0 0 0 1 4 18 34 0 0 0 0 4 154 416 17556 4921 15 23 41
294 91 107 81 26 56 36 1071 70 4 76 166 28 18 NA 18 NA 10 70 1 4 17 34 0 0 0 0 1 4 17 34 0 0 0 0 2 142 417 17617 4924 14 22 40
295 69 106 80 26 56 39 1061 76 7 76 155 29 18 NA 18 NA 10 76 1 3 14 38 0 0 0 0 1 3 14 38 0 0 0 0 0 152 417 17685 4924 13 20 43
296 84 104 79 25 54 39 1064 48 3 74 164 29.5 18 NA 18 NA 5 48 1 3 14 36 0 0 0 0 1 3 14 36 0 0 0 0 3 143 419 17752 4926 13 20 41
297 69 104 79 25 53 41 1108 56 9 74 186 30 18 NA 18 NA 13 56 0 4 12 37 0 0 0 0 0 4 12 37 0 0 0 0 2 161 421 17802 4926 15 18 41
298 83 105 82 23 52 35 1143 65 11 75 199 30 18 NA 18 NA 7 65 0 5 11 36 0 0 0 0 0 5 11 36 0 0 0 0 3 160 422 17850 4925 17 18 40
299 76 106 82 24 52 38 1111 63 4 78 187 29.5 18 NA 18 NA 9 63 0 5 10 37 0 0 0 0 0 5 10 37 0 0 0 0 1 120 422 17920 4922 18 17 43
300 74 108 82 26 53 36 1109 78 8 81 189 30 18 NA 18 NA 8 78 0 6 8 39 0 0 0 0 0 6 8 39 0 0 0 0 1 145 424 17974 4919 21 15 45
301 69 106 80 26 54 38 1098 61 6 81 183 31.5 18 NA 18 NA 8 61 0 7 8 39 0 0 0 0 0 7 8 39 0 0 0 0 0 122 424 18030 4919 21 15 45
302 61 106 80 26 54 35 1098 77 9 81 172 32 18 NA 18 NA 9 77 0 8 6 40 0 0 0 0 0 8 6 40 0 0 0 0 1 141 427 18079 4919 21 13 47
303 82 106 80 26 53 31 1079 73 11 80 160 28 18 NA 18 NA 9 73 1 7 7 38 0 0 0 0 1 7 7 38 0 0 0 0 2 133 429 18144 4920 22 12 46
304 84 108 83 25 54 32 1099 54 10 77 171 25 18 NA 18 NA 8 54 1 8 8 37 0 0 0 0 1 8 8 37 0 0 0 0 3 151 429 18205 4923 20 13 44
305 79 104 79 25 49 33 1102 62 5 75 171 21.5 18 NA 18 NA 8 62 1 8 7 33 0 0 0 0 1 8 7 33 0 0 0 0 0 150 431 18274 4925 24 12 39
306 75 102 78 24 48 33 1114 73 5 75 174 22.5 18 NA 18 NA 6 73 1 8 6 33 0 0 0 0 1 8 6 33 0 0 0 0 1 157 431 18331 4925 25 10 40
307 80 102 78 24 49 36 1089 77 6 73 174 22 18 NA 18 NA 8 77 1 11 6 31 0 0 0 0 1 11 6 31 0 0 0 0 1 135 432 18396 4927 24 10 39
308 93 105 78 27 50 32 1103 59 6 76 176 22 18 NA 18 NA 4 59 1 11 7 31 0 0 0 0 1 11 7 31 0 0 0 0 1 156 434 18456 4924 26 11 39
309 82 108 80 28 53 28 1107 57 8 78 177 22.5 18 NA 18 NA 7 57 0 14 8 31 0 0 0 0 0 14 8 31 0 0 0 0 2 151 437 18528 4922 27 13 38
310 78 107 79 28 54 29 1131 48 6 81 183 23 18 NA 18 NA 8 48 0 11 11 32 0 0 0 0 0 11 11 32 0 0 0 0 0 152 438 18594 4919 28 15 38
311 74 113 80 33 55 30 1141 54 4 83 181 24 18 NA 18 NA 5 54 0 9 12 34 0 0 0 0 0 9 12 34 0 0 0 0 3 131 439 18644 4917 26 16 41
312 80 112 80 32 56 29 1153 65 7 84 191 24 18 NA 18 NA 6 65 0 10 13 33 0 0 0 0 0 10 13 33 0 0 0 0 0 163 439 18708 4916 26 19 39
313 76 109 78 31 54 36 1156 55 2 81 192 25 17.5 NA 17.5 NA 10 55 0 9 14 31 0 0 0 0 0 9 14 31 0 0 0 0 0 130 439 18759 4919 25 20 36
314 105 108 77 31 51 34 1142 65 7 76 194 23 17 NA 17 NA 6 65 0 9 13 29 0 0 0 0 0 9 13 29 0 0 0 0 5 131 439 18816 4924 24 19 33
315 63 112 81 31 53 29 1148 71 7 79 186 22 17 NA 17 NA 5 71 0 7 15 31 0 0 0 0 0 7 15 31 0 0 0 0 4 145 440 18874 4921 24 20 35
316 65 114 83 31 54 26 1126 75 8 83 174 23 17.5 NA 17.5 NA 6 75 0 7 16 31 0 0 0 0 0 7 16 31 0 0 0 0 0 136 442 18942 4917 29 19 35
317 68 115 85 30 54 32 1105 74 4 84 178 23 18 NA 18 NA 10 74 0 8 16 30 0 0 0 0 0 8 16 30 0 0 0 0 1 137 443 19012 4916 27 23 34
318 86 113 83 30 52 33 1088 62 7 82 177 24 18 NA 18 NA 7 62 0 7 17 28 0 0 0 0 0 7 17 28 0 0 0 0 1 139 443 19075 4918 25 25 32
319 69 113 84 29 51 42 1086 74 5 81 180 23 18 NA 18 NA 14 74 0 9 17 25 0 0 0 0 0 9 17 25 0 0 0 0 2 143 444 19132 4919 27 24 30
320 80 112 84 28 51 40 1072 62 9 80 177 23 17 NA 17 NA 10 62 0 9 17 25 0 0 0 0 0 9 17 25 0 0 0 0 2 141 448 19202 4920 25 25 30
321 71 115 87 28 54 36 1051 75 11 84 174 24 17 NA 17 NA 6 75 0 9 17 28 0 0 0 0 0 9 17 28 0 0 0 0 2 138 448 19269 4916 26 26 32
322 72 112 85 27 54 26 1079 64 11 80 169 24 17 NA 17 NA 3 64 0 9 16 29 0 0 0 0 0 9 16 29 0 0 0 0 1 170 450 19330 4920 23 26 31
323 86 112 85 27 56 30 1080 64 3 84 173 25 17 NA 17 NA 8 64 1 7 15 33 0 0 0 0 1 7 15 33 0 0 0 0 0 134 452 19385 4916 25 24 35
324 77 107 81 26 54 29 1062 75 6 82 173 26 17 NA 17 NA 4 75 1 7 14 32 0 0 0 0 1 7 14 32 0 0 0 0 0 144 452 19457 4918 25 22 35
325 64 107 79 28 55 34 1085 54 3 80 176 27 18 NA 18 NA 9 54 1 8 12 34 0 0 0 0 1 8 12 34 0 0 0 0 2 141 452 19507 4920 24 20 36
326 80 106 78 28 53 32 1080 59 6 82 173 27.5 18 NA 18 NA 5 59 0 7 12 34 0 0 0 0 0 7 12 34 0 0 0 0 1 137 453 19571 4918 26 20 36
327 86 105 78 27 53 30 1088 56 6 83 160 25 18 NA 18 NA 3 56 0 7 10 36 0 0 0 0 0 7 10 36 0 0 0 0 3 146 455 19634 4917 27 19 37
328 80 108 81 27 55 28 1097 65 6 83 156 24 19 NA 19 NA 4 65 1 8 13 33 0 0 0 0 1 8 13 33 0 0 0 0 4 143 456 19687 4917 26 23 34
329 71 108 79 29 56 30 1102 68 1 83 151 25 18.5 NA 18.5 NA 3 68 1 7 15 33 0 0 0 0 1 7 15 33 0 0 0 0 0 149 457 19746 4917 25 20 38
330 77 111 83 28 55 28 1117 60 4 83 156 25 18 NA 18 NA 5 60 1 7 15 32 0 0 0 0 1 7 15 32 0 0 0 0 0 154 459 19802 4917 26 19 38
331 82 109 81 28 53 25 1113 74 4 82 161 24 18 NA 18 NA 4 74 2 6 16 29 0 0 0 0 2 6 16 29 0 0 0 0 0 142 461 19859 4918 26 21 35
332 80 113 85 28 55 20 1132 57 5 83 164 24 18 NA 18 NA 2 57 2 8 15 30 0 0 0 0 2 8 15 30 0 0 0 0 1 159 464 19921 4917 25 21 37
333 77 111 82 29 53 20 1109 72 2 82 153 25 18 NA 18 NA 5 72 1 7 14 31 0 0 0 0 1 7 14 31 0 0 0 0 1 136 466 19989 4918 22 22 38
334 65 110 83 27 54 23 1107 71 6 79 158 25 18 NA 18 NA 6 71 1 10 11 32 0 0 0 0 1 10 11 32 0 0 0 0 2 161 466 20063 4921 23 17 39
335 69 108 81 27 53 27 1102 82 7 77 154 24 17 NA 17 NA 11 82 1 10 12 30 0 0 0 0 1 10 12 30 0 0 0 0 2 146 466 20117 4923 20 20 37
336 72 103 77 26 54 33 1103 78 7 72 157 25 17 NA 17 NA 13 78 1 10 14 29 0 0 0 0 1 10 14 29 0 0 0 0 0 154 467 20173 4928 17 20 35
337 70 103 77 26 55 28 1109 66 9 72 153 26 17 NA 17 NA 6 66 0 11 16 28 0 0 0 0 0 11 16 28 0 0 0 0 2 154 468 20239 4928 18 20 34
338 81 101 76 25 54 22 1121 60 8 71 154 27 18.5 NA 18.5 NA 4 60 0 8 17 29 0 0 0 0 0 8 17 29 0 0 0 0 1 153 469 20295 4929 17 20 34
339 94 103 76 27 54 23 1129 71 7 74 158 27 17.5 NA 17.5 NA 8 71 0 7 16 31 0 0 0 0 0 7 16 31 0 0 0 0 1 164 469 20354 4926 17 21 36
340 73 105 78 27 57 27 1142 62 10 79 170 25 17 NA 17 NA 11 62 0 8 17 32 0 0 0 0 0 8 17 32 0 0 0 0 2 155 469 20413 4921 21 21 37
341 76 105 79 26 57 28 1130 72 7 80 171 26 16 NA 16 NA 9 72 0 9 15 33 0 0 0 0 0 9 15 33 0 0 0 0 1 136 471 20472 4920 21 21 38
342 81 103 78 25 58 28 1143 82 10 80 171 27 16 NA 16 NA 8 82 0 11 15 32 0 0 0 0 0 11 15 32 0 0 0 0 2 171 471 20534 4920 23 20 37
343 58 104 79 25 60 28 1173 58 9 80 165 27 16.5 NA 16.5 NA 8 58 0 13 15 32 0 0 0 0 0 13 15 32 0 0 0 0 1 155 471 20587 4920 24 19 37
344 60 105 79 26 60 26 1153 63 8 82 176 27 16.5 NA 16.5 NA 5 63 0 14 13 33 0 0 0 0 0 14 13 33 0 0 0 0 1 138 471 20663 4918 27 17 38
345 73 104 79 25 61 31 1178 76 5 80 183 28 17 NA 17 NA 9 76 0 13 13 35 0 0 0 0 0 13 13 35 0 0 0 0 1 162 471 20709 4920 25 16 39
346 71 104 78 26 60 31 1162 66 5 78 176 24.5 17 NA 17 NA 7 66 0 12 14 34 0 0 0 0 0 12 14 34 0 0 0 0 2 135 472 20779 4922 25 16 37
347 78 105 78 27 60 28 1147 59 6 79 174 25 17 NA 17 NA 5 59 0 10 13 37 0 0 0 0 0 10 13 37 0 0 0 0 0 128 474 20845 4921 24 14 41
348 101 100 73 27 56 32 1123 86 3 75 157 25 17 NA 17 NA 8 86 0 10 12 34 0 0 0 0 0 10 12 34 0 0 0 0 0 167 475 20921 4925 24 13 38
349 68 103 75 28 56 31 1125 71 7 77 149 23 17 NA 17 NA 6 71 0 10 13 33 0 0 0 0 0 10 13 33 0 0 0 0 4 149 476 20980 4923 26 14 37
350 79 103 76 27 57 32 1130 65 6 78 160 24 17 NA 17 NA 7 65 0 10 13 34 0 0 0 0 0 10 13 34 0 0 0 0 1 152 477 21045 4922 25 15 38
351 78 100 73 27 56 36 1100 70 6 78 169 24.5 16 NA 16 NA 11 70 1 9 12 34 0 0 0 0 1 9 12 34 0 0 0 0 0 128 478 21117 4922 24 15 39
352 77 102 73 29 58 43 1085 71 6 79 161 25 16 NA 16 NA 14 71 1 7 15 35 0 0 0 0 1 7 15 35 0 0 0 0 1 140 479 21184 4921 20 19 40
353 83 104 75 29 56 37 1106 52 12 78 169 25 16 NA 16 NA 8 52 1 7 15 33 0 0 0 0 1 7 15 33 0 0 0 0 5 147 481 21240 4922 20 20 38
354 81 103 75 28 55 39 1082 79 8 78 163 26 16 NA 16 NA 9 79 0 9 13 33 0 0 0 0 0 9 13 33 0 0 0 0 2 140 483 21305 4922 21 19 38
355 82 101 73 28 54 41 1076 57 4 76 180 26 16 NA 16 NA 7 57 0 10 13 31 0 0 0 0 0 10 13 31 0 0 0 0 0 150 483 21379 4924 21 20 35
356 78 99 72 27 53 39 1092 69 9 75 169 27 16 NA 16 NA 9 69 0 9 14 30 0 0 0 0 0 9 14 30 0 0 0 0 0 154 485 21426 4925 19 23 33
357 83 102 74 28 55 36 1112 59 9 76 163 26.5 16 NA 16 NA 10 59 1 10 14 30 0 0 0 0 1 10 14 30 0 0 0 0 4 161 489 21487 4924 20 23 33
358 66 104 76 28 57 32 1125 70 7 77 170 26 16 NA 16 NA 4 70 1 12 14 30 0 0 0 0 1 12 14 30 0 0 0 0 2 156 491 21550 4923 21 23 33
359 62 104 75 29 57 33 1159 70 7 76 176 27 16 NA 16 NA 10 70 1 11 14 31 0 0 0 0 1 11 14 31 0 0 0 0 3 171 492 21602 4924 20 22 34
360 69 107 78 29 58 34 1146 61 8 76 170 26 15.5 NA 15.5 NA 8 61 1 13 14 30 0 0 0 0 1 13 14 30 0 0 0 0 3 131 493 21671 4924 21 22 33
