1 82 94 81 13 43 33 1212 60 14 72 23 25 18 NA 18 NA 13 60 1 6 16 20 0 0 0 0 1 6 16 20 0 0 0 0 0 129 0 0 4928 19 26 27
2 93 93 77 16 44 31 1279 60 14 70 59 26 18 NA 18 NA 8 60 1 6 15 22 0 0 0 0 1 6 15 22 0 0 0 0 0 153 0 0 4930 19 25 26
3 73 93 74 19 45 32 1327 60 5 69 84 26 18 NA 18 NA 5 60 1 7 15 22 0 0 0 0 1 7 15 22 0 0 0 0 0 131 0 0 4931 18 25 26
4 71 97 78 19 44 29 1383 58 6 70 95 25 18 NA 18 NA 3 58 1 7 15 21 0 0 0 0 1 7 15 21 0 0 0 0 4 133 0 0 4930 19 26 25
5 94 95 76 19 43 38 1409 88 4 69 109 26 17 NA 17 NA 12 88 1 8 15 19 0 0 0 0 1 8 15 19 0 0 0 0 0 154 0 0 4931 20 26 23
6 94 94 74 20 44 38 1436 76 8 68 124 27 17.5 NA 17.5 NA 9 76 1 6 16 21 0 0 0 0 1 6 16 21 0 0 0 0 2 131 0 0 4932 17 25 26
7 83 94 75 19 45 39 1461 90 10 67 124 26 17 NA 17 NA 9 90 0 9 14 22 0 0 0 0 0 9 14 22 0 0 0 0 0 142 0 0 4933 17 23 27
8 73 97 74 23 46 39 1498 69 8 67 125 25 17 NA 17 NA 7 69 1 9 14 22 0 0 0 0 1 9 14 22 0 0 0 0 1 131 0 0 4933 17 23 27
9 68 100 77 23 48 36 1517 79 11 68 133 23.5 17 NA 17 NA 8 79 2 10 12 24 0 0 0 0 2 10 12 24 0 0 0 0 2 124 0 0 4932 18 22 28
10 75 104 81 23 48 40 1531 78 6 71 144 23 17 NA 17 NA 10 78 3 10 11 24 0 0 0 0 3 10 11 24 0 0 0 0 4 123 0 0 4929 21 21 29
11 70 101 79 22 47 41 1541 78 6 68 148 24 17 NA 17 NA 7 78 3 8 12 24 0 0 0 0 3 8 12 24 0 0 0 0 0 109 0 0 4932 17 21 30
12 68 100 78 22 48 43 1559 84 7 67 146 25 17 NA 17 NA 10 84 3 8 11 26 0 0 0 0 3 8 11 26 0 0 0 0 0 123 0 0 4933 15 19 33
13 82 100 78 22 51 33 1010 65 9 67 147 25.5 17 NA 17 NA 9 65 5 8 9 29 0 0 0 0 5 8 9 29 0 0 0 0 1 139 8 606 4933 16 15 36
14 65 97 76 21 51 28 1034 46 9 68 147 26 17 NA 17 NA 5 46 3 9 10 29 0 0 0 0 3 9 10 29 0 0 0 0 0 153 11 673 4932 18 15 35
15 79 95 74 21 52 28 1035 68 7 68 149 24 17 NA 17 NA 9 68 3 9 11 29 0 0 0 0 3 9 11 29 0 0 0 0 0 151 14 732 4932 20 14 34
16 76 95 75 20 51 25 1074 53 8 70 170 23 17 NA 17 NA 5 53 1 11 11 28 0 0 0 0 1 11 11 28 0 0 0 0 1 161 15 781 4930 23 14 33
17 65 94 74 20 53 31 1060 70 8 69 160 23.5 17 NA 17 NA 13 70 2 12 12 27 0 0 0 0 2 12 12 27 0 0 0 0 1 146 16 846 4931 22 15 32
18 70 93 73 20 54 31 1065 79 6 69 156 25 17 NA 17 NA 7 79 2 10 13 29 0 0 0 0 2 10 13 29 0 0 0 0 0 143 18 887 4931 20 15 34
19 54 93 73 20 55 32 1066 71 5 71 147 26 17 NA 17 NA 6 71 2 10 14 29 0 0 0 0 2 10 14 29 0 0 0 0 0 146 18 949 4929 21 15 35
20 86 94 75 19 56 30 1059 58 9 73 148 25.5 17 NA 17 NA 7 58 1 13 13 29 0 0 0 0 1 13 13 29 0 0 0 0 2 127 19 1005 4927 24 15 34
21 70 95 76 19 55 33 1093 53 3 76 162 25 17 NA 17 NA 8 53 1 12 14 28 0 0 0 0 1 12 14 28 0 0 0 0 2 149 19 1052 4924 27 15 34
22 95 91 71 20 53 33 1073 76 6 76 150 24 17 NA 17 NA 5 76 0 12 14 27 0 0 0 0 0 12 14 27 0 0 0 0 0 128 19 1099 4924 28 16 32
23 79 93 73 20 52 32 1091 68 7 74 145 22 17 NA 17 NA 9 68 0 12 12 28 0 0 0 0 0 12 12 28 0 0 0 0 2 149 22 1149 4926 28 14 32
24 79 96 76 20 54 28 1097 66 9 73 139 22 17 NA 17 NA 6 66 0 14 11 29 0 0 0 0 0 14 11 29 0 0 0 0 3 140 24 1200 4927 27 13 33
25 55 96 76 20 55 30 1131 63 4 74 154 23 17 NA 17 NA 6 63 0 14 12 29 0 0 0 0 0 14 12 29 0 0 0 0 0 168 25 1254 4926 27 14 33
26 78 95 75 20 54 32 1142 62 3 73 168 24 17 NA 17 NA 7 62 0 11 14 29 0 0 0 0 0 11 14 29 0 0 0 0 1 155 27 1321 4927 24 16 33
27 82 95 76 19 53 27 1123 73 8 72 179 24 17 NA 17 NA 3 73 1 11 13 28 0 0 0 0 1 11 13 28 0 0 0 0 1 150 28 1394 4928 24 16 32
28 95 100 81 19 51 23 1116 67 8 72 163 23 17 NA 17 NA 4 67 1 8 14 28 0 0 0 0 1 8 14 28 0 0 0 0 4 153 28 1458 4928 22 18 32
29 63 100 81 19 51 31 1151 77 2 71 178 22.5 17 NA 17 NA 11 77 1 9 13 28 0 0 0 0 1 9 13 28 0 0 0 0 1 172 29 1510 4929 23 16 32
30 64 101 82 19 53 34 1133 79 6 71 173 23 17 NA 17 NA 13 79 1 9 13 30 0 0 0 0 1 9 13 30 0 0 0 0 1 151 33 1583 4929 22 16 33
31 68 101 83 18 54 31 1124 67 8 71 169 24 16.5 NA 16.5 NA 7 67 2 7 14 31 0 0 0 0 2 7 14 31 0 0 0 0 1 132 34 1643 4929 20 17 34
32 69 100 84 16 51 29 1147 65 7 70 175 24 17 NA 17 NA 6 65 2 3 15 31 0 0 0 0 2 3 15 31 0 0 0 0 3 153 35 1697 4930 18 18 34
33 87 97 82 15 50 32 1121 78 6 69 168 25 16.5 NA 16.5 NA 9 78 2 3 15 30 0 0 0 0 2 3 15 30 0 0 0 0 0 132 36 1756 4931 15 21 33
34 74 97 82 15 51 29 1125 73 8 67 165 26 17 NA 17 NA 7 73 3 2 15 31 0 0 0 0 3 2 15 31 0 0 0 0 1 152 38 1811 4933 11 22 34
35 69 99 84 15 53 33 1129 61 6 72 167 26 16 NA 16 NA 9 61 2 5 14 32 0 0 0 0 2 5 14 32 0 0 0 0 0 147 38 1873 4928 15 22 35
36 82 99 84 15 53 29 1126 69 7 75 168 27 16 NA 16 NA 3 69 0 7 14 32 0 0 0 0 0 7 14 32 0 0 0 0 0 136 38 1928 4925 18 22 35
37 86 102 86 16 52 26 1107 67 5 73 162 28 16.5 NA 16.5 NA 4 67 0 7 13 32 0 0 0 0 0 7 13 32 0 0 0 0 1 134 39 1992 4927 17 22 34
38 77 100 84 16 50 31 1102 75 1 70 161 28 16.5 NA 16.5 NA 7 75 1 7 11 31 0 0 0 0 1 7 11 31 0 0 0 0 1 148 41 2043 4930 17 20 33
39 73 99 83 16 48 39 1112 69 2 71 155 29 16.5 NA 16.5 NA 10 69 1 5 11 31 0 0 0 0 1 5 11 31 0 0 0 0 1 160 41 2103 4929 17 20 34
40 66 100 83 17 48 49 1092 75 6 76 144 28 16.5 NA 16.5 NA 16 75 1 4 10 33 0 0 0 0 1 4 10 33 0 0 0 0 2 139 41 2172 4924 21 18 37
41 76 98 82 16 45 39 1090 74 14 74 134 26 17 NA 17 NA 5 74 1 4 10 30 0 0 0 0 1 4 10 30 0 0 0 0 2 151 43 2238 4926 21 19 34
42 83 101 85 16 45 37 1094 68 8 74 150 25 17 NA 17 NA 7 68 1 6 8 30 0 0 0 0 1 6 8 30 0 0 0 0 1 155 45 2304 4926 23 17 34
43 72 103 86 17 46 33 1112 58 7 75 157 23 17 NA 17 NA 6 58 1 7 6 32 0 0 0 0 1 7 6 32 0 0 0 0 1 156 49 2361 4925 24 15 36
44 86 103 86 17 47 30 1114 61 7 75 160 23 17 NA 17 NA 5 61 0 9 4 34 0 0 0 0 0 9 4 34 0 0 0 0 1 142 51 2422 4925 25 14 36
45 71 101 84 17 47 40 1102 74 2 73 158 22 17 NA 17 NA 13 74 0 8 4 35 0 0 0 0 0 8 4 35 0 0 0 0 0 136 51 2472 4927 23 12 38
46 76 102 85 17 46 33 1105 64 13 73 153 23 17 NA 17 NA 6 64 0 8 4 34 0 0 0 0 0 8 4 34 0 0 0 0 1 137 52 2523 4927 25 10 38
47 76 102 85 17 48 39 1113 88 10 75 152 24 17 NA 17 NA 16 88 0 6 8 34 0 0 0 0 0 6 8 34 0 0 0 0 0 165 53 2577 4925 22 15 38
48 78 101 84 17 49 34 1136 66 8 75 154 25 17 NA 17 NA 4 66 0 5 10 34 0 0 0 0 0 5 10 34 0 0 0 0 0 165 54 2633 4925 21 16 38
49 68 103 86 17 51 31 1128 64 12 80 153 26 17 NA 17 NA 9 64 0 7 9 35 0 0 0 0 0 7 9 35 0 0 0 0 1 126 56 2681 4920 26 15 39
50 76 102 85 17 50 27 1128 63 5 80 153 26.5 17 NA 17 NA 2 63 0 8 8 34 0 0 0 0 0 8 8 34 0 0 0 0 0 140 57 2741 4920 28 14 38
51 72 103 84 19 47 27 1127 69 5 77 154 24 17 NA 17 NA 7 69 0 7 7 33 0 0 0 0 0 7 7 33 0 0 0 0 3 144 58 2801 4923 25 15 37
52 86 101 83 18 46 31 1109 79 5 78 149 25 17 NA 17 NA 11 79 0 5 8 33 0 0 0 0 0 5 8 33 0 0 0 0 0 137 60 2858 4922 22 18 38
53 65 102 85 17 46 34 1100 68 5 79 153 25 16.5 NA 16.5 NA 11 68 0 5 9 32 0 0 0 0 0 5 9 32 0 0 0 0 3 146 62 2928 4921 22 19 38
54 79 102 83 19 47 33 1102 59 6 82 158 26 17 NA 17 NA 5 59 0 6 10 31 0 0 0 0 0 6 10 31 0 0 0 0 2 142 63 2987 4918 26 20 36
55 75 99 79 20 47 33 1106 69 5 82 156 27 17 NA 17 NA 6 69 0 7 10 30 0 0 0 0 0 7 10 30 0 0 0 0 0 153 64 3048 4918 26 21 35
56 73 100 80 20 46 30 1109 64 6 81 167 28 16.5 NA 16.5 NA 5 64 0 6 11 29 0 0 0 0 0 6 11 29 0 0 0 0 2 136 65 3105 4919 23 22 36
57 65 98 80 18 45 33 1129 68 5 79 170 28.5 17 NA 17 NA 8 68 0 6 12 27 0 0 0 0 0 6 12 27 0 0 0 0 0 155 65 3164 4921 23 21 35
58 64 102 83 19 47 33 1136 73 9 80 163 27.5 17 NA 17 NA 7 73 0 7 14 26 0 0 0 0 0 7 14 26 0 0 0 0 5 150 65 3222 4920 23 23 34
59 72 105 87 18 45 32 1099 74 9 77 160 25 17 NA 17 NA 8 74 0 5 12 28 0 0 0 0 0 5 12 28 0 0 0 0 2 131 66 3299 4923 21 19 37
60 79 108 88 20 46 33 1118 71 5 75 159 25 17 NA 17 NA 7 71 0 6 11 29 0 0 0 0 0 6 11 29 0 0 0 0 3 165 67 3359 4925 20 18 37
61 69 105 85 20 45 31 1144 74 7 72 154 24 15 NA 15 NA 6 74 2 5 12 26 0 0 0 0 2 5 12 26 0 0 0 0 0 165 68 3407 4928 17 21 34
62 90 108 88 20 45 29 1149 62 8 71 167 24 15 NA 15 NA 7 62 3 4 12 26 0 0 0 0 3 4 12 26 0 0 0 0 4 147 70 3466 4929 16 21 34
63 69 108 87 21 44 28 1152 68 6 74 156 24.5 15 NA 15 NA 5 68 2 4 11 27 0 0 0 0 2 4 11 27 0 0 0 0 2 145 70 3534 4926 19 19 36
64 85 108 86 22 48 30 1136 70 12 72 149 24.5 16.5 NA 16.5 NA 11 70 2 3 13 30 0 0 0 0 2 3 13 30 0 0 0 0 1 139 70 3602 4928 15 18 39
65 84 107 86 21 46 27 1148 70 12 69 162 25 15.5 NA 15.5 NA 9 70 2 3 12 29 0 0 0 0 2 3 12 29 0 0 0 0 2 158 71 3657 4931 14 17 38
66 80 107 85 22 48 25 1117 83 9 72 153 25 15.5 NA 15.5 NA 9 83 2 5 11 30 0 0 0 0 2 5 11 30 0 0 0 0 0 139 74 3721 4928 14 20 38
67 67 107 85 22 48 26 1105 64 9 71 154 25 15 NA 15 NA 11 64 2 5 11 30 0 0 0 0 2 5 11 30 0 0 0 0 1 130 76 3783 4929 13 20 38
68 63 108 86 22 47 24 1145 69 11 72 155 26 15 NA 15 NA 7 69 1 5 11 30 0 0 0 0 1 5 11 30 0 0 0 0 2 169 76 3829 4928 15 19 38
69 97 109 86 23 46 27 1143 62 5 70 161 25 15 NA 15 NA 8 62 1 6 11 28 0 0 0 0 1 6 11 28 0 0 0 0 3 152 77 3903 4930 15 19 36
70 84 107 83 24 48 33 1119 80 9 71 166 21 15 NA 15 NA 12 80 2 6 11 29 0 0 0 0 2 6 11 29 0 0 0 0 0 156 77 3974 4929 18 17 36
71 94 105 83 22 46 37 1119 68 3 72 165 20 15 NA 15 NA 8 68 2 7 9 28 0 0 0 0 2 7 9 28 0 0 0 0 0 146 78 4032 4928 23 14 35
72 82 105 81 24 47 36 1127 73 11 75 162 19 15 NA 15 NA 10 73 1 11 9 26 0 0 0 0 1 11 9 26 0 0 0 0 2 160 78 4093 4925 28 14 33
73 64 101 77 24 43 30 1125 68 9 70 171 19 15 NA 15 NA 4 68 0 11 8 24 0 0 0 0 0 11 8 24 0 0 0 0 2 148 80 4165 4930 27 12 31
74 75 97 74 23 42 32 1116 70 6 70 165 18 15 NA 15 NA 8 70 0 12 7 23 0 0 0 0 0 12 7 23 0 0 0 0 0 141 80 4231 4930 29 12 29
75 92 96 72 24 43 26 1103 71 10 71 163 19 15 NA 15 NA 5 71 0 11 10 22 0 0 0 0 0 11 10 22 0 0 0 0 0 144 82 4295 4929 29 14 28
76 95 99 75 24 46 35 1093 88 6 72 160 18 15 NA 15 NA 15 88 0 14 8 24 0 0 0 0 0 14 8 24 0 0 0 0 2 147 83 4344 4928 31 10 31
77 88 102 78 24 49 33 1116 58 8 75 159 19 15 NA 15 NA 7 58 0 16 9 24 0 0 0 0 0 16 9 24 0 0 0 0 3 156 83 4395 4925 33 11 31
78 69 102 79 23 48 35 1135 71 9 73 161 19 15 NA 15 NA 12 71 0 16 6 26 0 0 0 0 0 16 6 26 0 0 0 0 1 154 84 4442 4927 32 10 31
79 75 103 79 24 49 34 1138 71 9 72 158 19 15 NA 15 NA 10 71 1 16 6 26 0 0 0 0 1 16 6 26 0 0 0 0 4 143 86 4492 4928 32 9 31
80 74 106 82 24 50 34 1093 83 11 74 156 20 15 NA 15 NA 9 83 1 15 8 26 0 0 0 0 1 15 8 26 0 0 0 0 2 123 86 4560 4926 32 11 31
81 87 113 84 29 50 34 1109 66 7 78 159 19 15 NA 15 NA 9 66 1 15 8 26 0 0 0 0 1 15 8 26 0 0 0 0 2 164 87 4624 4922 36 11 31
82 84 113 83 30 52 35 1084 76 9 78 157 20 15 NA 15 NA 10 76 1 15 9 27 0 0 0 0 1 15 9 27 0 0 0 0 0 137 88 4684 4922 33 14 31
83 73 114 84 30 52 36 1100 63 9 80 170 21 15 NA 15 NA 12 63 2 12 12 26 0 0 0 0 2 12 12 26 0 0 0 0 0 152 92 4739 4920 32 18 30
84 67 119 86 33 53 32 1105 67 13 81 174 21 15 NA 15 NA 8 67 2 10 15 26 0 0 0 0 2 10 15 26 0 0 0 0 3 163 92 4810 4919 29 22 30
85 81 117 84 33 56 37 1089 64 8 82 171 22 15 NA 15 NA 13 64 4 11 15 26 0 0 0 0 4 11 15 26 0 0 0 0 0 133 92 4878 4918 30 22 30
86 71 117 82 35 56 31 1130 67 10 80 176 21 15 NA 15 NA 6 67 5 8 18 25 0 0 0 0 5 8 18 25 0 0 0 0 2 164 92 4922 4920 27 25 28
87 86 119 86 33 56 32 1133 60 9 79 177 22 15 NA 15 NA 9 60 5 7 17 27 0 0 0 0 5 7 17 27 0 0 0 0 1 146 93 4985 4921 24 25 30
88 80 116 83 33 58 30 1118 75 14 80 175 22.5 15 NA 15 NA 9 75 3 10 20 25 0 0 0 0 3 10 20 25 0 0 0 0 0 142 94 5044 4920 25 27 28
89 77 118 83 35 57 26 1144 53 8 81 184 22 15 NA 15 NA 5 53 2 10 20 25 0 0 0 0 2 10 20 25 0 0 0 0 2 158 95 5107 4919 24 29 28
90 69 117 82 35 61 28 1152 65 7 83 176 23 15 NA 15 NA 8 65 2 12 22 25 0 0 0 0 2 12 22 25 0 0 0 0 1 151 95 5172 4917 26 28 29
91 69 118 80 38 61 29 1148 79 3 85 191 23 15 NA 15 NA 5 79 1 11 24 25 0 0 0 0 1 11 24 25 0 0 0 0 0 153 96 5235 4915 27 29 29
92 65 119 81 38 64 30 1174 58 8 89 194 24 15 NA 15 NA 8 58 0 12 24 28 0 0 0 0 0 12 24 28 0 0 0 0 0 150 97 5288 4911 28 29 32
93 81 120 79 41 63 29 1167 72 7 94 189 24 15 NA 15 NA 8 72 0 10 25 28 0 0 0 0 0 10 25 28 0 0 0 0 1 152 97 5358 4906 31 32 31
94 78 121 80 41 64 33 1145 76 4 95 180 25 15 NA 15 NA 7 76 0 10 23 31 0 0 0 0 0 10 23 31 0 0 0 0 1 149 98 5425 4905 31 30 34
95 80 126 86 40 65 40 1123 65 6 95 180 24 15 NA 15 NA 14 65 0 10 23 32 0 0 0 0 0 10 23 32 0 0 0 0 3 135 101 5496 4905 30 29 36
96 77 128 89 39 64 38 1126 68 9 98 177 23.5 15 NA 15 NA 9 68 0 11 19 34 0 0 0 0 0 11 19 34 0 0 0 0 0 152 103 5559 4902 34 26 38
97 68 129 89 40 66 33 1146 55 11 98 174 24 15 NA 15 NA 5 55 1 11 19 35 0 0 0 0 1 11 19 35 0 0 0 0 2 141 103 5618 4902 32 27 39
98 80 127 88 39 65 36 1129 73 6 98 179 24 15 NA 15 NA 10 73 1 12 16 36 0 0 0 0 1 12 16 36 0 0 0 0 0 140 104 5678 4902 34 25 39
99 74 125 86 39 65 32 1139 59 9 98 192 25 15 NA 15 NA 5 59 1 12 16 36 0 0 0 0 1 12 16 36 0 0 0 0 2 154 104 5742 4902 34 24 40
100 83 122 84 38 65 32 1159 65 6 95 190 25.5 16 NA 16 NA 6 65 1 10 17 37 0 0 0 0 1 10 17 37 0 0 0 0 1 158 105 5797 4905 30 25 40
101 68 122 85 37 67 39 1140 72 7 96 175 25 16 NA 16 NA 12 72 0 12 17 38 0 0 0 0 0 12 17 38 0 0 0 0 0 139 105 5866 4904 32 22 42
102 86 121 84 37 65 40 1146 64 4 94 169 25 16 NA 16 NA 5 64 0 12 16 37 0 0 0 0 0 12 16 37 0 0 0 0 2 148 105 5926 4906 32 22 40
103 79 120 82 38 65 42 1129 74 9 92 166 24 16 NA 16 NA 11 74 0 14 14 37 0 0 0 0 0 14 14 37 0 0 0 0 1 143 106 5988 4908 31 21 40
104 67 124 86 38 66 40 1104 66 9 90 158 24 16.5 NA 16.5 NA 7 66 0 13 16 37 0 0 0 0 0 13 16 37 0 0 0 0 2 119 106 6051 4910 27 22 41
105 65 125 88 37 66 42 1110 76 6 92 145 24 16.5 NA 16.5 NA 11 76 1 7 20 38 0 0 0 0 1 7 20 38 0 0 0 0 3 156 108 6114 4908 23 26 43
106 76 125 86 39 67 38 1128 59 10 91 160 25 17 NA 17 NA 9 59 1 8 21 37 0 0 0 0 1 8 21 37 0 0 0 0 1 157 111 6173 4909 23 26 42
107 62 130 91 39 66 45 1147 75 3 92 163 25.5 16.5 NA 16.5 NA 10 75 2 8 18 38 0 0 0 0 2 8 18 38 0 0 0 0 6 159 111 6228 4908 24 25 43
108 80 130 92 38 66 48 1131 73 6 95 163 25.5 16.5 NA 16.5 NA 13 73 1 8 19 38 0 0 0 0 1 8 19 38 0 0 0 0 1 142 115 6295 4905 23 29 43
109 81 127 90 37 65 50 1121 83 10 93 165 25 16 NA 16 NA 13 83 2 9 16 38 0 0 0 0 2 9 16 38 0 0 0 0 0 143 116 6346 4907 24 27 42
110 70 127 90 37 65 51 1137 65 8 90 165 26 16 NA 16 NA 10 65 3 7 17 38 0 0 0 0 3 7 17 38 0 0 0 0 3 151 117 6399 4910 22 26 42
111 75 128 92 36 64 53 1121 65 10 91 152 25 16 NA 16 NA 13 65 3 6 18 37 0 0 0 0 3 6 18 37 0 0 0 0 3 125 119 6464 4909 22 27 42
112 80 130 92 38 69 49 1099 67 13 92 139 26 16 NA 16 NA 8 67 4 7 19 39 0 0 0 0 4 7 19 39 0 0 0 0 0 135 120 6534 4908 23 25 44
113 80 134 97 37 69 45 1112 56 11 93 139 26 16 NA 16 NA 9 56 4 7 19 39 0 0 0 0 4 7 19 39 0 0 0 0 4 146 122 6600 4907 22 27 44
114 67 135 98 37 70 40 1104 59 10 94 143 25 16.5 NA 16.5 NA 6 59 3 10 20 37 0 0 0 0 3 10 20 37 0 0 0 0 2 141 124 6670 4906 25 27 42
115 78 133 99 34 68 36 1097 68 5 91 133 22 16.5 NA 16.5 NA 5 68 3 11 19 35 0 0 0 0 3 11 19 35 0 0 0 0 1 146 127 6737 4909 26 26 39
116 73 134 100 34 68 36 1111 51 7 95 142 22.5 17 NA 17 NA 7 51 1 14 17 36 0 0 0 0 1 14 17 36 0 0 0 0 0 134 128 6786 4905 31 23 41
117 85 133 100 33 70 41 1082 60 7 94 150 22 17 NA 17 NA 11 60 1 13 16 40 0 0 0 0 1 13 16 40 0 0 0 0 1 129 130 6862 4906 29 21 44
118 84 133 99 34 73 40 1094 63 12 94 154 22 17 NA 17 NA 11 63 0 16 17 40 0 0 0 0 0 16 17 40 0 0 0 0 3 159 134 6927 4906 31 20 43
119 59 136 100 36 77 35 1107 54 8 99 159 23 17 NA 17 NA 1 54 0 17 17 43 0 0 0 0 0 17 17 43 0 0 0 0 3 144 136 6990 4901 34 20 45
120 79 135 98 37 75 36 1100 61 6 96 162 23 17 NA 17 NA 10 61 0 13 18 44 0 0 0 0 0 13 18 44 0 0 0 0 3 141 138 7054 4904 29 21 46
121 65 132 96 36 72 36 1097 78 7 93 168 22.5 17 NA 17 NA 8 78 0 13 17 42 0 0 0 0 0 13 17 42 0 0 0 0 1 153 140 7118 4907 28 21 44
122 66 130 95 35 72 33 1128 55 9 95 168 23.5 17.5 NA 17.5 NA 9 55 0 14 14 44 0 0 0 0 0 14 14 44 0 0 0 0 0 175 143 7189 4905 30 19 46
123 77 130 94 36 73 33 1125 82 9 97 165 24 17 NA 17 NA 8 82 0 15 12 46 0 0 0 0 0 15 12 46 0 0 0 0 0 147 145 7240 4903 31 18 48
124 79 130 95 35 74 32 1133 71 9 96 162 23 17 NA 17 NA 8 71 0 17 13 44 0 0 0 0 0 17 13 44 0 0 0 0 3 158 146 7296 4904 32 18 46
125 58 134 98 36 74 36 1136 75 5 101 164 23 17 NA 17 NA 9 75 0 16 13 45 0 0 0 0 0 16 13 45 0 0 0 0 3 156 147 7353 4899 36 18 47
126 72 135 101 34 73 39 1150 64 8 102 165 23 17 NA 17 NA 9 64 0 14 15 44 0 0 0 0 0 14 15 44 0 0 0 0 2 154 147 7416 4898 36 20 46
127 84 134 100 34 76 40 1152 57 9 103 161 23 17 NA 17 NA 10 57 0 18 16 42 0 0 0 0 0 18 16 42 0 0 0 0 3 155 150 7493 4897 38 21 44
128 77 133 99 34 75 44 1159 68 8 103 154 24 17 NA 17 NA 15 68 0 15 19 41 0 0 0 0 0 15 19 41 0 0 0 0 0 134 152 7539 4897 36 24 43
129 69 133 97 36 73 41 1172 76 7 102 167 23 17 NA 17 NA 9 76 0 14 18 41 0 0 0 0 0 14 18 41 0 0 0 0 0 152 153 7584 4898 36 22 44
130 82 130 95 35 72 38 1158 59 9 102 159 24 17.5 NA 17.5 NA 8 59 0 13 21 38 0 0 0 0 0 13 21 38 0 0 0 0 1 135 156 7649 4898 36 25 41
131 70 130 93 37 72 41 1167 73 7 103 164 24 17 NA 17 NA 12 73 0 12 21 39 0 0 0 0 0 12 21 39 0 0 0 0 1 160 159 7710 4897 35 26 42
132 65 128 92 36 70 43 1155 74 8 104 169 25 17.5 NA 17.5 NA 8 74 0 12 19 39 0 0 0 0 0 12 19 39 0 0 0 0 1 131 159 7763 4896 37 25 42
133 57 128 92 36 74 43 1144 75 8 103 160 25 17 NA 17 NA 7 75 1 15 19 39 0 0 0 0 1 15 19 39 0 0 0 0 1 139 159 7823 4897 37 24 42
134 85 126 91 35 72 43 1136 68 6 97 161 24 17.5 NA 17.5 NA 8 68 2 12 23 35 0 0 0 0 2 12 23 35 0 0 0 0 1 176 160 7912 4903 31 27 39
135 68 130 95 35 73 45 1136 65 8 97 161 24.5 18 NA 18 NA 10 65 2 11 23 37 0 0 0 0 2 11 23 37 0 0 0 0 4 146 161 7976 4903 29 27 41
136 76 131 93 38 70 47 1127 77 8 93 156 23 17.5 NA 17.5 NA 11 77 1 13 24 32 0 0 0 0 1 13 24 32 0 0 0 0 6 140 162 8033 4907 29 29 35
137 79 129 92 37 72 45 1128 71 10 96 161 24 17.5 NA 17.5 NA 6 71 1 12 27 32 0 0 0 0 1 12 27 32 0 0 0 0 0 163 163 8100 4904 29 32 35
138 79 127 90 37 71 48 1127 72 8 96 168 25 17 NA 17 NA 12 72 1 11 25 34 0 0 0 0 1 11 25 34 0 0 0 0 1 159 165 8166 4904 27 32 37
139 80 129 91 38 71 40 1108 64 8 98 162 26 17 NA 17 NA 5 64 1 10 26 34 0 0 0 0 1 10 26 34 0 0 0 0 2 133 167 8234 4902 25 35 38
140 67 129 94 35 70 46 1125 73 4 97 180 26 17 NA 17 NA 10 73 1 9 24 36 0 0 0 0 1 9 24 36 0 0 0 0 4 157 168 8283 4903 24 33 40
141 74 129 95 34 65 44 1110 68 7 94 173 26 17 NA 17 NA 8 68 1 9 21 34 0 0 0 0 1 9 21 34 0 0 0 0 5 136 172 8341 4906 25 31 38
142 67 129 94 35 64 35 1138 79 11 93 170 26 18 NA 18 NA 6 79 0 9 20 35 0 0 0 0 0 9 20 35 0 0 0 0 2 174 176 8388 4907 23 31 39
143 79 131 97 34 66 34 1136 64 8 94 160 26 18 NA 18 NA 6 64 0 9 21 36 0 0 0 0 0 9 21 36 0 0 0 0 1 148 178 8451 4906 23 31 40
144 69 128 96 32 61 39 1139 85 5 90 157 25.5 20 NA 20 NA 12 85 0 6 20 35 0 0 0 0 0 6 20 35 0 0 0 0 2 154 180 8499 4910 20 31 39
145 76 127 95 32 62 39 1127 75 11 90 152 26 18 NA 18 NA 13 75 2 6 21 33 0 0 0 0 2 6 21 33 0 0 0 0 1 147 183 8560 4910 21 31 38
146 61 128 96 32 65 42 1102 68 9 92 164 26 19 NA 19 NA 11 68 2 9 18 36 0 0 0 0 2 9 18 36 0 0 0 0 1 129 183 8634 4908 24 28 40
147 75 129 97 32 64 31 1115 57 12 94 172 27 18 NA 18 NA 5 57 2 8 16 38 0 0 0 0 2 8 16 38 0 0 0 0 3 148 186 8695 4906 26 26 42
148 80 131 100 31 63 31 1096 69 4 98 165 24 17 NA 17 NA 7 69 1 7 18 37 0 0 0 0 1 7 18 37 0 0 0 0 4 132 187 8754 4902 31 27 40
149 82 132 101 31 64 37 1093 68 4 97 166 25 16.5 NA 16.5 NA 12 68 2 5 16 41 0 0 0 0 2 5 16 41 0 0 0 0 1 151 189 8823 4903 26 26 45
150 70 131 100 31 68 35 1079 56 10 97 159 26 18 NA 18 NA 6 56 2 7 17 42 0 0 0 0 2 7 17 42 0 0 0 0 1 129 190 8895 4903 24 25 48
151 83 132 101 31 68 33 1080 63 10 97 146 26 16.5 NA 16.5 NA 9 63 2 8 15 43 0 0 0 0 2 8 15 43 0 0 0 0 3 137 193 8944 4903 25 22 50
152 76 132 100 32 70 37 1069 61 7 99 146 26 17 NA 17 NA 11 61 3 10 14 43 0 0 0 0 3 10 14 43 0 0 0 0 1 125 193 9004 4901 29 20 50
153 87 131 100 31 70 38 1073 67 8 103 151 27 17 NA 17 NA 12 67 1 11 14 44 0 0 0 0 1 11 14 44 0 0 0 0 0 143 195 9056 4897 32 21 50
154 61 131 100 31 72 38 1067 60 7 106 149 28 16.5 NA 16.5 NA 8 60 2 11 14 45 0 0 0 0 2 11 14 45 0 0 0 0 0 140 196 9129 4894 34 21 51
155 83 125 95 30 70 37 1054 76 8 103 156 28 16 NA 16 NA 7 76 2 12 14 42 0 0 0 0 2 12 14 42 0 0 0 0 0 149 196 9197 4897 34 22 47
156 59 123 94 29 67 40 1078 60 4 102 156 28 16 NA 16 NA 6 60 1 13 10 43 0 0 0 0 1 13 10 43 0 0 0 0 0 155 196 9256 4898 35 18 49
157 67 124 95 29 70 42 1084 70 9 102 161 28 17 NA 17 NA 10 70 1 13 12 44 0 0 0 0 1 13 12 44 0 0 0 0 2 156 196 9322 4898 34 19 49
158 79 124 95 29 70 48 1077 78 5 102 150 27.5 17 NA 17 NA 10 78 1 13 14 42 0 0 0 0 1 13 14 42 0 0 0 0 1 143 197 9377 4898 33 22 47
159 79 120 92 28 69 42 1075 58 8 98 152 26.5 17 NA 17 NA 3 58 1 16 12 40 0 0 0 0 1 16 12 40 0 0 0 0 1 141 199 9445 4902 31 22 45
160 71 119 91 28 68 52 1090 70 7 101 149 27 17 NA 17 NA 15 70 1 14 13 40 0 0 0 0 1 14 13 40 0 0 0 0 0 148 199 9495 4899 31 25 45
161 88 118 92 26 67 55 1092 72 5 99 153 27 17 NA 17 NA 11 72 1 14 13 39 0 0 0 0 1 14 13 39 0 0 0 0 2 151 201 9551 4901 31 22 46
162 76 121 95 26 66 47 1104 61 10 98 158 27 17 NA 17 NA 6 61 1 13 13 39 0 0 0 0 1 13 13 39 0 0 0 0 3 154 205 9612 4902 31 21 46
163 77 118 92 26 63 47 1103 74 5 98 163 27 17 NA 17 NA 8 74 0 12 14 37 0 0 0 0 0 12 14 37 0 0 0 0 1 144 206 9665 4902 32 22 44
164 58 117 92 25 66 46 1076 66 10 99 160 28 17 NA 17 NA 9 66 0 12 18 36 0 0 0 0 0 12 18 36 0 0 0 0 0 113 209 9725 4901 31 25 43
165 58 119 94 25 67 49 1105 68 5 99 160 27 17 NA 17 NA 9 68 0 9 21 37 0 0 0 0 0 9 21 37 0 0 0 0 2 154 210 9771 4901 28 27 44
166 81 117 93 24 68 44 1092 68 14 97 157 27 17 NA 17 NA 10 68 1 8 23 36 0 0 0 0 1 8 23 36 0 0 0 0 1 133 213 9826 4903 25 29 43
167 75 117 93 24 69 43 1067 65 8 94 155 27 17 NA 17 NA 9 65 1 10 23 35 0 0 0 0 1 10 23 35 0 0 0 0 1 121 215 9887 4906 22 31 41
168 102 112 89 23 68 48 1053 65 9 92 152 28 17.5 NA 17.5 NA 14 65 1 9 24 34 0 0 0 0 1 9 24 34 0 0 0 0 0 152 216 9963 4908 21 32 39
169 69 107 85 22 66 47 1085 61 7 90 167 29 18 NA 18 NA 9 61 1 9 23 33 0 0 0 0 1 9 23 33 0 0 0 0 0 168 217 10027 4910 21 31 38
170 76 108 86 22 64 42 1090 52 10 90 158 30 18 NA 18 NA 6 52 0 9 21 34 0 0 0 0 0 9 21 34 0 0 0 0 3 142 218 10088 4910 21 29 40
171 67 106 86 20 61 47 1093 74 6 86 167 30 17 NA 17 NA 12 74 1 9 20 31 0 0 0 0 1 9 20 31 0 0 0 0 1 149 218 10145 4914 20 28 38
172 75 106 85 21 61 42 1097 58 7 85 161 30.5 17 NA 17 NA 3 58 1 8 17 35 0 0 0 0 1 8 17 35 0 0 0 0 1 136 220 10198 4915 16 27 42
173 81 107 86 21 59 38 1096 60 6 83 152 30 17 NA 17 NA 6 60 1 7 19 32 0 0 0 0 1 7 19 32 0 0 0 0 2 142 223 10263 4917 16 28 39
174 79 107 87 20 58 37 1101 77 8 85 138 31 17 NA 17 NA 8 77 1 7 18 32 0 0 0 0 1 7 18 32 0 0 0 0 1 166 226 10327 4915 18 28 39
175 72 104 84 20 56 39 1117 58 5 83 148 32 17.5 NA 17.5 NA 9 58 0 6 17 33 0 0 0 0 0 6 17 33 0 0 0 0 1 145 228 10386 4917 16 27 40
176 60 106 87 19 57 37 1143 65 9 84 150 32.5 17 NA 17 NA 7 65 1 5 15 36 0 0 0 0 1 5 15 36 0 0 0 0 2 159 228 10437 4916 15 25 44
177 76 109 89 20 58 37 1149 62 5 86 160 32 17 NA 17 NA 7 62 2 5 12 39 0 0 0 0 2 5 12 39 0 0 0 0 3 155 230 10502 4914 16 23 47
178 68 113 92 21 56 41 1163 71 3 85 166 30 17 NA 17 NA 9 71 2 5 10 39 0 0 0 0 2 5 10 39 0 0 0 0 2 154 230 10553 4915 17 20 48
179 73 116 94 22 55 36 1184 63 8 86 168 30.5 17 NA 17 NA 6 63 1 7 7 40 0 0 0 0 1 7 7 40 0 0 0 0 4 157 232 10604 4914 20 16 50
180 82 117 96 21 53 33 1192 73 7 81 172 28 16 NA 16 NA 5 73 2 8 6 37 0 0 0 0 2 8 6 37 0 0 0 0 2 176 234 10673 4919 19 16 46
181 74 118 98 20 52 31 1202 60 6 78 180 24.5 17 NA 17 NA 5 60 3 7 8 34 0 0 0 0 3 7 8 34 0 0 0 0 0 157 236 10740 4922 17 17 44
182 74 120 100 20 54 34 1185 78 5 81 189 25 17 NA 17 NA 11 78 2 8 8 36 0 0 0 0 2 8 8 36 0 0 0 0 1 141 239 10801 4919 18 17 46
183 73 116 99 17 52 36 1153 83 6 76 176 22.5 17 NA 17 NA 8 83 3 8 9 32 0 0 0 0 3 8 9 32 0 0 0 0 2 127 239 10861 4924 19 16 41
184 81 116 99 17 51 32 1136 65 8 76 165 23.5 17 NA 17 NA 7 65 3 6 7 35 0 0 0 0 3 6 7 35 0 0 0 0 1 122 242 10918 4924 18 13 45
185 69 115 98 17 49 42 1144 68 3 77 173 24 17 NA 17 NA 13 68 2 6 5 36 0 0 0 0 2 6 5 36 0 0 0 0 2 149 242 10974 4923 19 12 46
186 80 115 99 16 48 41 1143 69 7 76 186 24 17.5 NA 17.5 NA 8 69 1 7 5 35 0 0 0 0 1 7 5 35 0 0 0 0 2 164 243 11053 4924 15 15 46
187 81 112 96 16 46 39 1134 65 12 73 179 25 18 NA 18 NA 9 65 1 6 7 32 0 0 0 0 1 6 7 32 0 0 0 0 1 129 243 11107 4927 15 14 44
188 66 114 98 16 46 39 1123 64 5 74 172 23.5 17.5 NA 17.5 NA 7 64 2 6 7 31 0 0 0 0 2 6 7 31 0 0 0 0 3 142 245 11177 4926 17 13 44
189 60 112 96 16 45 46 1143 62 3 75 183 24 17 NA 17 NA 9 62 1 8 7 29 0 0 0 0 1 8 7 29 0 0 0 0 0 154 246 11236 4925 18 14 43
190 75 113 97 16 50 39 1141 74 12 80 187 24 17 NA 17 NA 8 74 0 11 9 30 0 0 0 0 0 11 9 30 0 0 0 0 2 157 248 11302 4920 23 15 42
191 76 116 101 15 52 40 1138 77 7 85 199 22.5 17 NA 17 NA 9 77 0 12 11 29 0 0 0 0 0 12 11 29 0 0 0 0 2 152 251 11358 4915 27 17 41
192 78 116 102 14 55 37 1119 63 7 90 181 22 16 NA 16 NA 6 63 1 14 10 30 0 0 0 0 1 14 10 30 0 0 0 0 3 143 252 11441 4910 33 16 41
193 90 116 100 16 55 46 1099 80 7 92 181 21 16 NA 16 NA 15 80 1 15 9 30 0 0 0 0 1 15 9 30 0 0 0 0 0 144 253 11505 4908 37 15 40
194 80 117 100 17 56 40 1112 70 11 91 187 21 14.5 NA 14.5 NA 7 70 1 15 8 32 0 0 0 0 1 15 8 32 0 0 0 0 3 151 255 11555 4909 35 14 42
195 80 117 101 16 58 42 1135 68 9 91 185 22 15.5 NA 15.5 NA 10 68 1 18 8 31 0 0 0 0 1 18 8 31 0 0 0 0 2 151 256 11599 4909 36 15 40
196 68 118 102 16 55 43 1140 53 3 87 180 20.5 16 NA 16 NA 6 53 1 17 7 30 0 0 0 0 1 17 7 30 0 0 0 0 3 133 257 11658 4913 34 14 39
197 73 118 102 16 54 39 1109 79 11 85 168 20.5 15.5 NA 15.5 NA 7 79 1 17 9 27 0 0 0 0 1 17 9 27 0 0 0 0 2 139 259 11730 4915 31 17 37
198 79 119 103 16 56 32 1116 63 14 85 170 21 15.5 NA 15.5 NA 6 63 0 19 9 28 0 0 0 0 0 19 9 28 0 0 0 0 0 171 259 11802 4915 32 14 39
199 79 120 104 16 57 38 1117 77 2 87 165 21.5 16 NA 16 NA 9 77 0 18 10 29 0 0 0 0 0 18 10 29 0 0 0 0 0 146 260 11848 4913 33 14 40
200 85 123 107 16 55 37 1128 69 6 87 167 21 16 NA 16 NA 6 69 0 15 12 28 0 0 0 0 0 15 12 28 0 0 0 0 3 161 261 11906 4913 33 15 39
201 75 124 107 17 56 39 1130 66 4 85 175 22 16 NA 16 NA 7 66 0 14 14 28 0 0 0 0 0 14 14 28 0 0 0 0 1 139 263 11955 4915 29 16 40
202 76 125 108 17 55 30 1137 62 8 84 170 23 16 NA 16 NA 4 62 1 10 17 27 0 0 0 0 1 10 17 27 0 0 0 0 1 154 265 12014 4916 26 19 39
203 91 123 107 16 55 28 1130 71 7 84 161 23 16 NA 16 NA 8 71 0 9 18 28 0 0 0 0 0 9 18 28 0 0 0 0 0 148 268 12075 4916 24 22 38
204 71 125 109 16 56 36 1138 77 7 85 172 24 16 NA 16 NA 13 77 0 8 21 27 0 0 0 0 0 8 21 27 0 0 0 0 4 160 269 12137 4915 20 28 37
205 71 123 106 17 55 31 1144 52 6 85 178 25 16 NA 16 NA 4 52 1 7 21 26 0 0 0 0 1 7 21 26 0 0 0 0 0 135 271 12195 4915 20 29 36
206 66 124 107 17 53 33 1166 74 5 87 173 25 16 NA 16 NA 8 74 1 7 20 25 0 0 0 0 1 7 20 25 0 0 0 0 2 180 272 12257 4913 23 29 35
207 82 122 106 16 53 34 1150 67 5 85 169 24.5 16 NA 16 NA 7 67 2 6 22 23 0 0 0 0 2 6 22 23 0 0 0 0 1 142 274 12323 4915 22 30 33
208 80 122 105 17 54 35 1160 67 4 90 174 25 16 NA 16 NA 7 67 3 6 22 23 0 0 0 0 3 6 22 23 0 0 0 0 0 144 275 12375 4910 28 30 32
209 75 118 101 17 53 37 1177 56 5 88 185 26 16 NA 16 NA 7 56 3 6 19 25 0 0 0 0 3 6 19 25 0 0 0 0 1 152 275 12434 4912 27 27 34
210 84 113 97 16 50 40 1122 76 5 85 179 25 16 NA 16 NA 10 76 2 6 20 22 0 0 0 0 2 6 20 22 0 0 0 0 0 115 276 12509 4915 27 28 30
211 77 112 95 17 51 38 1121 71 10 86 182 25.5 16 NA 16 NA 8 71 2 7 21 21 0 0 0 0 2 7 21 21 0 0 0 0 1 144 278 12569 4914 27 30 29
212 74 111 94 17 51 39 1103 64 9 90 174 26 16 NA 16 NA 10 64 1 8 19 23 0 0 0 0 1 8 19 23 0 0 0 0 1 147 279 12644 4910 31 28 31
213 83 110 93 17 50 40 1090 72 10 91 158 26 16 NA 16 NA 9 72 0 10 18 22 0 0 0 0 0 10 18 22 0 0 0 0 1 126 280 12696 4909 34 26 31
214 79 112 95 17 49 39 1063 57 7 90 159 23.5 17 NA 17 NA 6 57 0 11 12 26 0 0 0 0 0 11 12 26 0 0 0 0 3 128 281 12773 4910 34 21 35
215 76 110 93 17 48 42 1067 59 6 91 149 24.5 17 NA 17 NA 10 59 0 10 10 28 0 0 0 0 0 10 10 28 0 0 0 0 0 140 283 12832 4909 33 19 39
216 79 111 94 17 49 36 1077 67 10 92 154 25 17 NA 17 NA 8 67 0 10 9 30 0 0 0 0 0 10 9 30 0 0 0 0 2 148 286 12888 4908 34 15 43
217 79 109 93 16 49 35 1068 64 8 90 146 25 16 NA 16 NA 11 64 0 11 9 29 0 0 0 0 0 11 9 29 0 0 0 0 0 146 290 12956 4910 32 15 43
218 84 108 92 16 46 34 1044 74 4 89 152 25.5 15.5 NA 15.5 NA 6 74 0 9 10 27 0 0 0 0 0 9 10 27 0 0 0 0 2 147 290 13026 4911 29 18 42
219 76 109 93 16 48 36 1033 73 8 89 152 25 17 NA 17 NA 12 73 0 11 9 28 0 0 0 0 0 11 9 28 0 0 0 0 2 151 294 13091 4911 30 16 43
220 89 107 92 15 48 33 1055 57 9 82 154 24 17.5 NA 17.5 NA 7 57 0 11 11 26 0 0 0 0 0 11 11 26 0 0 0 0 1 156 295 13146 4918 26 18 38
221 85 105 90 15 44 33 1055 74 7 78 150 24 17.5 NA 17.5 NA 6 74 0 11 10 23 0 0 0 0 0 11 10 23 0 0 0 0 3 157 296 13212 4922 25 18 35
222 91 106 92 14 45 35 1064 64 7 76 157 24 17 NA 17 NA 11 64 1 10 11 23 0 0 0 0 1 10 11 23 0 0 0 0 1 141 298 13257 4924 21 20 35
223 84 105 91 14 47 32 1100 56 7 76 159 25 18 NA 18 NA 4 56 1 10 12 24 0 0 0 0 1 10 12 24 0 0 0 0 0 160 298 13305 4924 20 19 37
224 84 105 90 15 49 32 1088 74 7 74 159 25 18 NA 18 NA 6 74 2 9 14 24 0 0 0 0 2 9 14 24 0 0 0 0 3 154 299 13375 4926 15 23 36
225 80 107 92 15 47 30 1105 54 4 74 170 25 18 NA 18 NA 5 54 1 7 15 24 0 0 0 0 1 7 15 24 0 0 0 0 2 142 302 13423 4926 14 24 36
226 68 107 90 17 46 35 1112 57 3 76 173 26 17.5 NA 17.5 NA 9 57 1 7 16 22 0 0 0 0 1 7 16 22 0 0 0 0 0 138 304 13483 4924 16 26 34
227 70 104 88 16 46 34 1126 59 8 74 180 27 18 NA 18 NA 7 59 1 6 18 21 0 0 0 0 1 6 18 21 0 0 0 0 0 141 306 13534 4926 14 25 35
228 72 101 85 16 44 39 1135 64 7 69 180 27 18 NA 18 NA 11 64 1 5 18 20 0 0 0 0 1 5 18 20 0 0 0 0 2 144 306 13588 4931 14 23 32
229 71 101 86 15 47 39 1124 72 8 69 165 27 18 NA 18 NA 6 72 2 7 18 20 0 0 0 0 2 7 18 20 0 0 0 0 1 139 307 13653 4931 15 22 32
230 82 97 81 16 44 39 1147 55 7 69 164 28 17.5 NA 17.5 NA 8 55 2 6 16 20 0 0 0 0 2 6 16 20 0 0 0 0 0 143 308 13698 4931 16 20 33
231 68 95 79 16 46 46 1107 77 9 70 156 29 18 NA 18 NA 14 77 3 6 16 21 0 0 0 0 3 6 16 21 0 0 0 0 1 127 309 13768 4930 16 21 33
232 69 98 81 17 49 47 1115 68 13 72 156 26 18 NA 18 NA 11 68 2 11 13 23 0 0 0 0 2 11 13 23 0 0 0 0 2 158 312 13832 4928 20 18 34
233 86 99 82 17 49 41 1101 69 14 72 161 26 17 NA 17 NA 9 69 1 13 11 24 0 0 0 0 1 13 11 24 0 0 0 0 2 138 313 13895 4928 21 16 35
234 83 96 79 17 48 42 1115 57 6 72 158 27 17 NA 17 NA 8 57 1 13 10 24 0 0 0 0 1 13 10 24 0 0 0 0 0 155 314 13957 4928 23 15 34
235 79 97 78 19 48 37 1123 61 4 70 160 23 17 NA 17 NA 6 61 1 12 10 25 0 0 0 0 1 12 10 25 0 0 0 0 3 159 317 14033 4930 22 14 34
236 80 99 80 19 50 37 1102 63 8 73 150 23 17 NA 17 NA 8 63 0 14 8 28 0 0 0 0 0 14 8 28 0 0 0 0 1 139 317 14105 4927 25 10 38
237 66 101 83 18 50 40 1123 75 8 75 156 23 17 NA 17 NA 11 75 0 13 8 29 0 0 0 0 0 13 8 29 0 0 0 0 2 170 319 14163 4925 26 10 39
238 69 100 83 17 50 43 1139 69 7 72 153 22 17 NA 17 NA 11 69 0 11 8 31 0 0 0 0 0 11 8 31 0 0 0 0 3 162 319 14220 4928 23 11 38
239 82 99 83 16 48 40 1131 69 6 69 153 21 16.5 NA 16.5 NA 7 69 0 11 8 29 0 0 0 0 0 11 8 29 0 0 0 0 0 136 322 14275 4931 23 11 35
240 89 97 82 15 44 37 1113 71 12 67 152 21 16.5 NA 16.5 NA 10 71 0 10 8 26 0 0 0 0 0 10 8 26 0 0 0 0 2 134 323 14336 4933 23 12 32
241 75 99 83 16 46 37 1114 68 8 68 147 22 16.5 NA 16.5 NA 8 68 1 9 9 27 0 0 0 0 1 9 9 27 0 0 0 0 2 128 325 14382 4932 23 13 32
242 69 99 83 16 44 40 1095 64 5 67 145 22 17 NA 17 NA 8 64 1 8 8 27 0 0 0 0 1 8 8 27 0 0 0 0 2 130 325 14448 4933 21 13 33
243 87 100 82 18 44 45 1101 75 4 67 146 23 17 NA 17 NA 10 75 1 8 7 28 0 0 0 0 1 8 7 28 0 0 0 0 1 159 326 14505 4933 20 12 35
244 83 95 79 16 43 44 1097 66 8 67 144 24 17 NA 17 NA 10 66 2 4 11 26 0 0 0 0 2 4 11 26 0 0 0 0 0 144 332 14572 4933 19 16 32
245 72 96 80 16 42 38 1114 57 11 69 151 23 17 NA 17 NA 6 57 2 4 11 25 0 0 0 0 2 4 11 25 0 0 0 0 1 140 333 14622 4931 22 16 31
246 69 97 80 17 43 37 1123 66 6 69 163 24 17 NA 17 NA 6 66 3 3 12 25 0 0 0 0 3 3 12 25 0 0 0 0 1 156 334 14686 4931 19 19 31
247 63 100 83 17 44 42 1093 73 3 73 153 24 16.5 NA 16.5 NA 9 73 3 4 11 26 0 0 0 0 3 4 11 26 0 0 0 0 2 130 335 14758 4927 23 18 32
248 89 105 88 17 47 35 1081 66 13 75 153 24 16 NA 16 NA 6 66 2 5 14 26 0 0 0 0 2 5 14 26 0 0 0 0 2 136 335 14822 4925 21 22 32
249 87 107 93 14 44 39 1076 67 3 73 152 21 15.5 NA 15.5 NA 9 67 2 4 14 24 0 0 0 0 2 4 14 24 0 0 0 0 4 153 337 14892 4927 20 24 29
250 85 110 96 14 41 37 1060 68 8 72 155 19.5 15 NA 15 NA 8 68 2 4 11 24 0 0 0 0 2 4 11 24 0 0 0 0 3 133 339 14959 4928 22 20 30
251 78 110 96 14 43 43 1071 79 6 72 153 19 16 NA 16 NA 12 79 2 5 13 23 0 0 0 0 2 5 13 23 0 0 0 0 2 160 340 15012 4928 24 19 29
252 76 111 96 15 44 46 1063 68 10 74 156 20 15.5 NA 15.5 NA 14 68 2 6 13 23 0 0 0 0 2 6 13 23 0 0 0 0 3 128 341 15060 4926 23 21 30
253 74 114 99 15 47 38 1068 69 12 77 156 20.5 16 NA 16 NA 10 69 1 8 13 25 0 0 0 0 1 8 13 25 0 0 0 0 1 149 346 15115 4923 25 21 31
254 83 114 99 15 46 44 1096 66 3 77 167 21 16.5 NA 16.5 NA 11 66 0 9 12 25 0 0 0 0 0 9 12 25 0 0 0 0 1 155 347 15160 4923 25 19 33
255 98 109 96 13 44 43 1080 67 11 74 164 20 15.5 NA 15.5 NA 12 67 0 8 11 25 0 0 0 0 0 8 11 25 0 0 0 0 2 135 349 15219 4926 26 16 32
256 78 110 96 14 46 37 1064 59 10 72 164 20.5 16.5 NA 16.5 NA 4 59 0 8 11 27 0 0 0 0 0 8 11 27 0 0 0 0 2 123 350 15282 4928 23 15 34
257 72 109 93 16 43 38 1055 59 3 71 157 21 17 NA 17 NA 7 59 0 7 10 26 0 0 0 0 0 7 10 26 0 0 0 0 1 136 352 15347 4929 22 16 33
258 79 115 95 20 45 38 1056 70 5 70 155 19 17 NA 17 NA 7 70 0 9 9 27 0 0 0 0 0 9 9 27 0 0 0 0 4 151 355 15410 4930 22 14 34
259 71 116 96 20 44 36 1067 47 8 70 159 19 17 NA 17 NA 7 47 0 8 10 26 0 0 0 0 0 8 10 26 0 0 0 0 1 128 356 15462 4930 21 17 32
260 80 117 99 18 42 41 1079 63 5 73 175 19 16 NA 16 NA 10 63 0 5 10 27 0 0 0 0 0 5 10 27 0 0 0 0 3 144 356 15513 4927 23 17 33
261 76 117 98 19 44 45 1064 70 9 77 165 18 15 NA 15 NA 13 70 0 8 9 27 0 0 0 0 0 8 9 27 0 0 0 0 3 138 357 15576 4923 28 15 34
262 71 115 96 19 44 41 1102 56 10 80 167 17 15 NA 15 NA 6 56 2 8 9 25 0 0 0 0 2 8 9 25 0 0 0 0 1 162 359 15624 4920 33 15 32
263 67 114 96 18 44 40 1078 61 8 77 171 16 15 NA 15 NA 8 61 2 8 10 24 0 0 0 0 2 8 10 24 0 0 0 0 3 120 359 15693 4923 31 17 29
264 74 112 96 16 47 32 1091 57 12 76 176 16 14 NA 14 NA 4 57 2 11 12 22 0 0 0 0 2 11 12 22 0 0 0 0 2 146 363 15747 4924 30 18 28
265 79 114 99 15 52 31 1100 53 9 77 177 17 14 NA 14 NA 7 53 5 11 13 23 0 0 0 0 5 11 13 23 0 0 0 0 4 150 365 15814 4923 30 19 28
266 79 113 99 14 54 32 1082 63 9 78 181 18 15 NA 15 NA 11 63 4 12 15 23 0 0 0 0 4 12 15 23 0 0 0 0 1 128 369 15879 4922 29 21 28
267 86 114 100 14 54 35 1093 55 6 78 191 19 15 NA 15 NA 9 55 4 13 14 23 0 0 0 0 4 13 14 23 0 0 0 0 2 146 371 15942 4922 31 19 28
268 88 111 96 15 54 35 1096 88 8 77 187 19 15 NA 15 NA 12 88 5 13 13 23 0 0 0 0 5 13 13 23 0 0 0 0 2 158 374 15989 4923 31 18 28
269 77 111 95 16 56 31 1086 76 9 78 186 20 14.5 NA 14.5 NA 6 76 5 14 13 24 0 0 0 0 5 14 13 24 0 0 0 0 3 136 376 16042 4922 32 16 30
270 84 112 96 16 57 31 1093 64 6 83 177 21 14 NA 14 NA 6 64 3 17 13 24 0 0 0 0 3 17 13 24 0 0 0 0 2 159 376 16107 4917 37 16 30
271 77 113 97 16 58 34 1092 59 6 85 168 22 14.5 NA 14.5 NA 10 59 3 16 12 27 0 0 0 0 3 16 12 27 0 0 0 0 2 132 378 16159 4915 37 15 33
272 78 113 97 16 58 36 1074 72 7 84 153 22 14 NA 14 NA 8 72 3 14 14 27 0 0 0 0 3 14 14 27 0 0 0 0 1 134 378 16221 4916 34 18 32
273 78 114 99 15 59 45 1083 70 10 84 160 23 15 NA 15 NA 17 70 2 16 16 25 0 0 0 0 2 16 16 25 0 0 0 0 3 154 379 16279 4916 30 24 30
274 69 112 96 16 58 40 1088 64 8 82 164 22.5 14.5 NA 14.5 NA 6 64 1 15 17 25 0 0 0 0 1 15 17 25 0 0 0 0 3 150 382 16348 4918 27 26 29
275 77 113 97 16 61 39 1083 72 11 83 171 23 15 NA 15 NA 9 72 0 17 18 26 0 0 0 0 0 17 18 26 0 0 0 0 1 136 382 16401 4917 28 24 31
276 65 113 97 16 63 38 1092 60 7 85 165 24 15 NA 15 NA 9 60 0 18 17 28 0 0 0 0 0 18 17 28 0 0 0 0 1 142 383 16459 4915 28 24 33
277 74 111 95 16 61 40 1098 66 9 84 162 24 15 NA 15 NA 10 66 0 18 16 27 0 0 0 0 0 18 16 27 0 0 0 0 0 146 384 16521 4916 28 24 32
278 55 112 95 17 62 37 1137 51 6 84 162 24 15 NA 15 NA 4 51 0 18 15 29 0 0 0 0 0 18 15 29 0 0 0 0 1 147 385 16562 4916 27 24 33
279 68 114 96 18 62 39 1142 87 3 86 169 24 15 NA 15 NA 6 87 0 16 17 29 0 0 0 0 0 16 17 29 0 0 0 0 2 158 386 16617 4914 28 25 33
280 79 112 94 18 60 34 1129 66 7 86 161 24.5 15.5 NA 15.5 NA 4 66 0 14 18 28 0 0 0 0 0 14 18 28 0 0 0 0 0 143 388 16688 4914 28 25 33
281 83 114 96 18 59 34 1099 86 8 86 157 24.5 17 NA 17 NA 13 86 0 12 19 28 0 0 0 0 0 12 19 28 0 0 0 0 4 136 392 16749 4914 27 26 33
282 69 114 96 18 60 33 1105 59 9 86 170 24.5 17 NA 17 NA 7 59 0 9 23 28 0 0 0 0 0 9 23 28 0 0 0 0 1 154 393 16819 4914 24 31 31
283 86 115 96 19 60 31 1135 73 10 86 193 25 17 NA 17 NA 7 73 0 8 24 28 0 0 0 0 0 8 24 28 0 0 0 0 1 179 393 16877 4914 23 32 31
284 84 112 93 19 56 36 1123 75 6 83 186 25.5 15.5 NA 15.5 NA 12 75 0 7 22 27 0 0 0 0 0 7 22 27 0 0 0 0 1 145 394 16934 4917 23 29 31
285 79 111 92 19 59 31 1112 74 9 84 174 26 16 NA 16 NA 7 74 0 8 21 30 0 0 0 0 0 8 21 30 0 0 0 0 0 144 397 16993 4916 24 26 34
286 78 105 86 19 57 28 1107 61 7 83 175 27 16 NA 16 NA 5 61 0 6 21 30 0 0 0 0 0 6 21 30 0 0 0 0 0 135 399 17056 4917 25 24 34
287 81 103 85 18 56 25 1117 62 6 82 179 27 16.5 NA 16.5 NA 6 62 0 7 21 28 0 0 0 0 0 7 21 28 0 0 0 0 2 151 401 17113 4918 26 24 32
288 57 100 83 17 57 23 1115 69 10 79 176 27.5 17 NA 17 NA 8 69 0 8 22 27 0 0 0 0 0 8 22 27 0 0 0 0 0 138 403 17171 4921 24 23 32
289 96 97 80 17 59 26 1109 63 7 78 169 28 17 NA 17 NA 7 63 0 10 22 27 0 0 0 0 0 10 22 27 0 0 0 0 0 139 403 17228 4922 22 25 31
290 87 99 78 21 58 25 1107 52 8 78 170 27 17 NA 17 NA 7 52 0 10 21 27 0 0 0 0 0 10 21 27 0 0 0 0 1 134 404 17288 4922 23 24 31
291 82 98 78 20 58 24 1113 61 4 78 167 26.5 16.5 NA 16.5 NA 5 61 1 8 21 28 0 0 0 0 1 8 21 28 0 0 0 0 0 148 405 17346 4922 22 25 31
292 76 101 81 20 58 30 1116 64 1 78 180 27 16.5 NA 16.5 NA 7 64 1 6 21 30 0 0 0 0 1 6 21 30 0 0 0 0 1 148 405 17401 4922 20 25 33
293 76 100 81 19 57 29 1124 62 6 80 181 28 17 NA 17 NA 5 62 1 5 20 31 0 0 0 0 1 5 20 31 0 0 0 0 0 142 405 17455 4920 22 24 34
294 66 99 80 19 55 33 1130 63 3 79 182 27 17 NA 17 NA 9 63 1 4 16 34 0 0 0 0 1 4 16 34 0 0 0 0 1 141 408 17516 4921 22 20 37
295 82 99 82 17 55 32 1133 62 12 78 177 27 17 NA 17 NA 11 62 0 8 14 33 0 0 0 0 0 8 14 33 0 0 0 0 3 158 408 17587 4922 24 18 36
296 88 98 81 17 53 28 1120 66 7 78 186 26 16 NA 16 NA 3 66 0 7 15 31 0 0 0 0 0 7 15 31 0 0 0 0 1 146 409 17659 4922 25 19 34
297 76 102 83 19 55 29 1094 67 7 78 179 25.5 16 NA 16 NA 9 67 0 8 15 32 0 0 0 0 0 8 15 32 0 0 0 0 2 140 411 17738 4922 24 19 35
298 79 99 80 19 50 28 1100 61 3 73 194 24 16.5 NA 16.5 NA 3 61 0 7 13 30 0 0 0 0 0 7 13 30 0 0 0 0 1 152 412 17801 4927 21 19 33
299 86 101 83 18 48 33 1110 69 5 72 186 24 16 NA 16 NA 9 69 0 7 13 28 0 0 0 0 0 7 13 28 0 0 0 0 2 153 412 17853 4928 21 20 31
300 65 101 82 19 49 38 1129 73 4 71 186 25 16 NA 16 NA 12 73 0 8 12 29 0 0 0 0 0 8 12 29 0 0 0 0 2 168 412 17911 4929 19 20 32
301 63 102 83 19 48 30 1136 54 10 69 189 23.5 17 NA 17 NA 4 54 0 8 12 28 0 0 0 0 0 8 12 28 0 0 0 0 1 127 414 17967 4931 18 20 31
302 81 106 87 19 48 36 1116 74 5 72 189 23 17.5 NA 17.5 NA 13 74 0 7 14 27 0 0 0 0 0 7 14 27 0 0 0 0 3 130 416 18025 4928 20 21 31
303 79 105 87 18 50 31 1098 70 10 72 183 24 17.5 NA 17.5 NA 6 70 1 7 13 29 0 0 0 0 1 7 13 29 0 0 0 0 0 131 417 18079 4928 19 20 33
304 76 104 85 19 50 29 1107 56 8 73 185 23 16.5 NA 16.5 NA 7 56 2 8 11 29 0 0 0 0 2 8 11 29 0 0 0 0 1 147 419 18145 4927 22 18 33
305 62 105 85 20 49 36 1111 63 4 71 190 23 17 NA 17 NA 10 63 2 7 12 28 0 0 0 0 2 7 12 28 0 0 0 0 3 139 419 18201 4929 19 21 31
306 69 107 86 21 51 38 1124 75 7 72 193 24 17 NA 17 NA 10 75 3 7 12 29 0 0 0 0 3 7 12 29 0 0 0 0 2 159 420 18253 4928 18 21 33
307 81 104 84 20 53 30 1128 67 15 74 191 24.5 17 NA 17 NA 8 67 2 6 18 27 0 0 0 0 2 6 18 27 0 0 0 0 0 156 422 18319 4926 19 23 32
308 68 99 79 20 49 32 1143 73 3 72 190 25 16 NA 16 NA 7 73 2 5 17 25 0 0 0 0 2 5 17 25 0 0 0 0 1 164 424 18380 4928 18 24 30
309 76 96 76 20 48 34 1152 65 7 72 195 26 16 NA 16 NA 9 65 2 6 16 24 0 0 0 0 2 6 16 24 0 0 0 0 1 149 424 18438 4928 21 22 29
310 81 95 75 20 46 33 1140 77 4 71 180 26 16 NA 16 NA 8 77 1 7 14 24 0 0 0 0 1 7 14 24 0 0 0 0 2 145 428 18499 4929 22 19 30
311 72 95 75 20 49 35 1130 79 11 74 161 27 16 NA 16 NA 11 79 1 9 13 26 0 0 0 0 1 9 13 26 0 0 0 0 1 151 428 18561 4926 25 18 31
312 69 96 74 22 49 36 1146 59 5 75 165 26.5 16 NA 16 NA 9 59 1 9 12 27 0 0 0 0 1 9 12 27 0 0 0 0 2 153 429 18628 4925 25 18 32
313 72 98 75 23 52 36 1143 68 8 77 169 25.5 16.5 NA 16.5 NA 8 68 1 11 12 28 0 0 0 0 1 11 12 28 0 0 0 0 2 146 430 18687 4923 27 17 33
314 77 100 75 25 50 42 1141 67 7 78 177 24 16 NA 16 NA 13 67 0 10 12 28 0 0 0 0 0 10 12 28 0 0 0 0 4 146 430 18749 4922 26 19 33
315 72 100 75 25 51 43 1147 83 7 78 168 25 16 NA 16 NA 11 83 0 10 11 30 0 0 0 0 0 10 11 30 0 0 0 0 0 161 433 18807 4922 25 18 35
316 79 97 75 22 49 41 1129 72 12 76 167 25 16 NA 16 NA 10 72 0 9 13 27 0 0 0 0 0 9 13 27 0 0 0 0 1 135 434 18868 4924 24 20 32
317 77 94 72 22 50 36 1140 69 11 76 161 25.5 15 NA 15 NA 8 69 1 9 11 29 0 0 0 0 1 9 11 29 0 0 0 0 0 140 435 18918 4924 26 16 34
318 76 93 71 22 49 34 1174 60 10 74 163 25 14 NA 14 NA 8 60 0 11 10 28 0 0 0 0 0 11 10 28 0 0 0 0 2 174 435 18977 4926 26 15 33
319 65 96 74 22 49 39 1172 63 6 74 162 24.5 14 NA 14 NA 10 63 0 10 8 31 0 0 0 0 0 10 8 31 0 0 0 0 1 157 436 19055 4926 24 14 36
320 69 98 73 25 47 37 1136 82 11 73 152 24.5 14 NA 14 NA 10 82 0 9 7 31 0 0 0 0 0 9 7 31 0 0 0 0 1 136 437 19128 4927 22 14 37
321 77 99 75 24 45 38 1135 66 7 73 151 24 14 NA 14 NA 10 66 0 8 8 29 0 0 0 0 0 8 8 29 0 0 0 0 1 140 440 19189 4927 21 17 35
322 76 99 75 24 44 43 1131 81 6 72 156 25 15 NA 15 NA 10 81 0 7 9 28 0 0 0 0 0 7 9 28 0 0 0 0 3 150 440 19245 4928 21 18 33
323 78 99 75 24 46 38 1137 62 10 73 153 26 15 NA 15 NA 7 62 1 7 10 28 0 0 0 0 1 7 10 28 0 0 0 0 0 148 442 19307 4927 19 20 34
324 81 100 77 23 47 43 1108 82 5 74 150 25.5 16 NA 16 NA 12 82 1 7 12 27 0 0 0 0 1 7 12 27 0 0 0 0 0 139 444 19370 4926 19 21 34
325 68 101 78 23 49 40 1127 54 10 76 153 26 16 NA 16 NA 9 54 2 6 14 27 0 0 0 0 2 6 14 27 0 0 0 0 0 149 446 19431 4924 19 23 34
326 67 101 79 22 50 43 1115 75 6 79 149 27 16 NA 16 NA 12 75 1 6 14 29 0 0 0 0 1 6 14 29 0 0 0 0 1 138 448 19497 4921 20 23 36
327 84 96 77 19 48 46 1102 64 5 73 162 27.5 16 NA 16 NA 9 64 1 6 13 28 0 0 0 0 1 6 13 28 0 0 0 0 1 141 449 19564 4927 18 21 34
328 70 95 77 18 48 39 1102 64 11 72 171 28 16 NA 16 NA 7 64 1 5 13 29 0 0 0 0 1 5 13 29 0 0 0 0 0 131 451 19618 4928 18 19 35
329 85 96 77 19 49 40 1115 69 4 73 165 28.5 16 NA 16 NA 8 69 2 4 13 30 0 0 0 0 2 4 13 30 0 0 0 0 0 149 453 19671 4927 17 20 36
330 83 97 78 19 47 32 1130 53 8 72 163 28 16 NA 16 NA 3 53 2 4 14 27 0 0 0 0 2 4 14 27 0 0 0 0 2 177 455 19754 4928 18 20 34
331 77 97 77 20 47 37 1103 82 5 73 142 27 16 NA 16 NA 10 82 1 6 12 28 0 0 0 0 1 6 12 28 0 0 0 0 0 132 455 19818 4927 20 18 35
332 80 94 74 20 45 38 1117 59 6 72 154 26 16 NA 16 NA 7 59 0 8 10 27 0 0 0 0 0 8 10 27 0 0 0 0 0 154 456 19881 4928 23 15 34
333 65 94 74 20 44 34 1109 68 6 74 151 26 15 NA 15 NA 4 68 0 8 9 27 0 0 0 0 0 8 9 27 0 0 0 0 2 139 457 19947 4926 24 15 35
334 72 94 70 24 43 34 1117 60 8 73 147 23.5 16 NA 16 NA 9 60 0 9 9 25 0 0 0 0 0 9 9 25 0 0 0 0 1 139 459 20005 4927 26 14 33
335 85 94 69 25 42 39 1096 74 7 69 145 21.5 16 NA 16 NA 12 74 0 10 8 24 0 0 0 0 0 10 8 24 0 0 0 0 2 143 459 20070 4931 25 12 32
336 68 95 70 25 41 37 1099 70 11 69 145 22 16 NA 16 NA 8 70 0 9 8 24 0 0 0 0 0 9 8 24 0 0 0 0 1 146 459 20127 4931 24 13 32
337 87 93 69 24 39 33 1124 56 10 66 145 21 16 NA 16 NA 6 56 0 10 7 22 0 0 0 0 0 10 7 22 0 0 0 0 1 161 461 20190 4934 24 12 30
338 63 91 68 23 37 36 1143 58 6 64 160 20 16 NA 16 NA 8 58 0 8 7 22 0 0 0 0 0 8 7 22 0 0 0 0 1 153 461 20250 4936 20 14 30
339 78 91 67 24 40 34 1158 66 8 63 170 21 16 NA 16 NA 7 66 1 8 9 22 0 0 0 0 1 8 9 22 0 0 0 0 2 154 463 20304 4937 20 14 29
340 93 90 65 25 37 36 1132 73 8 58 162 20.5 16 NA 16 NA 13 73 1 7 9 20 0 0 0 0 1 7 9 20 0 0 0 0 1 131 467 20363 4942 19 14 25
341 101 93 68 25 36 33 1103 62 9 58 158 21 16 NA 16 NA 7 62 1 7 8 20 0 0 0 0 1 7 8 20 0 0 0 0 2 119 468 20419 4942 20 13 25
342 81 91 67 24 36 30 1101 63 5 59 160 21 16 NA 16 NA 4 63 0 6 9 21 0 0 0 0 0 6 9 21 0 0 0 0 1 154 471 20494 4941 21 13 25
343 75 90 65 25 37 36 1134 60 4 60 168 22 16 NA 16 NA 9 60 0 6 10 21 0 0 0 0 0 6 10 21 0 0 0 0 1 171 471 20553 4940 20 16 24
344 78 92 68 24 39 46 1115 71 6 59 169 22.5 16 NA 16 NA 15 71 0 7 11 21 0 0 0 0 0 7 11 21 0 0 0 0 3 135 472 20615 4941 16 18 25
345 65 90 67 23 38 46 1128 81 13 58 167 21 16 NA 16 NA 14 81 0 5 14 19 0 0 0 0 0 5 14 19 0 0 0 0 2 162 473 20671 4942 15 20 23
346 72 91 67 24 42 45 1130 64 11 61 158 22 16 NA 16 NA 8 64 1 7 14 20 0 0 0 0 1 7 14 20 0 0 0 0 0 140 473 20728 4939 17 20 24
347 65 91 67 24 43 40 1141 68 10 62 161 20 16 NA 16 NA 4 68 2 7 14 20 0 0 0 0 2 7 14 20 0 0 0 0 2 162 473 20794 4938 20 18 24
348 64 90 67 23 42 42 1133 79 7 63 149 18 15.5 NA 15.5 NA 11 79 1 7 14 20 0 0 0 0 1 7 14 20 0 0 0 0 1 151 474 20860 4937 21 18 24
349 73 92 69 23 43 39 1139 56 7 63 149 19 15 NA 15 NA 5 56 1 9 13 20 0 0 0 0 1 9 13 20 0 0 0 0 1 144 476 20929 4937 21 18 24
350 79 94 71 23 41 47 1134 78 2 63 153 19 15 NA 15 NA 12 78 1 8 10 22 0 0 0 0 1 8 10 22 0 0 0 0 2 154 478 20990 4937 22 14 27
351 82 94 71 23 41 46 1136 64 8 64 156 18.5 15 NA 15 NA 7 64 1 8 11 21 0 0 0 0 1 8 11 21 0 0 0 0 2 146 479 21051 4936 24 15 25
352 65 95 72 23 42 47 1133 72 6 67 161 19 15 NA 15 NA 7 72 1 9 10 22 0 0 0 0 1 9 10 22 0 0 0 0 1 134 480 21102 4933 27 14 26
353 71 97 74 23 42 36 1147 59 11 71 162 19 15 NA 15 NA 7 59 1 9 10 22 0 0 0 0 1 9 10 22 0 0 0 0 2 139 487 21150 4929 31 14 26
354 76 101 74 27 46 33 1129 64 9 72 148 20 15 NA 15 NA 8 64 2 9 11 24 0 0 0 0 2 9 11 24 0 0 0 0 1 138 490 21222 4928 28 16 28
355 70 100 73 27 46 43 1097 71 3 72 141 20.5 15 NA 15 NA 11 71 2 8 12 24 0 0 0 0 2 8 12 24 0 0 0 0 1 139 491 21300 4928 27 17 28
356 76 101 75 26 50 40 1125 64 14 74 156 21 16 NA 16 NA 10 64 0 14 10 26 0 0 0 0 0 14 10 26 0 0 0 0 1 167 494 21359 4926 30 15 29
357 67 102 75 27 52 40 1145 61 5 72 168 20.5 16 NA 16 NA 6 61 0 15 8 29 0 0 0 0 0 15 8 29 0 0 0 0 4 157 497 21419 4928 29 11 32
358 67 101 73 28 51 39 1161 74 6 72 172 21 16 NA 16 NA 10 74 0 14 9 28 0 0 0 0 0 14 9 28 0 0 0 0 1 162 501 21477 4928 28 12 32
359 76 99 72 27 50 34 1121 74 9 72 160 22 15.5 NA 15.5 NA 6 74 0 11 12 27 0 0 0 0 0 11 12 27 0 0 0 0 0 130 503 21549 4928 27 15 30
360 75 97 71 26 45 44 1115 68 3 68 167 21 15 NA 15 NA 13 68 0 9 11 25 0 0 0 0 0 9 11 25 0 0 0 0 3 145 503 21618 4932 25 15 28
