1 71 0 0 0 0 0 197 10 0 0 0 NA NA NA NA 0 10
2 70 4 4 0 0 0 361 22 0 0 0 0 NA NA NA 1 22
3 51 6 6 0 0 0 506 33 0 0 0 1 NA NA NA 3 33
4 72 8 8 0 0 0 646 22 0 0 0 1.5 NA NA NA 2 22
5 60 11 11 0 0 0 774 29 0 0 0 2 NA NA NA 3 29
6 59 12 11 1 0 0 914 39 0 0 0 2.5 NA NA NA 3 39
7 68 15 14 1 0 0 1023 49 0 0 0 3 NA NA NA 5 49
8 61 17 15 2 0 0 1106 57 1 0 0 3 NA NA NA 7 57
9 72 19 16 3 0 0 1194 41 1 0 0 4 NA NA NA 4 41
10 78 19 17 2 0 0 1269 60 1 0 0 5 NA NA NA 6 60
11 60 22 18 4 0 0 1322 68 1 0 0 5.5 NA NA NA 6 68
12 72 22 18 4 0 0 1370 66 1 0 0 6.5 NA NA NA 10 66
13 212 27 23 4 0 0 1366 74 1 0 0 6 NA NA NA 5 74
14 71 29 25 4 0 0 1421 70 2 4 0 7 NA NA NA 6 70
15 62 31 27 4 0 0 1453 73 2 6 0 7 NA NA NA 8 73
16 63 34 30 4 0 0 1504 66 2 8 0 7 NA NA NA 5 66
17 52 34 30 4 0 0 1569 64 2 11 0 8 NA NA NA 9 64
18 58 36 31 5 0 0 1601 79 2 10 0 7 NA NA NA 3 79
19 69 36 31 5 0 0 1634 62 2 12 0 7 NA NA NA 10 62
20 58 36 31 5 0 0 1668 82 2 13 0 8 NA NA NA 6 82
21 54 39 32 7 1 0 1717 73 3 15 0 8 14 NA 14 11 73
22 57 38 31 7 1 0 1743 73 4 15 0 9 14 NA 14 8 73
23 61 38 31 7 2 0 1767 89 7 18 0 10 9 NA 9 18 89
24 55 42 35 7 2 0 1787 89 8 18 0 11 9 NA 9 13 89
25 188 45 38 7 2 0 1740 90 8 23 0 12 9 NA 9 11 90
26 60 48 39 9 2 0 1772 81 8 24 0 11.5 9 NA 9 14 81
27 59 49 40 9 3 0 1788 86 9 24 0 11 14 NA 14 8 86
28 66 52 41 11 3 0 1799 96 10 28 0 12 14 NA 14 11 96
29 49 51 40 11 3 0 1815 79 10 27 0 13 14 NA 14 12 79
30 66 51 40 11 3 0 1810 94 9 31 0 14 14 NA 14 14 94
31 75 51 40 11 4 0 1815 79 10 31 0 15 17 NA 17 15 79
32 55 52 40 12 4 0 1833 90 11 31 0 15 17 NA 17 12 90
33 74 57 45 12 5 0 1822 96 12 33 0 15 14 NA 14 9 96
34 56 58 46 12 5 0 1848 96 12 32 0 14 14 NA 14 13 96
35 67 62 49 13 5 0 1863 103 13 32 0 14 14 NA 14 14 103
36 62 64 51 13 5 0 1875 79 13 35 0 12 14 NA 14 10 79
37 154 69 56 13 5 0 1836 93 13 38 0 13 14 NA 14 15 93
38 87 68 55 13 5 0 1854 81 14 39 0 13.5 20 NA 20 13 81
39 69 69 56 13 5 0 1869 90 14 39 0 14 20 NA 20 13 90
40 58 73 59 14 5 0 1875 104 14 43 0 14 20 NA 20 14 104
41 64 74 59 15 7 0 1883 92 16 41 0 14 20 NA 20 14 92
42 57 75 60 15 7 0 1888 90 18 42 0 14 20 NA 20 10 90
43 68 75 60 15 7 0 1883 93 19 41 0 15 20 NA 20 15 93
44 67 74 60 14 8 0 1879 91 20 42 0 16 17 NA 17 15 91
45 62 76 62 14 8 0 1901 83 20 43 0 13.5 17 NA 17 14 83
46 53 73 59 14 8 0 1916 94 20 42 0 15 17 NA 17 6 94
47 51 76 59 17 8 0 1923 92 22 46 0 15 17 NA 17 9 92
48 63 77 61 16 8 0 1937 92 23 49 0 16 17 NA 17 13 92
49 124 80 62 18 8 0 1900 98 23 54 0 15.5 17 NA 17 17 98
50 78 83 62 21 9 0 1890 100 24 54 0 15 20 NA 20 14 100
51 82 86 62 24 9 0 1907 81 25 54 0 15.5 20 NA 20 18 81
52 67 91 62 29 8 0 1891 93 24 56 0 15 17 NA 17 16 93
53 69 89 63 26 10 0 1900 93 26 55 0 16 20.5 NA 20.5 20 93
54 63 93 65 28 11 0 1884 97 27 56 0 17 21 NA 21 15 97
55 69 92 63 29 12 0 1885 83 28 57 0 17.5 20.5 NA 20.5 14 83
56 68 92 62 30 11 0 1894 96 29 57 0 18 20 NA 20 16 96
57 57 95 64 31 11 0 1876 97 29 60 0 17 20 NA 20 13 97
58 70 93 62 31 11 0 1866 95 30 58 0 18 20 NA 20 10 95
59 78 95 64 31 11 0 1893 81 30 59 0 18 21 NA 21 15 81
60 64 96 65 31 10 0 1901 82 29 59 0 17.5 23 NA 23 7 82
61 120 95 63 32 11 0 1885 84 33 62 0 18 25 NA 25 14 84
62 63 98 67 31 12 0 1893 85 34 66 0 18.5 25.5 NA 25.5 14 85
63 59 99 68 31 15 0 1911 83 38 68 0 18 26 NA 26 21 83
64 72 103 72 31 16 0 1906 89 40 73 0 17 25.5 NA 25.5 11 89
65 61 107 73 34 16 0 1910 77 40 74 0 18 25.5 NA 25.5 9 77
66 65 107 74 33 15 0 1926 88 39 75 0 18 25 NA 25 15 88
67 65 105 72 33 15 0 1900 95 39 73 0 18 26 NA 26 14 95
68 63 109 76 33 15 0 1903 79 39 75 0 19 26 NA 26 17 79
69 54 112 78 34 15 0 1918 80 40 77 0 19 26 NA 26 17 80
70 68 111 78 33 15 0 1923 101 41 76 0 20 26 NA 26 21 101
71 67 112 77 35 16 0 1927 83 41 79 0 20.5 26.5 NA 26.5 15 83
72 75 111 76 35 16 0 1913 103 41 80 0 21 26.5 NA 26.5 17 103
73 124 108 73 35 16 0 1863 104 40 76 0 22 26.5 NA 26.5 16 104
74 77 108 74 34 17 0 1848 100 39 77 0 22.5 27 NA 27 18 100
75 63 110 74 36 17 0 1852 93 40 79 0 23 27 NA 27 18 93
76 75 109 74 35 17 0 1858 83 39 80 0 24 27 NA 27 16 83
77 83 103 70 33 16 0 1858 89 38 78 0 23 28 NA 28 18 89
78 74 105 72 33 17 0 1869 75 39 78 0 22 30 NA 30 18 75
79 69 107 74 33 15 0 1866 85 38 78 0 22 30 NA 30 10 85
80 79 109 76 33 15 0 1870 80 39 78 0 21 26 NA 26 15 80
81 67 109 75 34 17 0 1870 93 41 81 0 22 26 NA 26 15 93
82 64 106 72 34 16 0 1879 85 39 78 0 22.5 26 NA 26 17 85
83 63 104 71 33 15 0 1887 91 37 78 0 22.5 26 NA 26 15 91
84 65 102 69 33 15 0 1913 82 37 76 0 23.5 26 NA 26 17 82
85 104 100 68 32 16 0 1886 98 39 73 0 23 26 NA 26 14 98
86 77 97 66 31 15 0 1891 86 40 73 0 22 26 NA 26 10 86
87 85 96 65 31 16 0 1899 93 42 74 0 23 24 NA 24 19 93
88 60 98 67 31 16 0 1907 96 42 76 0 23 24 NA 24 15 96
89 65 98 69 29 16 0 1890 85 42 74 0 24 24 NA 24 14 85
90 65 95 67 28 16 0 1899 85 41 74 0 25 26 NA 26 13 85
91 68 95 68 27 16 0 1885 94 41 74 0 24 26 NA 26 12 94
92 62 93 67 26 16 0 1904 89 40 75 0 24 26 NA 26 12 89
93 69 95 70 25 16 0 1886 83 38 76 0 24 26 NA 26 14 83
94 70 97 72 25 16 0 1875 80 39 74 0 25 26 NA 26 16 80
95 63 94 73 21 18 0 1862 95 41 71 0 24.5 26 NA 26 16 95
96 86 97 72 25 18 0 1843 93 42 71 0 25 26 NA 26 20 93
97 92 94 71 23 17 0 1840 93 39 70 0 23.5 26 NA 26 17 93
98 88 92 70 22 17 0 1847 82 38 67 0 24 26 NA 26 12 82
99 68 91 68 23 17 0 1842 85 39 65 0 24 26 NA 26 17 85
100 69 91 66 25 19 0 1856 89 41 64 0 25 26 NA 26 18 89
101 53 93 66 27 20 0 1863 83 43 65 0 25 26 NA 26 14 83
102 71 91 65 26 20 0 1854 92 44 62 0 24 26 NA 26 21 92
103 83 88 64 24 18 0 1878 77 42 62 0 24.5 26 NA 26 9 77
104 75 89 64 25 18 0 1878 87 43 61 0 25 26 NA 26 10 87
105 72 90 65 25 19 0 1893 80 44 62 0 26 26 NA 26 19 80
106 87 90 65 25 19 0 1901 71 45 64 0 27 26 NA 26 9 71
107 56 91 65 26 20 0 1917 84 47 65 0 28 26 NA 26 10 84
108 76 89 63 26 18 0 1901 93 45 66 0 28 26 NA 26 14 93
109 95 92 63 29 18 0 1903 90 46 66 0 23.5 26 NA 26 15 90
110 88 95 66 29 18 0 1880 90 48 69 0 23 26 NA 26 16 90
111 82 94 66 28 16 0 1852 102 45 67 0 23 25 NA 25 17 102
112 69 95 67 28 17 0 1882 84 46 71 0 24 26 NA 26 12 84
113 80 95 67 28 16 0 1890 84 45 72 0 24 25 NA 25 17 84
114 73 93 66 27 14 0 1890 99 45 70 0 23 25 NA 25 21 99
115 63 95 69 26 13 0 1891 85 45 67 0 21 26 NA 26 14 85
116 68 95 68 27 13 0 1867 95 46 66 0 21 26 NA 26 13 95
117 82 94 68 26 14 0 1866 89 48 67 0 21 26 NA 26 16 89
118 69 93 67 26 14 0 1885 82 49 66 0 22 26 NA 26 18 82
119 68 89 65 24 12 0 1878 88 46 62 0 23 25 NA 25 19 88
120 79 86 63 23 11 0 1867 92 45 61 0 24 26 NA 26 11 92
121 113 85 63 22 11 0 1852 95 46 63 0 25 26 NA 26 10 95
122 76 86 64 22 11 0 1848 98 46 65 0 24.5 26 NA 26 11 98
123 60 87 65 22 10 0 1866 95 44 65 0 23 26 NA 26 14 95
124 71 90 68 22 10 0 1870 85 43 63 0 21 26 NA 26 20 85
125 71 92 70 22 10 0 1878 86 43 64 0 21 26 NA 26 10 86
126 62 92 70 22 10 0 1886 88 43 66 0 22 26 NA 26 14 88
127 65 92 70 22 8 0 1882 93 41 68 0 22 24 NA 24 15 93
128 84 94 72 22 8 0 1896 79 41 70 0 22.5 24 NA 24 14 79
129 69 94 72 22 8 0 1886 85 39 69 0 21.5 24 NA 24 19 85
130 75 93 71 22 9 0 1898 96 40 69 0 22 26 NA 26 16 96
131 67 93 71 22 8 0 1910 87 40 67 0 22 26 NA 26 21 87
132 76 90 69 21 7 0 1882 105 38 65 0 23 26 NA 26 12 105
133 117 88 68 20 8 0 1863 97 39 64 0 24 33.5 NA 33.5 10 97
134 62 84 64 20 8 0 1860 91 39 63 0 25 33.5 NA 33.5 15 91
135 53 85 64 21 8 0 1879 67 39 64 0 25 33.5 NA 33.5 20 67
136 78 88 67 21 9 0 1894 97 39 66 0 25.5 30 NA 30 14 97
137 75 85 64 21 10 0 1869 98 40 66 0 27 28 NA 28 23 98
138 84 86 64 22 11 0 1874 88 41 63 0 23 29 NA 29 18 88
139 77 88 66 22 10 0 1863 86 40 63 0 23 27.5 NA 27.5 18 86
140 80 87 67 20 10 0 1854 100 40 63 0 22 26 NA 26 25 100
141 73 85 65 20 12 0 1873 79 40 62 0 22 25.5 NA 25.5 13 79
142 71 83 64 19 12 0 1883 87 39 62 0 24 25.5 NA 25.5 13 87
143 72 80 61 19 11 0 1886 99 40 63 0 25.5 25 NA 25 16 99
144 75 79 60 19 13 0 1893 92 42 61 0 25 26 NA 26 10 92
145 93 75 57 18 15 0 1878 92 41 59 0 25 26 NA 26 17 92
146 87 74 55 19 15 0 1885 79 41 56 0 24 26 NA 26 12 79
147 72 73 55 18 15 0 1868 106 44 55 0 24 26 NA 26 17 106
148 87 77 59 18 13 0 1898 81 43 55 0 24 26 NA 26 17 81
149 86 78 57 21 14 0 1878 107 45 53 0 24 25 NA 25 14 107
150 79 83 61 22 15 0 1900 77 45 56 0 23 25 NA 25 16 77
151 69 87 64 23 15 0 1912 81 44 58 0 22 25 NA 25 10 81
152 71 89 66 23 15 0 1929 87 45 58 0 21 25 NA 25 12 87
153 72 89 66 23 16 0 1926 103 46 60 0 22 25.5 NA 25.5 10 103
154 68 91 69 22 17 0 1906 109 48 59 0 23 26 NA 26 25 109
155 87 92 68 24 17 0 1896 98 49 56 0 19 26 NA 26 17 98
156 70 95 70 25 16 0 1914 87 47 56 0 18 27.5 NA 27.5 13 87
157 98 95 71 24 16 0 1913 80 47 55 0 18 27.5 NA 27.5 20 80
158 68 94 70 24 17 0 1907 86 47 56 0 19.5 29 NA 29 11 86
159 77 94 70 24 16 0 1880 99 46 57 0 20 29 NA 29 18 99
160 78 92 69 23 16 0 1916 70 45 61 0 21 29 NA 29 6 70
161 73 92 69 23 16 0 1883 96 46 64 0 22 29 NA 29 19 96
162 64 92 69 23 15 0 1902 103 46 67 0 23 29 NA 29 26 103
163 66 93 69 24 15 0 1906 96 46 72 0 24 29 NA 29 15 96
164 78 93 66 27 16 0 1905 80 48 68 0 20 29 NA 29 11 80
165 76 94 68 26 16 0 1879 96 48 67 0 20 31.5 NA 31.5 25 96
166 64 95 69 26 18 0 1880 81 50 68 0 19 31.5 NA 31.5 13 81
167 67 90 66 24 17 0 1889 94 49 67 0 19.5 29 NA 29 16 94
168 80 89 66 23 17 0 1854 100 49 70 0 20 29 NA 29 10 100
169 84 89 65 24 16 0 1859 93 46 69 0 21 29 NA 29 19 93
170 84 90 64 26 17 0 1853 90 47 66 0 21.5 29 NA 29 18 90
171 83 92 65 27 17 0 1852 89 46 64 0 21 29 NA 29 10 89
172 75 89 64 25 17 0 1843 92 45 62 0 22 29 NA 29 19 92
173 81 85 64 21 15 0 1830 96 43 60 0 23 29 NA 29 15 96
174 77 83 62 21 18 0 1854 83 46 60 0 24 29.5 NA 29.5 14 83
175 58 85 64 21 18 0 1831 105 46 61 0 25 29.5 NA 29.5 14 105
176 53 83 63 20 17 0 1849 90 45 62 0 24 30 NA 30 14 90
177 75 82 63 19 18 0 1852 87 44 63 0 25.5 29.5 NA 29.5 16 87
178 54 83 65 18 19 0 1863 92 45 63 0 24 30 NA 30 11 92
179 68 81 63 18 18 0 1883 73 44 61 0 25 29.5 NA 29.5 14 73
180 63 80 63 17 17 0 1902 92 43 61 0 26 29 NA 29 12 92
181 74 77 61 16 17 0 1904 83 42 57 0 26 30 NA 30 15 83
182 80 75 60 15 15 0 1899 94 40 57 0 26 30 NA 30 17 94
183 64 76 61 15 14 0 1908 98 39 57 0 27 30 NA 30 13 98
184 69 75 60 15 14 0 1914 81 38 57 0 28 30 NA 30 12 81
185 47 75 60 15 14 0 1912 104 38 57 0 29 30 NA 30 11 104
186 76 75 59 16 14 0 1897 99 38 56 0 29 32.5 NA 32.5 15 99
187 69 77 61 16 14 0 1919 79 38 57 0 25 32.5 NA 32.5 16 79
188 73 72 58 14 12 0 1921 93 37 53 0 24 29.5 NA 29.5 15 93
189 80 76 62 14 12 0 1903 101 39 54 0 23.5 29.5 NA 29.5 18 101
190 77 80 65 15 12 0 1904 93 39 57 0 22 29.5 NA 29.5 12 93
191 83 82 67 15 12 0 1912 95 37 56 0 21.5 29.5 NA 29.5 16 95
192 82 79 65 14 13 0 1914 88 39 55 0 22 31 NA 31 15 88
193 90 78 65 13 12 0 1891 95 37 53 0 22.5 29.5 NA 29.5 16 95
194 77 76 64 12 11 0 1863 111 37 52 0 21.5 28 NA 28 13 111
195 93 76 64 12 10 0 1846 87 36 52 0 20 29.5 NA 29.5 11 87
196 65 74 62 12 10 0 1862 85 38 49 0 21 29.5 NA 29.5 22 85
197 83 77 65 12 11 0 1852 95 39 49 0 21 31 NA 31 12 95
198 89 78 65 13 11 0 1817 107 39 49 0 21 31 NA 31 17 107
199 73 77 65 12 11 0 1821 88 37 49 0 18 33 NA 33 19 88
200 83 75 64 11 10 0 1837 68 35 48 0 18 29 NA 29 15 68
201 92 72 62 10 8 0 1848 86 31 48 0 18 29 NA 29 11 86
202 74 72 62 10 8 0 1841 100 31 50 0 16.5 29 NA 29 13 100
203 88 73 64 9 7 0 1839 97 31 51 0 16 28 NA 28 19 97
204 78 76 65 11 7 0 1822 92 32 51 0 17 28 NA 28 14 92
205 83 77 65 12 10 0 1812 83 34 51 0 17 25 NA 25 16 83
206 77 75 64 11 10 0 1796 98 34 48 0 17 25 NA 25 18 98
207 83 74 63 11 10 0 1820 75 34 50 0 18 25 NA 25 18 75
208 57 74 63 11 10 0 1822 79 34 50 0 19 25 NA 25 12 79
209 76 78 67 11 9 0 1843 76 34 53 0 19 22 NA 22 13 76
210 80 77 67 10 11 0 1838 86 36 53 0 20 22 NA 22 17 86
211 87 83 73 10 11 0 1856 67 37 55 0 20 22 NA 22 9 67
212 79 88 76 12 13 0 1856 78 40 55 0 17.5 28 NA 28 18 78
213 85 89 77 12 14 0 1857 95 40 54 0 18 25 NA 25 14 95
214 73 88 76 12 14 0 1843 85 40 56 0 19 25 NA 25 10 85
215 86 91 79 12 14 0 1832 94 39 59 0 18 25 NA 25 13 94
216 87 92 81 11 14 0 1823 84 41 60 0 19 25 NA 25 23 84
217 88 93 82 11 14 0 1833 82 40 59 0 19 25 NA 25 19 82
218 76 93 83 10 14 0 1812 82 41 61 0 19 25 NA 25 9 82
219 71 96 84 12 14 0 1823 90 43 61 0 19 25 NA 25 18 90
220 80 99 88 11 15 0 1842 89 43 61 0 18 28 NA 28 17 89
221 79 97 87 10 17 0 1856 66 47 62 0 18 28 NA 28 12 66
222 70 99 89 10 18 0 1850 82 48 64 0 19 26 NA 26 12 82
223 76 99 89 10 20 0 1836 108 49 71 0 20 28 NA 28 25 108
224 91 98 88 10 19 0 1827 93 48 72 0 20.5 28 NA 28 12 93
225 66 99 88 11 20 0 1856 76 48 74 0 21 28.5 NA 28.5 9 76
226 84 94 83 11 19 0 1866 85 46 69 0 20.5 29 NA 29 11 85
227 59 95 84 11 19 0 1874 86 46 70 0 21 29 NA 29 11 86
228 82 92 81 11 18 0 1868 83 46 69 0 22 29 NA 29 14 83
229 92 95 83 12 18 0 1840 81 46 68 0 20 29 NA 29 14 81
230 79 94 83 11 18 0 1841 80 45 66 0 19.5 29 NA 29 14 80
231 83 94 82 12 18 0 1848 96 46 65 0 20 30 NA 30 15 96
232 83 96 84 12 17 0 1862 96 45 66 0 21 30 NA 30 11 96
233 63 99 88 11 17 0 1888 80 46 69 0 21 30 NA 30 11 80
234 80 97 87 10 16 0 1890 81 43 69 0 22 30 NA 30 12 81
235 68 98 88 10 15 0 1883 85 42 69 0 22 30 NA 30 15 85
236 81 100 88 12 15 0 1902 80 41 69 0 22 30 NA 30 18 80
237 68 100 88 12 14 0 1909 85 40 69 0 21 29 NA 29 16 85
238 59 103 90 13 15 0 1890 85 41 70 0 21 30 NA 30 15 85
239 64 102 90 12 15 0 1909 84 41 69 0 22 30 NA 30 16 84
240 60 105 92 13 16 0 1896 99 43 70 0 22 29 NA 29 18 99
241 75 108 96 12 15 0 1915 77 43 73 0 21.5 30 NA 30 11 77
242 78 109 97 12 14 0 1903 108 42 74 0 21 30.5 NA 30.5 16 108
243 83 114 102 12 14 0 1877 101 44 76 0 21 30.5 NA 30.5 21 101
244 82 115 103 12 14 0 1860 95 44 79 0 22 30.5 NA 30.5 16 95
245 94 114 102 12 17 0 1865 74 47 80 0 20 30 NA 30 16 74
246 89 114 101 13 16 0 1866 88 46 78 0 19.5 29 NA 29 13 88
247 65 111 98 13 15 0 1850 98 46 78 0 20 28 NA 28 17 98
248 77 111 97 14 16 0 1835 88 48 79 0 19 29 NA 29 14 88
249 46 108 94 14 17 0 1844 95 49 80 0 21 28 NA 28 19 95
250 66 109 93 16 19 0 1827 104 52 81 0 21 28 NA 28 16 104
251 74 112 93 19 19 0 1834 77 52 82 0 22 28 NA 28 13 77
252 70 113 94 19 18 0 1828 81 52 82 0 22 28 NA 28 11 81
253 78 111 94 17 17 0 1832 93 50 81 0 22 28 NA 28 13 93
254 76 114 96 18 18 0 1841 86 51 82 0 22 28 NA 28 18 86
255 73 111 93 18 18 0 1832 94 51 85 0 23 28 NA 28 19 94
256 83 108 90 18 18 0 1816 105 50 85 0 24 27 NA 27 23 105
257 85 111 91 20 19 0 1809 107 52 86 0 25 28 NA 28 19 107
258 87 114 94 20 19 0 1800 90 52 84 0 23 28 NA 28 18 90
259 79 114 94 20 19 0 1786 86 52 82 0 23 28 NA 28 15 86
260 80 114 93 21 18 0 1789 92 51 79 0 22.5 27 NA 27 11 92
261 74 115 94 21 17 0 1820 76 50 78 0 23 26 NA 26 12 76
262 87 114 93 21 17 0 1826 95 50 76 0 22 26 NA 26 15 95
263 70 116 95 21 17 0 1830 92 49 77 0 22 26 NA 26 19 92
264 83 114 91 23 18 0 1833 87 51 78 0 23 25.5 NA 25.5 19 87
265 82 121 97 24 19 0 1842 104 51 82 0 23 26 NA 26 16 104
266 74 119 95 24 19 0 1851 77 53 84 0 23 26 NA 26 10 77
267 88 121 96 25 19 0 1865 93 52 83 0 24 26 NA 26 15 93
268 92 115 89 26 20 0 1858 95 53 79 0 25 29 NA 29 25 95
269 75 118 92 26 21 0 1848 93 53 81 0 24.5 32 NA 32 17 93
270 73 114 88 26 19 0 1835 97 54 80 0 21 33 NA 33 22 97
271 87 115 89 26 18 0 1840 84 54 80 0 21 32.5 NA 32.5 15 84
272 79 116 90 26 18 0 1852 92 53 83 0 21 32.5 NA 32.5 21 92
273 71 115 89 26 18 0 1836 102 54 84 0 22 32.5 NA 32.5 26 102
274 74 115 86 29 18 0 1843 87 52 83 0 22 37 NA 37 14 87
275 87 113 85 28 17 0 1825 90 50 83 0 22 36 NA 36 13 90
276 75 114 86 28 18 0 1848 77 51 85 0 23 34.5 NA 34.5 15 77
277 80 111 83 28 17 0 1863 68 50 88 0 24 37 NA 37 16 68
278 78 109 83 26 17 0 1880 77 48 87 0 25 37 NA 37 13 77
279 80 110 82 28 16 0 1864 94 47 89 0 25.5 37.5 NA 37.5 13 94
280 74 112 83 29 17 0 1845 100 48 89 0 26 38 NA 38 23 100
281 69 113 85 28 18 0 1870 74 50 87 0 22 38.5 NA 38.5 12 74
282 91 115 85 30 19 0 1864 97 51 87 0 22 38 NA 38 16 97
283 78 114 84 30 18 0 1867 95 51 87 0 22.5 38 NA 38 24 95
284 79 115 85 30 19 0 1873 93 52 88 0 23 38 NA 38 21 93
285 74 115 84 31 21 0 1849 97 53 87 0 24 38 NA 38 19 97
286 79 112 81 31 20 0 1832 94 53 87 0 24 38.5 NA 38.5 20 94
287 78 115 85 30 19 0 1869 78 53 86 0 24 38 NA 38 14 78
288 73 111 84 27 19 0 1866 101 53 83 0 24 38 NA 38 19 101
289 76 108 81 27 18 0 1872 88 52 81 0 24 38 NA 38 20 88
290 87 105 81 24 16 0 1863 97 50 77 0 25 37 NA 37 17 97
291 78 107 83 24 14 0 1833 89 47 76 0 25 34.5 NA 34.5 12 89
292 70 103 79 24 14 0 1824 102 44 76 0 25 34 NA 34 22 102
293 72 101 75 26 14 0 1827 95 44 76 0 26 34 NA 34 12 95
294 75 101 75 26 14 0 1828 96 47 77 0 27 34 NA 34 16 96
295 76 103 78 25 16 0 1866 74 50 77 0 26 31 NA 31 16 74
296 78 107 82 25 16 0 1856 86 49 79 0 27 31 NA 31 18 86
297 74 113 88 25 16 0 1843 102 49 79 0 24 31 NA 31 20 102
298 76 114 88 26 16 0 1829 79 49 80 0 24 31 NA 31 7 79
299 58 113 89 24 17 0 1849 87 48 82 0 25 32 NA 32 22 87
300 79 114 89 25 17 0 1859 88 48 81 0 26 32 NA 32 14 88
301 61 118 92 26 18 0 1885 83 48 82 0 26 31 NA 31 11 83
302 63 119 93 26 18 0 1898 83 48 83 0 25 31 NA 31 13 83
303 66 117 90 27 18 0 1918 95 48 86 0 25 31 NA 31 14 95
304 78 117 89 28 18 0 1899 106 48 85 0 24 31 NA 31 12 106
305 81 115 87 28 17 0 1897 104 47 82 0 24 32 NA 32 13 104
306 72 120 92 28 17 0 1909 97 48 82 0 24 32 NA 32 18 97
307 72 118 90 28 17 0 1921 94 48 83 0 24.5 32 NA 32 19 94
308 90 118 91 27 18 0 1897 103 48 87 0 25.5 33 NA 33 23 103
309 81 121 94 27 19 0 1903 87 48 91 0 25 32 NA 32 15 87
310 74 122 94 28 20 0 1882 99 49 92 0 24.5 31 NA 31 12 99
311 46 123 95 28 21 0 1879 94 51 94 0 25 32 NA 32 21 94
312 78 125 97 28 21 0 1891 94 50 95 0 25 32 NA 32 21 94
313 69 122 95 27 21 0 1901 89 50 95 0 26 32 NA 32 14 89
314 60 124 97 27 21 0 1907 88 50 97 0 25.5 32 NA 32 13 88
315 87 121 94 27 20 0 1883 98 48 93 0 25 33 NA 33 18 98
316 76 119 91 28 20 0 1865 113 47 92 0 26 33 NA 33 13 113
317 70 117 90 27 20 0 1869 105 45 93 0 27 33 NA 33 26 105
318 82 116 90 26 20 0 1836 96 44 98 0 28 33 NA 33 10 96
319 81 116 91 25 19 0 1835 90 41 96 0 28.5 32 NA 32 24 90
320 76 114 88 26 18 0 1829 89 39 92 0 29 31 NA 31 15 89
321 75 112 87 25 17 0 1835 93 38 92 0 28.5 32 NA 32 17 93
322 83 109 86 23 16 0 1828 99 36 89 0 27 34 NA 34 20 99
323 79 111 88 23 16 0 1842 81 36 90 0 28 34 NA 34 14 81
324 83 109 86 23 17 0 1847 99 37 89 0 28 32 NA 32 20 99
325 83 108 85 23 17 0 1863 77 38 87 0 28 32 NA 32 16 77
326 85 110 88 22 16 0 1848 106 37 86 0 29 34 NA 34 18 106
327 65 112 90 22 16 0 1833 110 37 88 0 29.5 34 NA 34 21 110
328 77 109 88 21 18 0 1834 96 40 85 0 29 32 NA 32 17 96
329 70 109 88 21 20 0 1857 84 42 83 0 28 34 NA 34 15 84
330 81 116 94 22 21 0 1863 92 42 81 0 26 36 NA 36 26 92
331 76 118 97 21 21 0 1900 77 41 84 0 26.5 36 NA 36 13 77
332 63 120 97 23 25 0 1902 81 46 85 0 26.5 37 NA 37 26 81
333 73 124 101 23 26 0 1900 95 47 87 0 27 37.5 NA 37.5 15 95
334 81 126 102 24 27 0 1887 103 48 89 0 27.5 37 NA 37 21 103
335 83 126 103 23 25 0 1902 82 46 86 0 26 36 NA 36 15 82
336 77 130 106 24 27 0 1905 75 48 88 0 26 36 NA 36 15 75
337 73 126 102 24 24 0 1875 99 45 86 0 26.5 33.5 NA 33.5 20 99
338 59 124 101 23 23 0 1901 90 44 87 0 26.5 32 NA 32 13 90
339 88 122 100 22 24 0 1893 96 44 86 0 26 30 NA 30 21 96
340 83 120 96 24 22 0 1921 85 42 82 0 22.5 27.5 NA 27.5 9 85
341 83 120 96 24 20 0 1898 91 38 81 0 21.5 30 NA 30 18 91
342 85 118 95 23 17 0 1913 99 35 85 0 20.5 28 NA 28 16 99
343 84 117 93 24 19 0 1907 96 37 86 0 21 31 NA 31 18 96
344 78 116 93 23 19 0 1897 83 37 88 0 21.5 31 NA 31 17 83
345 72 118 94 24 18 0 1896 109 36 89 0 21 29.5 NA 29.5 23 109
346 84 120 96 24 18 0 1883 99 37 89 0 20.5 29.5 NA 29.5 19 99
347 74 119 96 23 16 0 1918 75 36 91 0 21 34 NA 34 11 75
348 76 118 94 24 16 0 1902 97 36 90 0 21.5 34 NA 34 15 97
349 85 114 90 24 14 0 1865 103 33 85 0 21 31.5 NA 31.5 9 103
350 73 113 88 25 14 0 1892 78 33 83 0 21 27.5 NA 27.5 15 78
351 81 112 88 24 15 0 1878 97 33 83 0 22.5 29 NA 29 17 97
352 77 113 89 24 13 0 1881 90 31 84 0 22 26 NA 26 16 90
353 77 113 89 24 14 0 1901 90 32 85 0 23 27.5 NA 27.5 10 90
354 76 115 89 26 13 0 1890 98 31 85 0 24 26 NA 26 19 98
355 68 116 90 26 12 0 1874 94 29 84 0 24.5 33.5 NA 33.5 13 94
356 83 120 92 28 13 0 1854 94 32 83 0 24.5 41 NA 41 17 94
357 75 125 96 29 15 0 1862 84 35 88 0 24 41 NA 41 15 84
358 68 124 95 29 16 0 1870 90 35 91 0 25 39 NA 39 25 90
359 95 125 96 29 17 0 1877 78 37 92 0 26 37 NA 37 17 78
360 80 126 96 30 17 0 1880 91 38 92 0 25.5 37 NA 37 17 91
