1 71 4 4 0 0 1 201 7 0 0 0 0 NA NA NA NA 1 7 0 0 0 0 0 0 0 0 0 0 0 0 0 0 0 0
2 71 7 4 3 0 3 379 15 0 0 0 1 NA NA NA NA 2 15 0 0 0 0 0 0 0 0 0 0 0 0 0 0 0 0
3 56 11 7 4 0 9 538 29 0 0 0 1 NA NA NA NA 6 29 0 0 0 0 0 0 0 0 0 0 0 0 0 0 0 0
4 52 14 8 6 0 15 666 40 0 0 0 1.5 NA NA NA NA 6 40 0 0 0 0 0 0 0 0 0 0 0 0 0 0 0 0
5 59 15 7 8 0 19 776 36 1 0 0 2 NA NA NA NA 5 36 0 0 0 0 0 0 0 0 0 0 0 0 0 0 0 0
6 55 18 10 8 0 21 891 47 2 0 0 3 NA NA NA NA 4 47 0 0 0 0 0 0 0 0 0 0 0 0 0 0 0 0
7 52 18 10 8 0 25 991 51 3 0 0 4 NA NA NA NA 5 51 0 0 0 0 0 0 0 0 0 0 0 0 0 0 0 0
8 54 18 10 8 0 31 1072 57 3 0 0 5 NA NA NA NA 6 57 0 0 0 0 0 0 0 0 0 0 0 0 0 0 0 0
9 50 21 13 8 0 38 1151 57 3 0 0 6 NA NA NA NA 7 57 0 0 0 0 0 0 0 0 0 0 0 0 0 0 0 0
10 71 27 18 9 0 39 1226 33 6 0 0 5 NA NA NA NA 4 33 0 0 0 0 0 0 0 0 0 0 0 0 0 0 0 0
11 64 28 19 9 1 38 1289 67 9 0 0 6 2 NA 2 NA 4 67 1 0 0 0 0 0 0 0 1 0 0 0 0 0 0 0
12 58 29 20 9 1 41 1383 51 11 0 0 7 2 NA 2 NA 6 51 1 0 0 0 0 0 0 0 1 0 0 0 0 0 0 0
13 234 32 23 9 0 44 1381 76 12 4 0 7 NA NA NA NA 6 76 0 0 0 0 0 0 0 0 0 0 0 0 0 0 0 0
14 80 36 27 9 0 50 1428 75 12 7 0 6 NA NA NA NA 7 75 0 0 0 0 0 0 0 0 0 0 0 0 0 0 0 0
15 52 37 28 9 0 52 1481 77 17 11 0 6 NA NA NA NA 7 77 0 0 0 0 0 0 0 0 0 0 0 0 0 0 0 0
16 60 39 30 9 0 52 1522 63 19 13 0 7 NA NA NA NA 3 63 0 0 0 0 0 0 0 0 0 0 0 0 0 0 0 0
17 64 40 31 9 1 61 1544 77 24 14 0 7 16 NA 16 NA 16 77 0 1 0 0 0 0 0 0 0 1 0 0 0 0 0 0
18 61 39 30 9 1 70 1581 71 26 16 0 8 16 NA 16 NA 13 71 0 1 0 0 0 0 0 0 0 1 0 0 0 0 0 0
19 65 39 30 9 2 71 1612 75 31 17 0 9 14 NA 14 NA 8 75 0 2 0 0 0 0 0 0 0 2 0 0 0 0 0 0
20 61 38 30 8 2 72 1629 82 39 16 0 10 14 NA 14 NA 9 82 0 2 0 0 0 0 0 0 0 2 0 0 0 0 0 0
21 73 36 29 7 3 74 1631 77 42 16 0 11 16 NA 16 NA 8 77 0 3 0 0 0 0 0 0 0 3 0 0 0 0 0 0
22 66 38 31 7 3 73 1653 70 49 20 0 12 16 NA 16 NA 7 70 0 3 0 0 0 0 0 0 0 3 0 0 0 0 0 0
23 63 40 31 9 4 78 1679 69 51 21 0 12.5 16 NA 16 NA 9 69 0 4 0 0 0 0 0 0 0 4 0 0 0 0 0 0
24 74 42 33 9 5 80 1709 66 55 22 0 12.5 16 NA 16 NA 8 66 0 5 0 0 0 0 0 0 0 5 0 0 0 0 0 0
25 188 45 32 13 5 84 1656 72 58 25 0 12 16 NA 16 NA 14 72 0 3 2 0 0 0 0 0 0 3 2 0 0 0 0 0
26 58 48 35 13 4 96 1673 86 60 27 0 12 15 NA 15 NA 16 86 0 3 1 0 0 0 0 0 0 3 1 0 0 0 0 0
27 78 50 37 13 4 98 1673 85 67 28 0 13 15 NA 15 NA 10 85 0 3 1 0 0 0 0 0 0 3 1 0 0 0 0 0
28 67 50 36 14 6 102 1691 84 74 28 0 14 15 NA 15 NA 12 84 0 5 1 0 0 0 0 0 0 5 1 0 0 0 0 0
29 67 51 35 16 7 105 1727 64 78 30 0 15 16 NA 16 NA 9 64 0 5 2 0 0 0 0 0 0 5 2 0 0 0 0 0
30 65 52 36 16 8 111 1705 106 79 31 0 15.5 16 NA 16 NA 11 106 0 5 3 0 0 0 0 0 0 5 3 0 0 0 0 0
31 67 55 38 17 9 114 1705 90 83 31 0 15 16 NA 16 NA 9 90 0 4 5 0 0 0 0 0 0 4 5 0 0 0 0 0
32 65 56 38 18 10 120 1729 65 92 31 0 15.5 16.5 NA 16.5 NA 17 65 0 5 5 0 0 0 0 0 0 5 5 0 0 0 0 0
33 60 58 40 18 11 123 1762 78 94 31 0 16 16 NA 16 NA 9 78 0 6 5 0 0 0 0 0 0 6 5 0 0 0 0 0
34 73 60 41 19 12 122 1787 89 102 31 0 16.5 16.5 NA 16.5 NA 11 89 0 6 6 0 0 0 0 0 0 6 6 0 0 0 0 0
35 65 61 41 20 14 125 1799 89 111 33 0 12 17 NA 17 NA 13 89 0 5 9 0 0 0 0 0 0 5 9 0 0 0 0 0
36 71 64 43 21 15 125 1788 95 117 34 0 13 17 NA 17 NA 9 95 0 5 10 0 0 0 0 0 0 5 10 0 0 0 0 0
37 136 66 45 21 16 123 1756 87 118 37 0 12.5 17 NA 17 NA 7 87 0 5 9 2 0 0 0 0 0 5 9 2 0 0 0 0
38 70 69 47 22 16 127 1754 87 124 40 0 13 17 NA 17 NA 12 87 0 4 11 1 0 0 0 0 0 4 11 1 0 0 0 0
39 62 67 47 20 17 127 1774 76 132 40 0 14 17 NA 17 NA 8 76 0 4 11 2 0 0 0 0 0 4 11 2 0 0 0 0
40 67 69 48 21 17 137 1769 86 132 41 0 14 17 NA 17 NA 16 86 0 4 10 3 0 0 0 0 0 4 10 3 0 0 0 0
41 64 69 50 19 16 139 1764 74 131 41 0 15 17 NA 17 NA 7 74 0 2 10 4 0 0 0 0 0 2 10 4 0 0 0 0
42 66 70 51 19 17 139 1771 82 134 43 0 15.5 17 NA 17 NA 9 82 0 1 11 5 0 0 0 0 0 1 11 5 0 0 0 0
43 56 74 55 19 19 141 1765 86 139 44 0 15.5 17 NA 17 NA 12 86 0 3 9 7 0 0 0 0 0 3 9 7 0 0 0 0
44 62 75 56 19 20 135 1771 92 148 43 0 15 17 NA 17 NA 7 92 0 5 8 7 0 0 0 0 0 5 8 7 0 0 0 0
45 60 77 58 19 20 130 1781 87 158 46 0 16 17 NA 17 NA 7 87 0 5 8 7 0 0 0 0 0 5 8 7 0 0 0 0
46 60 76 56 20 20 132 1801 76 160 45 0 16 17 NA 17 NA 8 76 0 5 6 9 0 0 0 0 0 5 6 9 0 0 0 0
47 75 76 56 20 22 129 1801 73 164 46 0 16.5 16.5 NA 16.5 NA 12 73 2 4 6 10 0 0 0 0 2 4 6 10 0 0 0 0
48 71 77 58 19 20 126 1827 73 168 46 0 15 17.5 NA 17.5 NA 7 73 1 5 6 8 0 0 0 0 1 5 6 8 0 0 0 0
49 150 79 60 19 20 129 1779 82 172 49 0 15 17.5 NA 17.5 NA 12 82 1 5 5 9 0 0 0 0 1 5 5 9 0 0 0 0
50 77 77 58 19 20 129 1815 70 175 50 0 16 17.5 NA 17.5 NA 8 70 1 4 4 11 0 0 0 0 1 4 4 11 0 0 0 0
51 63 77 58 19 20 128 1822 87 178 50 0 16 17.5 NA 17.5 NA 9 87 1 3 5 11 0 0 0 0 1 3 5 11 0 0 0 0
52 67 75 55 20 19 138 1815 90 181 51 0 17 18 NA 18 NA 15 90 1 3 5 10 0 0 0 0 1 3 5 10 0 0 0 0
53 64 76 57 19 20 140 1828 78 185 52 0 17.5 19 NA 19 NA 11 78 0 4 5 11 0 0 0 0 0 4 5 11 0 0 0 0
54 67 77 58 19 22 138 1842 73 191 50 0 17 17.5 NA 17.5 NA 7 73 0 6 4 12 0 0 0 0 0 6 4 12 0 0 0 0
55 72 76 57 19 23 141 1844 74 189 52 0 18 18 NA 18 NA 9 74 0 7 5 11 0 0 0 0 0 7 5 11 0 0 0 0
56 54 75 57 18 24 141 1859 66 192 52 0 18 19 NA 19 NA 7 66 0 8 6 10 0 0 0 0 0 8 6 10 0 0 0 0
57 56 78 59 19 25 136 1849 91 203 54 0 19 18 NA 18 NA 7 91 0 8 7 10 0 0 0 0 0 8 7 10 0 0 0 0
58 68 80 60 20 24 138 1854 87 201 54 0 18 18 NA 18 NA 12 87 1 6 7 10 0 0 0 0 1 6 7 10 0 0 0 0
59 65 82 62 20 25 135 1838 94 213 53 0 18 18 NA 18 NA 12 94 1 7 6 11 0 0 0 0 1 7 6 11 0 0 0 0
60 76 85 64 21 25 132 1849 84 220 56 0 18 18 NA 18 NA 12 84 0 7 8 10 0 0 0 0 0 7 8 10 0 0 0 0
61 108 86 67 19 24 131 1817 82 213 57 0 18 18.5 NA 18.5 NA 5 82 0 6 9 9 0 0 0 0 0 6 9 9 0 0 0 0
62 101 86 68 18 23 130 1802 79 216 56 0 18.5 18 NA 18 NA 10 79 0 5 9 9 0 0 0 0 0 5 9 9 0 0 0 0
63 57 87 68 19 25 132 1824 84 218 57 0 19 19 NA 19 NA 10 84 0 5 10 10 0 0 0 0 0 5 10 10 0 0 0 0
64 71 89 70 19 25 134 1827 91 219 58 0 20 19 NA 19 NA 7 91 0 3 11 11 0 0 0 0 0 3 11 11 0 0 0 0
65 74 92 72 20 25 138 1811 88 220 62 0 20 19 NA 19 NA 12 88 0 1 12 12 0 0 0 0 0 1 12 12 0 0 0 0
66 70 94 74 20 25 146 1804 99 218 65 0 20.5 19 NA 19 NA 12 99 0 1 12 12 0 0 0 0 0 1 12 12 0 0 0 0
67 77 93 73 20 25 137 1799 84 225 63 0 21 20 NA 20 NA 4 84 0 1 12 12 0 0 0 0 0 1 12 12 0 0 0 0
68 76 99 78 21 25 134 1807 81 232 64 0 20 20 NA 20 NA 7 81 0 1 12 12 0 0 0 0 0 1 12 12 0 0 0 0
69 65 100 79 21 27 134 1810 82 238 68 0 21 21 NA 21 NA 10 82 0 1 13 13 0 0 0 0 0 1 13 13 0 0 0 0
70 74 99 79 20 25 130 1835 75 238 69 0 21 20 NA 20 NA 8 75 0 1 12 12 0 0 0 0 0 1 12 12 0 0 0 0
71 71 99 78 21 28 126 1841 79 241 70 0 20 20 NA 20 NA 10 79 0 3 13 12 0 0 0 0 0 3 13 12 0 0 0 0
72 55 100 78 22 29 131 1830 107 247 73 0 20.5 20 NA 20 NA 14 107 0 3 12 14 0 0 0 0 0 3 12 14 0 0 0 0
73 115 96 76 20 29 138 1806 78 240 74 0 21.5 19 NA 19 NA 14 78 0 4 10 15 0 0 0 0 0 4 10 15 0 0 0 0
74 83 98 79 19 29 138 1788 100 242 75 0 21 19 NA 19 NA 11 100 0 4 10 15 0 0 0 0 0 4 10 15 0 0 0 0
75 71 102 82 20 30 138 1794 80 240 75 0 22 19.5 NA 19.5 NA 9 80 0 4 10 16 0 0 0 0 0 4 10 16 0 0 0 0
76 68 100 82 18 30 142 1789 100 244 75 0 22.5 19.5 NA 19.5 NA 15 100 0 4 8 18 0 0 0 0 0 4 8 18 0 0 0 0
77 83 100 82 18 31 140 1794 80 246 75 0 23 19 NA 19 NA 7 80 1 2 8 20 0 0 0 0 1 2 8 20 0 0 0 0
78 56 101 83 18 33 141 1807 78 251 76 0 24 20 NA 20 NA 8 78 0 4 9 20 0 0 0 0 0 4 9 20 0 0 0 0
79 69 103 84 19 33 145 1791 86 251 76 0 23 20 NA 20 NA 10 86 0 4 8 21 0 0 0 0 0 4 8 21 0 0 0 0
80 67 102 83 19 33 146 1804 70 252 78 0 23.5 20 NA 20 NA 6 70 0 4 7 22 0 0 0 0 0 4 7 22 0 0 0 0
81 56 101 83 18 33 146 1804 88 255 78 0 24 20 NA 20 NA 7 88 0 4 6 23 0 0 0 0 0 4 6 23 0 0 0 0
82 72 99 79 20 33 149 1789 91 254 77 0 25 20 NA 20 NA 11 91 0 2 7 24 0 0 0 0 0 2 7 24 0 0 0 0
83 85 96 76 20 34 146 1780 88 256 74 0 26 20 NA 20 NA 8 88 0 2 8 24 0 0 0 0 0 2 8 24 0 0 0 0
84 70 96 75 21 34 149 1781 85 259 75 0 26.5 20.5 NA 20.5 NA 14 85 0 2 6 26 0 0 0 0 0 2 6 26 0 0 0 0
85 112 95 75 20 33 147 1779 80 258 70 0 27 21 NA 21 NA 13 80 0 1 7 25 0 0 0 0 0 1 7 25 0 0 0 0
86 88 92 72 20 33 145 1788 78 256 69 0 27.5 20 NA 20 NA 6 78 0 2 7 24 0 0 0 0 0 2 7 24 0 0 0 0
87 80 94 74 20 35 148 1787 85 259 72 0 28 21 NA 21 NA 14 85 0 2 8 25 0 0 0 0 0 2 8 25 0 0 0 0
88 65 91 72 19 32 153 1797 77 255 68 0 28 20 NA 20 NA 12 77 0 3 8 21 0 0 0 0 0 3 8 21 0 0 0 0
89 81 90 69 21 29 145 1794 85 262 67 0 24.5 22 NA 22 NA 6 85 0 3 6 20 0 0 0 0 0 3 6 20 0 0 0 0
90 77 93 72 21 29 144 1802 74 265 69 0 24 22 NA 22 NA 7 74 0 2 7 20 0 0 0 0 0 2 7 20 0 0 0 0
91 72 93 73 20 28 140 1790 86 268 69 0 24 21.5 NA 21.5 NA 7 86 0 2 7 19 0 0 0 0 0 2 7 19 0 0 0 0
92 77 88 71 17 30 135 1796 81 278 66 0 25.5 21.5 NA 21.5 NA 11 81 0 3 9 18 0 0 0 0 0 3 9 18 0 0 0 0
93 75 89 72 17 30 137 1815 76 277 66 0 25 21.5 NA 21.5 NA 10 76 0 3 7 20 0 0 0 0 0 3 7 20 0 0 0 0
94 75 88 71 17 29 134 1831 72 276 65 0 25.5 23 NA 23 NA 5 72 0 2 5 22 0 0 0 0 0 2 5 22 0 0 0 0
95 62 87 71 16 28 137 1815 85 276 64 0 25 24 NA 24 NA 9 85 0 2 6 20 0 0 0 0 0 2 6 20 0 0 0 0
96 58 89 73 16 28 136 1809 86 282 64 0 24 24.5 NA 24.5 NA 9 86 0 2 5 21 0 0 0 0 0 2 5 21 0 0 0 0
97 108 91 75 16 26 139 1801 72 274 65 0 22 24.5 NA 24.5 NA 10 72 0 2 4 20 0 0 0 0 0 2 4 20 0 0 0 0
98 98 90 74 16 25 138 1804 68 274 65 0 23 24 NA 24 NA 10 68 0 2 4 19 0 0 0 0 0 2 4 19 0 0 0 0
99 79 91 74 17 26 150 1795 102 274 68 0 24 24.5 NA 24.5 NA 18 102 0 0 6 20 0 0 0 0 0 0 6 20 0 0 0 0
100 78 91 74 17 25 153 1785 95 273 67 0 25 24 NA 24 NA 10 95 0 0 6 19 0 0 0 0 0 0 6 19 0 0 0 0
101 59 89 72 17 26 154 1792 82 281 68 0 26 25 NA 25 NA 12 82 0 0 8 18 0 0 0 0 0 0 8 18 0 0 0 0
102 74 89 72 17 26 160 1792 77 279 67 0 25 24.5 NA 24.5 NA 14 77 0 2 6 18 0 0 0 0 0 2 6 18 0 0 0 0
103 74 90 73 17 26 162 1806 73 277 67 0 25.5 24.5 NA 24.5 NA 10 73 0 2 7 17 0 0 0 0 0 2 7 17 0 0 0 0
104 74 89 73 16 28 161 1815 86 281 66 0 26 25 NA 25 NA 10 86 0 3 7 18 0 0 0 0 0 3 7 18 0 0 0 0
105 79 87 72 15 27 158 1812 73 281 64 0 26 25 NA 25 NA 7 73 0 4 7 16 0 0 0 0 0 4 7 16 0 0 0 0
106 77 86 70 16 27 159 1810 79 283 62 0 24 25 NA 25 NA 10 79 0 4 6 17 0 0 0 0 0 4 6 17 0 0 0 0
107 74 86 70 16 28 148 1811 72 293 61 0 22.5 23 NA 23 NA 4 72 0 6 6 16 0 0 0 0 0 6 6 16 0 0 0 0
108 71 89 73 16 32 147 1819 74 296 63 0 22 23 NA 23 NA 9 74 1 6 7 18 0 0 0 0 1 6 7 18 0 0 0 0
109 97 91 73 18 32 147 1770 107 297 65 0 22 22 NA 22 NA 10 107 0 8 7 17 0 0 0 0 0 8 7 17 0 0 0 0
110 71 91 72 19 33 145 1774 86 306 64 0 21 23 NA 23 NA 11 86 0 7 8 18 0 0 0 0 0 7 8 18 0 0 0 0
111 78 92 72 20 36 143 1784 83 309 65 0 22 20.5 NA 20.5 NA 7 83 1 7 8 20 0 0 0 0 1 7 8 20 0 0 0 0
112 69 93 73 20 36 141 1787 82 311 66 0 23 20.5 NA 20.5 NA 5 82 1 8 8 19 0 0 0 0 1 8 8 19 0 0 0 0
113 73 93 74 19 36 144 1776 88 313 65 0 23 20.5 NA 20.5 NA 15 88 1 8 8 19 0 0 0 0 1 8 8 19 0 0 0 0
114 74 93 73 20 36 151 1764 96 314 66 0 23 19.5 NA 19.5 NA 16 96 1 7 9 19 0 0 0 0 1 7 9 19 0 0 0 0
115 77 93 71 22 33 158 1765 80 314 66 0 22 20 NA 20 NA 16 80 1 6 9 17 0 0 0 0 1 6 9 17 0 0 0 0
116 86 89 66 23 31 160 1781 75 311 61 0 22 19 NA 19 NA 8 75 1 6 9 15 0 0 0 0 1 6 9 15 0 0 0 0
117 73 90 66 24 31 163 1778 86 315 63 0 21.5 19 NA 19 NA 15 86 0 7 9 15 0 0 0 0 0 7 9 15 0 0 0 0
118 65 91 67 24 31 157 1802 78 319 63 0 22 19 NA 19 NA 9 78 0 7 9 15 0 0 0 0 0 7 9 15 0 0 0 0
119 64 93 69 24 31 161 1789 89 319 65 0 22 19 NA 19 NA 11 89 0 6 10 15 0 0 0 0 0 6 10 15 0 0 0 0
120 80 93 70 23 33 162 1757 101 319 67 0 23 18 NA 18 NA 15 101 1 6 10 16 0 0 0 0 1 6 10 16 0 0 0 0
121 89 91 67 24 33 163 1797 78 317 66 0 23 18 NA 18 NA 11 78 1 2 14 16 0 0 0 0 1 2 14 16 0 0 0 0
122 87 92 68 24 34 154 1784 69 315 68 0 23.5 18.5 NA 18.5 NA 3 69 1 3 13 17 0 0 0 0 1 3 13 17 0 0 0 0
123 83 89 69 20 33 157 1772 80 313 62 0 23 19 NA 19 NA 13 80 1 4 12 16 0 0 0 0 1 4 12 16 0 0 0 0
124 79 89 71 18 33 155 1762 96 318 62 0 21 18 NA 18 NA 11 96 1 4 13 15 0 0 0 0 1 4 13 15 0 0 0 0
125 70 89 71 18 34 148 1749 91 326 64 0 22 18.5 NA 18.5 NA 5 91 1 4 11 18 0 0 0 0 1 4 11 18 0 0 0 0
126 69 91 74 17 33 150 1743 98 328 65 0 21 19 NA 19 NA 9 98 1 3 10 19 0 0 0 0 1 3 10 19 0 0 0 0
127 76 92 75 17 33 151 1756 71 331 67 0 22 19 NA 19 NA 9 71 1 3 9 20 0 0 0 0 1 3 9 20 0 0 0 0
128 63 95 78 17 33 160 1754 74 330 69 0 22 19 NA 19 NA 14 74 0 4 9 20 0 0 0 0 0 4 9 20 0 0 0 0
129 60 95 77 18 34 161 1747 81 333 69 0 23 18.5 NA 18.5 NA 6 81 0 4 11 19 0 0 0 0 0 4 11 19 0 0 0 0
130 75 95 77 18 34 159 1775 79 335 70 0 22 18.5 NA 18.5 NA 9 79 0 5 10 19 0 0 0 0 0 5 10 19 0 0 0 0
131 77 94 77 17 34 158 1781 71 338 70 0 23 18.5 NA 18.5 NA 11 71 1 3 11 19 0 0 0 0 1 3 11 19 0 0 0 0
132 82 94 78 16 32 158 1781 88 336 66 0 23 18.5 NA 18.5 NA 10 88 1 2 10 19 0 0 0 0 1 2 10 19 0 0 0 0
133 89 96 80 16 33 158 1766 91 333 67 0 23.5 18 NA 18 NA 10 91 3 2 6 22 0 0 0 0 3 2 6 22 0 0 0 0
134 75 93 77 16 34 152 1768 85 341 64 0 24 18 NA 18 NA 11 85 3 2 7 22 0 0 0 0 3 2 7 22 0 0 0 0
135 70 89 74 15 32 153 1774 86 339 64 0 23 18.5 NA 18.5 NA 11 86 2 3 7 20 0 0 0 0 2 3 7 20 0 0 0 0
136 85 84 69 15 31 155 1760 80 342 61 0 23.5 19 NA 19 NA 15 80 1 4 8 18 0 0 0 0 1 4 8 18 0 0 0 0
137 66 83 68 15 30 152 1801 81 341 59 0 23 19.5 NA 19.5 NA 4 81 1 4 8 17 0 0 0 0 1 4 8 17 0 0 0 0
138 83 79 66 13 31 150 1813 82 348 58 0 23 21 NA 21 NA 8 82 1 4 8 18 0 0 0 0 1 4 8 18 0 0 0 0
139 76 81 69 12 33 142 1816 76 352 57 0 22 21 NA 21 NA 7 76 1 6 8 18 0 0 0 0 1 6 8 18 0 0 0 0
140 79 81 70 11 32 146 1837 83 354 57 0 22 21 NA 21 NA 12 83 0 6 9 17 0 0 0 0 0 6 9 17 0 0 0 0
141 67 83 71 12 33 147 1819 89 354 56 0 21 21 NA 21 NA 15 89 0 5 8 20 0 0 0 0 0 5 8 20 0 0 0 0
142 84 86 73 13 35 144 1835 64 361 59 0 21 22 NA 22 NA 12 64 0 4 10 21 0 0 0 0 0 4 10 21 0 0 0 0
143 62 91 77 14 36 154 1832 90 361 60 0 20 22 NA 22 NA 14 90 0 4 10 22 0 0 0 0 0 4 10 22 0 0 0 0
144 73 93 78 15 36 147 1850 77 364 64 0 21 22 NA 22 NA 6 77 0 5 9 22 0 0 0 0 0 5 9 22 0 0 0 0
145 89 94 77 17 36 142 1846 85 360 67 0 22 22 NA 22 NA 5 85 0 4 8 24 0 0 0 0 0 4 8 24 0 0 0 0
146 67 95 77 18 37 143 1872 66 362 69 0 23 22 NA 22 NA 11 66 0 5 7 25 0 0 0 0 0 5 7 25 0 0 0 0
147 87 91 73 18 36 140 1878 83 366 66 0 21 23.5 NA 23.5 NA 12 83 0 3 10 23 0 0 0 0 0 3 10 23 0 0 0 0
148 72 92 73 19 34 143 1863 77 363 64 0 21 22.5 NA 22.5 NA 9 77 0 2 10 22 0 0 0 0 0 2 10 22 0 0 0 0
149 74 96 77 19 36 138 1839 86 371 65 0 21 22.5 NA 22.5 NA 9 86 0 3 11 22 0 0 0 0 0 3 11 22 0 0 0 0
150 66 96 76 20 35 136 1842 84 371 63 0 20 22 NA 22 NA 8 84 0 3 9 23 0 0 0 0 0 3 9 23 0 0 0 0
151 72 97 76 21 37 150 1831 91 373 65 0 21 22 NA 22 NA 21 91 0 4 9 24 0 0 0 0 0 4 9 24 0 0 0 0
152 83 95 75 20 35 148 1837 82 374 62 0 20 23 NA 23 NA 13 82 1 3 9 22 0 0 0 0 1 3 9 22 0 0 0 0
153 65 97 77 20 36 145 1836 80 375 65 0 21 23.5 NA 23.5 NA 10 80 1 3 9 23 0 0 0 0 1 3 9 23 0 0 0 0
154 96 96 75 21 33 147 1832 89 374 65 0 21.5 24 NA 24 NA 12 89 1 2 9 21 0 0 0 0 1 2 9 21 0 0 0 0
155 67 96 74 22 33 144 1839 81 376 65 0 22 24 NA 24 NA 7 81 1 3 9 20 0 0 0 0 1 3 9 20 0 0 0 0
156 68 94 74 20 33 143 1852 75 380 67 0 23 24 NA 24 NA 8 75 1 1 10 21 0 0 0 0 1 1 10 21 0 0 0 0
157 88 93 73 20 32 147 1837 79 377 67 0 24 24 NA 24 NA 9 79 1 1 8 22 0 0 0 0 1 1 8 22 0 0 0 0
158 85 90 72 18 30 154 1799 89 365 65 0 24.5 24.5 NA 24.5 NA 13 89 1 0 8 21 0 0 0 0 1 0 8 21 0 0 0 0
159 63 90 72 18 29 157 1792 85 367 65 0 24.5 24 NA 24 NA 10 85 1 0 7 21 0 0 0 0 1 0 7 21 0 0 0 0
160 86 89 70 19 32 146 1818 71 375 66 0 25 24 NA 24 NA 4 71 1 2 7 22 0 0 0 0 1 2 7 22 0 0 0 0
161 61 90 71 19 31 153 1814 101 375 68 0 23.5 24 NA 24 NA 16 101 1 2 7 21 0 0 0 0 1 2 7 21 0 0 0 0
162 67 92 73 19 32 151 1835 81 372 68 0 21.5 24 NA 24 NA 8 81 0 4 7 21 0 0 0 0 0 4 7 21 0 0 0 0
163 74 90 72 18 33 152 1834 90 371 71 0 22.5 24 NA 24 NA 11 90 0 5 8 20 0 0 0 0 0 5 8 20 0 0 0 0
164 78 89 71 18 31 148 1826 85 374 71 0 23 23 NA 23 NA 6 85 0 4 7 20 0 0 0 0 0 4 7 20 0 0 0 0
165 74 90 73 17 31 153 1809 81 373 74 0 24 23 NA 23 NA 13 81 0 3 8 20 0 0 0 0 0 3 8 20 0 0 0 0
166 72 89 73 16 30 153 1813 81 379 73 0 24 22 NA 22 NA 11 81 0 4 6 20 0 0 0 0 0 4 6 20 0 0 0 0
167 87 90 75 15 31 152 1818 73 376 74 0 25 22 NA 22 NA 5 73 0 4 7 20 0 0 0 0 0 4 7 20 0 0 0 0
168 65 88 74 14 30 176 1803 103 369 72 0 26 23.5 NA 23.5 NA 26 103 0 2 5 23 0 0 0 0 0 2 5 23 0 0 0 0
169 76 91 76 15 32 175 1792 84 368 73 0 27 23.5 NA 23.5 NA 13 84 0 3 6 23 0 0 0 0 0 3 6 23 0 0 0 0
170 80 93 79 14 32 169 1783 76 373 70 0 27 23.5 NA 23.5 NA 5 76 0 3 6 23 0 0 0 0 0 3 6 23 0 0 0 0
171 93 94 80 14 35 166 1774 80 373 70 0 27.5 24 NA 24 NA 10 80 0 4 7 24 0 0 0 0 0 4 7 24 0 0 0 0
172 81 96 82 14 37 163 1781 83 378 71 0 28 24 NA 24 NA 8 83 0 4 8 25 0 0 0 0 0 4 8 25 0 0 0 0
173 82 97 83 14 37 166 1766 88 382 74 0 29 24 NA 24 NA 11 88 0 4 8 25 0 0 0 0 0 4 8 25 0 0 0 0
174 82 97 83 14 40 166 1751 85 386 75 0 27 24 NA 24 NA 13 85 0 6 9 25 0 0 0 0 0 6 9 25 0 0 0 0
175 73 95 81 14 39 163 1770 67 387 72 0 27 25 NA 25 NA 8 67 0 5 9 25 0 0 0 0 0 5 9 25 0 0 0 0
176 84 94 80 14 39 161 1745 95 392 71 0 27.5 25 NA 25 NA 10 95 0 4 9 26 0 0 0 0 0 4 9 26 0 0 0 0
177 69 99 84 15 40 161 1736 74 388 72 0 27 26 NA 26 NA 8 74 0 2 10 28 0 0 0 0 0 2 10 28 0 0 0 0
178 92 103 88 15 41 164 1730 79 388 71 0 26 25 NA 25 NA 12 79 1 2 9 29 0 0 0 0 1 2 9 29 0 0 0 0
179 61 106 91 15 41 157 1732 74 391 74 0 26.5 25 NA 25 NA 5 74 0 2 9 30 0 0 0 0 0 2 9 30 0 0 0 0
180 89 105 90 15 40 152 1714 71 397 71 0 27 27.5 NA 27.5 NA 8 71 0 2 9 29 0 0 0 0 0 2 9 29 0 0 0 0
181 76 105 90 15 40 143 1740 71 400 72 0 27 28 NA 28 NA 8 71 0 2 10 28 0 0 0 0 0 2 10 28 0 0 0 0
182 77 106 91 15 39 147 1739 82 398 74 0 24.5 28 NA 28 NA 13 82 0 2 8 29 0 0 0 0 0 2 8 29 0 0 0 0
183 76 108 93 15 39 153 1749 78 400 75 0 22.5 28 NA 28 NA 14 78 0 2 8 29 0 0 0 0 0 2 8 29 0 0 0 0
184 81 107 92 15 41 147 1761 74 400 75 0 23 28 NA 28 NA 7 74 0 4 8 29 0 0 0 0 0 4 8 29 0 0 0 0
185 82 101 87 14 38 152 1764 75 396 69 0 23 28 NA 28 NA 16 75 1 5 5 27 0 0 0 0 1 5 5 27 0 0 0 0
186 73 102 88 14 40 156 1764 76 395 70 0 23 27.5 NA 27.5 NA 13 76 2 6 5 27 0 0 0 0 2 6 5 27 0 0 0 0
187 70 105 91 14 40 155 1752 94 400 70 0 22 27.5 NA 27.5 NA 9 94 2 6 3 29 0 0 0 0 2 6 3 29 0 0 0 0
188 74 104 92 12 40 155 1774 68 402 67 0 21 27.5 NA 27.5 NA 14 68 2 6 4 28 0 0 0 0 2 6 4 28 0 0 0 0
189 88 106 92 14 40 150 1789 77 403 70 0 20 26.5 NA 26.5 NA 10 77 1 7 4 28 0 0 0 0 1 7 4 28 0 0 0 0
190 70 106 92 14 39 154 1763 86 398 74 0 20.5 27 NA 27 NA 12 86 1 6 4 28 0 0 0 0 1 6 4 28 0 0 0 0
191 71 105 92 13 39 159 1755 93 397 75 0 21 27 NA 27 NA 15 93 0 5 6 28 0 0 0 0 0 5 6 28 0 0 0 0
192 74 106 93 13 39 159 1750 83 393 77 0 22 27 NA 27 NA 5 83 0 5 6 28 0 0 0 0 0 5 6 28 0 0 0 0
193 72 106 93 13 39 157 1734 85 393 77 0 23 26 NA 26 NA 9 85 0 5 7 27 0 0 0 0 0 5 7 27 0 0 0 0
194 67 109 96 13 38 161 1753 78 385 80 0 22 25.5 NA 25.5 NA 9 78 0 3 9 26 0 0 0 0 0 3 9 26 0 0 0 0
195 71 108 96 12 37 164 1754 82 377 80 0 20.5 26 NA 26 NA 8 82 0 3 8 26 0 0 0 0 0 3 8 26 0 0 0 0
196 85 105 93 12 35 163 1743 84 380 77 0 20 25 NA 25 NA 14 84 0 4 6 25 0 0 0 0 0 4 6 25 0 0 0 0
197 58 104 93 11 33 158 1737 90 380 76 0 20 24 NA 24 NA 7 90 0 4 6 23 0 0 0 0 0 4 6 23 0 0 0 0
198 66 104 93 11 37 152 1754 93 386 76 0 21 23 NA 23 NA 9 93 0 7 6 24 0 0 0 0 0 7 6 24 0 0 0 0
199 70 100 89 11 35 153 1751 86 385 74 0 22 23 NA 23 NA 12 86 0 6 7 22 0 0 0 0 0 6 7 22 0 0 0 0
200 81 99 88 11 34 151 1728 96 389 75 0 23 23.5 NA 23.5 NA 7 96 0 5 8 21 0 0 0 0 0 5 8 21 0 0 0 0
201 90 99 88 11 36 151 1746 74 392 78 0 23 24 NA 24 NA 12 74 0 3 12 21 0 0 0 0 0 3 12 21 0 0 0 0
202 80 97 87 10 33 155 1750 77 386 76 0 24 25 NA 25 NA 12 77 0 2 10 21 0 0 0 0 0 2 10 21 0 0 0 0
203 78 96 86 10 33 151 1755 72 389 74 0 25 25 NA 25 NA 9 72 0 2 10 21 0 0 0 0 0 2 10 21 0 0 0 0
204 72 97 87 10 31 152 1762 71 385 74 0 25 24 NA 24 NA 6 71 0 1 11 19 0 0 0 0 0 1 11 19 0 0 0 0
205 96 97 87 10 31 150 1765 72 379 73 0 24 25 NA 25 NA 12 72 0 1 11 19 0 0 0 0 0 1 11 19 0 0 0 0
206 72 98 87 11 31 151 1755 100 384 76 0 24 26 NA 26 NA 10 100 0 1 9 21 0 0 0 0 0 1 9 21 0 0 0 0
207 82 96 85 11 31 154 1759 68 387 76 0 25 26 NA 26 NA 11 68 0 1 9 21 0 0 0 0 0 1 9 21 0 0 0 0
208 75 95 84 11 34 155 1771 84 389 78 0 26 25.5 NA 25.5 NA 12 84 0 3 9 22 0 0 0 0 0 3 9 22 0 0 0 0
209 68 99 87 12 36 147 1770 80 393 77 0 26 27.5 NA 27.5 NA 7 80 0 3 9 24 0 0 0 0 0 3 9 24 0 0 0 0
210 58 99 86 13 36 158 1770 91 388 76 0 27 26.5 NA 26.5 NA 16 91 1 3 9 23 0 0 0 0 1 3 9 23 0 0 0 0
211 74 97 85 12 36 155 1784 78 388 75 0 28 25.5 NA 25.5 NA 8 78 1 4 8 23 0 0 0 0 1 4 8 23 0 0 0 0
212 81 96 84 12 35 152 1807 76 391 73 0 27.5 25 NA 25 NA 13 76 1 3 9 22 0 0 0 0 1 3 9 22 0 0 0 0
213 82 100 88 12 35 155 1803 78 391 73 0 25.5 23 NA 23 NA 9 78 1 4 6 24 0 0 0 0 1 4 6 24 0 0 0 0
214 77 102 90 12 35 149 1778 75 393 72 0 25.5 23 NA 23 NA 7 75 1 4 4 26 0 0 0 0 1 4 4 26 0 0 0 0
215 87 103 91 12 35 145 1788 82 397 72 0 26 25 NA 25 NA 9 82 0 5 4 26 0 0 0 0 0 5 4 26 0 0 0 0
216 62 100 89 11 34 148 1813 77 399 71 0 27 25.5 NA 25.5 NA 11 77 0 4 5 25 0 0 0 0 0 4 5 25 0 0 0 0
217 98 99 88 11 34 153 1815 72 397 72 0 28 24 NA 24 NA 13 72 0 5 5 24 0 0 0 0 0 5 5 24 0 0 0 0
218 87 100 89 11 33 144 1808 73 393 71 0 25.5 25 NA 25 NA 3 73 0 4 7 22 0 0 0 0 0 4 7 22 0 0 0 0
219 59 100 90 10 32 141 1792 90 401 68 0 25 24 NA 24 NA 10 90 1 3 8 20 0 0 0 0 1 3 8 20 0 0 0 0
220 80 100 90 10 32 147 1760 100 400 66 0 25 21.5 NA 21.5 NA 16 100 2 3 9 18 0 0 0 0 2 3 9 18 0 0 0 0
221 68 101 91 10 34 141 1771 77 406 67 0 25 22.5 NA 22.5 NA 7 77 2 3 11 18 0 0 0 0 2 3 11 18 0 0 0 0
222 59 103 93 10 34 141 1764 94 406 69 0 24 22.5 NA 22.5 NA 7 94 2 3 11 18 0 0 0 0 2 3 11 18 0 0 0 0
223 84 106 95 11 34 144 1739 82 404 68 0 22.5 22.5 NA 22.5 NA 11 82 2 3 10 19 0 0 0 0 2 3 10 19 0 0 0 0
224 58 106 95 11 34 141 1755 80 404 68 0 21.5 24 NA 24 NA 6 80 2 3 9 20 0 0 0 0 2 3 9 20 0 0 0 0
225 64 103 93 10 33 143 1773 75 402 70 0 22 23 NA 23 NA 11 75 1 3 7 22 0 0 0 0 1 3 7 22 0 0 0 0
226 65 97 87 10 30 147 1773 95 400 69 0 22 21.5 NA 21.5 NA 12 95 1 3 7 19 0 0 0 0 1 3 7 19 0 0 0 0
227 60 92 82 10 30 142 1772 79 403 68 0 22.5 20 NA 20 NA 7 79 1 3 8 18 0 0 0 0 1 3 8 18 0 0 0 0
228 78 93 83 10 30 145 1775 84 401 68 0 23 19 NA 19 NA 9 84 1 3 8 18 0 0 0 0 1 3 8 18 0 0 0 0
229 88 96 83 13 32 141 1787 76 404 68 0 21.5 19 NA 19 NA 10 76 1 5 9 17 0 0 0 0 1 5 9 17 0 0 0 0
230 83 93 80 13 30 142 1766 87 404 68 0 20 18 NA 18 NA 11 87 0 7 6 17 0 0 0 0 0 7 6 17 0 0 0 0
231 89 94 79 15 30 135 1747 91 403 67 0 18.5 18 NA 18 NA 5 91 0 7 5 18 0 0 0 0 0 7 5 18 0 0 0 0
232 81 94 79 15 29 132 1747 82 399 66 0 19 17 NA 17 NA 7 82 0 7 4 18 0 0 0 0 0 7 4 18 0 0 0 0
233 78 96 78 18 30 122 1771 64 402 69 0 19.5 18 NA 18 NA 4 64 0 7 5 18 0 0 0 0 0 7 5 18 0 0 0 0
234 81 97 79 18 29 121 1787 75 403 66 0 19 19 NA 19 NA 9 75 0 8 5 16 0 0 0 0 0 8 5 16 0 0 0 0
235 85 100 82 18 30 123 1813 73 401 71 0 20 19 NA 19 NA 7 73 0 8 5 17 0 0 0 0 0 8 5 17 0 0 0 0
236 76 100 82 18 30 123 1802 78 402 72 0 21 19 NA 19 NA 8 78 0 8 4 18 0 0 0 0 0 8 4 18 0 0 0 0
237 60 99 81 18 30 125 1823 82 404 71 0 22 20 NA 20 NA 11 82 0 5 5 20 0 0 0 0 0 5 5 20 0 0 0 0
238 74 98 80 18 30 130 1824 83 401 70 0 23 20 NA 20 NA 10 83 0 4 6 20 0 0 0 0 0 4 6 20 0 0 0 0
239 79 99 79 20 31 133 1814 87 399 69 0 23 19 NA 19 NA 12 87 1 2 8 20 0 0 0 0 1 2 8 20 0 0 0 0
240 79 97 77 20 31 130 1819 89 402 67 0 23 21 NA 21 NA 6 89 1 3 8 19 0 0 0 0 1 3 8 19 0 0 0 0
241 82 100 79 21 32 131 1804 79 400 71 0 23 21 NA 21 NA 11 79 1 3 7 21 0 0 0 0 1 3 7 21 0 0 0 0
242 81 97 76 21 30 135 1783 94 397 68 0 23 20 NA 20 NA 9 94 1 2 8 19 0 0 0 0 1 2 8 19 0 0 0 0
243 84 98 75 23 29 139 1765 93 393 70 0 23 19 NA 19 NA 12 93 1 2 8 18 0 0 0 0 1 2 8 18 0 0 0 0
244 76 96 73 23 28 142 1763 89 392 71 0 24 20 NA 20 NA 11 89 0 2 8 18 0 0 0 0 0 2 8 18 0 0 0 0
245 83 101 79 22 29 136 1758 91 395 73 0 23 19 NA 19 NA 8 91 0 2 9 18 0 0 0 0 0 2 9 18 0 0 0 0
246 68 101 80 21 29 139 1762 91 396 76 0 23 21 NA 21 NA 12 91 0 1 10 18 0 0 0 0 0 1 10 18 0 0 0 0
247 74 97 79 18 28 152 1777 84 393 75 0 24 20 NA 20 NA 19 84 0 2 10 16 0 0 0 0 0 2 10 16 0 0 0 0
248 76 98 80 18 27 152 1766 91 391 74 0 25 19 NA 19 NA 8 91 0 2 9 16 0 0 0 0 0 2 9 16 0 0 0 0
249 72 98 80 18 29 161 1774 81 387 75 0 26 21 NA 21 NA 21 81 0 2 8 19 0 0 0 0 0 2 8 19 0 0 0 0
250 74 100 82 18 34 164 1765 104 391 75 0 26.5 21 NA 21 NA 14 104 1 3 8 22 0 0 0 0 1 3 8 22 0 0 0 0
251 79 97 79 18 34 159 1769 72 394 73 0 23 20.5 NA 20.5 NA 10 72 1 4 9 20 0 0 0 0 1 4 9 20 0 0 0 0
252 72 97 79 18 35 149 1785 77 401 72 0 23 21 NA 21 NA 9 77 0 5 9 21 0 0 0 0 0 5 9 21 0 0 0 0
253 84 97 79 18 36 152 1795 76 394 74 0 24 21.5 NA 21.5 NA 10 76 0 5 9 22 0 0 0 0 0 5 9 22 0 0 0 0
254 57 102 84 18 42 147 1802 88 403 76 0 23 25.5 NA 25.5 NA 8 88 0 6 8 28 0 0 0 0 0 6 8 28 0 0 0 0
255 59 102 84 18 44 147 1811 86 403 78 0 24 25.5 NA 25.5 NA 10 86 0 5 11 28 0 0 0 0 0 5 11 28 0 0 0 0
256 67 101 84 17 41 152 1826 80 400 74 0 25 26 NA 26 NA 14 80 0 5 8 28 0 0 0 0 0 5 8 28 0 0 0 0
257 71 100 83 17 41 143 1820 87 403 77 0 25 26 NA 26 NA 12 87 0 6 7 28 0 0 0 0 0 6 7 28 0 0 0 0
258 65 98 81 17 40 140 1828 84 409 76 0 25.5 26.5 NA 26.5 NA 11 84 0 4 8 28 0 0 0 0 0 4 8 28 0 0 0 0
259 69 97 79 18 39 140 1822 83 410 74 0 26 26 NA 26 NA 10 83 0 2 8 29 0 0 0 0 0 2 8 29 0 0 0 0
260 80 93 76 17 38 139 1823 84 409 73 0 27 26.5 NA 26.5 NA 7 84 0 1 8 29 0 0 0 0 0 1 8 29 0 0 0 0
261 84 94 77 17 39 142 1798 106 406 72 0 28 27 NA 27 NA 13 106 0 1 8 30 0 0 0 0 0 1 8 30 0 0 0 0
262 71 92 76 16 38 143 1797 87 406 71 0 28.5 27 NA 27 NA 13 87 0 1 8 29 0 0 0 0 0 1 8 29 0 0 0 0
263 70 93 78 15 37 136 1811 82 412 69 0 29 27 NA 27 NA 8 82 0 1 9 27 0 0 0 0 0 1 9 27 0 0 0 0
264 70 92 77 15 36 141 1812 87 406 68 0 29.5 26.5 NA 26.5 NA 14 87 0 0 10 26 0 0 0 0 0 0 10 26 0 0 0 0
265 71 93 78 15 36 150 1798 93 399 69 0 30 26.5 NA 26.5 NA 17 93 0 0 9 27 0 0 0 0 0 0 9 27 0 0 0 0
266 83 94 79 15 37 149 1812 78 398 72 0 25.5 26 NA 26 NA 11 78 0 2 8 27 0 0 0 0 0 2 8 27 0 0 0 0
267 79 95 78 17 36 154 1811 83 391 70 0 26 26.5 NA 26.5 NA 11 83 0 2 4 30 0 0 0 0 0 2 4 30 0 0 0 0
268 83 95 78 17 37 148 1808 73 389 71 0 26 26 NA 26 NA 7 73 0 3 6 28 0 0 0 0 0 3 6 28 0 0 0 0
269 85 94 77 17 37 154 1803 85 389 71 0 25.5 27 NA 27 NA 16 85 0 2 6 29 0 0 0 0 0 2 6 29 0 0 0 0
270 82 99 83 16 37 153 1805 67 389 69 0 25 27 NA 27 NA 12 67 1 3 3 30 0 0 0 0 1 3 3 30 0 0 0 0
271 71 101 85 16 36 161 1790 81 385 68 0 23 26.5 NA 26.5 NA 14 81 1 3 2 30 0 0 0 0 1 3 2 30 0 0 0 0
272 61 102 87 15 38 156 1801 69 390 69 0 24 26.5 NA 26.5 NA 9 69 1 3 3 31 0 0 0 0 1 3 3 31 0 0 0 0
273 65 106 88 18 38 161 1804 78 390 71 0 22.5 27 NA 27 NA 12 78 1 3 3 31 0 0 0 0 1 3 3 31 0 0 0 0
274 60 106 88 18 40 163 1810 83 396 72 0 23.5 26.5 NA 26.5 NA 13 83 0 6 3 31 0 0 0 0 0 6 3 31 0 0 0 0
275 79 105 87 18 41 163 1803 72 394 75 0 24 26 NA 26 NA 7 72 0 6 4 31 0 0 0 0 0 6 4 31 0 0 0 0
276 78 104 86 18 38 164 1797 84 392 73 0 23 26 NA 26 NA 9 84 0 6 4 28 0 0 0 0 0 6 4 28 0 0 0 0
277 96 105 86 19 38 166 1776 83 387 72 0 23 25.5 NA 25.5 NA 14 83 0 7 5 26 0 0 0 0 0 7 5 26 0 0 0 0
278 85 104 85 19 36 167 1781 93 386 71 0 23 26 NA 26 NA 10 93 0 5 6 25 0 0 0 0 0 5 6 25 0 0 0 0
279 82 98 81 17 34 165 1774 69 384 68 0 23 25.5 NA 25.5 NA 10 69 0 6 6 22 0 0 0 0 0 6 6 22 0 0 0 0
280 94 96 79 17 34 162 1774 93 381 66 0 20.5 25 NA 25 NA 12 93 0 5 8 21 0 0 0 0 0 5 8 21 0 0 0 0
281 85 87 71 16 31 159 1804 69 376 61 0 20 24 NA 24 NA 7 69 0 5 6 20 0 0 0 0 0 5 6 20 0 0 0 0
282 75 86 70 16 33 148 1825 66 384 65 0 21 23 NA 23 NA 4 66 1 6 6 20 0 0 0 0 1 6 6 20 0 0 0 0
283 81 85 70 15 33 152 1822 83 382 64 0 21 23 NA 23 NA 13 83 1 5 8 19 0 0 0 0 1 5 8 19 0 0 0 0
284 78 87 72 15 33 154 1826 79 386 66 0 21 23 NA 23 NA 12 79 1 5 8 19 0 0 0 0 1 5 8 19 0 0 0 0
285 73 83 68 15 32 155 1821 84 382 65 0 22 23.5 NA 23.5 NA 10 84 0 4 10 18 0 0 0 0 0 4 10 18 0 0 0 0
286 70 81 66 15 31 160 1824 79 389 62 0 22 24 NA 24 NA 17 79 0 4 11 16 0 0 0 0 0 4 11 16 0 0 0 0
287 79 82 67 15 32 164 1817 91 392 61 0 22.5 24.5 NA 24.5 NA 14 91 0 3 11 18 0 0 0 0 0 3 11 18 0 0 0 0
288 60 82 67 15 32 153 1816 88 402 62 0 22.5 24.5 NA 24.5 NA 6 88 0 2 12 18 0 0 0 0 0 2 12 18 0 0 0 0
289 73 82 65 17 32 157 1819 91 397 62 0 22.5 23.5 NA 23.5 NA 10 91 0 4 10 18 0 0 0 0 0 4 10 18 0 0 0 0
290 94 80 63 17 30 158 1799 78 389 57 0 22 23.5 NA 23.5 NA 10 78 0 4 8 18 0 0 0 0 0 4 8 18 0 0 0 0
291 93 80 62 18 29 159 1780 94 385 57 0 22.5 24 NA 24 NA 10 94 0 4 7 18 0 0 0 0 0 4 7 18 0 0 0 0
292 60 82 64 18 29 166 1780 80 382 60 0 23 24 NA 24 NA 15 80 0 3 6 20 0 0 0 0 0 3 6 20 0 0 0 0
293 75 83 65 18 29 162 1765 85 375 60 0 23 24 NA 24 NA 10 85 0 4 6 19 0 0 0 0 0 4 6 19 0 0 0 0
294 68 89 70 19 30 161 1760 70 370 60 0 24 23.5 NA 23.5 NA 9 70 1 2 7 20 0 0 0 0 1 2 7 20 0 0 0 0
295 79 86 68 18 29 159 1758 85 374 58 0 25 25 NA 25 NA 12 85 0 2 7 20 0 0 0 0 0 2 7 20 0 0 0 0
296 86 89 71 18 29 160 1748 86 372 59 0 24 25 NA 25 NA 7 86 0 2 7 20 0 0 0 0 0 2 7 20 0 0 0 0
297 75 87 70 17 28 162 1747 82 373 57 0 24 24 NA 24 NA 10 82 0 1 8 19 0 0 0 0 0 1 8 19 0 0 0 0
298 77 87 70 17 28 165 1769 65 374 58 0 25 24 NA 24 NA 12 65 0 1 7 20 0 0 0 0 0 1 7 20 0 0 0 0
299 72 88 69 19 28 163 1784 70 378 59 0 24.5 25 NA 25 NA 12 70 0 1 7 20 0 0 0 0 0 1 7 20 0 0 0 0
300 70 91 73 18 28 166 1776 86 376 59 0 23 24 NA 24 NA 11 86 1 1 7 19 0 0 0 0 1 1 7 19 0 0 0 0
301 83 91 73 18 29 158 1781 68 376 59 0 24 24 NA 24 NA 6 68 1 1 8 19 0 0 0 0 1 1 8 19 0 0 0 0
302 84 90 70 20 28 156 1789 82 378 59 0 20.5 24.5 NA 24.5 NA 10 82 1 1 7 19 0 0 0 0 1 1 7 19 0 0 0 0
303 59 94 74 20 29 151 1799 76 388 61 0 19.5 24 NA 24 NA 9 76 1 2 7 19 0 0 0 0 1 2 7 19 0 0 0 0
304 65 96 74 22 29 152 1828 74 390 59 0 17 24 NA 24 NA 10 74 1 3 6 19 0 0 0 0 1 3 6 19 0 0 0 0
305 76 96 74 22 29 155 1821 84 392 61 0 17.5 24 NA 24 NA 14 84 1 4 5 19 0 0 0 0 1 4 5 19 0 0 0 0
306 65 100 77 23 31 163 1815 72 393 67 0 17 25 NA 25 NA 18 72 0 5 3 23 0 0 0 0 0 5 3 23 0 0 0 0
307 73 96 73 23 28 160 1834 69 390 62 0 17 24 NA 24 NA 11 69 0 4 2 22 0 0 0 0 0 4 2 22 0 0 0 0
308 73 93 71 22 28 161 1847 68 387 62 0 17 25.5 NA 25.5 NA 9 68 0 4 3 21 0 0 0 0 0 4 3 21 0 0 0 0
309 81 94 72 22 28 171 1855 66 383 62 0 18 25.5 NA 25.5 NA 13 66 0 4 2 22 0 0 0 0 0 4 2 22 0 0 0 0
310 81 94 72 22 29 172 1854 74 380 62 0 18.5 25 NA 25 NA 10 74 0 4 4 21 0 0 0 0 0 4 4 21 0 0 0 0
311 88 93 71 22 30 172 1809 100 382 61 0 18 24.5 NA 24.5 NA 14 100 0 5 5 20 0 0 0 0 0 5 5 20 0 0 0 0
312 89 94 73 21 32 170 1812 84 386 62 0 18 23 NA 23 NA 14 84 0 6 7 19 0 0 0 0 0 6 7 19 0 0 0 0
313 81 92 71 21 33 176 1798 90 383 63 0 19 22 NA 22 NA 16 90 0 6 8 19 0 0 0 0 0 6 8 19 0 0 0 0
314 70 94 73 21 35 163 1806 84 391 64 0 20 22 NA 22 NA 5 84 1 7 8 19 0 0 0 0 1 7 8 19 0 0 0 0
315 74 96 76 20 34 159 1819 90 390 66 0 19.5 22 NA 22 NA 7 90 1 6 8 19 0 0 0 0 1 6 8 19 0 0 0 0
316 67 97 77 20 34 167 1811 86 389 71 0 20 21.5 NA 21.5 NA 17 86 0 7 8 19 0 0 0 0 0 7 8 19 0 0 0 0
317 72 98 78 20 33 158 1802 94 392 69 0 20.5 22 NA 22 NA 4 94 0 5 10 18 0 0 0 0 0 5 10 18 0 0 0 0
318 86 102 82 20 32 162 1804 68 391 70 0 19 23 NA 23 NA 14 68 0 2 12 18 0 0 0 0 0 2 12 18 0 0 0 0
319 81 102 82 20 31 161 1786 92 393 70 0 19.5 22 NA 22 NA 10 92 0 3 10 18 0 0 0 0 0 3 10 18 0 0 0 0
320 83 101 83 18 33 162 1790 74 393 69 0 20 22 NA 22 NA 11 74 1 4 10 18 0 0 0 0 1 4 10 18 0 0 0 0
321 74 101 82 19 33 164 1785 82 389 70 0 21 24 NA 24 NA 8 82 1 3 11 18 0 0 0 0 1 3 11 18 0 0 0 0
322 84 100 82 18 32 155 1795 90 395 69 0 21.5 23 NA 23 NA 9 90 1 3 10 18 0 0 0 0 1 3 10 18 0 0 0 0
323 69 100 79 21 29 153 1833 70 396 68 0 20 22 NA 22 NA 8 70 1 3 7 18 0 0 0 0 1 3 7 18 0 0 0 0
324 71 100 79 21 29 157 1827 102 396 72 0 21 22 NA 22 NA 13 102 0 4 7 18 0 0 0 0 0 4 7 18 0 0 0 0
325 76 100 77 23 31 153 1823 89 396 70 0 21.5 21 NA 21 NA 12 89 0 6 8 17 0 0 0 0 0 6 8 17 0 0 0 0
326 72 101 78 23 33 155 1816 78 397 72 0 22 21 NA 21 NA 14 78 2 5 9 17 0 0 0 0 2 5 9 17 0 0 0 0
327 75 104 77 27 30 159 1810 81 386 72 0 20.5 21.5 NA 21.5 NA 8 81 2 5 7 16 0 0 0 0 2 5 7 16 0 0 0 0
328 81 107 81 26 32 151 1816 92 390 73 0 19 21.5 NA 21.5 NA 9 92 2 5 9 16 0 0 0 0 2 5 9 16 0 0 0 0
329 67 109 84 25 33 158 1819 83 388 73 0 19 22 NA 22 NA 14 83 2 5 9 17 0 0 0 0 2 5 9 17 0 0 0 0
330 73 112 86 26 36 152 1843 78 393 77 0 19.5 21 NA 21 NA 9 78 1 8 8 19 0 0 0 0 1 8 8 19 0 0 0 0
331 70 112 86 26 37 155 1848 85 394 76 0 19.5 21 NA 21 NA 14 85 1 8 9 19 0 0 0 0 1 8 9 19 0 0 0 0
332 76 111 85 26 36 157 1817 96 391 74 0 20 21 NA 21 NA 13 96 1 8 8 19 0 0 0 0 1 8 8 19 0 0 0 0
333 84 115 89 26 36 159 1824 75 383 76 0 19 21 NA 21 NA 8 75 0 9 7 20 0 0 0 0 0 9 7 20 0 0 0 0
334 96 115 89 26 34 155 1830 87 374 76 0 19 21 NA 21 NA 9 87 0 9 6 19 0 0 0 0 0 9 6 19 0 0 0 0
335 82 117 91 26 33 156 1811 90 370 79 0 20 21 NA 21 NA 6 90 0 7 8 18 0 0 0 0 0 7 8 18 0 0 0 0
336 83 117 91 26 33 160 1822 71 368 78 0 20 20 NA 20 NA 11 71 0 5 10 18 0 0 0 0 0 5 10 18 0 0 0 0
337 72 117 91 26 37 154 1803 87 373 77 0 21 21 NA 21 NA 12 87 0 6 12 19 0 0 0 0 0 6 12 19 0 0 0 0
338 85 118 92 26 39 155 1806 81 372 79 0 21.5 21 NA 21 NA 10 81 0 6 12 21 0 0 0 0 0 6 12 21 0 0 0 0
339 63 119 93 26 40 167 1803 91 370 84 0 22 20.5 NA 20.5 NA 20 91 0 7 12 21 0 0 0 0 0 7 12 21 0 0 0 0
340 95 114 88 26 41 160 1786 83 373 84 0 22 20 NA 20 NA 9 83 3 8 9 21 0 0 0 0 3 8 9 21 0 0 0 0
341 85 109 84 25 40 160 1808 65 377 84 0 23 19.5 NA 19.5 NA 14 65 1 9 11 19 0 0 0 0 1 9 11 19 0 0 0 0
342 73 109 84 25 44 159 1810 89 382 85 0 23 19.5 NA 19.5 NA 11 89 1 10 13 20 0 0 0 0 1 10 13 20 0 0 0 0
343 84 107 82 25 47 161 1822 69 385 86 0 24 19 NA 19 NA 13 69 1 12 13 21 0 0 0 0 1 12 13 21 0 0 0 0
344 66 105 80 25 46 162 1806 92 386 84 0 23 19 NA 19 NA 14 92 2 12 13 19 0 0 0 0 2 12 13 19 0 0 0 0
345 86 102 80 22 43 155 1809 88 388 84 0 23 18 NA 18 NA 10 88 0 13 13 17 0 0 0 0 0 13 13 17 0 0 0 0
346 70 100 78 22 44 159 1789 82 385 84 0 23.5 18.5 NA 18.5 NA 12 82 0 11 15 18 0 0 0 0 0 11 15 18 0 0 0 0
347 70 100 78 22 44 163 1773 100 388 85 0 24 18.5 NA 18.5 NA 13 100 0 9 16 19 0 0 0 0 0 9 16 19 0 0 0 0
348 58 102 80 22 47 159 1786 74 395 87 0 25 19 NA 19 NA 8 74 0 11 13 23 0 0 0 0 0 11 13 23 0 0 0 0
349 71 101 78 23 48 149 1786 74 401 86 0 24 19 NA 19 NA 2 74 0 12 14 22 0 0 0 0 0 12 14 22 0 0 0 0
350 73 104 78 26 49 146 1786 80 401 87 0 23.5 19 NA 19 NA 6 80 0 11 14 24 0 0 0 0 0 11 14 24 0 0 0 0
351 79 105 76 29 50 146 1782 80 396 88 0 24 20 NA 20 NA 7 80 0 8 16 26 0 0 0 0 0 8 16 26 0 0 0 0
352 75 105 77 28 49 143 1786 105 398 87 0 25 20 NA 20 NA 11 105 0 5 19 25 0 0 0 0 0 5 19 25 0 0 0 0
353 75 108 80 28 50 144 1776 87 403 85 0 25.5 20 NA 20 NA 15 87 0 5 19 26 0 0 0 0 0 5 19 26 0 0 0 0
354 89 110 82 28 51 143 1771 82 403 85 0 26 20 NA 20 NA 11 82 0 6 17 28 0 0 0 0 0 6 17 28 0 0 0 0
355 73 116 86 30 51 136 1771 80 412 84 0 26 20 NA 20 NA 13 80 0 5 18 28 0 0 0 0 0 5 18 28 0 0 0 0
356 105 117 88 29 50 137 1765 88 405 82 0 25 20 NA 20 NA 12 88 0 5 18 27 0 0 0 0 0 5 18 27 0 0 0 0
357 73 117 88 29 48 140 1761 81 401 81 0 26 20 NA 20 NA 13 81 0 3 18 27 0 0 0 0 0 3 18 27 0 0 0 0
358 75 117 88 29 50 138 1752 88 402 81 0 26 20.5 NA 20.5 NA 10 88 1 3 18 28 0 0 0 0 1 3 18 28 0 0 0 0
359 67 119 89 30 51 139 1765 83 399 82 0 27 20 NA 20 NA 8 83 1 2 19 29 0 0 0 0 1 2 19 29 0 0 0 0
360 63 125 92 33 52 141 1759 84 401 83 0 27 20 NA 20 NA 11 84 1 3 19 29 0 0 0 0 1 3 19 29 0 0 0 0
