1 71 2 2 0 0 1 180 10 0 0 0 0 NA NA NA NA 1 10 0 0 0 0 0 0 0 0 0 0 0 0 0 0 0 0 2 197 0 0 5000 0 0 0
2 64 3 3 0 0 3 361 14 0 0 0 1 NA NA NA NA 2 14 0 0 0 0 0 0 0 0 0 0 0 0 0 0 0 0 1 199 0 0 5000 0 0 0
3 65 5 3 2 0 4 513 24 0 0 0 1 NA NA NA NA 1 24 0 0 0 0 0 0 0 0 0 0 0 0 0 0 0 0 1 186 0 0 5000 0 0 0
4 52 5 3 2 0 3 645 23 3 0 0 2 NA NA NA NA 2 23 0 0 0 0 0 0 0 0 0 0 0 0 0 0 0 0 1 160 0 0 5000 0 0 0
5 62 7 5 2 0 6 772 46 0 0 0 2 NA NA NA NA 3 46 0 0 0 0 0 0 0 0 0 0 0 0 0 0 0 0 1 185 0 0 5000 0 0 0
6 55 8 5 3 0 13 866 45 0 0 0 2.5 NA NA NA NA 7 45 0 0 0 0 0 0 0 0 0 0 0 0 0 0 0 0 1 148 0 0 5000 0 0 0
7 70 9 6 3 0 18 987 53 1 0 0 3 NA NA NA NA 6 53 0 0 0 0 0 0 0 0 0 0 0 0 0 0 0 0 0 179 0 0 5000 0 0 0
8 57 12 9 3 0 16 1097 45 6 0 0 3 NA NA NA NA 4 45 0 0 0 0 0 0 0 0 0 0 0 0 0 0 0 0 2 166 0 0 5000 0 0 0
9 47 13 9 4 0 20 1177 56 3 0 0 4 NA NA NA NA 7 56 0 0 0 0 0 0 0 0 0 0 0 0 0 0 0 0 1 150 0 0 5000 0 0 0
10 45 14 10 4 0 21 1238 58 6 0 0 4.5 NA NA NA NA 7 58 0 0 0 0 0 0 0 0 0 0 0 0 0 0 0 0 1 131 0 0 5000 0 0 0
11 76 15 10 5 0 23 1301 62 3 0 0 5 NA NA NA NA 5 62 0 0 0 0 0 0 0 0 0 0 0 0 0 0 0 0 1 145 0 0 5000 0 0 0
12 59 16 11 5 0 28 1353 65 4 0 0 5.5 NA NA NA NA 10 65 0 0 0 0 0 0 0 0 0 0 0 0 0 0 0 0 1 129 0 0 5000 0 0 0
13 205 21 16 5 0 31 1275 64 4 2 0 5 NA NA NA NA 8 64 0 0 0 0 0 0 0 0 0 0 0 0 0 0 0 0 2 135 0 88 4998 2 0 0
14 55 23 17 6 1 28 1245 65 8 3 0 5 3 NA 3 NA 6 65 1 0 0 0 0 0 0 0 1 0 0 0 0 0 0 0 3 137 0 178 4997 3 0 0
15 64 24 18 6 2 28 1221 61 8 4 0 5.5 8.5 NA 8.5 NA 8 61 1 1 0 0 0 0 0 0 1 1 0 0 0 0 0 0 1 139 0 269 4996 4 0 0
16 57 26 20 6 2 31 1208 56 4 4 0 5.5 8.5 NA 8.5 NA 7 56 1 1 0 0 0 0 0 0 1 1 0 0 0 0 0 0 0 135 0 350 4996 4 0 0
17 56 28 21 7 3 29 1193 53 7 6 0 5.5 3 NA 3 NA 7 53 2 1 0 0 0 0 0 0 2 1 0 0 0 0 0 0 1 145 2 443 4994 6 0 0
18 72 34 26 8 4 23 1203 57 7 7 0 5 4 NA 4 NA 2 57 3 1 0 0 0 0 0 0 3 1 0 0 0 0 0 0 6 151 3 508 4993 7 0 0
19 61 35 27 8 6 23 1181 68 6 8 0 6 8.5 NA 8.5 NA 8 68 3 3 0 0 0 0 0 0 3 3 0 0 0 0 0 0 0 152 5 602 4992 8 0 0
20 79 37 28 9 6 24 1162 56 5 11 0 7 8.5 NA 8.5 NA 7 56 3 3 0 0 0 0 0 0 3 3 0 0 0 0 0 0 1 150 6 695 4989 11 0 0
21 63 43 34 9 6 27 1165 48 1 11 0 7 8.5 NA 8.5 NA 4 48 3 3 0 0 0 0 0 0 3 3 0 0 0 0 0 0 4 142 6 773 4989 11 0 0
22 58 46 36 10 6 27 1180 48 3 12 0 6.5 8.5 NA 8.5 NA 4 48 3 3 0 0 0 0 0 0 3 3 0 0 0 0 0 0 2 142 7 836 4988 12 0 0
23 58 50 37 13 8 26 1199 59 6 13 0 6.5 10.5 NA 10.5 NA 6 59 3 5 0 0 0 0 0 0 3 5 0 0 0 0 0 0 2 164 9 906 4987 13 0 0
24 62 49 36 13 8 26 1206 65 5 13 0 7 10.5 NA 10.5 NA 7 65 3 5 0 0 0 0 0 0 3 5 0 0 0 0 0 0 2 143 11 967 4987 13 0 0
25 185 48 36 12 10 19 1188 59 9 17 0 8 12 NA 12 NA 5 59 2 7 1 0 0 0 0 0 2 7 1 0 0 0 0 0 0 155 13 1029 4983 15 2 0
26 72 49 36 13 10 21 1178 58 5 20 0 9 12 NA 12 NA 8 58 0 9 1 0 0 0 0 0 0 9 1 0 0 0 0 0 0 138 14 1097 4980 17 3 0
27 43 51 38 13 11 23 1177 47 3 21 0 9 12 NA 12 NA 5 47 1 9 1 0 0 0 0 0 1 9 1 0 0 0 0 0 2 121 14 1160 4979 18 3 0
28 75 49 36 13 11 27 1168 56 4 23 0 10 12 NA 12 NA 8 56 1 9 1 0 0 0 0 0 1 9 1 0 0 0 0 0 0 135 14 1230 4977 20 3 0
29 60 49 36 13 13 26 1186 58 5 24 0 11 12 NA 12 NA 6 58 1 9 3 0 0 0 0 0 1 9 3 0 0 0 0 0 0 159 15 1296 4976 20 4 0
30 65 50 36 14 15 35 1203 56 4 27 0 12 12 NA 12 NA 14 56 0 12 3 0 0 0 0 0 0 12 3 0 0 0 0 0 1 155 16 1364 4973 23 4 0
31 71 50 36 14 15 31 1211 53 7 27 0 13 13 NA 13 NA 2 53 0 12 3 0 0 0 0 0 0 12 3 0 0 0 0 0 0 153 16 1440 4973 23 4 0
32 58 55 41 14 17 29 1206 63 7 29 0 12 14 NA 14 NA 7 63 0 13 4 0 0 0 0 0 0 13 4 0 0 0 0 0 3 147 19 1514 4971 22 7 0
33 71 57 43 14 17 31 1209 47 4 36 0 13 14 NA 14 NA 7 47 0 12 5 0 0 0 0 0 0 12 5 0 0 0 0 0 1 142 20 1586 4964 28 8 0
34 63 59 43 16 17 26 1214 49 5 38 0 13 14 NA 14 NA 2 49 0 11 6 0 0 0 0 0 0 11 6 0 0 0 0 0 0 140 21 1654 4962 29 9 0
35 64 65 46 19 17 26 1207 56 3 42 0 14 14 NA 14 NA 3 56 0 10 7 0 0 0 0 0 0 10 7 0 0 0 0 0 4 137 21 1729 4958 32 10 0
36 63 64 47 17 17 27 1195 51 4 39 0 15 15 NA 15 NA 6 51 0 11 6 0 0 0 0 0 0 11 6 0 0 0 0 0 2 133 23 1799 4961 29 10 0
37 169 64 46 18 19 26 1141 65 5 41 0 16 15 NA 15 NA 7 65 1 9 9 0 0 0 0 0 1 9 9 0 0 0 0 0 1 128 23 1870 4959 27 13 1
38 71 69 50 19 19 25 1158 48 5 41 0 16 15 NA 15 NA 4 48 1 9 8 1 0 0 0 0 1 9 8 1 0 0 0 0 3 152 23 1938 4959 26 13 2
39 69 71 52 19 20 23 1168 54 6 42 0 16 15 NA 15 NA 5 54 1 9 9 1 0 0 0 0 1 9 9 1 0 0 0 0 1 159 24 2014 4958 26 14 2
40 59 75 56 19 21 22 1175 53 6 42 0 17 15 NA 15 NA 6 53 1 8 11 1 0 0 0 0 1 8 11 1 0 0 0 0 3 137 26 2078 4958 24 16 2
41 61 75 57 18 20 29 1146 66 3 41 0 16 15.5 NA 15.5 NA 11 66 1 7 10 2 0 0 0 0 1 7 10 2 0 0 0 0 1 130 28 2153 4959 23 15 3
42 72 75 57 18 21 25 1152 53 8 43 0 17 16 NA 16 NA 4 53 0 6 13 2 0 0 0 0 0 6 13 2 0 0 0 0 1 152 30 2228 4957 21 19 3
43 67 76 57 19 23 23 1157 41 6 42 0 16.5 16 NA 16 NA 5 41 0 6 15 2 0 0 0 0 0 6 15 2 0 0 0 0 2 140 31 2305 4958 21 18 3
44 68 77 57 20 22 28 1161 60 3 46 0 14 16 NA 16 NA 7 60 0 6 13 3 0 0 0 0 0 6 13 3 0 0 0 0 2 160 31 2380 4954 24 16 6
45 78 80 60 20 23 27 1192 48 5 48 0 14.5 16 NA 16 NA 3 48 0 3 16 4 0 0 0 0 0 3 16 4 0 0 0 0 0 152 32 2437 4952 19 22 7
46 56 79 60 19 24 25 1201 59 5 49 0 15 16 NA 16 NA 3 59 0 4 15 5 0 0 0 0 0 4 15 5 0 0 0 0 0 151 33 2498 4951 19 22 8
47 49 78 59 19 22 27 1221 58 3 51 0 15 16 NA 16 NA 5 58 0 2 15 5 0 0 0 0 0 2 15 5 0 0 0 0 0 147 33 2553 4949 20 23 8
48 64 77 59 18 24 27 1238 51 5 51 0 16 16 NA 16 NA 5 51 0 4 15 5 0 0 0 0 0 4 15 5 0 0 0 0 0 148 33 2613 4949 20 23 8
49 128 77 60 17 24 31 1237 55 6 52 0 17 16 NA 16 NA 9 55 0 4 13 7 0 0 0 0 0 4 13 7 0 0 0 0 0 151 33 2677 4948 20 22 10
50 71 78 61 17 25 35 1209 58 3 57 0 18 16 NA 16 NA 8 58 1 3 14 7 0 0 0 0 1 3 14 7 0 0 0 0 2 123 34 2753 4943 25 22 10
51 63 78 60 18 26 34 1186 65 8 57 0 19 16.5 NA 16.5 NA 7 65 1 3 14 8 0 0 0 0 1 3 14 8 0 0 0 0 1 140 34 2833 4943 25 21 11
52 66 78 60 18 29 36 1175 61 9 61 0 20 17 NA 17 NA 10 61 1 5 13 10 0 0 0 0 1 5 13 10 0 0 0 0 0 137 35 2901 4939 29 19 13
53 77 79 61 18 31 29 1187 56 10 60 0 20 17 NA 17 NA 4 56 1 7 13 10 0 0 0 0 1 7 13 10 0 0 0 0 0 145 36 2958 4940 29 19 12
54 62 79 59 20 31 30 1206 58 2 58 0 20 17 NA 17 NA 7 58 1 8 10 12 0 0 0 0 1 8 10 12 0 0 0 0 1 155 38 3027 4942 27 16 15
55 61 79 59 20 33 36 1203 62 8 61 0 21 17 NA 17 NA 13 62 0 10 10 13 0 0 0 0 0 10 10 13 0 0 0 0 0 132 39 3093 4939 29 17 15
56 57 78 57 21 37 33 1198 54 12 60 0 21 18 NA 18 NA 8 54 0 14 11 12 0 0 0 0 0 14 11 12 0 0 0 0 1 138 41 3173 4940 26 19 15
57 58 79 58 21 41 30 1223 50 11 63 0 22 18 NA 18 NA 8 50 0 15 9 17 0 0 0 0 0 15 9 17 0 0 0 0 0 154 43 3238 4937 27 17 19
58 83 77 57 20 39 31 1215 68 4 59 0 22 18 NA 18 NA 6 68 0 14 11 14 0 0 0 0 0 14 11 14 0 0 0 0 2 151 43 3306 4941 24 17 18
59 60 82 62 20 40 34 1185 69 6 61 0 21.5 18 NA 18 NA 10 69 0 12 12 16 0 0 0 0 0 12 12 16 0 0 0 0 4 133 44 3385 4939 23 18 20
60 54 82 61 21 40 32 1205 43 4 60 0 22 17.5 NA 17.5 NA 2 43 0 13 12 15 0 0 0 0 0 13 12 15 0 0 0 0 1 156 45 3460 4940 22 19 19
61 117 84 60 24 41 37 1187 63 5 60 0 23 18 NA 18 NA 9 63 0 12 12 17 0 0 0 0 0 12 12 17 0 0 0 0 0 134 46 3523 4940 21 18 21
62 77 86 62 24 44 34 1172 71 9 61 0 23.5 18 NA 18 NA 6 71 1 9 17 17 0 0 0 0 1 9 17 17 0 0 0 0 0 141 48 3594 4939 18 22 21
63 62 86 63 23 44 42 1175 56 3 62 0 23.5 18 NA 18 NA 10 56 1 8 18 17 0 0 0 0 1 8 18 17 0 0 0 0 1 136 48 3656 4938 19 22 21
64 80 88 65 23 45 46 1164 65 5 62 0 24 18 NA 18 NA 8 65 1 7 20 17 0 0 0 0 1 7 20 17 0 0 0 0 0 138 48 3723 4938 17 24 21
65 65 88 67 21 44 43 1157 77 8 63 0 23.5 17.5 NA 17.5 NA 7 77 1 8 19 16 0 0 0 0 1 8 19 16 0 0 0 0 2 159 51 3802 4937 19 24 20
66 57 89 69 20 46 34 1173 52 6 65 0 23 17 NA 17 NA 0 52 2 9 19 16 0 0 0 0 2 9 19 16 0 0 0 0 2 151 53 3877 4935 21 24 20
67 50 89 70 19 46 33 1201 55 4 64 0 24 17 NA 17 NA 4 55 2 6 21 17 0 0 0 0 2 6 21 17 0 0 0 0 1 162 54 3945 4936 17 26 21
68 69 85 67 18 43 37 1192 60 0 63 0 25 17 NA 17 NA 7 60 2 4 20 17 0 0 0 0 2 4 20 17 0 0 0 0 1 140 56 4016 4937 17 24 22
69 76 89 70 19 44 48 1194 52 2 64 0 25 17.5 NA 17.5 NA 13 52 2 5 19 18 0 0 0 0 2 5 19 18 0 0 0 0 3 143 57 4088 4936 16 24 24
70 78 88 69 19 47 47 1173 69 8 64 0 26 18 NA 18 NA 9 69 1 7 19 20 0 0 0 0 1 7 19 20 0 0 0 0 1 129 59 4154 4936 18 21 25
71 69 86 67 19 46 47 1172 61 5 66 0 27 17.5 NA 17.5 NA 7 61 0 7 17 22 0 0 0 0 0 7 17 22 0 0 0 0 0 152 60 4223 4934 19 20 27
72 71 87 67 20 47 42 1183 58 6 64 0 28 17 NA 17 NA 8 58 1 7 16 23 0 0 0 0 1 7 16 23 0 0 0 0 2 157 65 4297 4936 18 18 28
73 106 85 65 20 48 41 1202 56 6 64 0 28 18 NA 18 NA 5 56 1 9 14 24 0 0 0 0 1 9 14 24 0 0 0 0 1 155 65 4349 4936 19 16 29
74 79 86 66 20 49 48 1184 65 4 67 0 28 18 NA 18 NA 12 65 1 8 12 28 0 0 0 0 1 8 12 28 0 0 0 0 2 125 67 4405 4933 20 14 33
75 71 83 64 19 47 43 1207 51 5 63 0 25 18 NA 18 NA 6 51 1 7 13 26 0 0 0 0 1 7 13 26 0 0 0 0 1 153 72 4473 4937 18 15 30
76 66 82 63 19 50 44 1189 63 10 63 0 26 18.5 NA 18.5 NA 11 63 1 9 12 28 0 0 0 0 1 9 12 28 0 0 0 0 0 127 74 4538 4937 19 13 31
77 73 82 63 19 50 39 1161 55 9 64 0 26.5 18.5 NA 18.5 NA 5 55 1 7 14 28 0 0 0 0 1 7 14 28 0 0 0 0 0 123 75 4610 4936 18 15 31
78 74 78 60 18 48 35 1163 48 5 62 0 27 19 NA 19 NA 4 48 1 5 16 26 0 0 0 0 1 5 16 26 0 0 0 0 1 148 78 4684 4938 16 17 29
79 76 77 59 18 49 34 1142 56 4 63 0 28 19 NA 19 NA 2 56 0 7 14 28 0 0 0 0 0 7 14 28 0 0 0 0 1 131 78 4760 4937 18 14 31
80 70 81 63 18 49 39 1149 56 4 62 0 27 19 NA 19 NA 9 56 0 6 14 29 0 0 0 0 0 6 14 29 0 0 0 0 3 157 79 4835 4938 15 15 32
81 80 78 61 17 47 30 1166 44 9 61 0 27 19 NA 19 NA 3 44 0 6 13 28 0 0 0 0 0 6 13 28 0 0 0 0 1 143 82 4890 4939 17 14 30
82 50 81 64 17 50 27 1196 55 8 61 0 28 18.5 NA 18.5 NA 6 55 1 7 14 28 0 0 0 0 1 7 14 28 0 0 0 0 2 148 85 4943 4939 16 15 30
83 60 79 62 17 50 26 1210 59 4 60 0 29 18 NA 18 NA 4 59 1 7 14 28 0 0 0 0 1 7 14 28 0 0 0 0 0 161 88 5021 4940 15 15 30
84 72 80 63 17 49 27 1204 59 4 62 0 27.5 18 NA 18 NA 7 59 1 8 14 26 0 0 0 0 1 8 14 26 0 0 0 0 3 155 90 5100 4938 19 15 28
85 97 82 66 16 48 29 1187 68 4 62 0 26.5 18 NA 18 NA 9 68 1 7 15 25 0 0 0 0 1 7 15 25 0 0 0 0 2 158 93 5176 4938 17 18 27
86 77 85 71 14 48 31 1214 45 4 61 0 25 18 NA 18 NA 6 45 1 7 14 26 0 0 0 0 1 7 14 26 0 0 0 0 1 147 93 5233 4939 15 18 28
87 103 86 71 15 47 26 1221 44 5 59 0 25 18 NA 18 NA 3 44 2 7 11 27 0 0 0 0 2 7 11 27 0 0 0 0 2 138 95 5300 4941 15 15 29
88 75 87 70 17 45 28 1252 58 2 57 0 23 18 NA 18 NA 8 58 2 6 12 25 0 0 0 0 2 6 12 25 0 0 0 0 1 166 98 5356 4943 14 16 27
89 78 90 69 21 44 27 1255 60 5 56 0 22.5 18 NA 18 NA 5 60 2 5 10 27 0 0 0 0 2 5 10 27 0 0 0 0 1 148 100 5416 4944 12 15 29
90 71 89 67 22 43 25 1265 55 6 54 0 23 18 NA 18 NA 5 55 2 4 8 29 0 0 0 0 2 4 8 29 0 0 0 0 0 156 101 5487 4946 11 12 31
91 80 93 71 22 44 26 1264 59 2 54 0 22 18 NA 18 NA 4 59 2 5 9 28 0 0 0 0 2 5 9 28 0 0 0 0 2 159 101 5560 4946 10 14 30
92 49 92 69 23 45 31 1276 61 4 56 0 23 18 NA 18 NA 9 61 2 5 9 29 0 0 0 0 2 5 9 29 0 0 0 0 0 151 102 5630 4944 12 13 31
93 84 95 71 24 44 27 1265 66 5 54 0 21 18 NA 18 NA 3 66 2 3 12 27 0 0 0 0 2 3 12 27 0 0 0 0 2 141 103 5696 4946 9 16 29
94 72 97 74 23 44 29 1278 54 3 57 0 21 18 NA 18 NA 5 54 1 4 11 28 0 0 0 0 1 4 11 28 0 0 0 0 3 155 103 5767 4943 12 15 30
95 65 98 74 24 43 30 1239 63 6 56 0 18.5 18 NA 18 NA 7 63 1 4 10 28 0 0 0 0 1 4 10 28 0 0 0 0 1 124 103 5854 4944 12 14 30
96 62 95 71 24 41 29 1258 41 2 58 0 17 18 NA 18 NA 3 41 1 3 10 27 0 0 0 0 1 3 10 27 0 0 0 0 0 163 105 5942 4942 13 16 29
97 100 94 71 23 43 27 1245 62 7 60 0 17.5 18 NA 18 NA 7 62 1 3 10 29 0 0 0 0 1 3 10 29 0 0 0 0 1 147 108 6013 4940 15 14 31
98 74 91 69 22 40 26 1235 57 7 59 0 18 18 NA 18 NA 7 57 0 3 8 29 0 0 0 0 0 3 8 29 0 0 0 0 0 138 109 6083 4941 16 12 31
99 74 89 68 21 39 23 1243 59 8 61 0 19 18 NA 18 NA 7 59 0 3 8 28 0 0 0 0 0 3 8 28 0 0 0 0 1 151 111 6145 4939 19 12 30
100 55 89 66 23 37 23 1228 50 5 62 0 18 18 NA 18 NA 5 50 0 3 7 27 0 0 0 0 0 3 7 27 0 0 0 0 2 140 112 6237 4938 22 11 29
101 74 92 69 23 38 25 1215 61 6 65 0 19 18 NA 18 NA 9 61 1 3 7 27 0 0 0 0 1 3 7 27 0 0 0 0 1 138 113 6304 4935 25 11 29
102 86 91 68 23 39 26 1254 46 5 65 0 20 18 NA 18 NA 6 46 1 4 6 28 0 0 0 0 1 4 6 28 0 0 0 0 0 177 113 6379 4935 26 9 30
103 75 93 71 22 37 23 1241 42 2 66 0 19 18 NA 18 NA 2 42 1 3 5 28 0 0 0 0 1 3 5 28 0 0 0 0 2 129 116 6457 4934 28 7 31
104 61 93 71 22 36 25 1212 63 4 64 0 19 18 NA 18 NA 3 63 1 4 5 26 0 0 0 0 1 4 5 26 0 0 0 0 2 136 116 6539 4936 26 9 29
105 63 91 70 21 38 28 1218 67 3 67 0 20 18 NA 18 NA 8 67 0 6 3 29 0 0 0 0 0 6 3 29 0 0 0 0 0 167 118 6614 4933 28 7 32
106 69 91 70 21 38 27 1183 55 6 71 0 21 18 NA 18 NA 4 55 0 5 5 28 0 0 0 0 0 5 5 28 0 0 0 0 2 110 118 6690 4929 31 9 31
107 66 90 69 21 38 27 1192 67 4 71 0 21.5 18 NA 18 NA 6 67 0 6 5 27 0 0 0 0 0 6 5 27 0 0 0 0 1 161 120 6756 4929 32 9 30
108 80 91 72 19 38 33 1182 65 6 69 0 22 18 NA 18 NA 11 65 0 7 6 25 0 0 0 0 0 7 6 25 0 0 0 0 2 151 120 6834 4931 29 10 30
109 97 90 71 19 39 33 1196 67 7 67 0 22 18 NA 18 NA 7 67 0 9 6 24 0 0 0 0 0 9 6 24 0 0 0 0 1 167 121 6896 4933 26 12 29
110 89 84 65 19 35 30 1174 70 8 61 0 22 18 NA 18 NA 6 70 2 7 6 20 0 0 0 0 2 7 6 20 0 0 0 0 2 135 121 6963 4939 23 14 24
111 81 82 63 19 34 29 1159 51 4 61 0 23 17.5 NA 17.5 NA 4 51 2 4 9 19 0 0 0 0 2 4 9 19 0 0 0 0 0 137 122 7044 4939 21 17 23
112 82 81 62 19 36 33 1153 55 6 62 0 24 18 NA 18 NA 10 55 2 6 10 18 0 0 0 0 2 6 10 18 0 0 0 0 1 135 122 7110 4938 21 19 22
113 68 84 65 19 37 34 1159 62 6 65 0 24 18 NA 18 NA 6 62 2 6 11 18 0 0 0 0 2 6 11 18 0 0 0 0 2 146 123 7170 4935 21 22 22
114 68 82 63 19 36 32 1159 53 5 61 0 23.5 18 NA 18 NA 6 53 2 6 13 15 0 0 0 0 2 6 13 15 0 0 0 0 2 143 126 7249 4939 20 23 18
115 71 82 63 19 38 29 1165 63 4 64 0 24.5 18.5 NA 18.5 NA 2 63 1 5 16 16 0 0 0 0 1 5 16 16 0 0 0 0 0 146 128 7309 4936 20 25 19
116 76 87 67 20 38 29 1181 55 6 63 0 23 18 NA 18 NA 5 55 1 6 14 17 0 0 0 0 1 6 14 17 0 0 0 0 2 155 128 7369 4937 21 22 20
117 63 84 64 20 38 32 1189 49 5 59 0 24 18 NA 18 NA 8 49 1 5 15 17 0 0 0 0 1 5 15 17 0 0 0 0 0 144 130 7441 4941 16 24 19
118 77 86 66 20 38 30 1201 58 5 60 0 24 18 NA 18 NA 6 58 0 7 14 17 0 0 0 0 0 7 14 17 0 0 0 0 2 144 132 7498 4940 15 26 19
119 62 88 68 20 39 22 1222 54 12 60 0 24 18 NA 18 NA 3 54 2 7 14 16 0 0 0 0 2 7 14 16 0 0 0 0 2 165 132 7575 4940 16 26 18
120 83 86 66 20 39 25 1206 54 4 62 0 25 18 NA 18 NA 7 54 2 7 14 16 0 0 0 0 2 7 14 16 0 0 0 0 0 129 132 7643 4938 18 25 19
121 86 89 67 22 39 29 1176 80 8 61 0 21 18 NA 18 NA 11 80 2 7 13 17 0 0 0 0 2 7 13 17 0 0 0 0 2 152 132 7723 4939 18 23 20
122 80 91 68 23 42 33 1199 47 8 62 0 22 18.5 NA 18.5 NA 10 47 1 11 13 17 0 0 0 0 1 11 13 17 0 0 0 0 2 156 134 7789 4938 20 20 22
123 80 89 66 23 42 34 1216 59 6 62 0 23 18.5 NA 18.5 NA 8 59 1 10 11 20 0 0 0 0 1 10 11 20 0 0 0 0 0 155 134 7847 4938 20 17 25
124 69 92 69 23 43 33 1217 65 8 62 0 23 18 NA 18 NA 7 65 1 9 12 21 0 0 0 0 1 9 12 21 0 0 0 0 2 149 135 7911 4938 17 18 27
125 92 93 66 27 45 27 1222 53 8 63 0 22 18 NA 18 NA 5 53 3 8 13 21 0 0 0 0 3 8 13 21 0 0 0 0 1 153 138 7980 4937 17 18 28
126 66 93 66 27 46 29 1242 52 2 65 0 23 18.5 NA 18.5 NA 5 52 3 8 12 23 0 0 0 0 3 8 12 23 0 0 0 0 0 164 139 8052 4935 19 17 29
127 65 94 67 27 46 30 1232 52 2 64 0 24 19 NA 19 NA 3 52 3 5 12 26 0 0 0 0 3 5 12 26 0 0 0 0 2 128 140 8123 4936 16 17 31
128 67 92 65 27 46 30 1237 51 5 66 0 24.5 19 NA 19 NA 5 51 1 8 13 24 0 0 0 0 1 8 13 24 0 0 0 0 1 149 140 8199 4934 19 18 29
129 64 94 69 25 45 31 1238 60 6 66 0 22.5 19 NA 19 NA 8 60 1 8 11 25 0 0 0 0 1 8 11 25 0 0 0 0 3 140 141 8269 4934 21 14 31
130 73 94 70 24 41 27 1214 65 6 66 0 21 19 NA 19 NA 3 65 1 6 12 22 0 0 0 0 1 6 12 22 0 0 0 0 1 134 141 8346 4934 23 14 29
131 71 98 74 24 40 31 1225 45 3 67 0 18 18.5 NA 18.5 NA 8 45 1 6 13 20 0 0 0 0 1 6 13 20 0 0 0 0 1 142 142 8418 4933 25 15 27
132 75 100 76 24 41 38 1198 73 5 64 0 17 18 NA 18 NA 13 73 1 6 14 20 0 0 0 0 1 6 14 20 0 0 0 0 4 127 143 8479 4936 21 16 27
133 78 101 78 23 40 33 1187 54 7 66 0 17 18 NA 18 NA 3 54 1 6 14 19 0 0 0 0 1 6 14 19 0 0 0 0 1 152 144 8561 4934 24 16 26
134 71 104 79 25 42 25 1173 51 8 68 0 18 18 NA 18 NA 4 51 1 7 15 19 0 0 0 0 1 7 15 19 0 0 0 0 3 140 150 8636 4932 25 17 26
135 80 108 82 26 41 32 1157 56 2 66 0 17.5 18 NA 18 NA 10 56 1 7 13 20 0 0 0 0 1 7 13 20 0 0 0 0 3 139 151 8715 4934 24 15 27
136 68 105 80 25 41 35 1167 66 7 69 0 19 18 NA 18 NA 11 66 1 7 10 23 0 0 0 0 1 7 10 23 0 0 0 0 0 157 152 8780 4931 27 13 29
137 76 107 81 26 45 27 1195 43 11 73 0 19 18 NA 18 NA 6 43 1 8 11 25 0 0 0 0 1 8 11 25 0 0 0 0 3 164 155 8858 4927 28 13 32
138 67 110 83 27 45 30 1159 62 3 73 0 20 18 NA 18 NA 6 62 1 7 12 25 0 0 0 0 1 7 12 25 0 0 0 0 1 121 155 8934 4927 26 15 32
139 76 110 83 27 45 35 1154 66 4 73 0 21 18 NA 18 NA 9 66 0 9 9 27 0 0 0 0 0 9 9 27 0 0 0 0 1 133 155 8991 4927 27 12 34
140 81 112 84 28 45 35 1143 54 3 73 0 21 18 NA 18 NA 5 54 0 5 12 28 0 0 0 0 0 5 12 28 0 0 0 0 3 135 157 9068 4927 24 15 34
141 62 112 85 27 45 34 1148 55 7 74 0 19.5 18 NA 18 NA 5 55 1 5 12 27 0 0 0 0 1 5 12 27 0 0 0 0 0 125 157 9124 4926 26 16 32
142 69 114 86 28 47 39 1130 63 5 77 0 19 18 NA 18 NA 10 63 2 5 12 28 0 0 0 0 2 5 12 28 0 0 0 0 1 130 158 9189 4923 25 19 33
143 74 112 85 27 49 42 1114 60 7 76 0 19 18 NA 18 NA 9 60 2 6 13 28 0 0 0 0 2 6 13 28 0 0 0 0 2 131 160 9260 4924 25 18 33
144 61 112 85 27 48 43 1105 63 10 78 0 19.5 18 NA 18 NA 11 63 2 6 11 29 0 0 0 0 2 6 11 29 0 0 0 0 1 134 160 9323 4922 28 16 34
145 94 114 86 28 50 44 1093 50 8 80 0 20 18 NA 18 NA 10 50 2 6 13 29 0 0 0 0 2 6 13 29 0 0 0 0 2 130 161 9395 4920 29 17 34
146 67 117 87 30 51 44 1090 72 7 82 0 21 18 NA 18 NA 7 72 3 7 12 29 0 0 0 0 3 7 12 29 0 0 0 0 1 150 161 9460 4918 32 16 34
147 90 115 86 29 51 38 1114 40 10 84 0 20 18 NA 18 NA 4 40 2 10 12 27 0 0 0 0 2 10 12 27 0 0 0 0 1 144 162 9523 4916 37 16 31
148 74 115 86 29 54 35 1097 50 6 82 0 19 16.5 NA 16.5 NA 5 50 4 12 11 27 0 0 0 0 4 12 11 27 0 0 0 0 1 126 166 9597 4918 32 19 31
149 60 117 88 29 58 38 1082 67 4 84 0 20 16 NA 16 NA 8 67 3 13 14 28 0 0 0 0 3 13 14 28 0 0 0 0 3 149 168 9677 4916 31 19 34
150 58 116 87 29 56 33 1122 45 5 85 0 20 16 NA 16 NA 3 45 3 12 13 28 0 0 0 0 3 12 13 28 0 0 0 0 1 153 170 9735 4915 33 18 34
151 92 114 85 29 53 37 1140 58 1 83 0 21 15 NA 15 NA 6 58 3 11 13 26 0 0 0 0 3 11 13 26 0 0 0 0 3 153 172 9789 4917 32 19 32
152 74 113 85 28 52 36 1184 44 4 84 0 21 15 NA 15 NA 5 44 3 11 10 28 0 0 0 0 3 11 10 28 0 0 0 0 0 158 173 9841 4916 35 15 34
153 72 113 85 28 54 38 1195 52 6 85 0 22 15.5 NA 15.5 NA 7 52 3 11 11 29 0 0 0 0 3 11 11 29 0 0 0 0 1 140 173 9905 4915 34 17 34
154 80 114 84 30 54 36 1194 53 6 85 0 22 15.5 NA 15.5 NA 5 53 2 12 10 30 0 0 0 0 2 12 10 30 0 0 0 0 3 140 175 9971 4915 33 15 37
155 68 117 86 31 55 39 1195 72 7 87 0 22 16 NA 16 NA 8 72 1 14 10 30 0 0 0 0 1 14 10 30 0 0 0 0 3 160 175 10040 4913 32 18 37
156 61 119 88 31 54 39 1183 73 5 86 0 21 16 NA 16 NA 8 73 1 15 11 27 0 0 0 0 1 15 11 27 0 0 0 0 4 137 178 10098 4914 31 21 34
157 111 113 85 28 53 36 1164 59 6 83 0 22 16 NA 16 NA 5 59 1 16 12 24 0 0 0 0 1 16 12 24 0 0 0 0 0 141 180 10170 4917 31 21 31
158 77 112 84 28 52 37 1184 56 3 84 0 23 16 NA 16 NA 4 56 1 13 15 23 0 0 0 0 1 13 15 23 0 0 0 0 1 153 182 10232 4916 31 23 30
159 76 111 83 28 53 40 1190 63 3 86 0 24 16 NA 16 NA 9 63 1 11 18 23 0 0 0 0 1 11 18 23 0 0 0 0 0 162 184 10302 4914 28 28 30
160 68 110 83 27 55 39 1184 50 10 86 0 25 15 NA 15 NA 6 50 1 15 14 25 0 0 0 0 1 15 14 25 0 0 0 0 2 124 185 10365 4914 30 24 32
161 69 110 84 26 56 39 1185 65 7 86 0 25 15.5 NA 15.5 NA 6 65 1 15 14 26 0 0 0 0 1 15 14 26 0 0 0 0 1 150 187 10429 4914 28 24 34
162 80 113 87 26 59 38 1168 50 6 87 0 25 16 NA 16 NA 5 50 0 14 19 26 0 0 0 0 0 14 19 26 0 0 0 0 2 121 190 10498 4913 26 27 34
163 77 112 87 25 59 37 1156 58 5 89 0 25.5 16 NA 16 NA 6 58 0 13 20 26 0 0 0 0 0 13 20 26 0 0 0 0 1 131 192 10570 4911 28 27 34
164 79 108 84 24 57 39 1160 59 4 86 0 26 16 NA 16 NA 5 59 0 13 22 22 0 0 0 0 0 13 22 22 0 0 0 0 0 162 193 10647 4914 26 30 30
165 78 110 86 24 58 49 1172 50 3 88 0 26.5 15.5 NA 15.5 NA 12 50 0 13 22 23 0 0 0 0 0 13 22 23 0 0 0 0 1 150 195 10714 4912 26 30 32
166 91 110 86 24 59 41 1178 60 12 89 0 27 16 NA 16 NA 5 60 0 13 22 24 0 0 0 0 0 13 22 24 0 0 0 0 0 151 198 10781 4911 26 29 34
167 81 111 88 23 57 40 1179 54 5 91 0 27 16 NA 16 NA 6 54 0 11 21 25 0 0 0 0 0 11 21 25 0 0 0 0 1 147 199 10856 4909 27 28 36
168 76 108 85 23 58 37 1204 64 6 93 0 28 16 NA 16 NA 7 64 0 9 22 27 0 0 0 0 0 9 22 27 0 0 0 0 0 170 201 10920 4907 28 27 38
169 81 109 86 23 57 38 1187 71 4 91 0 28 16 NA 16 NA 8 71 0 9 23 25 0 0 0 0 0 9 23 25 0 0 0 0 2 134 204 10979 4909 26 29 36
170 94 110 86 24 58 37 1172 53 8 89 0 27.5 16 NA 16 NA 9 53 0 10 23 25 0 0 0 0 0 10 23 25 0 0 0 0 3 156 207 11066 4911 24 29 36
171 64 111 87 24 57 40 1163 50 5 87 0 28 16 NA 16 NA 8 50 0 8 20 29 0 0 0 0 0 8 20 29 0 0 0 0 3 136 207 11143 4913 20 27 40
172 72 110 84 26 58 34 1157 68 7 85 0 28.5 16 NA 16 NA 5 68 0 10 21 27 0 0 0 0 0 10 21 27 0 0 0 0 0 130 210 11195 4915 20 28 37
173 83 109 83 26 57 33 1183 55 3 84 0 29 16 NA 16 NA 3 55 0 9 20 28 0 0 0 0 0 9 20 28 0 0 0 0 1 161 211 11257 4916 20 26 38
174 73 112 85 27 57 34 1175 63 4 86 0 29 16 NA 16 NA 8 63 0 8 18 31 0 0 0 0 0 8 18 31 0 0 0 0 2 131 215 11314 4914 21 24 41
175 85 114 87 27 60 39 1200 44 6 86 0 29 16 NA 16 NA 9 44 1 10 17 32 0 0 0 0 1 10 17 32 0 0 0 0 3 157 216 11378 4914 19 25 42
176 64 116 88 28 63 37 1203 59 10 86 0 29.5 16 NA 16 NA 8 59 2 10 16 35 0 0 0 0 2 10 16 35 0 0 0 0 2 148 217 11451 4914 19 23 44
177 73 121 91 30 64 36 1218 59 5 87 0 28 16 NA 16 NA 6 59 3 9 18 34 0 0 0 0 3 9 18 34 0 0 0 0 5 152 219 11517 4913 19 24 44
178 70 119 90 29 63 34 1197 64 8 86 0 28 16 NA 16 NA 8 64 3 9 17 34 0 0 0 0 3 9 17 34 0 0 0 0 0 136 221 11588 4914 18 23 45
179 72 116 88 28 61 31 1203 53 6 84 0 28.5 16 NA 16 NA 4 53 2 9 16 34 0 0 0 0 2 9 16 34 0 0 0 0 2 149 222 11658 4916 15 23 46
180 63 115 86 29 62 27 1193 46 6 82 0 29 16 NA 16 NA 3 46 2 7 17 36 0 0 0 0 2 7 17 36 0 0 0 0 1 133 224 11733 4918 11 25 46
181 88 116 87 29 62 27 1213 58 3 83 0 28.5 16 NA 16 NA 4 58 1 8 15 38 0 0 0 0 1 8 15 38 0 0 0 0 0 161 225 11797 4917 13 23 47
182 76 119 91 28 60 24 1204 46 5 84 0 27 16 NA 16 NA 4 46 1 8 15 36 0 0 0 0 1 8 15 36 0 0 0 0 3 124 226 11863 4916 17 21 46
183 69 117 90 27 61 25 1211 59 4 84 0 28 16 NA 16 NA 6 59 0 9 15 37 0 0 0 0 0 9 15 37 0 0 0 0 1 155 229 11939 4916 20 19 45
184 81 121 94 27 61 27 1214 56 4 86 0 28 16 NA 16 NA 6 56 0 8 15 38 0 0 0 0 0 8 15 38 0 0 0 0 2 141 229 12000 4914 21 19 46
185 62 119 94 25 58 26 1201 51 6 83 0 27 16 NA 16 NA 9 51 0 7 15 36 0 0 0 0 0 7 15 36 0 0 0 0 2 139 231 12085 4917 21 18 44
186 72 118 92 26 57 26 1201 59 8 84 0 25.5 16 NA 16 NA 9 59 0 5 17 35 0 0 0 0 0 5 17 35 0 0 0 0 1 139 232 12145 4916 22 19 43
187 69 116 91 25 57 30 1167 62 4 85 0 25.5 16 NA 16 NA 9 62 0 6 16 35 0 0 0 0 0 6 16 35 0 0 0 0 0 129 233 12224 4915 24 18 43
188 72 114 89 25 55 30 1195 42 7 86 0 26 16 NA 16 NA 5 42 0 6 15 34 0 0 0 0 0 6 15 34 0 0 0 0 1 154 234 12293 4914 26 18 42
189 70 116 89 27 55 32 1194 60 7 88 0 24.5 16 NA 16 NA 7 60 0 6 14 35 0 0 0 0 0 6 14 35 0 0 0 0 3 152 234 12369 4912 29 17 42
190 76 119 92 27 58 39 1178 63 6 88 0 23 16 NA 16 NA 11 63 0 10 13 35 0 0 0 0 0 10 13 35 0 0 0 0 1 123 235 12427 4912 30 15 43
191 79 119 93 26 59 33 1166 57 11 87 0 21 17 NA 17 NA 7 57 0 11 11 37 0 0 0 0 0 11 11 37 0 0 0 0 2 140 237 12502 4913 29 14 44
192 66 118 92 26 61 44 1162 58 4 86 0 22 16 NA 16 NA 12 58 0 15 8 38 0 0 0 0 0 15 8 38 0 0 0 0 1 146 237 12572 4914 30 10 46
193 80 118 93 25 59 43 1148 46 8 85 0 22.5 16 NA 16 NA 7 46 0 13 9 37 0 0 0 0 0 13 9 37 0 0 0 0 3 145 237 12664 4915 30 10 45
194 70 121 96 25 60 40 1180 57 7 91 0 22 16 NA 16 NA 4 57 0 13 10 37 0 0 0 0 0 13 10 37 0 0 0 0 3 171 238 12725 4909 33 13 45
195 72 121 98 23 59 45 1181 45 4 88 0 22 16 NA 16 NA 10 45 0 13 11 35 0 0 0 0 0 13 11 35 0 0 0 0 2 139 239 12794 4912 30 15 43
196 68 124 99 25 57 46 1167 72 5 89 0 21 16 NA 16 NA 8 72 0 12 12 33 0 0 0 0 0 12 12 33 0 0 0 0 3 146 240 12865 4911 33 16 40
197 75 127 103 24 58 44 1166 67 8 91 0 21 16 NA 16 NA 7 67 0 11 13 34 0 0 0 0 0 11 13 34 0 0 0 0 3 146 241 12928 4909 33 17 41
198 69 122 100 22 57 41 1190 54 7 86 0 22 16 NA 16 NA 4 54 0 12 12 33 0 0 0 0 0 12 12 33 0 0 0 0 1 152 243 12985 4914 30 16 40
199 73 120 99 21 56 38 1215 55 7 82 0 22 16 NA 16 NA 4 55 0 12 12 32 0 0 0 0 0 12 12 32 0 0 0 0 1 142 245 13033 4918 26 17 39
200 69 120 97 23 56 43 1212 56 4 81 0 22.5 16 NA 16 NA 13 56 0 12 13 31 0 0 0 0 0 12 13 31 0 0 0 0 0 135 248 13101 4919 23 19 39
201 76 123 101 22 54 42 1199 53 6 82 0 22 16 NA 16 NA 6 53 0 9 14 31 0 0 0 0 0 9 14 31 0 0 0 0 0 138 249 13180 4918 23 20 39
202 63 121 100 21 52 45 1216 55 8 81 0 21 16 NA 16 NA 11 55 0 9 13 30 0 0 0 0 0 9 13 30 0 0 0 0 3 151 250 13242 4919 24 19 38
203 72 119 98 21 52 43 1192 66 7 82 0 21 16 NA 16 NA 9 66 1 8 14 29 0 0 0 0 1 8 14 29 0 0 0 0 0 127 253 13313 4918 25 20 37
204 72 117 95 22 50 45 1183 59 7 81 0 22 16 NA 16 NA 9 59 1 9 14 26 0 0 0 0 1 9 14 26 0 0 0 0 0 143 254 13391 4919 27 20 34
205 87 111 91 20 47 38 1209 52 6 77 0 23 16 NA 16 NA 4 52 1 8 14 24 0 0 0 0 1 8 14 24 0 0 0 0 0 156 256 13455 4923 26 21 30
206 67 109 88 21 48 31 1190 52 7 78 0 24 15.5 NA 15.5 NA 3 52 1 8 13 26 0 0 0 0 1 8 13 26 0 0 0 0 1 142 259 13549 4922 23 22 33
207 74 110 87 23 49 35 1206 48 3 80 0 23.5 16 NA 16 NA 8 48 1 8 13 27 0 0 0 0 1 8 13 27 0 0 0 0 1 152 261 13611 4920 25 21 34
208 73 109 87 22 51 34 1182 63 7 84 0 24 16 NA 16 NA 10 63 1 9 15 26 0 0 0 0 1 9 15 26 0 0 0 0 1 136 266 13687 4916 29 22 33
209 80 110 89 21 49 31 1154 58 7 86 0 23.5 16 NA 16 NA 6 58 1 7 18 23 0 0 0 0 1 7 18 23 0 0 0 0 0 121 267 13759 4914 31 25 30
210 77 111 91 20 48 38 1157 43 0 86 0 22 16 NA 16 NA 10 43 1 6 17 24 0 0 0 0 1 6 17 24 0 0 0 0 2 143 268 13834 4914 31 25 30
211 82 110 90 20 48 33 1179 49 10 86 0 22 16 NA 16 NA 5 49 1 8 14 25 0 0 0 0 1 8 14 25 0 0 0 0 1 167 269 13911 4914 33 21 32
212 78 111 92 19 47 29 1177 63 5 86 0 22 16 NA 16 NA 5 63 1 7 14 25 0 0 0 0 1 7 14 25 0 0 0 0 2 141 272 13976 4914 34 19 33
213 80 113 95 18 49 37 1165 67 6 89 0 22 16 NA 16 NA 14 67 1 9 13 26 0 0 0 0 1 9 13 26 0 0 0 0 1 135 274 14034 4911 37 19 33
214 70 115 97 18 52 38 1155 57 9 91 0 22 15.5 NA 15.5 NA 8 57 1 11 13 27 0 0 0 0 1 11 13 27 0 0 0 0 1 142 275 14109 4909 36 21 34
215 64 115 98 17 52 36 1160 62 11 88 0 21 15.5 NA 15.5 NA 9 62 2 11 12 27 0 0 0 0 2 11 12 27 0 0 0 0 2 140 275 14163 4912 34 20 34
216 67 114 97 17 52 39 1173 58 7 87 0 22 15.5 NA 15.5 NA 10 58 1 12 13 26 0 0 0 0 1 12 13 26 0 0 0 0 0 150 276 14228 4913 33 21 33
217 77 114 96 18 54 38 1153 71 10 87 0 23 15.5 NA 15.5 NA 11 71 2 12 13 27 0 0 0 0 2 12 13 27 0 0 0 0 0 158 278 14311 4913 32 20 35
218 86 109 91 18 51 33 1152 41 7 84 0 24 15 NA 15 NA 3 41 2 8 11 30 0 0 0 0 2 8 11 30 0 0 0 0 0 129 280 14375 4916 28 17 39
219 75 109 92 17 51 26 1164 46 9 85 0 24 16 NA 16 NA 3 46 1 10 12 28 0 0 0 0 1 10 12 28 0 0 0 0 0 144 281 14443 4915 28 20 37
220 77 107 90 17 49 33 1163 68 2 81 0 25 16 NA 16 NA 10 68 1 7 15 26 0 0 0 0 1 7 15 26 0 0 0 0 0 152 282 14509 4919 21 25 35
221 72 106 89 17 52 33 1204 47 7 83 0 25 16 NA 16 NA 5 47 1 10 14 27 0 0 0 0 1 10 14 27 0 0 0 0 1 162 283 14567 4917 22 25 36
222 89 107 89 18 52 35 1223 53 7 84 0 26 16 NA 16 NA 10 53 1 9 15 27 0 0 0 0 1 9 15 27 0 0 0 0 2 162 284 14636 4916 22 26 36
223 70 108 89 19 55 34 1188 63 9 85 0 27 16 NA 16 NA 5 63 1 8 19 27 0 0 0 0 1 8 19 27 0 0 0 0 2 126 284 14713 4915 21 28 36
224 83 105 85 20 53 38 1187 63 3 83 0 28 16 NA 16 NA 6 63 1 7 20 25 0 0 0 0 1 7 20 25 0 0 0 0 1 143 284 14775 4917 21 29 33
225 65 102 83 19 54 37 1190 57 9 82 0 28.5 16.5 NA 16.5 NA 6 57 2 4 22 26 0 0 0 0 2 4 22 26 0 0 0 0 0 130 284 14829 4918 17 31 34
226 61 103 85 18 55 35 1198 56 5 83 0 29 17 NA 17 NA 4 56 1 5 20 29 0 0 0 0 1 5 20 29 0 0 0 0 1 150 286 14896 4917 16 31 36
227 74 105 87 18 54 37 1193 57 5 83 0 29 17 NA 17 NA 9 57 1 5 20 28 0 0 0 0 1 5 20 28 0 0 0 0 2 143 288 14976 4917 18 29 36
228 75 106 87 19 54 37 1191 59 5 84 0 30 17 NA 17 NA 10 59 1 4 19 30 0 0 0 0 1 4 19 30 0 0 0 0 2 147 292 15040 4916 18 28 38
229 102 104 85 19 51 36 1193 51 5 81 0 29.5 16 NA 16 NA 5 51 1 4 17 29 0 0 0 0 1 4 17 29 0 0 0 0 1 151 293 15114 4919 19 26 36
230 79 105 87 18 50 31 1194 54 7 79 0 29 16.5 NA 16.5 NA 4 54 1 5 14 30 0 0 0 0 1 5 14 30 0 0 0 0 1 129 296 15169 4921 19 23 37
231 76 102 83 19 51 33 1208 51 4 79 0 30 17 NA 17 NA 6 51 1 6 14 30 0 0 0 0 1 6 14 30 0 0 0 0 0 143 297 15225 4921 19 24 36
232 76 102 83 19 54 31 1211 51 6 79 0 31 17 NA 17 NA 3 51 1 8 12 33 0 0 0 0 1 8 12 33 0 0 0 0 2 148 297 15302 4921 20 20 39
233 75 102 83 19 53 29 1185 55 6 79 0 31.5 17 NA 17 NA 8 55 0 7 13 33 0 0 0 0 0 7 13 33 0 0 0 0 2 133 302 15384 4921 19 20 40
234 68 102 82 20 52 26 1178 59 7 80 0 32 17 NA 17 NA 4 59 0 5 14 33 0 0 0 0 0 5 14 33 0 0 0 0 1 151 303 15464 4920 19 20 41
235 91 106 84 22 52 29 1195 60 3 81 0 28 17 NA 17 NA 6 60 0 6 12 34 0 0 0 0 0 6 12 34 0 0 0 0 2 159 305 15526 4919 20 19 42
236 82 110 88 22 54 28 1173 65 6 82 0 28 17 NA 17 NA 5 65 0 6 12 36 0 0 0 0 0 6 12 36 0 0 0 0 3 126 305 15589 4918 19 19 44
237 90 112 91 21 54 27 1180 71 3 80 0 27.5 17 NA 17 NA 4 71 0 8 8 38 0 0 0 0 0 8 8 38 0 0 0 0 3 160 307 15650 4920 17 16 47
238 62 111 90 21 52 29 1182 57 2 80 0 28 17 NA 17 NA 6 57 0 6 9 37 0 0 0 0 0 6 9 37 0 0 0 0 1 141 309 15722 4920 17 16 47
239 71 110 89 21 53 38 1188 67 5 80 0 27 17 NA 17 NA 14 67 0 8 10 35 0 0 0 0 0 8 10 35 0 0 0 0 1 150 309 15784 4920 18 18 44
240 80 107 86 21 52 36 1193 54 7 77 0 27 16 NA 16 NA 4 54 2 8 8 34 0 0 0 0 2 8 8 34 0 0 0 0 0 150 310 15855 4923 19 15 43
241 87 107 86 21 53 35 1194 42 6 77 0 28 16 NA 16 NA 7 42 2 8 9 34 0 0 0 0 2 8 9 34 0 0 0 0 0 145 311 15934 4923 19 16 42
242 67 107 86 21 52 35 1202 55 6 79 0 28 16.5 NA 16.5 NA 6 55 0 10 9 33 0 0 0 0 0 10 9 33 0 0 0 0 1 134 311 15988 4921 22 16 41
243 90 108 86 22 51 35 1195 56 7 76 0 27 17 NA 17 NA 6 56 1 8 9 33 0 0 0 0 1 8 9 33 0 0 0 0 3 132 312 16054 4924 19 15 42
244 66 106 85 21 49 39 1185 56 3 76 0 26 17 NA 17 NA 8 56 1 8 9 31 0 0 0 0 1 8 9 31 0 0 0 0 0 138 313 16130 4924 19 17 40
245 73 108 86 22 51 41 1173 59 5 79 0 26 17 NA 17 NA 8 59 2 7 9 33 0 0 0 0 2 7 9 33 0 0 0 0 2 128 314 16191 4921 20 16 43
246 76 106 87 19 50 30 1180 52 11 77 0 26 17 NA 17 NA 3 52 2 7 10 31 0 0 0 0 2 7 10 31 0 0 0 0 0 158 317 16265 4923 19 17 41
247 75 104 85 19 50 39 1163 56 2 79 0 26.5 17 NA 17 NA 11 56 1 8 12 29 0 0 0 0 1 8 12 29 0 0 0 0 2 137 319 16345 4921 21 18 40
248 62 101 83 18 49 32 1142 68 10 79 0 26 17 NA 17 NA 5 68 1 9 11 28 0 0 0 0 1 9 11 28 0 0 0 0 0 136 321 16413 4921 25 17 37
249 74 103 84 19 50 30 1153 54 7 80 0 26 17 NA 17 NA 6 54 1 10 11 28 0 0 0 0 1 10 11 28 0 0 0 0 5 159 322 16490 4920 27 15 38
250 80 105 87 18 49 31 1160 55 3 78 0 24 17 NA 17 NA 5 55 1 8 11 29 0 0 0 0 1 8 11 29 0 0 0 0 3 153 324 16560 4922 25 15 38
251 81 103 85 18 47 29 1164 56 8 76 0 24 17 NA 17 NA 6 56 1 7 11 28 0 0 0 0 1 7 11 28 0 0 0 0 1 146 325 16624 4924 23 16 37
252 68 101 83 18 49 34 1171 57 2 75 0 26 17 NA 17 NA 8 57 1 8 12 28 0 0 0 0 1 8 12 28 0 0 0 0 0 146 327 16694 4925 20 18 37
253 95 98 81 17 47 33 1156 55 7 73 0 26 17 NA 17 NA 6 55 1 9 11 26 0 0 0 0 1 9 11 26 0 0 0 0 1 144 328 16768 4927 21 17 35
254 74 99 82 17 46 38 1157 51 1 74 0 27 17 NA 17 NA 8 51 1 8 11 26 0 0 0 0 1 8 11 26 0 0 0 0 1 131 331 16826 4926 21 18 35
255 77 101 85 16 47 41 1189 64 6 77 0 27 17 NA 17 NA 9 64 0 9 11 27 0 0 0 0 0 9 11 27 0 0 0 0 2 174 331 16880 4923 24 17 36
256 78 99 83 16 48 39 1180 55 6 76 0 28 17 NA 17 NA 7 55 0 8 12 28 0 0 0 0 0 8 12 28 0 0 0 0 0 130 334 16938 4924 23 16 37
257 69 100 85 15 49 41 1190 68 4 75 0 25.5 17 NA 17 NA 7 68 0 8 11 30 0 0 0 0 0 8 11 30 0 0 0 0 3 155 335 16992 4925 22 16 37
258 77 103 83 20 50 39 1167 79 6 73 0 23 17 NA 17 NA 6 79 0 9 9 32 0 0 0 0 0 9 9 32 0 0 0 0 1 151 337 17066 4927 22 14 37
259 74 102 82 20 49 35 1188 54 7 72 0 23.5 17 NA 17 NA 4 54 0 8 10 31 0 0 0 0 0 8 10 31 0 0 0 0 1 156 338 17129 4928 21 15 36
260 70 102 82 20 48 39 1194 66 4 73 0 24 17 NA 17 NA 10 66 0 7 10 31 0 0 0 0 0 7 10 31 0 0 0 0 0 155 340 17191 4927 19 18 36
261 64 102 80 22 47 42 1169 63 1 75 0 25 17 NA 17 NA 7 63 0 5 12 30 0 0 0 0 0 5 12 30 0 0 0 0 1 129 341 17269 4925 20 20 35
262 73 104 80 24 48 36 1167 48 10 78 0 25 17 NA 17 NA 5 48 0 6 12 30 0 0 0 0 0 6 12 30 0 0 0 0 1 136 343 17343 4922 23 19 36
263 70 104 80 24 47 39 1192 49 3 77 0 25.5 17 NA 17 NA 4 49 0 7 10 30 0 0 0 0 0 7 10 30 0 0 0 0 3 141 343 17393 4923 24 17 36
264 79 106 82 24 50 37 1171 62 6 77 0 25 17 NA 17 NA 5 62 0 8 10 32 0 0 0 0 0 8 10 32 0 0 0 0 2 132 346 17464 4923 23 16 38
265 87 107 84 23 50 31 1154 59 7 76 0 24 17.5 NA 17.5 NA 4 59 0 6 13 31 0 0 0 0 0 6 13 31 0 0 0 0 1 128 348 17529 4924 21 18 37
266 77 106 82 24 52 29 1164 66 7 75 0 24 17 NA 17 NA 3 66 1 8 14 29 0 0 0 0 1 8 14 29 0 0 0 0 1 144 349 17580 4925 21 19 35
267 68 106 82 24 51 31 1155 45 1 76 0 24 17 NA 17 NA 5 45 1 6 15 29 0 0 0 0 1 6 15 29 0 0 0 0 0 137 351 17665 4924 21 21 34
268 78 103 81 22 50 21 1154 57 6 71 0 24 17 NA 17 NA 2 57 2 5 14 29 0 0 0 0 2 5 14 29 0 0 0 0 2 136 356 17726 4929 19 20 32
269 82 104 82 22 51 22 1138 59 4 73 0 24.5 17 NA 17 NA 6 59 2 5 13 31 0 0 0 0 2 5 13 31 0 0 0 0 1 133 358 17793 4927 20 19 34
270 61 104 83 21 55 23 1143 59 11 77 0 23 16 NA 16 NA 8 59 2 10 14 29 0 0 0 0 2 10 14 29 0 0 0 0 1 148 359 17867 4923 26 19 32
271 70 104 82 22 55 24 1175 44 5 76 0 22 16 NA 16 NA 6 44 1 13 12 29 0 0 0 0 1 13 12 29 0 0 0 0 1 165 359 17940 4924 25 18 33
272 71 101 79 22 52 25 1161 52 5 73 0 23 16 NA 16 NA 6 52 0 14 12 26 0 0 0 0 0 14 12 26 0 0 0 0 2 132 359 18018 4927 25 16 32
273 87 103 81 22 52 23 1168 53 6 74 0 23 16 NA 16 NA 5 53 0 13 11 28 0 0 0 0 0 13 11 28 0 0 0 0 1 149 361 18080 4926 23 17 34
274 59 103 81 22 54 24 1173 55 5 74 0 24 16 NA 16 NA 5 55 0 11 14 29 0 0 0 0 0 11 14 29 0 0 0 0 2 142 361 18153 4926 21 20 33
275 77 103 82 21 54 24 1205 61 9 75 0 24 16 NA 16 NA 11 61 0 12 15 27 0 0 0 0 0 12 15 27 0 0 0 0 1 172 364 18218 4925 23 21 31
276 77 103 82 21 52 27 1203 59 4 75 0 21 16 NA 16 NA 7 59 0 13 13 26 0 0 0 0 0 13 13 26 0 0 0 0 2 149 365 18286 4925 26 19 30
277 70 104 83 21 54 32 1208 73 10 76 0 22 16 NA 16 NA 16 73 0 15 12 27 0 0 0 0 0 15 12 27 0 0 0 0 1 147 366 18336 4924 28 17 31
278 83 104 83 21 53 27 1187 69 9 76 0 22 16 NA 16 NA 5 69 0 14 11 28 0 0 0 0 0 14 11 28 0 0 0 0 1 135 366 18400 4924 27 16 33
279 87 101 82 19 52 26 1189 58 10 73 0 22 16 NA 16 NA 8 58 0 13 12 27 0 0 0 0 0 13 12 27 0 0 0 0 1 136 366 18459 4927 25 16 32
280 77 99 80 19 49 27 1182 61 4 71 0 22 16 NA 16 NA 6 61 0 13 10 26 0 0 0 0 0 13 10 26 0 0 0 0 3 139 367 18532 4929 26 14 31
281 89 97 77 20 49 27 1195 54 7 71 0 23 16 NA 16 NA 7 54 0 11 14 24 0 0 0 0 0 11 14 24 0 0 0 0 0 145 367 18589 4929 25 17 29
282 85 100 80 20 50 27 1154 58 4 73 0 24 16 NA 16 NA 5 58 0 7 19 24 0 0 0 0 0 7 19 24 0 0 0 0 1 115 367 18663 4927 22 22 29
283 57 102 82 20 52 29 1129 57 7 75 0 23.5 16.5 NA 16.5 NA 8 57 0 8 19 25 0 0 0 0 0 8 19 25 0 0 0 0 1 130 367 18749 4925 24 21 30
284 60 105 85 20 52 32 1161 62 4 74 0 23 16.5 NA 16.5 NA 8 62 0 8 20 24 0 0 0 0 0 8 20 24 0 0 0 0 1 168 368 18808 4926 23 22 29
285 69 101 81 20 47 40 1140 77 4 70 0 22 18 NA 18 NA 12 77 0 6 18 23 0 0 0 0 0 6 18 23 0 0 0 0 1 142 369 18877 4930 22 19 29
286 67 103 82 21 49 42 1138 56 5 70 0 23 17 NA 17 NA 7 56 0 8 17 24 0 0 0 0 0 8 17 24 0 0 0 0 2 141 370 18943 4930 21 19 30
287 86 104 83 21 52 48 1127 58 5 70 0 22.5 17 NA 17 NA 9 58 1 10 16 25 0 0 0 0 1 10 16 25 0 0 0 0 2 149 371 19019 4930 20 19 31
288 78 105 83 22 53 54 1117 64 6 71 0 22 17 NA 17 NA 12 64 1 9 19 24 0 0 0 0 1 9 19 24 0 0 0 0 2 128 371 19081 4929 21 21 29
289 112 103 81 22 50 47 1120 56 7 71 0 22 17 NA 17 NA 2 56 1 8 19 22 0 0 0 0 1 8 19 22 0 0 0 0 0 149 373 19147 4929 22 22 27
290 86 104 83 21 51 45 1112 60 4 72 0 22.5 17 NA 17 NA 5 60 1 8 18 24 0 0 0 0 1 8 18 24 0 0 0 0 1 136 375 19209 4928 22 21 29
291 76 105 85 20 52 47 1147 58 2 75 0 23 17 NA 17 NA 4 58 2 7 18 25 0 0 0 0 2 7 18 25 0 0 0 0 0 160 375 19263 4925 23 21 31
292 73 109 89 20 51 45 1147 56 5 76 0 23 17 NA 17 NA 6 56 2 7 18 24 0 0 0 0 2 7 18 24 0 0 0 0 3 139 376 19330 4924 24 22 30
293 79 108 88 20 51 43 1149 56 9 75 0 22.5 17 NA 17 NA 7 56 3 6 16 26 0 0 0 0 3 6 16 26 0 0 0 0 0 146 377 19393 4925 22 21 32
294 70 106 86 20 51 38 1162 59 6 76 0 23 17 NA 17 NA 2 59 3 6 11 31 0 0 0 0 3 6 11 31 0 0 0 0 1 149 380 19452 4924 24 16 36
295 80 108 88 20 51 41 1172 56 6 77 0 21.5 17 NA 17 NA 9 56 2 7 12 30 0 0 0 0 2 7 12 30 0 0 0 0 3 160 381 19514 4923 25 17 35
296 76 109 89 20 53 35 1139 60 8 80 0 21 16 NA 16 NA 6 60 3 8 13 29 0 0 0 0 3 8 13 29 0 0 0 0 1 134 383 19604 4920 28 18 34
297 84 106 87 19 51 35 1147 66 4 77 0 21 15 NA 15 NA 5 66 2 9 12 28 0 0 0 0 2 9 12 28 0 0 0 0 2 147 385 19663 4923 28 17 32
298 58 107 87 20 54 36 1167 64 7 78 0 22 15.5 NA 15.5 NA 7 64 1 13 11 29 0 0 0 0 1 13 11 29 0 0 0 0 1 161 387 19725 4922 28 16 34
299 78 106 86 20 54 28 1160 59 5 78 0 22.5 15 NA 15 NA 1 59 2 13 10 29 0 0 0 0 2 13 10 29 0 0 0 0 1 144 391 19794 4922 28 16 34
300 62 105 85 20 58 30 1170 65 7 80 0 23 15 NA 15 NA 8 65 2 15 11 30 0 0 0 0 2 15 11 30 0 0 0 0 0 149 395 19850 4920 28 18 34
301 88 105 86 19 59 23 1170 54 8 80 0 24 16 NA 16 NA 5 54 1 15 13 30 0 0 0 0 1 15 13 30 0 0 0 0 1 143 400 19917 4920 26 19 35
302 73 106 87 19 59 29 1176 58 3 81 0 24.5 17 NA 17 NA 8 58 1 14 14 30 0 0 0 0 1 14 14 30 0 0 0 0 1 147 401 19982 4919 26 20 35
303 80 101 83 18 55 34 1199 57 3 78 0 24 17 NA 17 NA 9 57 1 12 15 27 0 0 0 0 1 12 15 27 0 0 0 0 0 154 402 20037 4922 25 20 33
304 74 102 83 19 56 37 1196 67 6 82 0 25 16.5 NA 16.5 NA 9 67 1 13 15 27 0 0 0 0 1 13 15 27 0 0 0 0 2 149 402 20109 4918 28 22 32
305 66 100 82 18 54 37 1208 63 8 79 0 25 17 NA 17 NA 8 63 0 14 14 26 0 0 0 0 0 14 14 26 0 0 0 0 0 146 402 20168 4921 27 20 32
306 77 99 81 18 52 37 1208 47 6 78 0 26 16.5 NA 16.5 NA 6 47 0 11 16 25 0 0 0 0 0 11 16 25 0 0 0 0 1 139 403 20246 4922 24 23 31
307 94 103 85 18 53 37 1173 62 7 82 0 25 15 NA 15 NA 6 62 0 11 17 25 0 0 0 0 0 11 17 25 0 0 0 0 2 135 403 20328 4918 26 25 31
308 68 99 82 17 51 36 1169 51 6 81 0 26 16 NA 16 NA 5 51 0 8 20 23 0 0 0 0 0 8 20 23 0 0 0 0 0 125 404 20384 4919 25 26 30
309 80 103 85 18 52 34 1146 53 5 81 0 26 16.5 NA 16.5 NA 5 53 0 8 20 24 0 0 0 0 0 8 20 24 0 0 0 0 4 130 406 20459 4919 24 26 31
310 82 105 88 17 51 32 1156 50 3 80 0 26 15 NA 15 NA 2 50 0 8 20 23 0 0 0 0 0 8 20 23 0 0 0 0 0 155 407 20534 4920 24 26 30
311 73 105 89 16 50 33 1155 55 2 80 0 27 15.5 NA 15.5 NA 5 55 0 7 20 23 0 0 0 0 0 7 20 23 0 0 0 0 0 140 409 20599 4920 24 25 31
312 75 107 90 17 50 40 1162 65 2 80 0 27 15.5 NA 15.5 NA 10 65 0 7 18 25 0 0 0 0 0 7 18 25 0 0 0 0 2 152 410 20656 4920 21 26 33
313 80 107 90 17 49 38 1173 58 7 80 0 26 16 NA 16 NA 6 58 0 7 17 25 0 0 0 0 0 7 17 25 0 0 0 0 1 164 413 20730 4920 22 24 34
314 107 106 89 17 46 32 1188 49 5 79 0 26 16.5 NA 16.5 NA 4 49 0 7 13 26 0 0 0 0 0 7 13 26 0 0 0 0 1 166 417 20800 4921 22 22 35
315 67 105 88 17 47 36 1182 63 3 77 0 27 17 NA 17 NA 9 63 0 7 12 28 0 0 0 0 0 7 12 28 0 0 0 0 1 137 419 20864 4923 19 21 37
316 66 103 86 17 47 34 1188 58 5 78 0 27 17 NA 17 NA 5 58 0 4 15 28 0 0 0 0 0 4 15 28 0 0 0 0 0 151 421 20935 4922 17 23 38
317 72 104 87 17 46 38 1187 57 6 78 0 26.5 17 NA 17 NA 8 57 0 4 14 28 0 0 0 0 0 4 14 28 0 0 0 0 2 139 421 21007 4922 19 22 37
318 73 98 84 14 44 34 1184 61 13 71 0 26 17 NA 17 NA 11 61 0 7 11 26 0 0 0 0 0 7 11 26 0 0 0 0 2 144 423 21074 4929 18 18 35
319 87 96 82 14 42 38 1198 61 4 74 0 27 17 NA 17 NA 8 61 0 4 11 27 0 0 0 0 0 4 11 27 0 0 0 0 0 166 423 21136 4926 19 18 37
320 88 97 84 13 43 41 1194 64 8 73 0 28 17 NA 17 NA 11 64 1 5 10 27 0 0 0 0 1 5 10 27 0 0 0 0 3 147 424 21202 4927 16 20 37
321 95 99 86 13 44 36 1165 70 10 77 0 27 17 NA 17 NA 5 70 1 5 10 28 0 0 0 0 1 5 10 28 0 0 0 0 1 129 425 21268 4923 19 20 38
322 71 99 86 13 47 29 1148 58 10 79 0 27 17 NA 17 NA 6 58 1 7 10 29 0 0 0 0 1 7 10 29 0 0 0 0 1 126 426 21331 4921 21 20 38
323 59 100 86 14 47 27 1172 58 6 78 0 28 17 NA 17 NA 6 58 1 6 11 29 0 0 0 0 1 6 11 29 0 0 0 0 2 161 428 21395 4922 20 21 37
324 79 98 86 12 46 28 1182 56 6 76 0 28.5 17 NA 17 NA 5 56 1 6 12 27 0 0 0 0 1 6 12 27 0 0 0 0 1 150 428 21462 4924 21 18 37
325 91 95 84 11 46 20 1143 63 7 75 0 29 17.5 NA 17.5 NA 3 63 0 7 14 25 0 0 0 0 0 7 14 25 0 0 0 0 1 133 433 21546 4925 21 20 34
326 79 94 85 9 45 19 1153 50 4 76 0 28.5 17 NA 17 NA 6 50 0 6 14 25 0 0 0 0 0 6 14 25 0 0 0 0 3 149 435 21616 4924 24 19 33
327 83 94 85 9 44 19 1160 48 4 75 0 28.5 17.5 NA 17.5 NA 6 48 0 6 12 26 0 0 0 0 0 6 12 26 0 0 0 0 0 137 437 21677 4925 24 17 34
328 76 97 86 11 47 24 1128 48 5 74 0 27 17 NA 17 NA 7 48 0 8 11 28 0 0 0 0 0 8 11 28 0 0 0 0 2 105 438 21742 4926 21 17 36
329 83 99 87 12 47 27 1159 36 3 76 0 27 17 NA 17 NA 5 36 0 8 11 28 0 0 0 0 0 8 11 28 0 0 0 0 2 152 438 21810 4924 22 18 36
330 82 99 86 13 48 29 1166 53 5 75 0 26 17.5 NA 17.5 NA 7 53 1 9 11 27 0 0 0 0 1 9 11 27 0 0 0 0 4 153 438 21876 4925 22 18 35
331 77 104 88 16 50 29 1166 47 3 75 0 25.5 17 NA 17 NA 9 47 1 8 11 30 0 0 0 0 1 8 11 30 0 0 0 0 3 139 442 21948 4925 18 18 39
332 69 105 87 18 49 33 1175 61 5 77 0 25 17 NA 17 NA 9 61 1 8 10 30 0 0 0 0 1 8 10 30 0 0 0 0 0 152 442 22015 4923 21 15 41
333 79 104 86 18 49 32 1153 50 5 77 0 26 17 NA 17 NA 4 50 1 7 11 30 0 0 0 0 1 7 11 30 0 0 0 0 0 122 443 22084 4923 18 18 41
334 84 108 89 19 48 34 1154 59 4 77 0 25 17 NA 17 NA 6 59 1 5 13 29 0 0 0 0 1 5 13 29 0 0 0 0 2 138 443 22141 4923 17 20 40
335 69 111 91 20 47 37 1130 58 6 79 0 26 17 NA 17 NA 10 58 0 6 12 29 0 0 0 0 0 6 12 29 0 0 0 0 2 129 444 22216 4921 20 19 40
336 59 105 86 19 43 39 1117 65 5 75 0 27 18 NA 18 NA 6 65 0 4 11 28 0 0 0 0 0 4 11 28 0 0 0 0 0 138 444 22292 4925 18 19 38
337 74 109 89 20 47 33 1142 55 9 75 0 27 18 NA 18 NA 5 55 2 4 11 30 0 0 0 0 2 4 11 30 0 0 0 0 3 161 444 22363 4925 18 18 39
338 69 112 91 21 47 39 1127 61 3 76 0 27 18 NA 18 NA 9 61 2 2 12 31 0 0 0 0 2 2 12 31 0 0 0 0 1 138 444 22436 4924 15 21 40
339 72 112 92 20 47 43 1132 49 6 74 0 25 17 NA 17 NA 10 49 2 3 13 29 0 0 0 0 2 3 13 29 0 0 0 0 1 139 445 22504 4926 15 21 38
340 54 112 92 20 46 37 1171 59 8 76 0 26 17.5 NA 17.5 NA 7 59 1 5 11 29 0 0 0 0 1 5 11 29 0 0 0 0 2 160 450 22558 4924 19 18 39
341 66 111 91 20 46 31 1168 58 9 77 0 27 17.5 NA 17.5 NA 5 58 1 4 12 29 0 0 0 0 1 4 12 29 0 0 0 0 0 137 453 22623 4923 18 19 40
342 75 109 90 19 45 32 1185 53 4 79 0 28 18 NA 18 NA 3 53 1 4 11 29 0 0 0 0 1 4 11 29 0 0 0 0 1 157 453 22689 4921 20 18 41
343 72 111 91 20 47 35 1204 53 3 80 0 26 17 NA 17 NA 7 53 1 6 9 31 0 0 0 0 1 6 9 31 0 0 0 0 3 156 456 22757 4920 22 15 43
344 77 107 87 20 46 28 1187 49 9 77 0 26 17.5 NA 17.5 NA 4 49 1 7 9 29 0 0 0 0 1 7 9 29 0 0 0 0 2 124 457 22832 4923 19 18 40
345 77 107 86 21 45 26 1196 55 4 76 0 25 18 NA 18 NA 7 55 1 6 8 30 0 0 0 0 1 6 8 30 0 0 0 0 2 147 460 22897 4924 19 15 42
346 68 106 86 20 47 29 1205 60 4 79 0 27 18 NA 18 NA 8 60 1 8 7 31 0 0 0 0 1 8 7 31 0 0 0 0 1 151 462 22963 4921 21 14 44
347 89 107 87 20 44 28 1223 60 8 78 0 24 17.5 NA 17.5 NA 5 60 1 7 8 28 0 0 0 0 1 7 8 28 0 0 0 0 2 162 463 23021 4922 23 16 39
348 72 110 90 20 47 27 1212 55 6 78 0 24.5 17 NA 17 NA 8 55 2 9 7 29 0 0 0 0 2 9 7 29 0 0 0 0 1 133 465 23093 4922 22 16 40
349 75 110 89 21 47 27 1210 50 4 80 0 23 17 NA 17 NA 3 50 2 9 7 29 0 0 0 0 2 9 7 29 0 0 0 0 2 149 466 23172 4920 26 17 37
350 83 109 88 21 45 30 1203 63 6 78 0 20 17 NA 17 NA 9 63 2 11 6 26 0 0 0 0 2 11 6 26 0 0 0 0 4 134 467 23234 4922 28 15 35
351 87 107 89 18 47 31 1196 56 8 75 0 19 17 NA 17 NA 10 56 1 12 7 27 0 0 0 0 1 12 7 27 0 0 0 0 2 141 470 23303 4925 29 12 34
352 68 107 89 18 48 29 1181 52 10 74 0 18 17 NA 17 NA 10 52 2 10 9 27 0 0 0 0 2 10 9 27 0 0 0 0 1 142 472 23387 4926 27 14 33
353 73 105 86 19 46 32 1175 64 4 71 0 19 16.5 NA 16.5 NA 9 64 3 10 7 26 0 0 0 0 3 10 7 26 0 0 0 0 1 134 474 23446 4929 27 11 33
354 90 106 86 20 48 30 1186 58 10 72 0 20 16 NA 16 NA 9 58 3 11 8 26 0 0 0 0 3 11 8 26 0 0 0 0 1 151 476 23511 4928 27 12 33
355 78 107 84 23 47 33 1163 63 5 73 0 20 16 NA 16 NA 8 63 2 11 9 25 0 0 0 0 2 11 9 25 0 0 0 0 0 148 476 23595 4927 28 13 32
356 79 107 83 24 49 33 1166 64 9 75 0 21 16 NA 16 NA 8 64 2 12 10 25 0 0 0 0 2 12 10 25 0 0 0 0 0 140 476 23652 4925 28 12 35
357 81 108 85 23 51 35 1184 42 2 77 0 22 16 NA 16 NA 6 42 2 12 11 26 0 0 0 0 2 12 11 26 0 0 0 0 1 150 477 23720 4923 29 13 35
358 92 109 85 24 52 38 1158 70 6 77 0 23 16 NA 16 NA 10 70 2 10 14 26 0 0 0 0 2 10 14 26 0 0 0 0 1 134 478 23784 4923 26 17 34
359 84 108 84 24 52 37 1153 46 8 81 0 22 16 NA 16 NA 7 46 1 9 16 26 0 0 0 0 1 9 16 26 0 0 0 0 1 132 479 23861 4919 28 20 33
360 84 112 88 24 53 36 1166 63 7 83 0 23 16 NA 16 NA 7 63 1 10 16 26 0 0 0 0 1 10 16 26 0 0 0 0 2 153 480 23922 4917 31 19 33
