1 62 3 2 1 0 2 211 14 0 0 0 0 NA NA NA NA 2 14 0 0 0 0 0 0 0 0 0 0 0 0 0 0 0 0 2 225 0 0 5000 0 0 0
2 69 5 4 1 0 3 389 22 2 0 0 0 NA NA NA NA 3 22 0 0 0 0 0 0 0 0 0 0 0 0 0 0 0 0 3 205 0 0 5000 0 0 0
3 65 6 5 1 0 3 538 20 0 0 0 1 NA NA NA NA 1 20 0 0 0 0 0 0 0 0 0 0 0 0 0 0 0 0 1 174 0 0 5000 0 0 0
4 61 10 6 4 0 7 689 36 0 0 0 1.5 NA NA NA NA 4 36 0 0 0 0 0 0 0 0 0 0 0 0 0 0 0 0 2 197 0 0 5000 0 0 0
5 73 12 7 5 0 10 804 45 0 0 0 1.5 NA NA NA NA 3 45 0 0 0 0 0 0 0 0 0 0 0 0 0 0 0 0 2 176 0 0 5000 0 0 0
6 62 14 9 5 0 17 938 50 3 0 0 2 NA NA NA NA 10 50 0 0 0 0 0 0 0 0 0 0 0 0 0 0 0 0 0 197 0 0 5000 0 0 0
7 63 17 10 7 0 16 1031 50 6 0 0 3 NA NA NA NA 5 50 0 0 0 0 0 0 0 0 0 0 0 0 0 0 0 0 1 161 0 0 5000 0 0 0
8 68 21 14 7 0 19 1104 57 5 0 0 3 NA NA NA NA 8 57 0 0 0 0 0 0 0 0 0 0 0 0 0 0 0 0 3 145 0 0 5000 0 0 0
9 67 23 16 7 0 24 1203 56 3 0 0 4 NA NA NA NA 8 56 0 0 0 0 0 0 0 0 0 0 0 0 0 0 0 0 2 163 0 0 5000 0 0 0
10 60 26 19 7 0 25 1275 57 6 0 0 3.5 NA NA NA NA 8 57 0 0 0 0 0 0 0 0 0 0 0 0 0 0 0 0 3 147 0 0 5000 0 0 0
11 52 31 22 9 0 28 1327 78 5 0 0 4 NA NA NA NA 9 78 0 0 0 0 0 0 0 0 0 0 0 0 0 0 0 0 4 149 0 0 5000 0 0 0
12 55 30 22 8 0 29 1396 67 5 0 0 4.5 NA NA NA NA 7 67 0 0 0 0 0 0 0 0 0 0 0 0 0 0 0 0 0 157 0 0 5000 0 0 0
13 203 35 28 7 0 28 1302 62 5 1 0 5 NA NA NA NA 5 62 0 0 0 0 0 0 0 0 0 0 0 0 0 0 0 0 2 140 0 114 4999 1 0 0
14 46 35 27 8 0 27 1278 49 6 4 0 6 NA NA NA NA 5 49 0 0 0 0 0 0 0 0 0 0 0 0 0 0 0 0 1 132 0 212 4996 4 0 0
15 63 39 31 8 0 27 1285 51 4 5 0 6 NA NA NA NA 6 51 0 0 0 0 0 0 0 0 0 0 0 0 0 0 0 0 3 163 2 298 4995 5 0 0
16 61 42 32 10 0 27 1266 61 3 8 0 6.5 NA NA NA NA 6 61 0 0 0 0 0 0 0 0 0 0 0 0 0 0 0 0 2 143 3 385 4992 8 0 0
17 60 41 32 9 0 34 1218 69 3 10 0 8 NA NA NA NA 10 69 0 0 0 0 0 0 0 0 0 0 0 0 0 0 0 0 0 131 4 472 4990 10 0 0
18 58 44 33 11 0 37 1180 72 5 12 0 8 NA NA NA NA 7 72 0 0 0 0 0 0 0 0 0 0 0 0 0 0 0 0 2 127 4 552 4988 12 0 0
19 67 47 36 11 4 33 1185 59 11 15 0 9 13.5 NA 13.5 NA 6 59 0 4 0 0 0 0 0 0 0 4 0 0 0 0 0 0 3 155 5 627 4985 15 0 0
20 78 47 35 12 4 32 1199 54 3 17 0 10 13.5 NA 13.5 NA 4 54 0 4 0 0 0 0 0 0 0 4 0 0 0 0 0 0 0 144 7 687 4983 17 0 0
21 71 50 36 14 5 33 1185 70 5 20 0 10 14 NA 14 NA 8 70 0 5 0 0 0 0 0 0 0 5 0 0 0 0 0 0 1 152 10 761 4980 20 0 0
22 52 51 36 15 5 33 1192 61 5 24 0 11 14 NA 14 NA 6 61 0 5 0 0 0 0 0 0 0 5 0 0 0 0 0 0 1 150 11 829 4976 24 0 0
23 69 55 39 16 5 30 1180 69 6 26 0 10 14 NA 14 NA 5 69 0 5 0 0 0 0 0 0 0 5 0 0 0 0 0 0 3 145 11 905 4974 26 0 0
24 65 55 39 16 5 31 1184 56 4 26 0 11 14 NA 14 NA 8 56 0 5 0 0 0 0 0 0 0 5 0 0 0 0 0 0 0 151 14 972 4974 26 0 0
25 180 56 40 16 4 31 1159 63 4 31 0 12 14 NA 14 NA 6 63 0 4 0 0 0 0 0 0 0 4 0 0 0 0 0 0 1 167 15 1047 4969 30 1 0
26 71 58 42 16 5 27 1201 48 7 32 0 13 15 NA 15 NA 5 48 0 4 1 0 0 0 0 0 0 4 1 0 0 0 0 0 0 169 17 1107 4968 28 4 0
27 58 57 41 16 5 34 1218 53 4 34 0 14 14 NA 14 NA 10 53 0 4 1 0 0 0 0 0 0 4 1 0 0 0 0 0 0 151 17 1173 4966 29 5 0
28 60 58 42 16 6 33 1213 75 7 35 0 14.5 15.5 NA 15.5 NA 5 75 0 5 1 0 0 0 0 0 0 5 1 0 0 0 0 0 0 155 17 1239 4965 28 7 0
29 68 60 44 16 7 36 1217 55 3 34 0 14.5 17 NA 17 NA 6 55 0 6 1 0 0 0 0 0 0 6 1 0 0 0 0 0 1 139 18 1305 4966 26 8 0
30 49 61 45 16 9 37 1209 56 7 37 0 15 17 NA 17 NA 8 56 0 7 2 0 0 0 0 0 0 7 2 0 0 0 0 0 0 130 20 1368 4963 28 9 0
31 59 65 49 16 10 34 1214 62 6 40 0 16 17 NA 17 NA 4 62 0 7 3 0 0 0 0 0 0 7 3 0 0 0 0 0 3 148 22 1436 4960 28 12 0
32 62 65 50 15 11 33 1236 55 7 39 0 16 17 NA 17 NA 6 55 0 8 3 0 0 0 0 0 0 8 3 0 0 0 0 0 2 144 23 1494 4961 26 13 0
33 69 64 49 15 11 36 1252 50 5 41 0 16 17 NA 17 NA 6 50 0 6 5 0 0 0 0 0 0 6 5 0 0 0 0 0 0 159 25 1567 4959 26 15 0
34 55 65 50 15 13 42 1234 78 8 41 0 16 17 NA 17 NA 12 78 0 6 7 0 0 0 0 0 0 6 7 0 0 0 0 0 1 154 26 1644 4959 23 18 0
35 62 66 51 15 14 48 1244 54 5 45 0 17 17 NA 17 NA 12 54 0 7 7 0 0 0 0 0 0 7 7 0 0 0 0 0 1 150 27 1711 4955 24 21 0
36 59 69 54 15 15 39 1237 68 11 45 0 17 17 NA 17 NA 3 68 1 7 7 0 0 0 0 0 1 7 7 0 0 0 0 0 2 152 28 1782 4955 24 21 0
37 178 73 57 16 16 38 1199 44 6 47 0 17 17 NA 17 NA 9 44 0 5 11 0 0 0 0 0 0 5 11 0 0 0 0 0 1 148 31 1875 4953 21 25 1
38 65 73 56 17 15 37 1187 62 5 46 0 17 17 NA 17 NA 5 62 0 5 9 1 0 0 0 0 0 5 9 1 0 0 0 0 1 141 33 1951 4954 21 22 3
39 64 78 60 18 15 37 1184 74 5 46 0 16 17 NA 17 NA 7 74 0 3 11 1 0 0 0 0 0 3 11 1 0 0 0 0 3 157 35 2026 4954 18 24 4
40 76 82 64 18 15 35 1211 49 5 47 0 17 17 NA 17 NA 5 49 0 3 11 1 0 0 0 0 0 3 11 1 0 0 0 0 3 162 37 2094 4953 19 22 6
41 69 83 65 18 15 42 1217 61 5 48 0 16 17 NA 17 NA 12 61 0 3 10 2 0 0 0 0 0 3 10 2 0 0 0 0 3 145 38 2153 4952 20 21 7
42 85 84 66 18 18 43 1199 60 9 48 0 16 17 NA 17 NA 12 60 1 5 8 4 0 0 0 0 1 5 8 4 0 0 0 0 1 140 40 2224 4952 18 22 8
43 63 83 65 18 18 42 1185 62 3 49 0 17 17 NA 17 NA 5 62 1 4 8 5 0 0 0 0 1 4 8 5 0 0 0 0 0 128 42 2289 4951 19 21 9
44 64 84 66 18 18 40 1205 42 9 51 0 17 17 NA 17 NA 7 42 1 4 8 5 0 0 0 0 1 4 8 5 0 0 0 0 1 149 43 2358 4949 20 20 11
45 53 84 67 17 19 40 1251 51 4 50 0 16 17 NA 17 NA 9 51 1 4 7 7 0 0 0 0 1 4 7 7 0 0 0 0 1 180 48 2429 4950 19 20 11
46 76 83 67 16 19 46 1234 62 3 50 0 17 17 NA 17 NA 11 62 0 5 7 7 0 0 0 0 0 5 7 7 0 0 0 0 1 138 50 2499 4950 19 17 14
47 75 86 69 17 23 35 1241 57 12 50 0 15.5 17 NA 17 NA 3 57 0 7 9 7 0 0 0 0 0 7 9 7 0 0 0 0 2 144 53 2563 4950 16 18 16
48 63 88 72 16 26 40 1234 66 4 51 0 15 17 NA 17 NA 9 66 1 8 10 7 0 0 0 0 1 8 10 7 0 0 0 0 1 140 56 2631 4949 18 18 15
49 129 91 72 19 28 38 1197 54 7 55 0 15 17 NA 17 NA 4 54 1 7 9 11 0 0 0 0 1 7 9 11 0 0 0 0 1 131 56 2712 4945 21 15 19
50 67 90 71 19 29 41 1195 65 6 54 0 14.5 17 NA 17 NA 8 65 1 7 11 10 0 0 0 0 1 7 11 10 0 0 0 0 2 149 57 2781 4946 20 16 18
51 65 91 72 19 30 42 1184 62 6 59 0 15 17 NA 17 NA 6 62 0 9 9 12 0 0 0 0 0 9 9 12 0 0 0 0 3 142 57 2858 4941 25 14 20
52 55 91 72 19 32 40 1186 62 10 64 0 16 17 NA 17 NA 7 62 0 11 9 12 0 0 0 0 0 11 9 12 0 0 0 0 0 146 59 2923 4936 29 15 20
53 65 92 73 19 32 33 1181 53 6 65 0 16.5 17 NA 17 NA 5 53 0 9 11 12 0 0 0 0 0 9 11 12 0 0 0 0 1 148 62 3002 4935 29 17 19
54 46 91 72 19 31 43 1219 51 2 65 0 17 17 NA 17 NA 13 51 0 9 10 12 0 0 0 0 0 9 10 12 0 0 0 0 1 153 64 3056 4935 30 15 20
55 84 96 77 19 32 33 1250 52 12 64 0 17.5 17 NA 17 NA 3 52 0 10 9 13 0 0 0 0 0 10 9 13 0 0 0 0 2 157 66 3115 4936 28 15 21
56 56 97 78 19 33 31 1254 71 5 63 0 18 17 NA 17 NA 6 71 0 11 9 13 0 0 0 0 0 11 9 13 0 0 0 0 2 152 68 3180 4937 27 15 21
57 58 97 78 19 34 28 1251 52 5 64 0 18 17.5 NA 17.5 NA 2 52 0 11 11 12 0 0 0 0 0 11 11 12 0 0 0 0 0 155 70 3268 4936 28 16 20
58 57 100 81 19 35 30 1254 44 2 64 0 19 18 NA 18 NA 6 44 0 11 11 13 0 0 0 0 0 11 11 13 0 0 0 0 2 134 72 3338 4936 26 17 21
59 68 98 78 20 34 32 1246 55 2 67 0 20 18 NA 18 NA 5 55 0 10 9 15 0 0 0 0 0 10 9 15 0 0 0 0 1 131 73 3404 4933 29 14 24
60 59 98 78 20 35 26 1232 64 7 70 0 21 18 NA 18 NA 5 64 0 9 10 16 0 0 0 0 0 9 10 16 0 0 0 0 1 135 77 3474 4930 30 16 24
61 129 99 79 20 35 29 1196 63 4 73 0 22 18 NA 18 NA 11 63 0 6 12 17 0 0 0 0 0 6 12 17 0 0 0 0 2 138 80 3548 4927 29 19 25
62 78 100 80 20 37 28 1192 52 11 75 0 22.5 18 NA 18 NA 7 52 0 6 13 18 0 0 0 0 0 6 13 18 0 0 0 0 1 149 81 3627 4925 28 20 27
63 57 100 80 20 40 29 1196 44 8 78 0 23.5 18 NA 18 NA 8 44 0 7 15 18 0 0 0 0 0 7 15 18 0 0 0 0 0 138 81 3703 4922 28 23 27
64 80 103 83 20 40 29 1166 68 8 76 0 24 17.5 NA 17.5 NA 7 68 0 6 16 18 0 0 0 0 0 6 16 18 0 0 0 0 4 138 83 3777 4924 23 26 27
65 67 104 84 20 42 31 1171 54 10 76 0 23.5 17.5 NA 17.5 NA 9 54 0 9 15 18 0 0 0 0 0 9 15 18 0 0 0 0 3 161 84 3856 4924 24 25 27
66 60 105 85 20 43 34 1169 64 6 76 0 24 18 NA 18 NA 9 64 0 10 15 18 0 0 0 0 0 10 15 18 0 0 0 0 0 144 85 3926 4924 23 26 27
67 83 108 89 19 44 35 1183 59 7 79 0 22 17.5 NA 17.5 NA 7 59 0 11 15 18 0 0 0 0 0 11 15 18 0 0 0 0 1 164 85 4002 4921 28 25 26
68 62 108 90 18 45 36 1172 73 7 80 0 23 18 NA 18 NA 9 73 0 11 16 18 0 0 0 0 0 11 16 18 0 0 0 0 0 150 86 4073 4920 28 25 27
69 59 107 88 19 46 35 1178 65 7 81 0 24 17.5 NA 17.5 NA 6 65 0 9 18 19 0 0 0 0 0 9 18 19 0 0 0 0 0 151 87 4140 4919 26 26 29
70 64 109 90 19 47 39 1192 60 4 82 0 23 17 NA 17 NA 9 60 0 10 17 20 0 0 0 0 0 10 17 20 0 0 0 0 2 152 88 4202 4918 28 24 30
71 91 108 89 19 48 35 1198 63 9 80 0 24 18 NA 18 NA 5 63 0 9 19 20 0 0 0 0 0 9 19 20 0 0 0 0 1 149 88 4258 4920 23 27 30
72 65 110 90 20 49 37 1201 59 3 80 0 25 18 NA 18 NA 5 59 0 11 17 21 0 0 0 0 0 11 17 21 0 0 0 0 2 149 88 4327 4920 22 27 31
73 102 107 85 22 48 34 1193 57 4 75 0 24 18 NA 18 NA 3 57 0 9 16 23 0 0 0 0 0 9 16 23 0 0 0 0 1 148 90 4395 4925 20 23 32
74 79 106 84 22 47 33 1181 60 3 74 0 24.5 18 NA 18 NA 6 60 1 7 16 23 0 0 0 0 1 7 16 23 0 0 0 0 1 136 92 4467 4926 18 23 33
75 83 106 84 22 48 39 1178 61 5 72 0 25 18 NA 18 NA 9 61 1 4 19 24 0 0 0 0 1 4 19 24 0 0 0 0 2 137 93 4525 4928 15 23 34
76 73 108 86 22 48 34 1178 55 7 75 0 25 18 NA 18 NA 4 55 1 4 15 28 0 0 0 0 1 4 15 28 0 0 0 0 1 136 94 4588 4925 20 19 36
77 77 108 86 22 49 36 1160 53 5 77 0 26 18 NA 18 NA 11 53 1 4 16 28 0 0 0 0 1 4 16 28 0 0 0 0 0 137 98 4666 4923 20 21 36
78 75 107 85 22 47 31 1170 54 6 76 0 25 18 NA 18 NA 6 54 2 4 16 25 0 0 0 0 2 4 16 25 0 0 0 0 2 142 103 4727 4924 21 20 35
79 69 105 84 21 48 40 1177 60 5 78 0 26 17.5 NA 17.5 NA 15 60 1 5 17 25 0 0 0 0 1 5 17 25 0 0 0 0 0 162 105 4803 4922 20 24 34
80 80 105 84 21 48 38 1205 44 8 79 0 25 17.5 NA 17.5 NA 7 44 1 5 18 24 0 0 0 0 1 5 18 24 0 0 0 0 2 154 106 4865 4921 21 25 33
81 59 103 82 21 47 35 1181 65 9 78 0 26 18 NA 18 NA 8 65 1 4 16 26 0 0 0 0 1 4 16 26 0 0 0 0 0 122 107 4932 4922 20 24 34
82 71 105 83 22 46 34 1177 52 5 80 0 26 17.5 NA 17.5 NA 7 52 2 4 16 24 0 0 0 0 2 4 16 24 0 0 0 0 3 136 108 4999 4920 24 24 32
83 73 109 86 23 48 35 1167 62 4 79 0 26 18 NA 18 NA 5 62 2 6 14 26 0 0 0 0 2 6 14 26 0 0 0 0 4 147 110 5076 4921 24 21 34
84 60 113 90 23 49 33 1187 56 8 81 0 22 18 NA 18 NA 6 56 2 6 13 28 0 0 0 0 2 6 13 28 0 0 0 0 4 161 111 5148 4919 25 20 36
85 116 110 89 21 46 36 1166 68 2 79 0 21 18 NA 18 NA 6 68 1 6 11 28 0 0 0 0 1 6 11 28 0 0 0 0 1 158 111 5222 4921 27 17 35
86 69 108 88 20 47 33 1174 50 6 77 0 22 18 NA 18 NA 4 50 2 8 8 29 0 0 0 0 2 8 8 29 0 0 0 0 2 144 111 5292 4923 27 15 35
87 56 112 92 20 49 34 1174 59 7 78 0 21.5 18 NA 18 NA 7 59 2 9 7 31 0 0 0 0 2 9 7 31 0 0 0 0 3 143 112 5357 4922 28 13 37
88 67 112 93 19 49 31 1192 49 6 81 0 22 18 NA 18 NA 6 49 1 7 11 30 0 0 0 0 1 7 11 30 0 0 0 0 0 151 115 5429 4919 27 18 36
89 81 111 91 20 52 34 1193 69 9 81 0 23 18.5 NA 18.5 NA 8 69 1 9 10 32 0 0 0 0 1 9 10 32 0 0 0 0 1 130 115 5472 4919 26 17 38
90 61 112 92 20 52 42 1184 61 3 82 0 23 18.5 NA 18.5 NA 13 61 1 9 9 33 0 0 0 0 1 9 9 33 0 0 0 0 1 143 118 5548 4918 27 16 39
91 75 112 92 20 50 37 1190 54 8 80 0 23.5 18.5 NA 18.5 NA 4 54 1 7 10 32 0 0 0 0 1 7 10 32 0 0 0 0 2 156 120 5623 4920 24 17 39
92 76 109 89 20 49 36 1181 69 7 79 0 24 18 NA 18 NA 8 69 1 5 13 30 0 0 0 0 1 5 13 30 0 0 0 0 0 140 122 5690 4921 22 18 39
93 70 112 92 20 49 36 1185 68 5 78 0 24 18 NA 18 NA 7 68 1 5 12 31 0 0 0 0 1 5 12 31 0 0 0 0 1 139 124 5739 4922 22 16 40
94 85 113 92 21 47 36 1196 53 2 79 0 24 18 NA 18 NA 3 53 1 3 14 29 0 0 0 0 1 3 14 29 0 0 0 0 1 148 127 5802 4921 22 20 37
95 68 114 93 21 48 33 1206 45 4 85 0 24.5 18.5 NA 18.5 NA 3 45 1 4 14 29 0 0 0 0 1 4 14 29 0 0 0 0 0 134 129 5862 4915 27 21 37
96 72 108 89 19 44 36 1174 70 4 83 0 23.5 19 NA 19 NA 9 70 0 6 13 25 0 0 0 0 0 6 13 25 0 0 0 0 0 143 131 5951 4917 29 21 33
97 102 108 88 20 46 38 1162 62 7 83 0 23.5 19 NA 19 NA 8 62 0 6 15 25 0 0 0 0 0 6 15 25 0 0 0 0 0 148 131 6022 4917 29 22 32
98 87 106 87 19 44 40 1157 47 5 82 0 23.5 19 NA 19 NA 6 47 0 5 14 25 0 0 0 0 0 5 14 25 0 0 0 0 0 149 131 6101 4918 29 22 31
99 74 108 90 18 45 43 1147 70 9 84 0 23 19 NA 19 NA 12 70 0 8 14 23 0 0 0 0 0 8 14 23 0 0 0 0 1 130 132 6159 4916 31 24 29
100 73 105 87 18 43 47 1141 45 4 81 0 24 18 NA 18 NA 10 45 0 7 13 23 0 0 0 0 0 7 13 23 0 0 0 0 2 127 134 6230 4919 28 22 31
101 66 104 86 18 46 43 1152 52 13 80 0 23 18 NA 18 NA 7 52 0 9 12 25 0 0 0 0 0 9 12 25 0 0 0 0 0 147 136 6297 4920 29 19 32
102 56 103 86 17 48 46 1163 46 8 80 0 24 18 NA 18 NA 10 46 1 9 13 25 0 0 0 0 1 9 13 25 0 0 0 0 1 143 138 6367 4920 28 19 33
103 67 103 86 17 52 51 1165 66 9 81 0 24 18 NA 18 NA 15 66 1 11 12 28 0 0 0 0 1 11 12 28 0 0 0 0 1 151 140 6433 4919 29 17 35
104 56 106 89 17 54 50 1187 59 5 80 0 24 18 NA 18 NA 5 59 1 12 11 30 0 0 0 0 1 12 11 30 0 0 0 0 3 142 141 6484 4920 26 17 37
105 69 107 89 18 54 53 1172 52 6 83 0 25 18 NA 18 NA 11 52 0 13 11 30 0 0 0 0 0 13 11 30 0 0 0 0 2 132 144 6560 4917 29 17 37
106 59 109 91 18 55 57 1166 55 4 85 0 24 18 NA 18 NA 10 55 0 13 10 32 0 0 0 0 0 13 10 32 0 0 0 0 2 143 146 6638 4915 30 16 39
107 69 111 93 18 57 56 1179 61 10 85 0 24 18 NA 18 NA 8 61 0 13 12 32 0 0 0 0 0 13 12 32 0 0 0 0 1 156 147 6704 4915 26 19 40
108 74 111 93 18 60 46 1169 61 15 82 0 25 18 NA 18 NA 7 61 1 11 16 32 0 0 0 0 1 11 16 32 0 0 0 0 2 134 148 6768 4918 20 23 39
109 110 112 92 20 60 47 1143 60 3 81 0 25.5 18.5 NA 18.5 NA 7 60 1 10 15 34 0 0 0 0 1 10 15 34 0 0 0 0 2 131 151 6836 4919 20 22 39
110 75 108 87 21 58 43 1137 56 7 76 0 25.5 18 NA 18 NA 7 56 1 12 15 30 0 0 0 0 1 12 15 30 0 0 0 0 0 130 154 6900 4924 20 21 35
111 69 108 87 21 58 44 1139 61 5 77 0 25 18 NA 18 NA 10 61 1 11 15 31 0 0 0 0 1 11 15 31 0 0 0 0 2 148 155 6971 4923 20 21 36
112 64 111 89 22 56 41 1149 56 7 77 0 24 17.5 NA 17.5 NA 7 56 1 10 15 30 0 0 0 0 1 10 15 30 0 0 0 0 3 140 157 7035 4923 21 20 36
113 71 111 89 22 55 41 1148 60 5 77 0 24 18 NA 18 NA 10 60 1 10 14 30 0 0 0 0 1 10 14 30 0 0 0 0 0 140 161 7100 4923 21 20 36
114 69 110 89 21 52 34 1151 54 8 75 0 23 17 NA 17 NA 3 54 1 10 13 28 0 0 0 0 1 10 13 28 0 0 0 0 1 146 163 7174 4925 21 20 34
115 57 111 90 21 53 28 1151 50 5 76 0 24 17 NA 17 NA 2 50 1 8 15 29 0 0 0 0 1 8 15 29 0 0 0 0 1 150 166 7255 4924 19 22 35
116 68 111 90 21 52 35 1175 56 2 79 0 25 17 NA 17 NA 12 56 0 9 14 29 0 0 0 0 0 9 14 29 0 0 0 0 1 166 169 7325 4921 23 21 35
117 82 113 92 21 51 32 1224 58 7 79 0 24 17 NA 17 NA 7 58 0 5 18 28 0 0 0 0 0 5 18 28 0 0 0 0 3 175 171 7376 4921 20 25 34
118 67 115 94 21 51 23 1228 54 12 82 0 25 17 NA 17 NA 4 54 0 4 19 28 0 0 0 0 0 4 19 28 0 0 0 0 1 144 173 7440 4918 20 27 35
119 73 113 93 20 50 31 1218 61 4 83 0 25 16.5 NA 16.5 NA 11 61 0 4 15 31 0 0 0 0 0 4 15 31 0 0 0 0 1 142 173 7512 4917 23 22 38
120 61 113 92 21 50 26 1216 46 8 83 0 26 16.5 NA 16.5 NA 4 46 0 5 12 33 0 0 0 0 0 5 12 33 0 0 0 0 2 122 173 7577 4917 26 18 39
121 91 117 96 21 48 27 1214 52 6 83 0 22 16.5 NA 16.5 NA 10 52 0 4 13 31 0 0 0 0 0 4 13 31 0 0 0 0 3 132 174 7637 4917 26 19 38
122 80 116 95 21 49 23 1213 49 6 83 0 23 16 NA 16 NA 4 49 0 5 14 30 0 0 0 0 0 5 14 30 0 0 0 0 0 127 175 7694 4917 26 20 37
123 74 119 95 24 50 27 1214 57 4 85 0 24 16 NA 16 NA 7 57 1 5 12 32 0 0 0 0 1 5 12 32 0 0 0 0 1 148 176 7765 4915 25 20 40
124 79 116 92 24 50 32 1198 59 3 87 0 24 16 NA 16 NA 7 59 1 6 10 33 0 0 0 0 1 6 10 33 0 0 0 0 0 141 177 7839 4913 28 20 39
125 67 114 90 24 49 36 1209 53 6 85 0 24.5 16 NA 16 NA 10 53 1 7 10 31 0 0 0 0 1 7 10 31 0 0 0 0 1 145 177 7903 4915 27 20 38
126 75 114 88 26 50 37 1193 52 7 85 0 22.5 16.5 NA 16.5 NA 8 52 1 9 10 30 0 0 0 0 1 9 10 30 0 0 0 0 0 123 178 7976 4915 29 18 38
127 68 112 86 26 52 33 1180 59 10 82 0 23 17.5 NA 17.5 NA 8 59 1 12 8 31 0 0 0 0 1 12 8 31 0 0 0 0 1 147 180 8062 4918 27 16 39
128 62 111 85 26 52 33 1158 54 5 84 0 24 17.5 NA 17.5 NA 5 54 0 11 11 30 0 0 0 0 0 11 11 30 0 0 0 0 0 134 180 8148 4916 26 20 38
129 71 111 85 26 54 29 1151 46 11 85 0 25 18.5 NA 18.5 NA 6 46 0 12 11 31 0 0 0 0 0 12 11 31 0 0 0 0 0 148 181 8238 4915 28 18 39
130 73 109 83 26 54 33 1169 52 7 84 0 24 19 NA 19 NA 8 52 0 11 12 31 0 0 0 0 0 11 12 31 0 0 0 0 1 153 182 8302 4916 28 16 40
131 57 108 82 26 55 32 1170 63 8 83 0 24.5 19 NA 19 NA 7 63 0 11 14 30 0 0 0 0 0 11 14 30 0 0 0 0 0 148 183 8370 4917 27 18 38
132 70 105 80 25 55 31 1174 47 6 82 0 25 19 NA 19 NA 6 47 0 10 17 28 0 0 0 0 0 10 17 28 0 0 0 0 0 132 185 8444 4918 26 21 35
133 82 107 83 24 55 37 1167 74 5 87 0 25 18 NA 18 NA 9 74 0 11 16 28 0 0 0 0 0 11 16 28 0 0 0 0 1 142 185 8499 4913 31 20 36
134 89 107 83 24 52 34 1191 43 7 83 0 23 18 NA 18 NA 5 43 0 12 14 26 0 0 0 0 0 12 14 26 0 0 0 0 3 147 185 8559 4917 31 19 33
135 67 104 81 23 52 33 1188 60 6 85 0 24.5 18 NA 18 NA 8 60 0 10 14 28 0 0 0 0 0 10 14 28 0 0 0 0 0 146 188 8633 4915 30 19 36
136 74 103 80 23 52 37 1180 66 4 84 0 25 18.5 NA 18.5 NA 9 66 0 7 17 28 0 0 0 0 0 7 17 28 0 0 0 0 1 146 189 8704 4916 26 23 35
137 64 104 82 22 52 35 1183 61 7 83 0 25 18 NA 18 NA 8 61 0 7 17 28 0 0 0 0 0 7 17 28 0 0 0 0 2 156 191 8778 4917 26 23 34
138 63 102 81 21 51 40 1206 55 1 84 0 26 18 NA 18 NA 7 55 0 7 17 27 0 0 0 0 0 7 17 27 0 0 0 0 0 160 192 8840 4916 27 24 33
139 78 102 82 20 51 44 1199 60 6 83 0 27 18 NA 18 NA 12 60 0 6 17 28 0 0 0 0 0 6 17 28 0 0 0 0 2 144 194 8900 4917 27 24 32
140 82 102 82 20 51 39 1223 57 9 82 0 27.5 18 NA 18 NA 6 57 0 6 15 30 0 0 0 0 0 6 15 30 0 0 0 0 1 172 195 8964 4918 25 22 35
141 77 100 81 19 50 38 1208 72 7 80 0 27.5 19 NA 19 NA 5 72 0 6 16 28 0 0 0 0 0 6 16 28 0 0 0 0 0 145 196 9030 4920 23 24 33
142 64 101 82 19 49 40 1192 55 8 80 0 28 19 NA 19 NA 10 55 0 5 15 29 0 0 0 0 0 5 15 29 0 0 0 0 2 134 196 9108 4920 22 24 34
143 66 102 86 16 48 38 1178 61 5 78 0 26.5 19 NA 19 NA 5 61 0 5 13 30 0 0 0 0 0 5 13 30 0 0 0 0 3 130 198 9178 4922 23 21 34
144 67 103 87 16 47 37 1180 51 7 77 0 26 19 NA 19 NA 7 51 0 3 13 31 0 0 0 0 0 3 13 31 0 0 0 0 1 136 199 9241 4923 22 20 35
145 103 103 87 16 48 29 1190 56 11 77 0 25 19.5 NA 19.5 NA 4 56 0 2 16 30 0 0 0 0 0 2 16 30 0 0 0 0 1 148 202 9305 4923 18 24 35
146 72 101 85 16 46 33 1184 63 3 72 0 25 19 NA 19 NA 9 63 0 3 16 27 0 0 0 0 0 3 16 27 0 0 0 0 4 147 204 9375 4928 16 24 32
147 72 97 82 15 44 28 1183 50 9 68 0 26 19 NA 19 NA 4 50 0 3 15 26 0 0 0 0 0 3 15 26 0 0 0 0 1 142 205 9451 4932 13 24 31
148 81 98 86 12 44 26 1171 57 4 67 0 27 19 NA 19 NA 4 57 0 3 11 30 0 0 0 0 0 3 11 30 0 0 0 0 3 130 208 9514 4933 14 17 36
149 74 97 86 11 45 28 1186 54 5 66 0 28 19 NA 19 NA 8 54 1 4 9 31 0 0 0 0 1 4 9 31 0 0 0 0 2 158 210 9584 4934 14 16 36
150 81 96 85 11 43 36 1164 68 4 63 0 26 19 NA 19 NA 14 68 1 3 11 28 0 0 0 0 1 3 11 28 0 0 0 0 1 147 212 9668 4937 11 18 34
151 72 94 84 10 42 36 1179 55 10 62 0 25.5 19 NA 19 NA 10 55 1 4 9 28 0 0 0 0 1 4 9 28 0 0 0 0 2 159 213 9740 4938 12 17 33
152 77 92 81 11 40 28 1169 67 8 60 0 25.5 19 NA 19 NA 5 67 1 4 8 27 0 0 0 0 1 4 8 27 0 0 0 0 1 152 216 9820 4940 13 16 31
153 78 93 82 11 41 27 1111 75 9 60 0 24 19 NA 19 NA 8 75 1 5 9 26 0 0 0 0 1 5 9 26 0 0 0 0 0 115 216 9899 4940 12 18 30
154 70 92 82 10 41 32 1140 52 4 62 0 24.5 19 NA 19 NA 8 52 1 5 8 27 0 0 0 0 1 5 8 27 0 0 0 0 0 140 216 9943 4938 15 15 32
155 74 92 82 10 40 33 1148 58 5 66 0 24.5 19 NA 19 NA 8 58 1 4 9 26 0 0 0 0 1 4 9 26 0 0 0 0 0 141 218 10001 4934 19 16 31
156 79 92 80 12 38 36 1159 60 3 67 0 22.5 19 NA 19 NA 9 60 1 4 7 26 0 0 0 0 1 4 7 26 0 0 0 0 1 150 219 10056 4933 22 14 31
157 92 95 81 14 39 37 1161 54 5 68 0 23 19 NA 19 NA 7 54 1 4 4 30 0 0 0 0 1 4 4 30 0 0 0 0 2 147 221 10123 4932 22 10 36
158 74 97 82 15 43 38 1196 48 8 73 0 22 18 NA 18 NA 5 48 1 6 6 30 0 0 0 0 1 6 6 30 0 0 0 0 1 171 222 10190 4927 25 11 37
159 68 97 81 16 43 36 1224 60 8 72 0 22 17 NA 17 NA 5 60 1 7 5 30 0 0 0 0 1 7 5 30 0 0 0 0 2 173 222 10254 4928 26 10 36
160 73 96 81 15 43 41 1234 59 6 75 0 21 18 NA 18 NA 9 59 1 7 7 28 0 0 0 0 1 7 7 28 0 0 0 0 1 151 222 10315 4925 30 11 34
161 90 93 79 14 43 46 1202 62 3 75 0 22 18 NA 18 NA 8 62 0 9 7 27 0 0 0 0 0 9 7 27 0 0 0 0 0 138 223 10391 4925 30 12 33
162 83 94 81 13 42 41 1183 58 9 74 0 20.5 17 NA 17 NA 4 58 0 9 6 27 0 0 0 0 0 9 6 27 0 0 0 0 2 130 223 10462 4926 31 9 34
163 72 95 82 13 40 40 1169 64 7 73 0 21 16 NA 16 NA 7 64 0 8 7 25 0 0 0 0 0 8 7 25 0 0 0 0 1 139 224 10537 4927 31 10 32
164 64 93 80 13 42 36 1176 47 5 71 0 21 17 NA 17 NA 2 47 0 10 7 25 0 0 0 0 0 10 7 25 0 0 0 0 0 145 225 10613 4929 30 10 31
165 78 98 82 16 43 42 1201 61 3 73 0 22 16 NA 16 NA 10 61 0 11 7 25 0 0 0 0 0 11 7 25 0 0 0 0 3 153 227 10658 4927 31 10 32
166 79 97 81 16 43 45 1197 77 8 71 0 23 18 NA 18 NA 15 77 0 11 8 24 0 0 0 0 0 11 8 24 0 0 0 0 0 154 231 10723 4929 27 13 31
167 77 98 83 15 48 49 1186 63 11 72 0 23 18 NA 18 NA 13 63 1 10 12 25 0 0 0 0 1 10 12 25 0 0 0 0 0 137 232 10787 4928 24 17 31
168 64 97 81 16 50 39 1190 65 17 71 0 23 17 NA 17 NA 8 65 2 11 14 23 0 0 0 0 2 11 14 23 0 0 0 0 1 154 234 10853 4929 23 19 29
169 89 95 80 15 49 39 1185 58 6 71 0 23 18 NA 18 NA 7 58 2 12 14 21 0 0 0 0 2 12 14 21 0 0 0 0 0 147 235 10928 4929 25 19 27
170 85 97 82 15 51 37 1163 51 7 73 0 24 18 NA 18 NA 9 51 2 8 19 22 0 0 0 0 2 8 19 22 0 0 0 0 2 133 238 11009 4927 22 23 28
171 72 96 81 15 52 37 1161 71 6 73 0 25 18.5 NA 18.5 NA 5 71 2 9 19 22 0 0 0 0 2 9 19 22 0 0 0 0 0 152 238 11077 4927 22 24 27
172 78 100 85 15 50 34 1167 61 7 72 0 24 18 NA 18 NA 7 61 1 8 20 21 0 0 0 0 1 8 20 21 0 0 0 0 3 147 241 11134 4928 19 27 26
173 91 99 83 16 49 35 1168 54 3 71 0 25 18 NA 18 NA 6 54 1 7 21 20 0 0 0 0 1 7 21 20 0 0 0 0 1 135 243 11194 4929 17 28 26
174 73 95 79 16 46 34 1171 60 3 72 0 26 18.5 NA 18.5 NA 5 60 0 6 21 19 0 0 0 0 0 6 21 19 0 0 0 0 0 147 246 11260 4928 19 28 25
175 66 98 83 15 46 35 1184 49 5 75 0 26.5 18 NA 18 NA 3 49 0 6 20 20 0 0 0 0 0 6 20 20 0 0 0 0 4 150 246 11324 4925 21 28 26
176 71 98 83 15 46 31 1199 59 5 73 0 27 18 NA 18 NA 5 59 0 7 19 20 0 0 0 0 0 7 19 20 0 0 0 0 0 149 249 11385 4927 20 27 26
177 75 94 79 15 42 33 1198 59 4 73 0 26.5 17 NA 17 NA 5 59 0 5 18 19 0 0 0 0 0 5 18 19 0 0 0 0 0 151 249 11462 4927 22 26 25
178 75 95 79 16 41 38 1168 77 2 73 0 27 18 NA 18 NA 7 77 0 6 15 20 0 0 0 0 0 6 15 20 0 0 0 0 2 135 250 11529 4927 23 22 28
179 66 96 77 19 40 41 1187 52 4 73 0 24.5 18 NA 18 NA 8 52 0 5 13 22 0 0 0 0 0 5 13 22 0 0 0 0 2 152 252 11592 4927 23 20 30
180 71 99 80 19 40 36 1187 58 10 74 0 24 17 NA 17 NA 8 58 0 6 11 23 0 0 0 0 0 6 11 23 0 0 0 0 3 155 255 11670 4926 23 20 31
181 92 99 80 19 38 40 1214 61 5 72 0 24 18 NA 18 NA 12 61 0 6 11 21 0 0 0 0 0 6 11 21 0 0 0 0 2 172 256 11736 4928 21 21 30
182 65 96 77 19 36 32 1222 51 9 70 0 24 16 NA 16 NA 4 51 0 7 9 20 0 0 0 0 0 7 9 20 0 0 0 0 1 138 258 11799 4930 21 20 29
183 81 95 78 17 40 34 1199 71 9 67 0 24 16 NA 16 NA 10 71 2 9 9 20 0 0 0 0 2 9 9 20 0 0 0 0 0 145 259 11872 4933 19 18 30
184 81 97 79 18 42 36 1216 49 4 71 0 24 16.5 NA 16.5 NA 6 49 1 9 8 24 0 0 0 0 1 9 8 24 0 0 0 0 1 148 260 11930 4929 22 15 34
185 79 95 78 17 40 34 1181 69 7 69 0 23 17 NA 17 NA 7 69 1 8 8 23 0 0 0 0 1 8 8 23 0 0 0 0 1 123 263 11998 4931 22 14 33
186 64 94 78 16 37 36 1174 58 7 65 0 23.5 18 NA 18 NA 9 58 1 6 7 23 0 0 0 0 1 6 7 23 0 0 0 0 2 128 263 12055 4935 18 15 32
187 75 97 81 16 36 30 1177 51 11 65 0 22 17 NA 17 NA 5 51 2 4 8 22 0 0 0 0 2 4 8 22 0 0 0 0 3 140 265 12130 4935 18 16 31
188 73 97 80 17 37 35 1163 59 3 65 0 22 18 NA 18 NA 8 59 2 4 9 22 0 0 0 0 2 4 9 22 0 0 0 0 1 134 265 12203 4935 20 16 29
189 69 100 81 19 38 42 1157 69 3 65 0 22 18 NA 18 NA 10 69 2 3 10 23 0 0 0 0 2 3 10 23 0 0 0 0 2 152 267 12276 4935 17 18 30
190 60 101 82 19 41 46 1183 57 6 68 0 23 18 NA 18 NA 11 57 2 4 11 24 0 0 0 0 2 4 11 24 0 0 0 0 1 154 268 12333 4932 19 18 31
191 76 103 84 19 42 50 1172 70 5 70 0 23 18 NA 18 NA 10 70 2 3 11 26 0 0 0 0 2 3 11 26 0 0 0 0 3 148 270 12404 4930 19 18 33
192 66 101 82 19 41 42 1162 57 12 71 0 22 18 NA 18 NA 4 57 1 6 10 24 0 0 0 0 1 6 10 24 0 0 0 0 1 129 272 12472 4929 23 17 31
193 81 107 85 22 42 43 1127 67 6 75 0 21 18 NA 18 NA 9 67 0 8 9 25 0 0 0 0 0 8 9 25 0 0 0 0 4 145 273 12562 4925 26 16 33
194 92 104 83 21 46 47 1127 77 10 70 0 21.5 19.5 NA 19.5 NA 12 77 0 11 9 26 0 0 0 0 0 11 9 26 0 0 0 0 1 165 277 12627 4930 22 16 32
195 84 108 85 23 46 45 1128 58 7 71 0 20 19.5 NA 19.5 NA 6 58 0 11 9 26 0 0 0 0 0 11 9 26 0 0 0 0 2 149 277 12692 4929 23 15 33
196 69 110 84 26 47 42 1150 43 8 72 0 20 18 NA 18 NA 5 43 1 9 12 25 0 0 0 0 1 9 12 25 0 0 0 0 0 154 278 12757 4928 21 19 32
197 62 109 83 26 46 45 1139 64 3 73 0 21 18.5 NA 18.5 NA 7 64 1 9 11 25 0 0 0 0 1 9 11 25 0 0 0 0 0 125 278 12814 4927 22 19 32
198 75 109 82 27 45 49 1148 63 8 75 0 20 18 NA 18 NA 11 63 2 8 10 25 0 0 0 0 2 8 10 25 0 0 0 0 2 141 278 12867 4925 25 16 34
199 56 114 86 28 46 47 1137 58 8 78 0 19 17 NA 17 NA 7 58 2 8 10 26 0 0 0 0 2 8 10 26 0 0 0 0 4 123 280 12930 4922 29 15 34
200 76 114 86 28 45 41 1134 64 8 77 0 19.5 16 NA 16 NA 5 64 2 9 10 24 0 0 0 0 2 9 10 24 0 0 0 0 1 141 282 12991 4923 29 16 32
201 67 114 86 28 46 37 1138 53 7 80 0 20.5 16 NA 16 NA 6 53 2 10 7 27 0 0 0 0 2 10 7 27 0 0 0 0 0 149 284 13061 4920 32 13 35
202 73 111 84 27 47 36 1135 51 3 78 0 21 16 NA 16 NA 4 51 2 10 7 28 0 0 0 0 2 10 7 28 0 0 0 0 1 137 287 13134 4922 29 14 35
203 71 111 83 28 48 33 1146 55 5 78 0 22 16 NA 16 NA 7 55 2 9 7 30 0 0 0 0 2 9 7 30 0 0 0 0 2 134 292 13189 4922 29 12 37
204 74 109 81 28 48 33 1137 58 5 77 0 20 16 NA 16 NA 9 58 4 7 9 28 0 0 0 0 4 7 9 28 0 0 0 0 1 133 296 13258 4923 27 14 36
205 81 111 81 30 47 35 1130 66 3 82 0 20 16 NA 16 NA 6 66 3 7 10 27 0 0 0 0 3 7 10 27 0 0 0 0 1 134 296 13318 4918 30 17 35
206 68 108 79 29 49 32 1144 56 7 81 0 21.5 16 NA 16 NA 6 56 3 9 10 27 0 0 0 0 3 9 10 27 0 0 0 0 0 154 299 13383 4919 30 17 34
207 70 107 77 30 50 30 1165 53 8 82 0 21 16 NA 16 NA 5 53 2 12 10 26 0 0 0 0 2 12 10 26 0 0 0 0 1 152 300 13449 4918 32 17 33
208 79 107 76 31 50 30 1191 48 5 81 0 22 16 NA 16 NA 5 48 2 10 11 27 0 0 0 0 2 10 11 27 0 0 0 0 2 160 301 13515 4919 31 17 33
209 71 103 73 30 48 35 1200 70 1 78 0 23 16 NA 16 NA 7 70 2 9 11 26 0 0 0 0 2 9 11 26 0 0 0 0 1 156 302 13575 4922 29 16 33
210 76 104 75 29 51 31 1201 59 10 78 0 23 16 NA 16 NA 4 59 1 10 13 27 0 0 0 0 1 10 13 27 0 0 0 0 3 145 302 13638 4922 27 18 33
211 72 105 75 30 51 33 1226 65 4 81 0 24 16 NA 16 NA 9 65 0 11 16 24 0 0 0 0 0 11 16 24 0 0 0 0 2 163 305 13697 4919 27 24 30
212 68 105 76 29 50 38 1228 59 2 81 0 24 16 NA 16 NA 9 59 0 12 15 23 0 0 0 0 0 12 15 23 0 0 0 0 1 152 306 13769 4919 28 24 29
213 73 109 80 29 51 43 1225 63 5 80 0 22 16 NA 16 NA 9 63 1 13 15 22 0 0 0 0 1 13 15 22 0 0 0 0 5 155 306 13849 4920 27 25 28
214 70 110 81 29 51 42 1236 54 9 80 0 23 16 NA 16 NA 9 54 2 13 14 22 0 0 0 0 2 13 14 22 0 0 0 0 2 153 307 13920 4920 27 24 29
215 75 112 84 28 49 43 1232 62 4 80 0 22 16 NA 16 NA 6 62 2 12 13 22 0 0 0 0 2 12 13 22 0 0 0 0 3 142 308 13987 4920 27 24 29
216 94 114 87 27 47 51 1238 63 5 80 0 23 16 NA 16 NA 13 63 1 11 11 24 0 0 0 0 1 11 11 24 0 0 0 0 4 144 309 14047 4920 26 22 32
217 93 114 89 25 44 54 1220 75 6 79 0 22 15.5 NA 15.5 NA 12 75 1 9 11 23 0 0 0 0 1 9 11 23 0 0 0 0 3 144 313 14106 4921 24 24 31
218 76 113 87 26 47 46 1227 61 15 75 0 22 16 NA 16 NA 7 61 1 10 13 23 0 0 0 0 1 10 13 23 0 0 0 0 4 156 315 14171 4925 23 24 28
219 67 114 89 25 46 42 1227 63 8 74 0 20 16 NA 16 NA 6 63 1 7 15 23 0 0 0 0 1 7 15 23 0 0 0 0 4 145 318 14245 4926 21 26 27
220 80 115 90 25 46 43 1226 66 8 74 0 21 16 NA 16 NA 10 66 1 5 17 23 0 0 0 0 1 5 17 23 0 0 0 0 1 164 319 14322 4926 20 27 27
221 71 114 88 26 46 36 1241 57 14 73 0 22 16 NA 16 NA 9 57 2 6 15 23 0 0 0 0 2 6 15 23 0 0 0 0 1 166 320 14399 4927 21 25 27
222 87 114 88 26 46 33 1215 51 9 75 0 22 16 NA 16 NA 4 51 1 8 15 22 0 0 0 0 1 8 15 22 0 0 0 0 1 109 320 14464 4925 24 24 27
223 81 115 89 26 47 42 1185 69 3 78 0 23 16 NA 16 NA 12 69 1 5 17 24 0 0 0 0 1 5 17 24 0 0 0 0 0 133 321 14542 4922 22 25 31
224 83 115 90 25 46 37 1172 55 6 78 0 21 16 NA 16 NA 5 55 1 6 17 22 0 0 0 0 1 6 17 22 0 0 0 0 1 122 324 14599 4922 22 26 30
225 84 119 94 25 49 37 1150 57 8 80 0 21 16 NA 16 NA 8 57 2 7 18 22 0 0 0 0 2 7 18 22 0 0 0 0 3 126 327 14670 4920 25 25 30
226 59 119 94 25 52 40 1171 65 8 81 0 21 16 NA 16 NA 10 65 3 9 18 22 0 0 0 0 3 9 18 22 0 0 0 0 0 166 329 14736 4919 26 25 30
227 67 118 93 25 57 42 1176 45 6 82 0 22 16 NA 16 NA 7 45 2 10 20 25 0 0 0 0 2 10 20 25 0 0 0 0 0 136 331 14804 4918 26 24 32
228 69 117 94 23 54 47 1176 78 7 83 0 21 16 NA 16 NA 14 78 3 8 20 23 0 0 0 0 3 8 20 23 0 0 0 0 0 163 333 14871 4917 29 24 30
229 78 116 93 23 53 43 1160 63 12 82 0 20.5 16 NA 16 NA 8 63 3 7 18 25 0 0 0 0 3 7 18 25 0 0 0 0 1 132 335 14934 4918 28 22 32
230 85 113 90 23 51 39 1159 53 5 84 0 20 16 NA 16 NA 8 53 2 8 17 24 0 0 0 0 2 8 17 24 0 0 0 0 0 151 339 15012 4916 33 21 30
231 72 113 91 22 49 39 1167 50 3 86 0 20 16 NA 16 NA 5 50 2 7 14 26 0 0 0 0 2 7 14 26 0 0 0 0 1 147 341 15081 4914 35 19 32
232 74 113 91 22 50 39 1175 52 6 88 0 21 16 NA 16 NA 5 52 2 7 14 27 0 0 0 0 2 7 14 27 0 0 0 0 1 151 341 15157 4912 36 19 33
233 102 115 93 22 51 40 1155 59 6 87 0 21 16 NA 16 NA 10 59 2 7 14 28 0 0 0 0 2 7 14 28 0 0 0 0 1 154 342 15239 4913 36 19 32
234 82 116 94 22 51 37 1168 56 6 89 0 21.5 16 NA 16 NA 2 56 2 6 15 28 0 0 0 0 2 6 15 28 0 0 0 0 1 139 342 15289 4911 36 21 32
235 63 117 94 23 49 42 1197 57 2 89 0 22 16 NA 16 NA 8 57 1 5 13 30 0 0 0 0 1 5 13 30 0 0 0 0 1 159 343 15345 4911 35 19 35
236 66 118 94 24 51 42 1219 53 7 91 0 21.5 16 NA 16 NA 8 53 1 7 13 30 0 0 0 0 1 7 13 30 0 0 0 0 2 137 346 15397 4909 36 19 36
237 71 118 93 25 53 44 1221 60 9 94 0 22 16 NA 16 NA 7 60 0 11 13 29 0 0 0 0 0 11 13 29 0 0 0 0 2 146 347 15462 4906 37 22 35
238 83 117 92 25 55 42 1186 67 9 93 0 23 15 NA 15 NA 7 67 0 13 12 30 0 0 0 0 0 13 12 30 0 0 0 0 1 134 350 15540 4907 36 22 35
239 62 116 91 25 54 36 1214 43 7 91 0 23 15.5 NA 15.5 NA 2 43 0 12 13 29 0 0 0 0 0 12 13 29 0 0 0 0 2 149 351 15605 4909 34 23 34
240 75 116 91 25 55 35 1210 61 2 93 0 24 16 NA 16 NA 3 61 0 12 12 31 0 0 0 0 0 12 12 31 0 0 0 0 1 150 354 15679 4907 31 26 36
241 76 116 88 28 54 37 1201 62 5 91 0 24.5 16 NA 16 NA 7 62 0 12 8 34 0 0 0 0 0 12 8 34 0 0 0 0 2 140 356 15747 4909 31 22 38
242 84 116 88 28 57 34 1170 59 7 90 0 25.5 16 NA 16 NA 5 59 0 12 11 34 0 0 0 0 0 12 11 34 0 0 0 0 2 131 358 15820 4910 25 27 38
243 78 116 86 30 58 35 1169 42 5 91 0 25.5 16 NA 16 NA 4 42 0 11 11 36 0 0 0 0 0 11 11 36 0 0 0 0 2 136 359 15898 4909 23 29 39
244 80 114 85 29 58 29 1158 56 11 89 0 26 16 NA 16 NA 5 56 0 12 12 34 0 0 0 0 0 12 12 34 0 0 0 0 0 139 361 15968 4911 21 31 37
245 96 112 82 30 60 28 1140 53 6 90 0 27 16 NA 16 NA 5 53 0 12 15 33 0 0 0 0 0 12 15 33 0 0 0 0 3 140 362 16046 4910 22 32 36
246 77 112 83 29 60 32 1152 62 3 87 0 28 16.5 NA 16.5 NA 9 62 0 11 16 33 0 0 0 0 0 11 16 33 0 0 0 0 1 145 365 16104 4913 20 32 35
247 83 113 81 32 55 34 1148 59 5 84 0 27 16 NA 16 NA 7 59 0 9 16 30 0 0 0 0 0 9 16 30 0 0 0 0 5 127 365 16162 4916 21 31 32
248 62 114 82 32 56 34 1161 57 6 84 0 27.5 16 NA 16 NA 9 57 0 7 18 31 0 0 0 0 0 7 18 31 0 0 0 0 2 152 368 16228 4916 20 32 32
249 62 113 81 32 56 36 1142 72 5 83 0 27 16 NA 16 NA 7 72 1 6 19 30 0 0 0 0 1 6 19 30 0 0 0 0 1 153 370 16312 4917 18 32 33
250 71 114 82 32 56 34 1159 53 5 81 0 26.5 16 NA 16 NA 7 53 2 6 20 28 0 0 0 0 2 6 20 28 0 0 0 0 2 147 373 16369 4919 17 32 32
251 68 115 83 32 58 30 1152 50 8 83 0 27 16 NA 16 NA 5 50 2 7 18 31 0 0 0 0 2 7 18 31 0 0 0 0 1 120 374 16431 4917 18 30 35
252 64 112 80 32 59 32 1139 52 5 80 0 28 16 NA 16 NA 7 52 2 6 20 31 0 0 0 0 2 6 20 31 0 0 0 0 1 133 376 16512 4920 15 29 36
253 83 113 81 32 61 35 1136 64 7 85 0 29 16 NA 16 NA 9 64 2 7 20 32 0 0 0 0 2 7 20 32 0 0 0 0 0 144 376 16576 4915 19 28 38
254 86 109 77 32 59 34 1167 53 4 81 0 29 16 NA 16 NA 5 53 1 8 18 32 0 0 0 0 1 8 18 32 0 0 0 0 1 153 378 16631 4919 19 22 40
255 81 106 73 33 56 35 1160 55 6 80 0 29.5 16 NA 16 NA 9 55 1 7 15 33 0 0 0 0 1 7 15 33 0 0 0 0 0 139 379 16700 4920 19 19 42
256 50 108 75 33 57 31 1154 62 7 80 0 29.5 16 NA 16 NA 4 62 2 7 13 35 0 0 0 0 2 7 13 35 0 0 0 0 3 131 380 16764 4920 18 18 44
257 78 110 74 36 58 30 1173 46 5 81 0 29 16 NA 16 NA 4 46 1 8 14 35 0 0 0 0 1 8 14 35 0 0 0 0 0 155 381 16830 4919 18 19 44
258 83 111 75 36 56 26 1190 47 5 80 0 27 16 NA 16 NA 4 47 2 8 13 33 0 0 0 0 2 8 13 33 0 0 0 0 3 147 384 16896 4920 20 18 42
259 92 107 73 34 54 26 1211 42 2 80 0 26 15.5 NA 15.5 NA 4 42 1 8 14 31 0 0 0 0 1 8 14 31 0 0 0 0 0 141 386 16954 4920 22 20 38
260 92 102 69 33 50 25 1204 62 3 78 0 25 15 NA 15 NA 5 62 0 8 12 30 0 0 0 0 0 8 12 30 0 0 0 0 0 145 388 17021 4922 23 18 37
261 70 103 70 33 49 27 1191 59 1 78 0 26 15 NA 15 NA 4 59 0 8 10 31 0 0 0 0 0 8 10 31 0 0 0 0 2 153 389 17105 4922 23 16 39
262 75 105 72 33 51 28 1167 71 6 81 0 26 15 NA 15 NA 6 71 0 10 9 32 0 0 0 0 0 10 9 32 0 0 0 0 0 130 390 17172 4919 26 15 40
263 82 103 71 32 51 33 1192 54 6 78 0 26 15 NA 15 NA 12 54 0 10 10 31 0 0 0 0 0 10 10 31 0 0 0 0 2 155 393 17232 4922 25 15 38
264 82 102 70 32 50 31 1171 57 5 77 0 23.5 16 NA 16 NA 6 57 0 10 9 31 0 0 0 0 0 10 9 31 0 0 0 0 1 118 395 17292 4923 26 14 37
265 94 100 67 33 47 28 1152 58 11 74 0 24 15 NA 15 NA 9 58 1 9 10 27 0 0 0 0 1 9 10 27 0 0 0 0 0 142 396 17360 4926 23 17 34
266 83 103 69 34 49 24 1137 54 7 75 0 24 16 NA 16 NA 3 54 1 10 11 27 0 0 0 0 1 10 11 27 0 0 0 0 3 132 398 17434 4925 23 18 34
267 86 106 73 33 48 32 1145 57 3 75 0 21.5 16 NA 16 NA 10 57 1 10 11 26 0 0 0 0 1 10 11 26 0 0 0 0 3 154 398 17501 4925 24 17 34
268 80 106 72 34 47 27 1181 41 11 76 0 22 16 NA 16 NA 8 41 1 11 10 25 0 0 0 0 1 11 10 25 0 0 0 0 1 159 399 17566 4924 27 16 33
269 72 106 72 34 48 24 1193 41 6 77 0 23 16 NA 16 NA 3 41 1 10 10 27 0 0 0 0 1 10 10 27 0 0 0 0 1 144 400 17638 4923 26 16 35
270 70 106 72 34 47 29 1186 64 5 78 0 23 16 NA 16 NA 9 64 1 8 13 25 0 0 0 0 1 8 13 25 0 0 0 0 2 159 400 17722 4922 26 19 33
271 73 105 71 34 47 27 1166 76 8 79 0 24 16 NA 16 NA 6 76 1 5 15 26 0 0 0 0 1 5 15 26 0 0 0 0 0 145 400 17790 4921 22 22 35
272 75 103 69 34 49 31 1156 66 9 79 0 25 16 NA 16 NA 10 66 1 5 15 28 0 0 0 0 1 5 15 28 0 0 0 0 0 156 400 17868 4921 21 21 37
273 79 107 72 35 48 29 1155 66 7 79 0 25 16 NA 16 NA 8 66 1 5 15 27 0 0 0 0 1 5 15 27 0 0 0 0 5 157 403 17939 4921 23 20 36
274 70 108 74 34 49 32 1172 54 4 80 0 25.5 16 NA 16 NA 7 54 1 6 15 27 0 0 0 0 1 6 15 27 0 0 0 0 2 148 403 18000 4920 23 22 35
275 84 111 77 34 50 28 1133 67 7 81 0 25 16 NA 16 NA 4 67 0 7 15 28 0 0 0 0 0 7 15 28 0 0 0 0 3 127 405 18074 4919 23 22 36
276 65 112 78 34 49 35 1150 58 3 80 0 24 16 NA 16 NA 8 58 0 7 15 27 0 0 0 0 0 7 15 27 0 0 0 0 4 143 406 18121 4920 23 23 34
277 78 111 78 33 47 35 1147 58 6 78 0 22 16 NA 16 NA 6 58 0 8 13 26 0 0 0 0 0 8 13 26 0 0 0 0 3 141 407 18183 4922 24 21 33
278 77 108 77 31 44 35 1161 55 5 76 0 22 16 NA 16 NA 8 55 0 6 13 25 0 0 0 0 0 6 13 25 0 0 0 0 1 139 410 18236 4924 25 21 30
279 82 109 78 31 45 37 1141 67 5 79 0 23 16 NA 16 NA 8 67 1 5 15 24 0 0 0 0 1 5 15 24 0 0 0 0 0 129 411 18301 4921 27 22 30
280 81 105 75 30 46 36 1130 48 8 77 0 24 16 NA 16 NA 6 48 2 3 17 24 0 0 0 0 2 3 17 24 0 0 0 0 2 133 411 18380 4923 24 24 29
281 85 103 75 28 44 34 1129 37 4 75 0 24 16 NA 16 NA 3 37 1 3 17 23 0 0 0 0 1 3 17 23 0 0 0 0 1 120 412 18447 4925 23 24 28
282 95 100 75 25 43 40 1132 59 6 73 0 24 15 NA 15 NA 11 59 1 3 15 24 0 0 0 0 1 3 15 24 0 0 0 0 0 141 412 18502 4927 21 23 29
283 76 100 76 24 42 41 1121 73 10 71 0 24.5 15.5 NA 15.5 NA 10 73 1 4 11 26 0 0 0 0 1 4 11 26 0 0 0 0 1 157 413 18577 4929 20 18 33
284 76 101 76 25 43 50 1103 58 7 71 0 25 15 NA 15 NA 15 58 2 3 10 28 0 0 0 0 2 3 10 28 0 0 0 0 0 126 413 18642 4929 19 17 35
285 78 101 76 25 44 39 1125 42 11 76 0 25 15.5 NA 15.5 NA 3 42 2 4 10 28 0 0 0 0 2 4 10 28 0 0 0 0 1 161 418 18719 4924 22 19 35
286 56 104 78 26 43 35 1108 68 9 74 0 24 15 NA 15 NA 8 68 2 4 9 28 0 0 0 0 2 4 9 28 0 0 0 0 5 135 422 18789 4926 21 20 33
287 76 108 80 28 46 29 1124 50 8 78 0 23.5 15.5 NA 15.5 NA 1 50 2 5 10 29 0 0 0 0 2 5 10 29 0 0 0 0 5 150 423 18851 4922 24 20 34
288 85 110 80 30 46 33 1140 50 4 81 0 23.5 15.5 NA 15.5 NA 8 50 0 7 10 29 0 0 0 0 0 7 10 29 0 0 0 0 1 149 424 18908 4919 26 20 35
289 86 108 78 30 46 35 1149 55 3 82 0 24 15 NA 15 NA 7 55 1 6 11 28 0 0 0 0 1 6 11 28 0 0 0 0 1 148 427 18975 4918 27 20 35
290 81 111 81 30 47 42 1152 53 5 81 0 24 15 NA 15 NA 10 53 1 5 12 29 0 0 0 0 1 5 12 29 0 0 0 0 1 138 428 19038 4919 25 22 34
291 68 112 81 31 51 37 1148 60 7 81 0 24.5 15 NA 15 NA 4 60 2 6 13 30 0 0 0 0 2 6 13 30 0 0 0 0 1 138 431 19098 4919 22 24 35
292 91 110 80 30 50 35 1151 58 7 82 0 25 15 NA 15 NA 8 58 0 8 11 31 0 0 0 0 0 8 11 31 0 0 0 0 0 148 433 19167 4918 24 22 36
293 62 115 84 31 52 39 1158 48 6 83 0 25 15 NA 15 NA 9 48 0 9 11 32 0 0 0 0 0 9 11 32 0 0 0 0 5 132 433 19226 4917 24 21 38
294 82 117 85 32 57 40 1177 50 7 85 0 25 16 NA 16 NA 9 50 0 10 11 36 0 0 0 0 0 10 11 36 0 0 0 0 2 152 433 19285 4915 25 19 41
295 74 120 89 31 56 37 1172 55 8 85 0 22 16.5 NA 16.5 NA 6 55 0 11 10 35 0 0 0 0 0 11 10 35 0 0 0 0 1 143 435 19362 4915 27 18 40
296 81 122 92 30 56 42 1156 60 3 84 0 23 17 NA 17 NA 10 60 1 11 9 35 0 0 0 0 1 11 9 35 0 0 0 0 2 130 438 19426 4916 28 17 39
297 74 120 90 30 55 40 1155 54 6 82 0 22.5 17 NA 17 NA 6 54 2 10 10 33 0 0 0 0 2 10 10 33 0 0 0 0 0 134 441 19492 4918 23 21 38
298 72 118 87 31 55 37 1171 53 6 84 0 23 17 NA 17 NA 3 53 2 10 11 32 0 0 0 0 2 10 11 32 0 0 0 0 2 152 441 19560 4916 27 20 37
299 74 119 88 31 53 39 1190 57 3 85 0 23 17 NA 17 NA 6 57 2 9 11 31 0 0 0 0 2 9 11 31 0 0 0 0 2 162 443 19626 4915 27 22 36
300 94 118 86 32 52 39 1183 60 5 85 0 24 17.5 NA 17.5 NA 6 60 2 5 14 31 0 0 0 0 2 5 14 31 0 0 0 0 1 138 443 19684 4915 25 23 37
301 83 117 85 32 52 35 1194 65 7 84 0 24 17.5 NA 17.5 NA 4 65 2 5 15 30 0 0 0 0 2 5 15 30 0 0 0 0 1 164 447 19756 4916 24 23 37
302 74 113 81 32 51 35 1192 73 7 84 0 24 18 NA 18 NA 11 73 2 6 16 27 0 0 0 0 2 6 16 27 0 0 0 0 0 154 449 19822 4916 27 23 34
303 80 116 84 32 51 34 1180 64 7 85 0 23.5 18 NA 18 NA 7 64 3 4 15 29 0 0 0 0 3 4 15 29 0 0 0 0 2 145 450 19887 4915 27 21 37
304 78 118 85 33 51 43 1160 60 5 84 0 23 18 NA 18 NA 14 60 3 3 17 28 0 0 0 0 3 3 17 28 0 0 0 0 1 127 450 19960 4916 25 22 37
305 78 117 86 31 48 40 1176 51 7 84 0 22 17.5 NA 17.5 NA 7 51 2 5 17 24 0 0 0 0 2 5 17 24 0 0 0 0 0 139 452 20016 4916 29 22 33
306 76 114 84 30 50 43 1175 59 10 84 0 22.5 17 NA 17 NA 13 59 2 7 17 24 0 0 0 0 2 7 17 24 0 0 0 0 0 139 453 20084 4916 29 23 32
307 76 114 84 30 53 38 1171 62 8 88 0 23.5 17 NA 17 NA 5 62 0 11 18 24 0 0 0 0 0 11 18 24 0 0 0 0 0 136 457 20147 4912 31 25 32
308 60 117 87 30 58 36 1190 53 8 91 0 23 17 NA 17 NA 5 53 0 14 19 25 0 0 0 0 0 14 19 25 0 0 0 0 2 145 457 20208 4909 33 26 32
309 63 115 85 30 56 41 1193 51 1 89 0 23 17 NA 17 NA 6 51 0 13 14 29 0 0 0 0 0 13 14 29 0 0 0 0 1 132 457 20274 4911 32 19 38
310 77 113 84 29 58 37 1224 49 9 89 0 24 19.5 NA 19.5 NA 2 49 0 12 16 30 0 0 0 0 0 12 16 30 0 0 0 0 0 160 457 20341 4911 31 21 37
311 86 111 82 29 57 38 1201 62 9 91 0 25 19 NA 19 NA 10 62 0 13 12 32 0 0 0 0 0 13 12 32 0 0 0 0 0 151 458 20424 4909 32 20 39
312 86 110 81 29 55 40 1240 48 3 90 0 25 19 NA 19 NA 5 48 0 12 9 34 0 0 0 0 0 12 9 34 0 0 0 0 2 154 460 20475 4910 31 18 41
313 75 108 80 28 55 40 1189 62 8 89 0 25.5 17 NA 17 NA 8 62 1 12 8 34 0 0 0 0 1 12 8 34 0 0 0 0 0 120 462 20560 4911 31 17 41
314 82 111 82 29 62 33 1183 46 13 88 0 26 19.5 NA 19.5 NA 3 46 2 10 16 34 0 0 0 0 2 10 16 34 0 0 0 0 2 139 462 20640 4912 26 21 41
315 80 114 84 30 62 31 1166 64 6 89 0 25 18.5 NA 18.5 NA 5 64 2 10 17 33 0 0 0 0 2 10 17 33 0 0 0 0 2 141 464 20711 4911 27 22 40
316 73 110 81 29 63 30 1158 61 9 87 0 26 18 NA 18 NA 7 61 2 13 15 33 0 0 0 0 2 13 15 33 0 0 0 0 1 135 466 20777 4913 30 18 39
317 66 110 81 29 65 24 1150 50 8 88 0 26.5 18 NA 18 NA 3 50 2 14 17 32 0 0 0 0 2 14 17 32 0 0 0 0 0 129 469 20841 4912 28 22 38
318 83 112 81 31 64 34 1147 57 4 87 0 25 17.5 NA 17.5 NA 16 57 2 12 17 33 0 0 0 0 2 12 17 33 0 0 0 0 3 143 472 20911 4913 26 22 39
319 71 114 85 29 66 33 1143 55 7 86 0 25.5 17.5 NA 17.5 NA 9 55 2 11 20 33 0 0 0 0 2 11 20 33 0 0 0 0 4 139 476 20984 4914 22 25 39
320 77 111 84 27 63 31 1145 56 5 84 0 26 19 NA 19 NA 6 56 1 9 23 30 0 0 0 0 1 9 23 30 0 0 0 0 0 142 477 21055 4916 21 27 36
321 77 112 87 25 63 32 1133 65 8 82 0 26 19 NA 19 NA 8 65 1 10 22 30 0 0 0 0 1 10 22 30 0 0 0 0 2 145 477 21130 4918 20 26 36
322 63 111 87 24 61 36 1093 66 3 80 0 27 19 NA 19 NA 7 66 1 9 21 30 0 0 0 0 1 9 21 30 0 0 0 0 2 126 477 21209 4920 19 25 36
323 79 107 86 21 59 34 1135 42 7 75 0 27 19 NA 19 NA 6 42 1 8 21 29 0 0 0 0 1 8 21 29 0 0 0 0 2 162 478 21268 4925 16 25 34
324 68 108 87 21 57 35 1132 69 6 75 0 26.5 19 NA 19 NA 9 69 1 5 19 32 0 0 0 0 1 5 19 32 0 0 0 0 2 159 479 21342 4925 15 23 37
325 90 107 85 22 52 33 1136 57 11 69 0 25 17.5 NA 17.5 NA 9 57 1 5 18 28 0 0 0 0 1 5 18 28 0 0 0 0 3 145 480 21405 4931 15 22 32
326 70 109 86 23 54 28 1132 49 9 70 0 23 17 NA 17 NA 4 49 1 7 15 31 0 0 0 0 1 7 15 31 0 0 0 0 2 131 481 21474 4930 18 17 35
327 86 112 89 23 52 35 1126 54 4 72 0 22.5 17 NA 17 NA 9 54 1 8 14 29 0 0 0 0 1 8 14 29 0 0 0 0 3 131 481 21533 4928 20 19 33
328 55 111 87 24 50 36 1156 53 4 71 0 21 17 NA 17 NA 6 53 0 5 18 27 0 0 0 0 0 5 18 27 0 0 0 0 0 150 481 21589 4929 17 23 31
329 66 111 87 24 50 37 1178 58 6 70 0 21 17 NA 17 NA 8 58 0 6 16 28 0 0 0 0 0 6 16 28 0 0 0 0 2 158 482 21650 4930 17 21 32
330 63 106 83 23 47 45 1181 63 6 70 0 21.5 16 NA 16 NA 13 63 0 6 15 26 0 0 0 0 0 6 15 26 0 0 0 0 1 143 482 21710 4930 21 19 30
331 88 106 84 22 48 44 1154 69 9 72 0 19 15.5 NA 15.5 NA 11 69 0 9 12 27 0 0 0 0 0 9 12 27 0 0 0 0 1 125 485 21772 4928 24 16 32
332 81 107 85 22 54 38 1154 63 11 74 0 20 15.5 NA 15.5 NA 7 63 1 12 12 29 0 0 0 0 1 12 12 29 0 0 0 0 0 147 488 21838 4926 23 17 34
333 68 103 81 22 50 41 1142 55 4 72 0 19 16 NA 16 NA 10 55 1 10 11 28 0 0 0 0 1 10 11 28 0 0 0 0 0 138 490 21911 4928 24 15 33
334 78 102 80 22 49 35 1144 54 9 70 0 19 17 NA 17 NA 6 54 1 9 12 27 0 0 0 0 1 9 12 27 0 0 0 0 1 136 493 21972 4930 24 14 32
335 81 104 82 22 48 36 1168 57 6 72 0 20 17 NA 17 NA 7 57 1 9 10 28 0 0 0 0 1 9 10 28 0 0 0 0 1 178 493 22043 4928 27 12 33
336 75 110 87 23 48 42 1170 55 3 73 0 18 17 NA 17 NA 9 55 1 8 10 29 0 0 0 0 1 8 10 29 0 0 0 0 7 148 495 22112 4927 27 12 34
337 79 108 85 23 50 44 1161 55 7 76 0 19 17 NA 17 NA 7 55 1 9 11 29 0 0 0 0 1 9 11 29 0 0 0 0 2 130 496 22176 4924 32 11 33
338 78 106 84 22 51 46 1147 57 7 76 0 19.5 17 NA 17 NA 8 57 1 9 13 28 0 0 0 0 1 9 13 28 0 0 0 0 0 119 497 22229 4924 31 14 31
339 89 105 81 24 48 48 1139 51 6 77 0 20 18 NA 18 NA 10 51 1 8 13 26 0 0 0 0 1 8 13 26 0 0 0 0 1 135 499 22302 4923 33 15 29
340 87 106 82 24 49 43 1124 52 9 77 0 20.5 18 NA 18 NA 4 52 1 9 9 30 0 0 0 0 1 9 9 30 0 0 0 0 1 129 502 22370 4923 33 11 33
341 63 108 82 26 51 41 1122 53 5 78 0 20 18 NA 18 NA 5 53 0 13 9 29 0 0 0 0 0 13 9 29 0 0 0 0 1 152 504 22452 4922 34 12 32
342 79 110 82 28 49 41 1147 42 4 76 0 19.5 17 NA 17 NA 5 42 0 11 12 26 0 0 0 0 0 11 12 26 0 0 0 0 3 144 505 22514 4924 31 16 29
343 80 113 86 27 49 41 1134 59 3 77 0 19 17 NA 17 NA 5 59 0 10 12 27 0 0 0 0 0 10 12 27 0 0 0 0 2 129 508 22576 4923 29 18 30
344 76 110 83 27 46 38 1117 63 3 74 0 20 17 NA 17 NA 4 63 0 9 10 27 0 0 0 0 0 9 10 27 0 0 0 0 1 133 512 22645 4926 28 16 30
345 68 114 85 29 46 42 1106 60 4 74 0 20 17 NA 17 NA 9 60 0 9 10 27 0 0 0 0 0 9 10 27 0 0 0 0 3 122 513 22706 4926 27 17 30
346 79 114 84 30 48 41 1111 49 5 77 0 21 17 NA 17 NA 4 49 0 9 11 28 0 0 0 0 0 9 11 28 0 0 0 0 1 136 514 22769 4923 28 19 30
347 70 111 81 30 48 39 1157 52 7 78 0 22 17 NA 17 NA 6 52 0 8 13 27 0 0 0 0 0 8 13 27 0 0 0 0 0 191 516 22849 4922 27 22 29
348 64 111 82 29 48 35 1158 68 7 85 0 23 16.5 NA 16.5 NA 11 68 1 7 13 27 0 0 0 0 1 7 13 27 0 0 0 0 0 155 523 22918 4915 33 23 29
349 76 113 83 30 51 41 1162 52 5 86 0 24 16 NA 16 NA 13 52 3 6 15 27 0 0 0 0 3 6 15 27 0 0 0 0 2 126 526 22973 4914 29 28 29
350 79 114 81 33 47 37 1156 62 9 82 0 23 16 NA 16 NA 7 62 3 6 11 27 0 0 0 0 3 6 11 27 0 0 0 0 1 134 528 23031 4918 27 26 29
351 79 116 83 33 48 38 1174 70 9 83 0 22 16 NA 16 NA 8 70 3 7 12 26 0 0 0 0 3 7 12 26 0 0 0 0 4 170 528 23091 4917 27 26 30
352 69 118 83 35 48 37 1201 51 6 84 0 21.5 16 NA 16 NA 8 51 2 8 13 25 0 0 0 0 2 8 13 25 0 0 0 0 2 154 531 23151 4916 28 27 29
353 84 115 82 33 49 34 1192 63 11 80 0 19 17 NA 17 NA 7 63 2 9 17 21 0 0 0 0 2 9 17 21 0 0 0 0 3 147 531 23220 4920 29 27 24
354 74 116 83 33 50 33 1199 59 4 84 0 19.5 16.5 NA 16.5 NA 2 59 1 11 17 21 0 0 0 0 1 11 17 21 0 0 0 0 0 152 531 23287 4916 33 26 25
355 76 113 80 33 47 37 1184 73 3 86 0 20 17 NA 17 NA 10 73 1 10 14 22 0 0 0 0 1 10 14 22 0 0 0 0 1 136 532 23349 4914 35 23 28
356 97 116 81 35 50 38 1177 78 8 86 0 21 17 NA 17 NA 11 78 2 10 14 24 0 0 0 0 2 10 14 24 0 0 0 0 2 154 533 23408 4914 34 23 29
357 69 112 79 33 51 40 1181 57 8 87 0 21.5 17 NA 17 NA 12 57 2 12 14 23 0 0 0 0 2 12 14 23 0 0 0 0 0 133 535 23464 4913 37 22 28
358 76 114 82 32 53 33 1185 54 14 86 0 22 17 NA 17 NA 8 54 4 12 13 24 0 0 0 0 4 12 13 24 0 0 0 0 3 134 536 23524 4914 35 22 29
359 70 115 84 31 55 32 1161 52 7 84 0 23 17 NA 17 NA 6 52 4 11 13 27 0 0 0 0 4 11 13 27 0 0 0 0 1 133 536 23616 4916 30 22 32
360 70 117 87 30 57 29 1160 43 9 83 0 24 17 NA 17 NA 4 43 5 8 17 27 0 0 0 0 5 8 17 27 0 0 0 0 3 131 536 23688 4917 22 28 33
