1 60 4 3 1 0 4 195 13 0 0 0 0 NA NA NA NA 4 13 0 0 0 0 0 0 0 0 0 0 0 0 0 0 0 0 3 208 0 0 5000 0 0 0
2 60 6 4 2 0 4 353 15 0 0 0 1 NA NA NA NA 0 15 0 0 0 0 0 0 0 0 0 0 0 0 0 0 0 0 1 177 0 0 5000 0 0 0
3 58 9 7 2 0 2 526 22 3 0 0 1 NA NA NA NA 1 22 0 0 0 0 0 0 0 0 0 0 0 0 0 0 0 0 2 199 0 0 5000 0 0 0
4 66 10 8 2 0 4 680 28 0 0 0 2 NA NA NA NA 2 28 0 0 0 0 0 0 0 0 0 0 0 0 0 0 0 0 0 193 0 0 5000 0 0 0
5 55 10 8 2 0 4 808 44 1 0 0 3 NA NA NA NA 2 44 0 0 0 0 0 0 0 0 0 0 0 0 0 0 0 0 0 174 0 0 5000 0 0 0
6 58 13 10 3 0 10 913 55 1 0 0 3 NA NA NA NA 7 55 0 0 0 0 0 0 0 0 0 0 0 0 0 0 0 0 3 169 0 0 5000 0 0 0
7 60 16 12 4 0 14 1010 52 3 0 0 4 NA NA NA NA 7 52 0 0 0 0 0 0 0 0 0 0 0 0 0 0 0 0 3 159 0 0 5000 0 0 0
8 58 15 11 4 0 13 1104 52 7 0 0 5 NA NA NA NA 6 52 0 0 0 0 0 0 0 0 0 0 0 0 0 0 0 0 1 161 0 0 5000 0 0 0
9 61 16 12 4 0 15 1175 51 2 0 0 5.5 NA NA NA NA 5 51 0 0 0 0 0 0 0 0 0 0 0 0 0 0 0 0 1 140 0 0 5000 0 0 0
10 67 19 15 4 0 21 1246 64 2 0 0 4 NA NA NA NA 8 64 0 0 0 0 0 0 0 0 0 0 0 0 0 0 0 0 1 157 0 0 5000 0 0 0
11 51 20 16 4 0 27 1310 65 5 0 0 5 NA NA NA NA 11 65 0 0 0 0 0 0 0 0 0 0 0 0 0 0 0 0 1 147 0 0 5000 0 0 0
12 57 20 16 4 0 29 1346 67 6 0 0 6 NA NA NA NA 8 67 0 0 0 0 0 0 0 0 0 0 0 0 0 0 0 0 0 122 0 0 5000 0 0 0
13 200 23 15 8 0 27 1285 55 6 3 0 6 NA NA NA NA 6 55 0 0 0 0 0 0 0 0 0 0 0 0 0 0 0 0 0 142 0 99 4997 3 0 0
14 71 25 17 8 0 29 1243 71 3 4 0 6 NA NA NA NA 6 71 0 0 0 0 0 0 0 0 0 0 0 0 0 0 0 0 1 140 1 187 4996 4 0 0
15 70 27 19 8 0 29 1230 59 6 6 0 6 NA NA NA NA 7 59 0 0 0 0 0 0 0 0 0 0 0 0 0 0 0 0 2 153 1 277 4994 6 0 0
16 64 29 20 9 1 33 1218 65 3 7 0 6 1 NA 1 NA 7 65 1 0 0 0 0 0 0 0 1 0 0 0 0 0 0 0 2 155 1 364 4993 7 0 0
17 50 32 23 9 1 39 1194 76 4 7 0 7 1 NA 1 NA 12 76 1 0 0 0 0 0 0 0 1 0 0 0 0 0 0 0 3 141 1 444 4993 7 0 0
18 50 34 24 10 1 33 1188 58 10 10 0 7.5 1 NA 1 NA 5 58 1 0 0 0 0 0 0 0 1 0 0 0 0 0 0 0 1 137 2 516 4990 10 0 0
19 83 40 28 12 1 31 1174 56 10 12 0 6 1 NA 1 NA 8 56 1 0 0 0 0 0 0 0 1 0 0 0 0 0 0 0 3 148 2 601 4988 12 0 0
20 72 42 29 13 2 35 1158 61 6 13 0 7 7 NA 7 NA 11 61 1 1 0 0 0 0 0 0 1 1 0 0 0 0 0 0 2 133 4 673 4987 13 0 0
21 55 42 29 13 6 36 1182 55 10 14 0 8 13.5 NA 13.5 NA 8 55 1 5 0 0 0 0 0 0 1 5 0 0 0 0 0 0 1 158 5 737 4986 14 0 0
22 57 43 30 13 5 36 1181 54 6 16 0 8 13 NA 13 NA 8 54 1 4 0 0 0 0 0 0 1 4 0 0 0 0 0 0 2 137 7 809 4984 16 0 0
23 63 44 31 13 6 37 1182 56 4 16 0 8.5 13.5 NA 13.5 NA 7 56 1 5 0 0 0 0 0 0 1 5 0 0 0 0 0 0 0 137 9 877 4984 16 0 0
24 57 47 34 13 6 31 1179 67 5 16 0 9 13.5 NA 13.5 NA 2 67 1 5 0 0 0 0 0 0 1 5 0 0 0 0 0 0 2 146 12 940 4984 16 0 0
25 192 54 41 13 8 33 1173 53 2 20 0 8 13 NA 13 NA 6 53 1 7 0 0 0 0 0 0 1 7 0 0 0 0 0 0 1 169 16 1006 4980 18 2 0
26 65 56 41 15 8 40 1170 56 3 22 0 8.5 13 NA 13 NA 9 56 1 7 0 0 0 0 0 0 1 7 0 0 0 0 0 0 3 143 17 1079 4978 20 2 0
27 56 58 43 15 10 41 1187 53 9 23 0 8.5 13.5 NA 13.5 NA 10 53 0 9 1 0 0 0 0 0 0 9 1 0 0 0 0 0 2 147 18 1138 4977 19 4 0
28 68 59 43 16 14 40 1184 59 7 25 0 9 14 NA 14 NA 7 59 1 11 2 0 0 0 0 0 1 11 2 0 0 0 0 0 1 143 19 1212 4975 20 5 0
29 70 61 45 16 14 44 1183 57 2 26 0 10 14 NA 14 NA 7 57 1 11 2 0 0 0 0 0 1 11 2 0 0 0 0 0 1 144 19 1283 4974 21 5 0
30 67 62 46 16 14 51 1199 61 5 27 0 11 14 NA 14 NA 15 61 1 10 3 0 0 0 0 0 1 10 3 0 0 0 0 0 0 155 22 1340 4973 20 7 0
31 60 61 45 16 16 44 1213 57 7 33 0 12 13.5 NA 13.5 NA 1 57 2 9 5 0 0 0 0 0 2 9 5 0 0 0 0 0 0 152 22 1405 4967 24 9 0
32 63 65 48 17 18 40 1229 58 9 35 0 13 13.5 NA 13.5 NA 7 58 2 9 7 0 0 0 0 0 2 9 7 0 0 0 0 0 3 161 25 1475 4965 25 10 0
33 68 68 51 17 18 44 1215 59 2 36 0 13 13.5 NA 13.5 NA 9 59 2 9 7 0 0 0 0 0 2 9 7 0 0 0 0 0 1 136 28 1552 4964 25 11 0
34 70 69 53 16 18 47 1231 56 8 37 0 13 13.5 NA 13.5 NA 15 56 1 10 7 0 0 0 0 0 1 10 7 0 0 0 0 0 3 147 31 1605 4963 24 13 0
35 71 70 54 16 20 47 1197 68 8 38 0 13 14 NA 14 NA 10 68 1 11 8 0 0 0 0 0 1 11 8 0 0 0 0 0 1 124 34 1673 4962 25 13 0
36 56 73 56 17 20 53 1178 64 6 41 0 13 14 NA 14 NA 14 64 1 11 8 0 0 0 0 0 1 11 8 0 0 0 0 0 2 140 37 1745 4959 28 13 0
37 185 74 55 19 23 46 1130 52 10 45 0 14 14 NA 14 NA 7 52 1 10 11 1 0 0 0 0 1 10 11 1 0 0 0 0 1 126 37 1824 4955 28 15 2
38 62 80 59 21 22 42 1136 57 4 47 0 13 14 NA 14 NA 3 57 1 9 11 1 0 0 0 0 1 9 11 1 0 0 0 0 4 137 39 1877 4953 30 15 2
39 51 82 61 21 22 38 1137 52 4 50 0 14 14 NA 14 NA 2 52 0 9 11 2 0 0 0 0 0 9 11 2 0 0 0 0 2 147 41 1955 4950 31 15 4
40 66 86 65 21 22 34 1158 52 5 50 0 14.5 14 NA 14 NA 5 52 0 8 11 3 0 0 0 0 0 8 11 3 0 0 0 0 4 151 44 2017 4950 29 16 5
41 57 86 65 21 24 34 1159 58 5 53 0 15.5 14 NA 14 NA 8 58 0 9 12 3 0 0 0 0 0 9 12 3 0 0 0 0 0 148 49 2088 4947 30 18 5
42 68 89 66 23 27 36 1127 55 9 55 0 16 14 NA 14 NA 10 55 0 10 13 4 0 0 0 0 0 10 13 4 0 0 0 0 1 117 49 2166 4945 30 18 7
43 68 95 69 26 28 32 1136 53 8 54 0 15 14 NA 14 NA 5 53 0 9 14 5 0 0 0 0 0 9 14 5 0 0 0 0 3 139 50 2229 4946 24 22 8
44 50 95 68 27 30 35 1164 58 5 56 0 16 14 NA 14 NA 5 58 0 10 14 6 0 0 0 0 0 10 14 6 0 0 0 0 1 163 50 2297 4944 26 21 9
45 65 98 72 26 31 36 1184 51 5 59 0 16 14 NA 14 NA 10 51 0 10 15 6 0 0 0 0 0 10 15 6 0 0 0 0 3 151 54 2366 4941 28 21 10
46 57 97 71 26 33 36 1179 63 9 60 0 17 16 NA 16 NA 10 63 0 9 17 7 0 0 0 0 0 9 17 7 0 0 0 0 0 143 55 2438 4940 27 22 11
47 61 100 71 29 36 34 1198 55 8 61 0 17 17 NA 17 NA 5 55 0 11 17 8 0 0 0 0 0 11 17 8 0 0 0 0 3 148 56 2495 4939 26 23 12
48 56 102 73 29 36 28 1216 48 5 63 0 16 17 NA 17 NA 1 48 0 11 18 7 0 0 0 0 0 11 18 7 0 0 0 0 2 146 59 2563 4937 27 25 11
49 138 102 73 29 35 33 1221 61 1 63 0 16.5 17 NA 17 NA 10 61 0 8 19 8 0 0 0 0 0 8 19 8 0 0 0 0 1 161 64 2624 4937 25 26 12
50 77 102 73 29 37 36 1252 56 6 68 0 17 16 NA 16 NA 7 56 1 8 19 9 0 0 0 0 1 8 19 9 0 0 0 0 0 170 65 2687 4932 29 26 13
51 69 99 70 29 37 33 1249 55 4 69 0 18 16 NA 16 NA 2 55 1 7 19 10 0 0 0 0 1 7 19 10 0 0 0 0 0 148 66 2764 4931 30 26 13
52 76 102 74 28 37 38 1221 61 4 72 0 18.5 16 NA 16 NA 7 61 1 6 18 12 0 0 0 0 1 6 18 12 0 0 0 0 4 126 66 2837 4928 32 26 14
53 66 105 75 30 39 39 1201 67 3 72 0 19 17 NA 17 NA 4 67 1 6 19 13 0 0 0 0 1 6 19 13 0 0 0 0 2 136 67 2907 4928 29 27 16
54 63 107 78 29 40 42 1216 55 5 76 0 19 16.5 NA 16.5 NA 8 55 1 5 19 15 0 0 0 0 1 5 19 15 0 0 0 0 3 143 68 2963 4924 31 27 18
55 62 108 79 29 46 33 1243 49 13 81 0 20 17 NA 17 NA 4 49 1 10 16 19 0 0 0 0 1 10 16 19 0 0 0 0 1 163 70 3029 4919 36 21 24
56 64 108 79 29 45 36 1227 77 4 82 0 20.5 17 NA 17 NA 8 77 1 10 15 19 0 0 0 0 1 10 15 19 0 0 0 0 0 161 72 3105 4918 35 23 24
57 67 108 78 30 45 36 1218 58 8 84 0 21 17 NA 17 NA 7 58 1 9 15 20 0 0 0 0 1 9 15 20 0 0 0 0 2 152 73 3195 4916 36 24 24
58 68 107 76 31 44 36 1214 61 7 80 0 20 17 NA 17 NA 9 61 1 10 15 18 0 0 0 0 1 10 15 18 0 0 0 0 1 139 77 3260 4920 34 24 22
59 61 108 77 31 45 30 1224 52 9 82 0 21 17 NA 17 NA 7 52 1 9 16 19 0 0 0 0 1 9 16 19 0 0 0 0 0 143 81 3326 4918 34 24 24
60 65 108 77 31 42 32 1224 52 6 81 0 21.5 17 NA 17 NA 9 52 1 8 17 16 0 0 0 0 1 8 17 16 0 0 0 0 2 150 82 3410 4919 34 25 22
61 115 109 78 31 46 28 1201 51 10 83 0 22 17 NA 17 NA 3 51 0 12 16 18 0 0 0 0 0 12 16 18 0 0 0 0 1 136 83 3488 4917 36 23 24
62 71 112 83 29 48 25 1217 43 7 82 0 22 17 NA 17 NA 5 43 1 10 19 18 0 0 0 0 1 10 19 18 0 0 0 0 4 146 85 3561 4918 30 27 25
63 76 112 83 29 49 29 1233 58 4 81 0 23 17 NA 17 NA 8 58 2 11 17 19 0 0 0 0 2 11 17 19 0 0 0 0 0 154 85 3618 4919 28 27 26
64 71 109 81 28 47 32 1246 54 3 82 0 22 17 NA 17 NA 7 54 2 11 15 19 0 0 0 0 2 11 15 19 0 0 0 0 0 151 86 3676 4918 28 27 27
65 79 111 82 29 50 31 1240 63 7 85 0 23 17 NA 17 NA 8 63 1 13 14 22 0 0 0 0 1 13 14 22 0 0 0 0 1 145 89 3743 4915 31 24 30
66 66 111 82 29 48 28 1236 59 6 86 0 24 17 NA 17 NA 4 59 1 9 16 22 0 0 0 0 1 9 16 22 0 0 0 0 1 138 90 3810 4914 30 26 30
67 69 110 82 28 48 31 1239 52 5 87 0 25 17 NA 17 NA 9 52 1 7 18 22 0 0 0 0 1 7 18 22 0 0 0 0 1 148 91 3882 4913 27 30 30
68 62 113 83 30 50 31 1231 70 9 87 0 25 17 NA 17 NA 9 70 1 8 19 22 0 0 0 0 1 8 19 22 0 0 0 0 4 160 92 3966 4913 26 30 31
69 66 116 87 29 52 29 1242 53 9 89 0 26 17 NA 17 NA 6 53 1 7 21 23 0 0 0 0 1 7 21 23 0 0 0 0 2 157 93 4042 4911 24 32 33
70 57 118 89 29 56 34 1252 71 5 89 0 26.5 17 NA 17 NA 9 71 1 10 21 24 0 0 0 0 1 10 21 24 0 0 0 0 4 170 94 4119 4911 24 31 34
71 75 118 90 28 58 30 1244 71 7 87 0 26 17 NA 17 NA 5 71 1 12 21 24 0 0 0 0 1 12 21 24 0 0 0 0 2 148 95 4193 4913 22 31 34
72 63 122 94 28 59 34 1260 58 3 90 0 27 17 NA 17 NA 8 58 2 10 21 26 0 0 0 0 2 10 21 26 0 0 0 0 2 151 96 4260 4910 22 32 36
73 137 120 92 28 58 30 1228 59 4 89 0 28 17 NA 17 NA 3 59 2 8 22 26 0 0 0 0 2 8 22 26 0 0 0 0 2 143 99 4334 4911 21 32 36
74 85 116 89 27 58 26 1232 50 6 89 0 29 17 NA 17 NA 4 50 1 9 17 31 0 0 0 0 1 9 17 31 0 0 0 0 0 148 100 4403 4911 24 26 39
75 71 115 87 28 58 29 1209 65 2 89 0 30 17 NA 17 NA 7 65 1 9 17 31 0 0 0 0 1 9 17 31 0 0 0 0 0 136 102 4472 4911 25 24 40
76 89 109 82 27 54 30 1190 63 2 81 0 27 17 NA 17 NA 5 63 1 7 16 30 0 0 0 0 1 7 16 30 0 0 0 0 0 128 104 4544 4919 22 22 37
77 78 109 82 27 54 26 1179 52 5 81 0 28 17 NA 17 NA 1 52 1 6 18 29 0 0 0 0 1 6 18 29 0 0 0 0 2 131 104 4618 4919 21 24 36
78 81 110 83 27 54 25 1179 66 3 80 0 26 17 NA 17 NA 5 66 2 4 16 32 0 0 0 0 2 4 16 32 0 0 0 0 2 147 106 4678 4920 19 23 38
79 70 114 87 27 55 34 1153 67 5 81 0 26 17 NA 17 NA 13 67 2 3 16 34 0 0 0 0 2 3 16 34 0 0 0 0 1 130 106 4751 4919 19 21 41
80 59 115 88 27 57 28 1113 60 12 83 0 26 17 NA 17 NA 6 60 2 4 17 34 0 0 0 0 2 4 17 34 0 0 0 0 3 107 107 4827 4917 21 21 41
81 54 113 86 27 55 28 1114 59 6 82 0 27 17 NA 17 NA 8 59 1 4 12 38 0 0 0 0 1 4 12 38 0 0 0 0 1 153 110 4906 4918 21 17 44
82 65 112 85 27 56 25 1110 55 7 84 0 27.5 17 NA 17 NA 5 55 1 5 12 38 0 0 0 0 1 5 12 38 0 0 0 0 0 160 110 4996 4916 22 18 44
83 57 111 84 27 56 29 1141 48 4 84 0 27 17.5 NA 17.5 NA 8 48 1 5 12 38 0 0 0 0 1 5 12 38 0 0 0 0 1 147 111 5054 4916 24 17 43
84 74 111 84 27 56 25 1147 46 9 85 0 27 17 NA 17 NA 4 46 0 7 11 38 0 0 0 0 0 7 11 38 0 0 0 0 4 138 112 5120 4915 24 18 43
85 115 110 83 27 58 18 1140 55 6 83 0 27 17 NA 17 NA 2 55 1 8 9 40 0 0 0 0 1 8 9 40 0 0 0 0 1 136 116 5180 4917 22 16 45
86 84 109 82 27 57 22 1137 64 2 83 0 28 17 NA 17 NA 6 64 2 4 12 39 0 0 0 0 2 4 12 39 0 0 0 0 1 152 116 5245 4917 20 19 44
87 68 111 84 27 59 28 1161 57 5 83 0 27 17 NA 17 NA 10 57 2 4 14 39 0 0 0 0 2 4 14 39 0 0 0 0 1 160 117 5304 4917 20 19 44
88 78 111 83 28 60 23 1176 52 9 83 0 27 17.5 NA 17.5 NA 5 52 2 5 13 40 0 0 0 0 2 5 13 40 0 0 0 0 1 142 119 5362 4917 22 17 44
89 60 112 80 32 58 28 1179 51 3 82 0 27 17 NA 17 NA 10 51 2 5 11 40 0 0 0 0 2 5 11 40 0 0 0 0 0 137 121 5429 4918 23 16 43
90 73 107 76 31 53 26 1193 59 9 78 0 23 17 NA 17 NA 7 59 2 6 8 37 0 0 0 0 2 6 8 37 0 0 0 0 1 158 122 5502 4922 25 13 40
91 75 109 78 31 52 26 1176 61 5 80 0 22 17 NA 17 NA 5 61 2 7 6 37 0 0 0 0 2 7 6 37 0 0 0 0 3 125 122 5563 4920 28 12 40
92 94 111 79 32 53 27 1205 48 7 82 0 22 17 NA 17 NA 8 48 2 6 9 36 0 0 0 0 2 6 9 36 0 0 0 0 3 153 123 5616 4918 29 14 39
93 67 110 78 32 55 28 1197 55 5 83 0 23 17 NA 17 NA 5 55 2 6 9 38 0 0 0 0 2 6 9 38 0 0 0 0 0 138 124 5690 4917 29 13 41
94 72 108 77 31 57 24 1208 53 8 81 0 23.5 17 NA 17 NA 3 53 2 7 10 38 0 0 0 0 2 7 10 38 0 0 0 0 0 162 125 5771 4919 27 14 40
95 71 110 79 31 57 34 1219 53 1 81 0 23.5 17 NA 17 NA 11 53 2 7 10 38 0 0 0 0 2 7 10 38 0 0 0 0 2 156 125 5841 4919 26 15 40
96 78 110 79 31 55 34 1211 62 7 81 0 23.5 17 NA 17 NA 7 62 0 9 8 38 0 0 0 0 0 9 8 38 0 0 0 0 2 145 126 5908 4919 26 16 39
97 92 113 79 34 56 34 1209 55 4 82 0 24 17 NA 17 NA 7 55 0 9 8 39 0 0 0 0 0 9 8 39 0 0 0 0 1 141 127 5975 4918 25 17 40
98 66 111 77 34 53 37 1226 58 2 81 0 24 17 NA 17 NA 7 58 0 8 5 40 0 0 0 0 0 8 5 40 0 0 0 0 1 146 127 6035 4919 25 15 41
99 64 110 76 34 54 35 1220 62 9 82 0 24.5 17 NA 17 NA 5 62 0 9 6 39 0 0 0 0 0 9 6 39 0 0 0 0 0 139 127 6104 4918 26 15 41
100 62 111 76 35 55 38 1238 71 6 82 0 24 17 NA 17 NA 8 71 0 9 7 39 0 0 0 0 0 9 7 39 0 0 0 0 1 163 129 6170 4918 25 17 40
101 67 114 79 35 56 37 1232 47 8 86 0 24.5 17.5 NA 17.5 NA 6 47 0 10 7 39 0 0 0 0 0 10 7 39 0 0 0 0 1 138 130 6251 4914 27 18 41
102 79 116 81 35 57 38 1207 78 9 87 0 24.5 17 NA 17 NA 9 78 0 10 9 38 0 0 0 0 0 10 9 38 0 0 0 0 1 148 130 6328 4913 27 20 40
103 76 112 79 33 53 41 1213 62 10 85 0 24 17 NA 17 NA 12 62 0 9 9 35 0 0 0 0 0 9 9 35 0 0 0 0 1 145 131 6391 4915 26 22 37
104 76 109 75 34 53 45 1208 65 7 86 0 25 17 NA 17 NA 10 65 0 8 10 35 0 0 0 0 0 8 10 35 0 0 0 0 1 163 131 6471 4914 27 22 37
105 60 108 76 32 52 45 1223 66 12 82 0 25 17.5 NA 17.5 NA 14 66 0 8 10 34 0 0 0 0 0 8 10 34 0 0 0 0 3 140 134 6517 4918 24 22 36
106 73 109 77 32 50 43 1201 61 9 79 0 25 17 NA 17 NA 7 61 1 8 10 31 0 0 0 0 1 8 10 31 0 0 0 0 3 139 135 6594 4921 24 22 33
107 72 109 78 31 51 35 1183 63 10 80 0 24 18 NA 18 NA 4 63 0 10 10 31 0 0 0 0 0 10 10 31 0 0 0 0 2 141 136 6669 4920 25 21 34
108 71 108 75 33 52 35 1168 73 5 81 0 24 18.5 NA 18.5 NA 7 73 0 10 10 32 0 0 0 0 0 10 10 32 0 0 0 0 2 143 141 6737 4919 25 20 36
109 94 110 78 32 50 36 1162 48 2 83 0 24.5 18.5 NA 18.5 NA 5 48 0 8 10 32 0 0 0 0 0 8 10 32 0 0 0 0 4 131 143 6802 4917 27 19 37
110 85 111 78 33 49 43 1150 72 4 83 0 24 18 NA 18 NA 13 72 0 6 12 31 0 0 0 0 0 6 12 31 0 0 0 0 2 148 146 6867 4917 26 20 37
111 97 107 76 31 45 48 1138 77 5 78 0 24 19 NA 19 NA 11 77 0 6 10 29 0 0 0 0 0 6 10 29 0 0 0 0 1 158 147 6929 4922 24 20 34
112 54 104 73 31 44 40 1139 54 10 78 0 24.5 18.5 NA 18.5 NA 6 54 0 6 11 27 0 0 0 0 0 6 11 27 0 0 0 0 0 142 150 7002 4922 25 20 33
113 63 104 73 31 44 35 1124 54 7 78 0 24 19.5 NA 19.5 NA 3 54 0 4 14 26 0 0 0 0 0 4 14 26 0 0 0 0 2 128 150 7078 4922 23 22 33
114 68 97 71 26 41 42 1108 67 3 75 0 27 20 NA 20 NA 9 67 0 3 12 26 0 0 0 0 0 3 12 26 0 0 0 0 0 138 150 7148 4925 22 19 34
115 83 97 71 26 43 43 1132 53 5 76 0 27 19 NA 19 NA 6 53 0 3 12 28 0 0 0 0 0 3 12 28 0 0 0 0 1 170 151 7219 4924 22 18 36
116 74 94 70 24 42 45 1134 65 8 73 0 27.5 19 NA 19 NA 11 65 0 3 10 29 0 0 0 0 0 3 10 29 0 0 0 0 2 167 153 7296 4927 17 19 37
117 65 92 69 23 42 43 1136 64 5 73 0 27.5 19.5 NA 19.5 NA 5 64 0 3 11 28 0 0 0 0 0 3 11 28 0 0 0 0 0 139 156 7353 4927 19 17 37
118 67 93 69 24 42 42 1149 52 2 74 0 27 20.5 NA 20.5 NA 4 52 0 4 11 27 0 0 0 0 0 4 11 27 0 0 0 0 3 149 159 7420 4926 22 16 36
119 72 94 69 25 42 35 1144 43 7 75 0 27.5 20.5 NA 20.5 NA 2 43 0 4 10 28 0 0 0 0 0 4 10 28 0 0 0 0 1 133 161 7492 4925 22 17 36
120 66 96 71 25 45 37 1157 60 5 76 0 28 21 NA 21 NA 7 60 0 4 11 30 0 0 0 0 0 4 11 30 0 0 0 0 1 144 162 7544 4924 21 17 38
121 85 96 71 25 45 39 1181 54 8 75 0 26 22 NA 22 NA 12 54 0 4 13 28 0 0 0 0 0 4 13 28 0 0 0 0 2 154 163 7594 4925 21 18 36
122 78 92 71 21 41 36 1183 61 7 70 0 25 22 NA 22 NA 4 61 0 4 11 26 0 0 0 0 0 4 11 26 0 0 0 0 2 147 163 7660 4930 20 17 33
123 64 91 70 21 42 35 1193 65 8 70 0 26 22 NA 22 NA 10 65 0 5 11 26 0 0 0 0 0 5 11 26 0 0 0 0 1 152 166 7724 4930 21 15 34
124 75 92 70 22 41 35 1198 49 7 68 0 26.5 22 NA 22 NA 10 49 0 4 12 25 0 0 0 0 0 4 12 25 0 0 0 0 1 143 171 7793 4932 19 17 32
125 76 95 72 23 44 37 1192 60 8 71 0 25 22.5 NA 22.5 NA 9 60 0 5 13 26 0 0 0 0 0 5 13 26 0 0 0 0 2 134 172 7852 4929 20 18 33
126 85 92 69 23 42 39 1203 59 8 67 0 25.5 23.5 NA 23.5 NA 10 59 0 4 12 26 0 0 0 0 0 4 12 26 0 0 0 0 1 148 172 7907 4933 17 17 33
127 82 94 70 24 43 38 1195 55 7 67 0 25 23 NA 23 NA 8 55 0 5 12 26 0 0 0 0 0 5 12 26 0 0 0 0 2 157 174 7991 4933 17 17 33
128 74 95 71 24 43 38 1204 55 5 69 0 26 23 NA 23 NA 7 55 0 5 9 29 0 0 0 0 0 5 9 29 0 0 0 0 2 156 175 8065 4931 19 13 37
129 82 94 71 23 42 35 1234 51 6 67 0 27 23.5 NA 23.5 NA 6 51 0 3 11 28 0 0 0 0 0 3 11 28 0 0 0 0 0 165 179 8134 4933 16 15 36
130 71 97 70 27 43 33 1217 63 6 69 0 25 24 NA 24 NA 3 63 0 2 13 28 0 0 0 0 0 2 13 28 0 0 0 0 3 129 180 8198 4931 16 18 35
131 75 97 70 27 43 32 1232 55 7 69 0 25 23 NA 23 NA 7 55 0 3 12 28 0 0 0 0 0 3 12 28 0 0 0 0 1 149 181 8265 4931 17 18 34
132 77 95 69 26 42 31 1233 40 6 68 0 26 24 NA 24 NA 4 40 0 3 12 27 0 0 0 0 0 3 12 27 0 0 0 0 0 132 181 8340 4932 18 18 32
133 88 94 68 26 43 42 1207 77 4 71 0 25.5 23 NA 23 NA 13 77 0 5 11 27 0 0 0 0 0 5 11 27 0 0 0 0 1 149 181 8415 4929 21 17 33
134 81 98 70 28 44 46 1216 61 6 72 0 25 22.5 NA 22.5 NA 11 61 0 5 12 27 0 0 0 0 0 5 12 27 0 0 0 0 2 165 183 8490 4928 20 18 34
135 84 99 70 29 44 43 1182 58 7 70 0 24 21 NA 21 NA 9 58 0 6 13 25 0 0 0 0 0 6 13 25 0 0 0 0 3 134 186 8578 4930 20 19 31
136 64 100 72 28 44 45 1190 58 6 70 0 23 21 NA 21 NA 10 58 0 7 11 26 0 0 0 0 0 7 11 26 0 0 0 0 0 146 188 8636 4930 22 17 31
137 66 97 70 27 42 39 1192 60 9 70 0 22 19.5 NA 19.5 NA 7 60 1 6 10 25 0 0 0 0 1 6 10 25 0 0 0 0 1 148 192 8703 4930 22 18 30
138 87 95 69 26 40 36 1192 58 8 69 0 22 19 NA 19 NA 5 58 1 6 8 25 0 0 0 0 1 6 8 25 0 0 0 0 0 147 192 8767 4931 23 15 31
139 78 95 69 26 41 43 1169 77 6 71 0 23 20 NA 20 NA 15 77 1 6 9 25 0 0 0 0 1 6 9 25 0 0 0 0 0 161 194 8848 4929 25 16 30
140 70 96 69 27 41 40 1192 59 9 72 0 22 20 NA 20 NA 10 59 1 4 11 25 0 0 0 0 1 4 11 25 0 0 0 0 1 161 196 8914 4928 26 17 29
141 75 99 72 27 43 36 1194 55 10 73 0 22 19 NA 19 NA 7 55 2 5 9 27 0 0 0 0 2 5 9 27 0 0 0 0 3 149 197 8984 4927 27 15 31
142 73 101 73 28 47 44 1202 63 5 75 0 23 20 NA 20 NA 10 63 2 6 10 29 0 0 0 0 2 6 10 29 0 0 0 0 2 144 199 9036 4925 26 15 34
143 75 97 71 26 46 40 1188 62 9 71 0 23 19.5 NA 19.5 NA 7 62 2 6 11 27 0 0 0 0 2 6 11 27 0 0 0 0 1 135 201 9111 4929 23 15 33
144 77 98 71 27 46 42 1183 53 6 70 0 23 20.5 NA 20.5 NA 10 53 2 7 10 27 0 0 0 0 2 7 10 27 0 0 0 0 2 132 203 9173 4930 22 16 32
145 103 96 69 27 46 42 1197 44 7 70 0 24.5 19.5 NA 19.5 NA 7 44 2 5 11 28 0 0 0 0 2 5 11 28 0 0 0 0 1 141 204 9228 4930 20 17 33
146 89 91 66 25 46 42 1163 61 7 69 0 24 19 NA 19 NA 10 61 1 7 10 28 0 0 0 0 1 7 10 28 0 0 0 0 0 138 208 9312 4931 23 15 31
147 77 86 64 22 43 40 1191 49 4 67 0 23.5 19 NA 19 NA 6 49 0 7 10 26 0 0 0 0 0 7 10 26 0 0 0 0 0 152 210 9370 4933 24 15 28
148 83 83 62 21 40 36 1154 61 7 66 0 24 19 NA 19 NA 6 61 0 5 10 25 0 0 0 0 0 5 10 25 0 0 0 0 1 127 213 9457 4934 24 15 27
149 81 85 62 23 37 34 1167 66 7 63 0 22 18 NA 18 NA 6 66 0 4 9 24 0 0 0 0 0 4 9 24 0 0 0 0 4 166 213 9529 4937 21 16 26
150 74 87 64 23 38 32 1173 58 6 63 0 23 18 NA 18 NA 5 58 0 5 9 24 0 0 0 0 0 5 9 24 0 0 0 0 1 151 214 9594 4937 21 16 26
151 76 87 64 23 39 39 1190 58 4 64 0 24 19 NA 19 NA 9 58 0 4 10 25 0 0 0 0 0 4 10 25 0 0 0 0 1 161 215 9660 4936 19 18 27
152 83 87 64 23 39 36 1205 37 7 65 0 24 18 NA 18 NA 4 37 0 5 8 26 0 0 0 0 0 5 8 26 0 0 0 0 1 141 215 9733 4935 20 17 28
153 88 89 67 22 42 31 1191 62 10 67 0 24 18 NA 18 NA 7 62 1 6 9 26 0 0 0 0 1 6 9 26 0 0 0 0 3 137 218 9802 4933 22 17 28
154 70 88 65 23 41 33 1181 66 4 68 0 24 18 NA 18 NA 7 66 0 7 9 25 0 0 0 0 0 7 9 25 0 0 0 0 0 136 220 9862 4932 22 18 28
155 89 89 66 23 41 30 1176 54 7 69 0 25 18 NA 18 NA 6 54 0 7 9 25 0 0 0 0 0 7 9 25 0 0 0 0 1 142 222 9932 4931 23 18 28
156 76 90 67 23 41 33 1175 61 9 67 0 23.5 18 NA 18 NA 10 61 0 8 9 24 0 0 0 0 0 8 9 24 0 0 0 0 4 143 222 9993 4933 22 17 28
157 95 93 71 22 40 26 1156 59 9 66 0 23 18.5 NA 18.5 NA 6 59 0 8 7 25 0 0 0 0 0 8 7 25 0 0 0 0 1 134 225 10062 4934 22 15 29
158 74 91 68 23 40 31 1163 67 6 64 0 23 18 NA 18 NA 11 67 1 5 12 22 0 0 0 0 1 5 12 22 0 0 0 0 1 147 226 10115 4936 19 18 27
159 82 90 66 24 37 37 1154 63 8 60 0 21 18 NA 18 NA 13 63 1 5 12 19 0 0 0 0 1 5 12 19 0 0 0 0 2 152 226 10187 4940 18 19 23
160 94 94 69 25 39 38 1160 53 7 61 0 20.5 18 NA 18 NA 9 53 1 6 10 22 0 0 0 0 1 6 10 22 0 0 0 0 3 153 227 10254 4939 17 19 25
161 82 93 68 25 38 37 1163 47 5 66 0 21 18 NA 18 NA 5 47 0 6 11 21 0 0 0 0 0 6 11 21 0 0 0 0 0 141 229 10328 4934 22 19 25
162 74 92 66 26 38 32 1162 52 8 66 0 22 17.5 NA 17.5 NA 5 52 0 7 11 20 0 0 0 0 0 7 11 20 0 0 0 0 0 145 230 10394 4934 23 19 24
163 64 89 63 26 39 33 1158 50 5 63 0 23 18 NA 18 NA 5 50 0 8 10 21 0 0 0 0 0 8 10 21 0 0 0 0 0 131 230 10467 4937 20 18 25
164 64 88 63 25 38 40 1182 59 4 63 0 24 18 NA 18 NA 13 59 0 6 11 21 0 0 0 0 0 6 11 21 0 0 0 0 1 159 232 10524 4937 18 19 26
165 80 87 63 24 39 38 1181 52 6 62 0 24 18 NA 18 NA 5 52 0 7 12 20 0 0 0 0 0 7 12 20 0 0 0 0 0 139 233 10587 4938 17 21 24
166 60 87 62 25 41 39 1173 63 7 62 0 25 18 NA 18 NA 6 63 0 8 12 21 0 0 0 0 0 8 12 21 0 0 0 0 1 135 233 10652 4938 15 21 26
167 52 88 63 25 41 41 1182 49 5 63 0 25 18 NA 18 NA 8 49 0 7 14 20 0 0 0 0 0 7 14 20 0 0 0 0 2 130 234 10711 4937 16 22 25
168 81 86 62 24 38 50 1185 65 1 63 0 25.5 17.5 NA 17.5 NA 11 65 0 6 14 18 0 0 0 0 0 6 14 18 0 0 0 0 1 150 235 10778 4937 18 22 23
169 94 88 64 24 38 50 1169 76 7 67 0 24 17.5 NA 17.5 NA 8 76 0 6 14 18 0 0 0 0 0 6 14 18 0 0 0 0 2 143 236 10831 4933 23 21 23
170 83 89 63 26 41 46 1154 61 7 67 0 21 17 NA 17 NA 4 61 0 9 11 21 0 0 0 0 0 9 11 21 0 0 0 0 1 130 237 10892 4933 23 18 26
171 80 92 63 29 44 38 1138 59 8 70 0 22 17 NA 17 NA 4 59 0 11 12 21 0 0 0 0 0 11 12 21 0 0 0 0 1 138 243 10969 4930 26 17 27
172 96 91 61 30 42 38 1146 71 3 69 0 22 17 NA 17 NA 6 71 0 11 10 21 0 0 0 0 0 11 10 21 0 0 0 0 2 171 246 11039 4931 29 13 27
173 73 96 62 34 42 33 1180 53 6 68 0 20.5 17 NA 17 NA 5 53 0 8 13 21 0 0 0 0 0 8 13 21 0 0 0 0 2 170 251 11107 4932 24 17 27
174 79 98 61 37 43 34 1157 58 8 67 0 19.5 17 NA 17 NA 7 58 1 9 12 21 0 0 0 0 1 9 12 21 0 0 0 0 2 127 251 11181 4933 24 17 26
175 64 95 60 35 42 40 1164 58 4 65 0 20 17 NA 17 NA 11 58 0 11 12 19 0 0 0 0 0 11 12 19 0 0 0 0 0 142 252 11242 4935 24 16 25
176 88 96 61 35 44 37 1115 66 8 65 0 20 17 NA 17 NA 6 66 0 11 13 20 0 0 0 0 0 11 13 20 0 0 0 0 2 122 254 11322 4935 23 16 26
177 69 98 63 35 43 35 1115 59 8 66 0 20.5 17 NA 17 NA 10 59 0 10 13 20 0 0 0 0 0 10 13 20 0 0 0 0 3 139 259 11383 4934 23 17 26
178 78 97 62 35 41 40 1135 53 4 63 0 21 17 NA 17 NA 9 53 0 9 12 20 0 0 0 0 0 9 12 20 0 0 0 0 2 151 260 11445 4937 22 15 26
179 59 97 62 35 42 38 1138 64 12 64 0 21 17 NA 17 NA 9 64 2 9 12 19 0 0 0 0 2 9 12 19 0 0 0 0 1 150 261 11506 4936 23 16 25
180 73 95 61 34 42 36 1162 57 6 63 0 22 17 NA 17 NA 8 57 2 8 13 19 0 0 0 0 2 8 13 19 0 0 0 0 0 150 264 11558 4937 20 18 25
181 95 100 65 35 42 34 1146 65 3 64 0 21 17 NA 17 NA 7 65 2 5 17 18 0 0 0 0 2 5 17 18 0 0 0 0 6 141 267 11625 4936 19 22 23
182 94 97 63 34 42 36 1142 55 7 62 0 20 17 NA 17 NA 11 55 2 5 18 17 0 0 0 0 2 5 18 17 0 0 0 0 2 132 269 11684 4938 18 22 22
183 88 97 66 31 40 34 1185 51 6 61 0 19 17 NA 17 NA 5 51 2 4 18 16 0 0 0 0 2 4 18 16 0 0 0 0 1 179 270 11743 4939 17 23 21
184 70 97 67 30 40 36 1171 64 7 61 0 19 16.5 NA 16.5 NA 8 64 2 4 18 16 0 0 0 0 2 4 18 16 0 0 0 0 1 149 270 11824 4939 17 23 21
185 71 97 67 30 42 37 1163 59 6 65 0 18 16.5 NA 16.5 NA 7 59 2 6 13 21 0 0 0 0 2 6 13 21 0 0 0 0 0 147 271 11902 4935 22 18 25
186 63 97 66 31 42 36 1195 54 4 67 0 19 15.5 NA 15.5 NA 5 54 3 5 14 20 0 0 0 0 3 5 14 20 0 0 0 0 2 154 273 11956 4933 25 18 24
187 80 96 65 31 44 38 1188 58 7 64 0 18.5 15.5 NA 15.5 NA 7 58 3 7 14 20 0 0 0 0 3 7 14 20 0 0 0 0 2 133 274 12020 4936 23 18 23
188 81 95 65 30 44 35 1183 69 8 64 0 19 15 NA 15 NA 7 69 2 9 14 19 0 0 0 0 2 9 14 19 0 0 0 0 0 143 276 12077 4936 24 18 22
189 71 96 66 30 43 30 1182 47 6 65 0 18.5 15 NA 15 NA 2 47 1 10 12 20 0 0 0 0 1 10 12 20 0 0 0 0 1 127 276 12143 4935 25 18 22
190 75 98 66 32 43 36 1143 73 3 67 0 18 15 NA 15 NA 11 73 1 11 12 19 0 0 0 0 1 11 12 19 0 0 0 0 2 130 279 12220 4933 28 18 21
191 66 98 66 32 44 32 1150 49 10 68 0 18.5 15.5 NA 15.5 NA 5 49 1 11 13 19 0 0 0 0 1 11 13 19 0 0 0 0 1 136 279 12283 4932 27 19 22
192 74 98 67 31 43 28 1187 41 5 67 0 19 15 NA 15 NA 1 41 1 11 11 20 0 0 0 0 1 11 11 20 0 0 0 0 2 155 280 12342 4933 26 17 24
193 89 97 67 30 41 30 1174 53 3 73 0 20 15 NA 15 NA 6 53 1 10 8 22 0 0 0 0 1 10 8 22 0 0 0 0 0 130 281 12403 4927 32 14 27
194 81 102 72 30 45 30 1198 50 7 74 0 20.5 15 NA 15 NA 7 50 2 11 9 23 0 0 0 0 2 11 9 23 0 0 0 0 4 152 283 12458 4926 31 15 28
195 78 105 75 30 46 32 1204 62 4 78 0 21 15 NA 15 NA 9 62 1 13 8 24 0 0 0 0 1 13 8 24 0 0 0 0 1 165 287 12538 4922 34 15 29
196 58 106 76 30 48 34 1195 57 6 80 0 22 15 NA 15 NA 6 57 2 12 8 26 0 0 0 0 2 12 8 26 0 0 0 0 1 142 287 12615 4920 34 15 31
197 69 103 74 29 45 29 1194 40 7 74 0 20 15 NA 15 NA 4 40 2 10 11 22 0 0 0 0 2 10 11 22 0 0 0 0 3 143 288 12698 4926 29 18 27
198 75 103 75 28 45 22 1199 44 4 75 0 21 15 NA 15 NA 3 44 1 8 14 22 0 0 0 0 1 8 14 22 0 0 0 0 1 148 294 12775 4925 26 22 27
199 82 104 78 26 45 27 1193 67 4 74 0 21.5 15 NA 15 NA 9 67 1 10 13 21 0 0 0 0 1 10 13 21 0 0 0 0 0 144 295 12837 4926 27 21 26
200 76 111 85 26 46 29 1218 49 5 75 0 21 15 NA 15 NA 6 49 1 8 15 22 0 0 0 0 1 8 15 22 0 0 0 0 4 159 295 12906 4925 26 22 27
201 77 111 84 27 48 27 1209 76 8 77 0 22 15 NA 15 NA 7 76 0 9 16 23 0 0 0 0 0 9 16 23 0 0 0 0 1 143 296 12959 4923 26 23 28
202 69 111 84 27 46 31 1222 53 6 75 0 21 15 NA 15 NA 10 53 0 7 17 22 0 0 0 0 0 7 17 22 0 0 0 0 2 144 296 13021 4925 23 25 27
203 90 109 84 25 45 26 1232 61 8 74 0 22 15 NA 15 NA 7 61 1 7 15 22 0 0 0 0 1 7 15 22 0 0 0 0 1 160 298 13085 4926 24 22 28
204 68 108 83 25 45 28 1248 57 5 75 0 23 15 NA 15 NA 7 57 1 7 14 23 0 0 0 0 1 7 14 23 0 0 0 0 2 158 299 13151 4925 27 20 28
205 84 104 79 25 45 27 1231 49 4 75 0 24 15 NA 15 NA 5 49 0 5 18 22 0 0 0 0 0 5 18 22 0 0 0 0 1 117 300 13216 4925 20 27 28
206 64 107 84 23 45 32 1234 60 6 77 0 24 15 NA 15 NA 11 60 0 7 16 22 0 0 0 0 0 7 16 22 0 0 0 0 3 156 301 13292 4923 23 25 29
207 84 106 84 22 43 33 1214 62 5 77 0 24 15 NA 15 NA 8 62 0 4 17 22 0 0 0 0 0 4 17 22 0 0 0 0 1 146 303 13378 4923 23 25 29
208 72 112 88 24 43 36 1206 42 5 77 0 22 15 NA 15 NA 9 42 0 4 17 22 0 0 0 0 0 4 17 22 0 0 0 0 5 125 303 13452 4923 23 25 29
209 72 112 88 24 43 33 1220 43 9 78 0 22.5 15 NA 15 NA 8 43 0 5 14 24 0 0 0 0 0 5 14 24 0 0 0 0 1 142 304 13518 4922 24 23 31
210 61 110 88 22 44 38 1223 60 5 75 0 21.5 15.5 NA 15.5 NA 9 60 0 5 13 26 0 0 0 0 0 5 13 26 0 0 0 0 2 157 305 13596 4925 22 19 34
211 70 110 86 24 44 34 1241 51 13 75 0 21.5 16 NA 16 NA 6 51 0 4 15 25 0 0 0 0 0 4 15 25 0 0 0 0 1 149 305 13661 4925 23 19 33
212 95 111 88 23 45 41 1219 64 5 78 0 22 16 NA 16 NA 12 64 0 6 13 26 0 0 0 0 0 6 13 26 0 0 0 0 2 141 306 13741 4922 26 18 34
213 82 108 85 23 46 39 1226 63 9 76 0 23 16 NA 16 NA 7 63 0 7 14 25 0 0 0 0 0 7 14 25 0 0 0 0 3 169 306 13815 4924 23 20 33
214 79 106 83 23 44 43 1203 64 3 77 0 23 16 NA 16 NA 10 64 0 6 13 25 0 0 0 0 0 6 13 25 0 0 0 0 1 130 308 13888 4923 25 19 33
215 79 107 84 23 48 37 1200 51 12 79 0 24 17 NA 17 NA 4 51 0 9 13 26 0 0 0 0 0 9 13 26 0 0 0 0 2 137 308 13959 4921 25 20 34
216 87 106 82 24 49 40 1188 59 8 79 0 24.5 17 NA 17 NA 11 59 1 9 14 25 0 0 0 0 1 9 14 25 0 0 0 0 0 148 309 14036 4921 24 22 33
217 77 105 82 23 50 37 1195 67 8 79 0 25 17.5 NA 17.5 NA 7 67 1 10 11 28 0 0 0 0 1 10 11 28 0 0 0 0 0 150 311 14096 4921 24 17 38
218 68 105 83 22 50 39 1174 79 8 81 0 24 17.5 NA 17.5 NA 9 79 2 9 14 25 0 0 0 0 2 9 14 25 0 0 0 0 1 144 311 14167 4919 25 20 36
219 68 107 85 22 51 36 1172 53 5 82 0 25 18 NA 18 NA 5 53 1 9 13 28 0 0 0 0 1 9 13 28 0 0 0 0 1 144 313 14247 4918 24 19 39
220 76 107 86 21 50 35 1233 56 6 83 0 26 18 NA 18 NA 6 56 1 8 13 28 0 0 0 0 1 8 13 28 0 0 0 0 1 188 314 14306 4917 25 19 39
221 79 109 86 23 50 37 1228 64 4 83 0 26 18 NA 18 NA 6 64 1 8 14 27 0 0 0 0 1 8 14 27 0 0 0 0 2 158 315 14381 4917 25 20 38
222 68 112 89 23 54 35 1225 67 7 84 0 25.5 18 NA 18 NA 8 67 1 9 15 29 0 0 0 0 1 9 15 29 0 0 0 0 2 142 318 14444 4916 27 19 38
223 80 111 88 23 56 45 1202 71 5 85 0 27 18 NA 18 NA 13 71 1 9 16 30 0 0 0 0 1 9 16 30 0 0 0 0 1 135 319 14510 4915 26 20 39
224 67 114 91 23 56 42 1218 55 6 85 0 25 18 NA 18 NA 3 55 1 8 17 30 0 0 0 0 1 8 17 30 0 0 0 0 5 152 320 14572 4915 24 22 39
225 79 113 89 24 57 35 1204 51 8 84 0 25 18 NA 18 NA 5 51 1 9 17 30 0 0 0 0 1 9 17 30 0 0 0 0 1 134 323 14648 4916 26 21 37
226 67 109 86 23 57 36 1227 59 3 83 0 26 18 NA 18 NA 5 59 0 9 15 33 0 0 0 0 0 9 15 33 0 0 0 0 1 145 326 14696 4917 24 20 39
227 66 112 89 23 58 37 1215 62 4 84 0 25.5 18 NA 18 NA 6 62 0 10 15 33 0 0 0 0 0 10 15 33 0 0 0 0 2 137 327 14771 4916 24 20 40
228 87 109 87 22 57 38 1223 53 6 84 0 26 18 NA 18 NA 7 53 0 9 15 33 0 0 0 0 0 9 15 33 0 0 0 0 0 148 327 14839 4916 24 20 40
229 67 107 83 24 55 33 1237 62 7 81 0 26 17 NA 17 NA 1 62 0 10 14 31 0 0 0 0 0 10 14 31 0 0 0 0 3 158 327 14903 4919 24 19 38
230 78 106 83 23 51 33 1257 65 2 79 0 25 17 NA 17 NA 5 65 1 8 11 31 0 0 0 0 1 8 11 31 0 0 0 0 3 157 329 14962 4921 21 20 38
231 85 106 82 24 50 39 1226 70 2 76 0 25 17 NA 17 NA 10 70 1 8 10 31 0 0 0 0 1 8 10 31 0 0 0 0 2 140 333 15041 4924 20 19 37
232 80 104 81 23 49 42 1216 51 3 75 0 26 17 NA 17 NA 7 51 1 6 12 30 0 0 0 0 1 6 12 30 0 0 0 0 1 150 335 15129 4925 20 18 37
233 77 104 81 23 51 36 1239 57 6 76 0 27 17 NA 17 NA 5 57 2 7 11 31 0 0 0 0 2 7 11 31 0 0 0 0 0 167 338 15200 4924 21 17 38
234 76 105 80 25 53 29 1233 66 7 78 0 28 17 NA 17 NA 3 66 2 7 13 31 0 0 0 0 2 7 13 31 0 0 0 0 0 150 341 15267 4922 21 19 38
235 62 105 80 25 53 30 1224 66 5 78 0 27 16 NA 16 NA 7 66 2 8 12 31 0 0 0 0 2 8 12 31 0 0 0 0 1 132 343 15330 4922 20 20 38
236 85 105 80 25 51 32 1224 62 5 75 0 25 16 NA 16 NA 10 62 1 10 10 30 0 0 0 0 1 10 10 30 0 0 0 0 2 159 346 15403 4925 20 19 36
237 81 101 77 24 48 32 1208 67 2 71 0 24 16 NA 16 NA 3 67 1 8 11 28 0 0 0 0 1 8 11 28 0 0 0 0 2 141 346 15469 4929 20 20 31
238 77 104 80 24 47 35 1186 71 7 70 0 23 16 NA 16 NA 11 71 1 7 11 28 0 0 0 0 1 7 11 28 0 0 0 0 0 140 347 15542 4930 19 19 32
239 89 99 75 24 45 29 1185 54 7 68 0 24 15 NA 15 NA 3 54 0 8 9 28 0 0 0 0 0 8 9 28 0 0 0 0 1 137 349 15601 4932 18 18 32
240 77 97 74 23 42 31 1187 52 2 65 0 24 15 NA 15 NA 5 52 0 8 8 26 0 0 0 0 0 8 8 26 0 0 0 0 0 142 350 15664 4935 16 18 31
241 74 94 73 21 44 32 1177 52 5 66 0 23 15 NA 15 NA 7 52 0 11 8 25 0 0 0 0 0 11 8 25 0 0 0 0 0 141 352 15743 4934 20 17 29
242 82 96 75 21 45 32 1174 54 9 67 0 22 15 NA 15 NA 8 54 1 10 10 24 0 0 0 0 1 10 10 24 0 0 0 0 4 139 352 15812 4933 20 16 31
243 71 96 74 22 44 31 1185 50 7 67 0 21.5 15 NA 15 NA 9 50 0 11 10 23 0 0 0 0 0 11 10 23 0 0 0 0 2 153 354 15887 4933 22 16 29
244 65 96 74 22 43 27 1189 45 5 65 0 20.5 15 NA 15 NA 4 45 0 12 8 23 0 0 0 0 0 12 8 23 0 0 0 0 2 138 356 15960 4935 21 15 29
245 65 96 74 22 44 31 1199 71 1 66 0 21.5 15 NA 15 NA 7 71 1 11 9 23 0 0 0 0 1 11 9 23 0 0 0 0 1 172 356 16037 4934 21 16 29
246 85 92 70 22 44 40 1192 58 5 65 0 22 15 NA 15 NA 13 58 1 11 8 24 0 0 0 0 1 11 8 24 0 0 0 0 0 144 356 16107 4935 21 16 28
247 76 92 70 22 45 29 1209 55 15 66 0 22.5 15 NA 15 NA 3 55 1 11 10 23 0 0 0 0 1 11 10 23 0 0 0 0 1 146 356 16171 4934 22 15 29
248 83 91 73 18 43 37 1194 55 1 65 0 21 15 NA 15 NA 10 55 1 11 11 20 0 0 0 0 1 11 11 20 0 0 0 0 2 137 357 16248 4935 24 17 24
249 88 91 72 19 43 29 1199 49 8 63 0 20 14 NA 14 NA 5 49 2 10 11 20 0 0 0 0 2 10 11 20 0 0 0 0 4 141 360 16311 4937 24 16 23
250 86 89 70 19 44 34 1189 63 3 63 0 20 14.5 NA 14.5 NA 9 63 2 12 10 20 0 0 0 0 2 12 10 20 0 0 0 0 1 136 361 16377 4937 26 15 22
251 84 87 68 19 44 29 1219 54 6 63 0 21 14.5 NA 14.5 NA 5 54 2 9 12 21 0 0 0 0 2 9 12 21 0 0 0 0 0 156 363 16435 4937 23 17 23
252 72 86 68 18 43 30 1225 62 7 62 0 22 14 NA 14 NA 7 62 2 10 10 21 0 0 0 0 2 10 10 21 0 0 0 0 1 149 363 16501 4938 24 15 23
253 71 89 71 18 42 36 1227 61 3 62 0 22 14 NA 14 NA 11 61 2 8 12 20 0 0 0 0 2 8 12 20 0 0 0 0 2 149 365 16572 4938 22 18 22
254 78 91 72 19 44 32 1200 65 10 66 0 21 14 NA 14 NA 5 65 2 7 12 23 0 0 0 0 2 7 12 23 0 0 0 0 2 139 365 16650 4934 24 18 24
255 81 89 70 19 43 31 1196 55 5 65 0 21 14 NA 14 NA 7 55 0 7 15 21 0 0 0 0 0 7 15 21 0 0 0 0 1 137 367 16720 4935 24 19 22
256 84 88 70 18 44 28 1186 68 4 65 0 21.5 14 NA 14 NA 4 68 1 7 14 22 0 0 0 0 1 7 14 22 0 0 0 0 0 152 370 16792 4935 24 18 23
257 69 86 70 16 44 25 1155 57 4 63 0 22 14 NA 14 NA 2 57 1 8 13 22 0 0 0 0 1 8 13 22 0 0 0 0 1 129 372 16875 4937 23 18 22
258 70 86 70 16 44 26 1164 44 5 61 0 22 14 NA 14 NA 7 44 1 8 14 21 0 0 0 0 1 8 14 21 0 0 0 0 1 140 373 16946 4939 21 18 22
259 64 88 72 16 45 29 1149 55 4 61 0 23 14 NA 14 NA 8 55 1 6 16 22 0 0 0 0 1 6 16 22 0 0 0 0 2 125 374 17012 4939 19 19 23
260 69 88 72 16 45 30 1145 57 5 64 0 23.5 14 NA 14 NA 9 57 1 7 15 22 0 0 0 0 1 7 15 22 0 0 0 0 3 143 375 17080 4936 20 20 24
261 97 88 72 16 45 23 1151 38 9 66 0 23.5 14 NA 14 NA 4 38 0 8 16 21 0 0 0 0 0 8 16 21 0 0 0 0 1 134 377 17144 4934 22 22 22
262 79 90 74 16 47 29 1169 53 3 68 0 24 14 NA 14 NA 6 53 0 9 17 21 0 0 0 0 0 9 17 21 0 0 0 0 0 155 377 17211 4932 21 25 22
263 75 90 75 15 47 28 1185 60 5 66 0 24 14 NA 14 NA 5 60 0 10 13 24 0 0 0 0 0 10 13 24 0 0 0 0 2 178 378 17293 4934 21 20 25
264 64 91 77 14 47 25 1231 55 4 66 0 23 14 NA 14 NA 3 55 0 10 14 23 0 0 0 0 0 10 14 23 0 0 0 0 2 179 380 17354 4934 21 21 24
265 88 93 80 13 48 31 1204 69 3 69 0 23 14 NA 14 NA 9 69 0 10 13 25 0 0 0 0 0 10 13 25 0 0 0 0 1 136 381 17422 4931 24 19 26
266 65 97 82 15 47 37 1211 64 3 70 0 24 14 NA 14 NA 9 64 0 7 13 27 0 0 0 0 0 7 13 27 0 0 0 0 3 151 381 17477 4930 21 21 28
267 56 93 78 15 45 40 1226 52 8 67 0 24 14 NA 14 NA 10 52 0 5 15 25 0 0 0 0 0 5 15 25 0 0 0 0 0 142 382 17538 4933 19 22 26
268 72 93 78 15 45 35 1209 49 10 67 0 25 15 NA 15 NA 5 49 0 5 15 25 0 0 0 0 0 5 15 25 0 0 0 0 0 138 383 17620 4933 18 23 26
269 87 95 80 15 46 33 1243 55 6 66 0 25 15 NA 15 NA 4 55 0 6 13 27 0 0 0 0 0 6 13 27 0 0 0 0 3 171 383 17684 4934 18 21 27
270 75 94 79 15 45 35 1251 57 5 66 0 22 15 NA 15 NA 6 57 0 7 11 27 0 0 0 0 0 7 11 27 0 0 0 0 0 146 383 17747 4934 20 19 27
271 77 97 83 14 43 34 1238 65 4 66 0 22 15 NA 15 NA 6 65 0 7 9 27 0 0 0 0 0 7 9 27 0 0 0 0 3 146 386 17816 4934 22 17 27
272 76 97 83 14 43 37 1231 62 3 69 0 23 15 NA 15 NA 8 62 0 6 9 28 0 0 0 0 0 6 9 28 0 0 0 0 1 139 388 17875 4931 21 19 29
273 79 94 80 14 42 31 1233 60 7 68 0 23.5 15.5 NA 15.5 NA 4 60 1 4 10 27 0 0 0 0 1 4 10 27 0 0 0 0 1 162 391 17952 4932 21 19 28
274 80 93 79 14 43 29 1222 62 5 67 0 24 16 NA 16 NA 4 62 0 4 10 29 0 0 0 0 0 4 10 29 0 0 0 0 1 140 392 18028 4933 19 18 30
275 71 92 78 14 43 33 1183 55 3 68 0 25 16 NA 16 NA 6 55 0 4 11 28 0 0 0 0 0 4 11 28 0 0 0 0 0 121 393 18113 4932 20 19 29
276 91 92 77 15 43 30 1173 61 6 66 0 23.5 16 NA 16 NA 4 61 0 5 9 29 0 0 0 0 0 5 9 29 0 0 0 0 2 153 394 18200 4934 20 16 30
277 90 89 74 15 40 28 1186 57 3 66 0 24 16 NA 16 NA 3 57 0 3 10 27 0 0 0 0 0 3 10 27 0 0 0 0 0 155 396 18261 4934 20 17 29
278 64 89 75 14 39 31 1192 62 4 67 0 24 16 NA 16 NA 9 62 0 2 11 26 0 0 0 0 0 2 11 26 0 0 0 0 4 154 399 18328 4933 21 16 30
279 78 88 75 13 38 29 1206 69 7 64 0 24.5 16 NA 16 NA 7 69 0 3 9 26 0 0 0 0 0 3 9 26 0 0 0 0 1 166 401 18390 4936 19 15 30
280 73 88 74 14 38 30 1213 55 3 62 0 22.5 16 NA 16 NA 7 55 1 2 7 28 0 0 0 0 1 2 7 28 0 0 0 0 1 141 404 18451 4938 19 12 31
281 82 90 76 14 38 29 1181 66 7 64 0 22 16.5 NA 16.5 NA 8 66 1 2 8 27 0 0 0 0 1 2 8 27 0 0 0 0 1 126 406 18525 4936 21 13 30
282 78 88 76 12 37 22 1170 53 9 61 0 22 17 NA 17 NA 4 53 1 3 8 25 0 0 0 0 1 3 8 25 0 0 0 0 1 135 408 18592 4939 20 13 28
283 55 88 76 12 37 23 1171 56 4 65 0 23 17 NA 17 NA 6 56 1 4 8 24 0 0 0 0 1 4 8 24 0 0 0 0 0 141 409 18663 4935 23 15 27
284 83 87 76 11 35 28 1174 65 4 64 0 23 16 NA 16 NA 11 65 1 2 8 24 0 0 0 0 1 2 8 24 0 0 0 0 0 166 411 18736 4936 21 15 28
285 71 94 82 12 36 29 1159 51 6 63 0 20.5 16 NA 16 NA 8 51 3 2 7 24 0 0 0 0 3 2 7 24 0 0 0 0 5 136 411 18817 4937 19 16 28
286 81 93 78 15 36 25 1157 67 7 61 0 21 16 NA 16 NA 4 67 3 1 9 23 0 0 0 0 3 1 9 23 0 0 0 0 0 160 412 18886 4939 18 16 27
287 69 91 77 14 34 25 1197 58 5 61 0 22 16 NA 16 NA 7 58 2 1 8 23 0 0 0 0 2 1 8 23 0 0 0 0 1 172 415 18943 4939 18 16 27
288 82 89 75 14 34 21 1195 44 4 60 0 22 16 NA 16 NA 3 44 0 5 8 21 0 0 0 0 0 5 8 21 0 0 0 0 0 138 416 19018 4940 20 15 25
289 79 87 74 13 33 24 1197 55 4 57 0 20 16 NA 16 NA 7 55 0 5 6 22 0 0 0 0 0 5 6 22 0 0 0 0 1 135 416 19077 4943 17 15 25
290 65 85 71 14 33 22 1176 52 5 59 0 21 16 NA 16 NA 4 52 1 4 6 22 0 0 0 0 1 4 6 22 0 0 0 0 1 126 417 19147 4941 18 16 25
291 61 85 69 16 32 24 1160 59 4 59 0 22 16 NA 16 NA 6 59 1 4 5 22 0 0 0 0 1 4 5 22 0 0 0 0 1 137 418 19228 4941 19 15 25
292 61 87 71 16 32 28 1185 70 3 62 0 22 16 NA 16 NA 9 70 1 4 5 22 0 0 0 0 1 4 5 22 0 0 0 0 1 161 420 19280 4938 21 16 25
293 79 86 70 16 34 27 1169 72 5 63 0 22.5 16 NA 16 NA 5 72 2 5 6 21 0 0 0 0 2 5 6 21 0 0 0 0 0 147 421 19345 4937 21 17 25
294 75 85 70 15 31 31 1184 51 5 61 0 23 16 NA 16 NA 9 51 2 5 6 18 0 0 0 0 2 5 6 18 0 0 0 0 2 151 421 19406 4939 21 17 23
295 80 88 73 15 33 37 1187 63 7 62 0 24 16 NA 16 NA 10 63 2 5 8 18 0 0 0 0 2 5 8 18 0 0 0 0 3 152 421 19475 4938 17 21 24
296 78 93 77 16 36 35 1177 69 11 60 0 20 16 NA 16 NA 6 69 4 8 7 17 0 0 0 0 4 8 7 17 0 0 0 0 3 154 421 19553 4940 17 19 24
297 72 95 80 15 39 44 1182 68 5 69 0 21 16 NA 16 NA 14 68 1 14 6 18 0 0 0 0 1 14 6 18 0 0 0 0 2 155 422 19614 4931 26 18 25
298 66 91 76 15 36 43 1187 58 12 67 0 20 16 NA 16 NA 12 58 1 14 5 16 0 0 0 0 1 14 5 16 0 0 0 0 0 147 422 19681 4933 27 17 23
299 75 90 76 14 37 36 1174 50 9 65 0 21 16 NA 16 NA 4 50 1 13 7 16 0 0 0 0 1 13 7 16 0 0 0 0 0 134 424 19760 4935 24 18 23
300 72 89 75 14 38 39 1162 55 5 67 0 22 16 NA 16 NA 9 55 1 13 8 16 0 0 0 0 1 13 8 16 0 0 0 0 0 125 425 19822 4933 24 19 24
301 95 89 74 15 41 36 1181 58 8 66 0 23 16 NA 16 NA 5 58 1 14 8 18 0 0 0 0 1 14 8 18 0 0 0 0 0 154 426 19879 4934 24 16 26
302 80 89 74 15 40 35 1192 50 5 64 0 22 16 NA 16 NA 5 50 1 12 7 20 0 0 0 0 1 12 7 20 0 0 0 0 2 146 428 19941 4936 21 16 27
303 77 87 72 15 40 31 1198 59 6 63 0 23 16 NA 16 NA 5 59 1 11 9 19 0 0 0 0 1 11 9 19 0 0 0 0 1 140 430 20004 4937 21 17 25
304 65 87 73 14 40 38 1202 56 3 63 0 24 16 NA 16 NA 11 56 1 9 10 20 0 0 0 0 1 9 10 20 0 0 0 0 1 146 431 20073 4937 19 19 25
305 90 86 72 14 40 39 1155 71 8 61 0 24 16 NA 16 NA 11 71 1 8 10 21 0 0 0 0 1 8 10 21 0 0 0 0 0 123 432 20156 4939 17 19 25
306 69 85 70 15 39 42 1172 62 8 61 0 25 16 NA 16 NA 12 62 1 7 11 20 0 0 0 0 1 7 11 20 0 0 0 0 1 164 433 20222 4939 17 19 25
307 84 83 67 16 37 34 1178 55 9 61 0 22 16 NA 16 NA 4 55 0 9 9 19 0 0 0 0 0 9 9 19 0 0 0 0 1 145 437 20286 4939 20 14 27
308 80 84 69 15 38 34 1160 57 6 68 0 23 16.5 NA 16.5 NA 7 57 0 11 8 19 0 0 0 0 0 11 8 19 0 0 0 0 1 130 439 20360 4932 28 13 27
309 74 84 70 14 43 31 1154 52 9 69 0 24 16 NA 16 NA 6 52 1 7 15 20 0 0 0 0 1 7 15 20 0 0 0 0 1 132 440 20429 4931 21 21 27
310 76 83 69 14 45 37 1146 51 4 68 0 25 17 NA 17 NA 9 51 1 9 15 20 0 0 0 0 1 9 15 20 0 0 0 0 0 136 440 20504 4932 21 21 26
311 73 83 70 13 43 31 1162 59 6 68 0 26 16 NA 16 NA 3 59 1 9 13 20 0 0 0 0 1 9 13 20 0 0 0 0 2 149 442 20563 4932 23 19 26
312 80 82 68 14 41 38 1174 57 2 65 0 27 16 NA 16 NA 9 57 1 7 14 19 0 0 0 0 1 7 14 19 0 0 0 0 1 148 442 20624 4935 20 19 26
313 60 84 70 14 41 35 1166 55 8 66 0 28 16 NA 16 NA 8 55 1 7 14 19 0 0 0 0 1 7 14 19 0 0 0 0 0 144 444 20699 4934 21 19 26
314 85 84 70 14 41 37 1169 44 5 65 0 26 16 NA 16 NA 7 44 1 8 14 18 0 0 0 0 1 8 14 18 0 0 0 0 2 136 445 20766 4935 21 18 26
315 73 84 70 14 41 38 1158 54 4 66 0 27 16 NA 16 NA 5 54 1 8 13 19 0 0 0 0 1 8 13 19 0 0 0 0 1 127 445 20829 4934 21 18 27
316 80 85 71 14 43 37 1161 53 9 65 0 25 16 NA 16 NA 7 53 1 9 13 20 0 0 0 0 1 9 13 20 0 0 0 0 1 147 447 20897 4935 21 16 28
317 75 88 73 15 44 36 1201 49 5 67 0 24 16 NA 16 NA 7 49 1 10 11 22 0 0 0 0 1 10 11 22 0 0 0 0 2 157 451 20946 4933 23 14 30
318 76 86 71 15 42 38 1172 65 3 64 0 23 16 NA 16 NA 7 65 1 10 12 19 0 0 0 0 1 10 12 19 0 0 0 0 1 129 453 21024 4936 23 15 26
319 72 87 71 16 42 37 1160 55 5 65 0 24 16 NA 16 NA 6 55 0 9 14 19 0 0 0 0 0 9 14 19 0 0 0 0 0 141 455 21099 4935 20 18 27
320 71 93 77 16 42 35 1192 51 6 66 0 24 16 NA 16 NA 6 51 0 7 16 19 0 0 0 0 0 7 16 19 0 0 0 0 2 159 457 21159 4934 15 25 26
321 69 93 78 15 41 36 1176 59 7 65 0 25 16 NA 16 NA 7 59 0 7 10 24 0 0 0 0 0 7 10 24 0 0 0 0 1 137 458 21231 4935 14 19 32
322 80 97 82 15 42 34 1135 61 6 65 0 26 16 NA 16 NA 6 61 0 7 11 24 0 0 0 0 0 7 11 24 0 0 0 0 1 106 459 21296 4935 14 19 32
323 94 96 80 16 42 31 1134 56 5 64 0 25 16.5 NA 16.5 NA 4 56 0 6 14 22 0 0 0 0 0 6 14 22 0 0 0 0 0 145 461 21366 4936 14 21 29
324 87 96 80 16 45 34 1113 59 5 65 0 26 17 NA 17 NA 6 59 1 7 13 24 0 0 0 0 1 7 13 24 0 0 0 0 0 135 461 21437 4935 15 19 31
325 77 94 78 16 46 29 1136 42 7 66 0 27 17 NA 17 NA 4 42 1 7 15 23 0 0 0 0 1 7 15 23 0 0 0 0 0 156 464 21512 4934 16 20 30
326 77 95 79 16 46 29 1159 54 0 68 0 27 17 NA 17 NA 6 54 1 6 15 24 0 0 0 0 1 6 15 24 0 0 0 0 1 156 468 21578 4932 17 20 31
327 86 99 83 16 43 31 1163 54 3 66 0 24 17 NA 17 NA 6 54 0 5 15 23 0 0 0 0 0 5 15 23 0 0 0 0 5 138 468 21635 4934 16 20 30
328 63 100 84 16 43 29 1150 64 6 67 0 23.5 18 NA 18 NA 5 64 0 5 14 24 0 0 0 0 0 5 14 24 0 0 0 0 1 132 470 21702 4933 17 19 31
329 67 100 83 17 45 34 1138 67 5 71 0 24.5 17 NA 17 NA 10 67 0 5 16 24 0 0 0 0 0 5 16 24 0 0 0 0 1 144 472 21777 4929 19 21 31
330 78 104 84 20 46 31 1157 59 11 71 0 23.5 17 NA 17 NA 6 59 0 5 16 25 0 0 0 0 0 5 16 25 0 0 0 0 4 158 472 21834 4929 19 21 31
331 79 104 84 20 47 36 1133 67 3 72 0 24 17 NA 17 NA 9 67 0 4 15 28 0 0 0 0 0 4 15 28 0 0 0 0 0 125 472 21896 4928 19 18 35
332 80 105 83 22 49 32 1111 52 9 77 0 24 17 NA 17 NA 6 52 0 7 10 32 0 0 0 0 0 7 10 32 0 0 0 0 1 136 475 21980 4923 24 13 40
333 77 107 84 23 48 31 1134 47 8 75 0 21 17 NA 17 NA 7 47 0 7 9 32 0 0 0 0 0 7 9 32 0 0 0 0 4 150 476 22044 4925 24 11 40
334 70 104 81 23 47 34 1149 64 4 76 0 22.5 17 NA 17 NA 10 64 0 7 9 31 0 0 0 0 0 7 9 31 0 0 0 0 0 143 477 22098 4924 26 11 39
335 80 105 82 23 50 35 1145 51 8 76 0 22 16.5 NA 16.5 NA 9 51 0 9 9 32 0 0 0 0 0 9 9 32 0 0 0 0 1 131 479 22167 4924 26 11 39
336 68 106 82 24 48 34 1156 52 6 74 0 21 16 NA 16 NA 6 52 0 8 10 30 0 0 0 0 0 8 10 30 0 0 0 0 2 134 480 22221 4926 25 12 37
337 81 107 83 24 49 30 1145 52 9 73 0 21 17 NA 17 NA 4 52 0 9 10 30 0 0 0 0 0 9 10 30 0 0 0 0 1 136 481 22296 4927 23 13 37
338 76 106 82 24 48 39 1138 69 3 72 0 21 16.5 NA 16.5 NA 13 69 0 9 8 31 0 0 0 0 0 9 8 31 0 0 0 0 1 149 481 22361 4928 22 12 38
339 73 108 83 25 48 38 1160 56 6 79 0 21.5 16.5 NA 16.5 NA 4 56 0 9 7 32 0 0 0 0 0 9 7 32 0 0 0 0 3 164 481 22434 4921 29 11 39
340 67 108 83 25 49 35 1204 51 5 80 0 22 16 NA 16 NA 3 51 0 9 8 32 0 0 0 0 0 9 8 32 0 0 0 0 3 163 483 22493 4920 29 13 38
341 69 106 81 25 49 38 1207 58 3 78 0 22 16 NA 16 NA 6 58 0 9 7 33 0 0 0 0 0 9 7 33 0 0 0 0 2 149 484 22561 4922 28 11 39
342 90 108 83 25 52 38 1182 55 10 81 0 22 16.5 NA 16.5 NA 8 55 0 13 7 32 0 0 0 0 0 13 7 32 0 0 0 0 2 121 484 22627 4919 31 12 38
343 67 106 83 23 53 41 1170 64 8 79 0 23 16 NA 16 NA 10 64 0 12 7 34 0 0 0 0 0 12 7 34 0 0 0 0 0 131 485 22693 4921 28 12 39
344 86 113 90 23 54 40 1187 48 10 81 0 24 16 NA 16 NA 9 48 0 8 12 34 0 0 0 0 0 8 12 34 0 0 0 0 3 151 485 22755 4919 23 19 39
345 87 112 89 23 51 43 1199 53 2 83 0 23.5 16 NA 16 NA 10 53 0 7 13 31 0 0 0 0 0 7 13 31 0 0 0 0 1 155 487 22826 4917 27 20 36
346 81 114 92 22 51 38 1181 58 7 81 0 23.5 16 NA 16 NA 4 58 1 5 15 30 0 0 0 0 1 5 15 30 0 0 0 0 3 130 489 22893 4919 24 22 35
347 70 115 92 23 52 41 1205 57 5 82 0 24 16.5 NA 16.5 NA 12 57 1 6 16 29 0 0 0 0 1 6 16 29 0 0 0 0 2 158 492 22949 4918 24 23 35
348 74 116 94 22 52 42 1199 65 5 83 0 21.5 16 NA 16 NA 8 65 0 8 15 29 0 0 0 0 0 8 15 29 0 0 0 0 2 162 494 23028 4917 26 22 35
349 82 116 93 23 53 35 1216 49 11 82 0 22 16 NA 16 NA 6 49 1 9 15 28 0 0 0 0 1 9 15 28 0 0 0 0 4 145 495 23081 4918 27 20 35
350 94 115 90 25 51 39 1209 71 6 81 0 23 16 NA 16 NA 10 71 1 9 14 27 0 0 0 0 1 9 14 27 0 0 0 0 0 153 496 23151 4919 27 20 34
351 76 115 90 25 51 32 1182 43 10 80 0 24 16 NA 16 NA 5 43 1 6 18 26 0 0 0 0 1 6 18 26 0 0 0 0 3 132 498 23243 4920 20 27 33
352 79 114 91 23 49 34 1171 71 6 79 0 24.5 16 NA 16 NA 8 71 1 7 16 25 0 0 0 0 1 7 16 25 0 0 0 0 4 158 499 23315 4921 20 27 32
353 78 114 92 22 51 30 1163 62 9 80 0 25 16 NA 16 NA 5 62 1 7 16 27 0 0 0 0 1 7 16 27 0 0 0 0 0 153 500 23389 4920 21 25 34
354 76 114 92 22 52 31 1182 58 4 82 0 25.5 16 NA 16 NA 5 58 2 7 16 27 0 0 0 0 2 7 16 27 0 0 0 0 0 157 500 23451 4918 22 25 35
355 69 113 91 22 53 33 1201 58 6 81 0 25 16 NA 16 NA 6 58 2 7 16 28 0 0 0 0 2 7 16 28 0 0 0 0 1 154 501 23508 4919 22 25 34
356 82 114 92 22 54 37 1174 67 6 84 0 25.5 16 NA 16 NA 9 67 1 9 12 32 0 0 0 0 1 9 12 32 0 0 0 0 2 135 502 23583 4916 24 21 39
357 78 115 91 24 52 36 1168 49 5 81 0 24 16 NA 16 NA 4 49 1 9 12 30 0 0 0 0 1 9 12 30 0 0 0 0 3 134 504 23649 4919 22 23 36
358 65 114 92 22 55 27 1188 71 8 84 0 25 16 NA 16 NA 3 71 0 13 11 31 0 0 0 0 0 13 11 31 0 0 0 0 0 165 508 23706 4916 26 21 37
359 87 112 92 20 54 32 1184 60 3 83 0 25 15.5 NA 15.5 NA 8 60 0 12 11 31 0 0 0 0 0 12 11 31 0 0 0 0 1 149 509 23775 4917 25 21 37
360 74 111 91 20 55 31 1192 57 4 83 0 27 16 NA 16 NA 7 57 1 11 12 31 0 0 0 0 1 11 12 31 0 0 0 0 1 149 511 23843 4917 22 24 37
