1 55 1 1 0 0 2 209 11 0 0 0 0 NA NA NA NA 2 11 0 0 0 0 0 0 0 0 0 0 0 0 0 0 0 0 0 221 0 0 5000 0 0 0
2 59 1 1 0 0 3 366 15 0 0 0 1 NA NA NA NA 1 15 0 0 0 0 0 0 0 0 0 0 0 0 0 0 0 0 0 174 0 0 5000 0 0 0
3 64 3 2 1 0 7 531 33 0 0 0 0 NA NA NA NA 4 33 0 0 0 0 0 0 0 0 0 0 0 0 0 0 0 0 1 205 0 0 5000 0 0 0
4 72 5 4 1 0 6 661 37 2 0 0 1 NA NA NA NA 1 37 0 0 0 0 0 0 0 0 0 0 0 0 0 0 0 0 1 176 0 0 5000 0 0 0
5 67 7 6 1 0 8 763 44 0 0 0 1 NA NA NA NA 2 44 0 0 0 0 0 0 0 0 0 0 0 0 0 0 0 0 1 155 0 0 5000 0 0 0
6 69 7 6 1 0 11 896 44 2 0 0 2 NA NA NA NA 5 44 0 0 0 0 0 0 0 0 0 0 0 0 0 0 0 0 0 196 0 0 5000 0 0 0
7 57 9 8 1 0 14 988 55 3 0 0 3 NA NA NA NA 6 55 0 0 0 0 0 0 0 0 0 0 0 0 0 0 0 0 1 161 0 0 5000 0 0 0
8 63 11 10 1 0 15 1094 47 5 0 0 3 NA NA NA NA 6 47 0 0 0 0 0 0 0 0 0 0 0 0 0 0 0 0 1 171 0 0 5000 0 0 0
9 54 11 10 1 0 15 1178 55 4 0 0 4 NA NA NA NA 4 55 0 0 0 0 0 0 0 0 0 0 0 0 0 0 0 0 0 154 0 0 5000 0 0 0
10 59 11 10 1 0 24 1235 58 0 0 0 5 NA NA NA NA 9 58 0 0 0 0 0 0 0 0 0 0 0 0 0 0 0 0 0 128 0 0 5000 0 0 0
11 57 14 12 2 0 22 1295 67 4 0 0 5 NA NA NA NA 2 67 0 0 0 0 0 0 0 0 0 0 0 0 0 0 0 0 3 141 0 0 5000 0 0 0
12 53 14 12 2 0 30 1371 64 3 0 0 5 NA NA NA NA 11 64 0 0 0 0 0 0 0 0 0 0 0 0 0 0 0 0 1 148 0 0 5000 0 0 0
13 213 19 10 9 0 30 1276 66 4 1 0 2 NA NA NA NA 7 66 0 0 0 0 0 0 0 0 0 0 0 0 0 0 0 0 0 150 0 120 4999 1 0 0
14 67 21 12 9 0 31 1246 61 7 1 0 3 NA NA NA NA 8 61 0 0 0 0 0 0 0 0 0 0 0 0 0 0 0 0 1 137 0 201 4999 1 0 0
15 68 23 14 9 0 30 1216 52 5 3 0 3 NA NA NA NA 4 52 0 0 0 0 0 0 0 0 0 0 0 0 0 0 0 0 0 143 0 298 4997 3 0 0
16 66 25 15 10 0 29 1196 60 4 4 0 3 NA NA NA NA 6 60 0 0 0 0 0 0 0 0 0 0 0 0 0 0 0 0 1 145 3 382 4996 4 0 0
17 55 28 17 11 2 32 1203 68 5 6 0 4 14 NA 14 NA 9 68 0 2 0 0 0 0 0 0 0 2 0 0 0 0 0 0 3 153 4 449 4994 6 0 0
18 60 33 22 11 2 39 1182 66 4 6 0 5 14 NA 14 NA 11 66 0 2 0 0 0 0 0 0 0 2 0 0 0 0 0 0 3 136 4 532 4994 6 0 0
19 78 38 22 16 3 34 1183 57 9 8 0 5 16 NA 16 NA 4 57 0 3 0 0 0 0 0 0 0 3 0 0 0 0 0 0 1 155 5 605 4992 8 0 0
20 69 41 25 16 4 36 1174 42 5 9 0 5 14.5 NA 14.5 NA 8 42 0 4 0 0 0 0 0 0 0 4 0 0 0 0 0 0 1 133 6 688 4991 9 0 0
21 50 42 26 16 4 39 1166 63 3 9 0 6 14.5 NA 14.5 NA 8 63 0 4 0 0 0 0 0 0 0 4 0 0 0 0 0 0 1 140 8 762 4991 9 0 0
22 64 43 27 16 5 42 1184 60 5 9 0 7 13 NA 13 NA 9 60 1 4 0 0 0 0 0 0 1 4 0 0 0 0 0 0 0 149 9 816 4991 9 0 0
23 62 42 27 15 6 38 1198 62 5 9 0 7.5 12.5 NA 12.5 NA 4 62 2 4 0 0 0 0 0 0 2 4 0 0 0 0 0 0 1 154 12 874 4991 9 0 0
24 56 44 29 15 8 35 1191 55 8 10 0 8 12.5 NA 12.5 NA 6 55 3 5 0 0 0 0 0 0 3 5 0 0 0 0 0 0 1 131 13 945 4990 10 0 0
25 208 47 32 15 10 34 1142 51 10 17 0 8 12.5 NA 12.5 NA 11 51 2 7 1 0 0 0 0 0 2 7 1 0 0 0 0 0 2 141 16 1019 4983 16 1 0
26 79 50 33 17 10 35 1155 52 2 19 0 9 12.5 NA 12.5 NA 5 52 1 8 1 0 0 0 0 0 1 8 1 0 0 0 0 0 3 162 18 1088 4981 18 1 0
27 72 56 39 17 10 35 1160 52 2 21 0 9 12.5 NA 12.5 NA 4 52 0 8 2 0 0 0 0 0 0 8 2 0 0 0 0 0 4 143 20 1156 4979 18 3 0
28 62 56 39 17 10 36 1175 51 3 23 0 10 12.5 NA 12.5 NA 6 51 0 7 3 0 0 0 0 0 0 7 3 0 0 0 0 0 0 150 20 1219 4977 19 4 0
29 61 59 41 18 10 41 1163 55 2 25 0 11 12.5 NA 12.5 NA 9 55 0 7 3 0 0 0 0 0 0 7 3 0 0 0 0 0 3 130 22 1293 4975 20 5 0
30 66 60 41 19 12 41 1164 64 5 29 0 11 14.5 NA 14.5 NA 6 64 0 9 3 0 0 0 0 0 0 9 3 0 0 0 0 0 2 150 23 1364 4971 24 5 0
31 68 65 45 20 12 38 1168 63 6 33 0 12 14.5 NA 14.5 NA 5 63 0 7 5 0 0 0 0 0 0 7 5 0 0 0 0 0 4 156 25 1436 4967 26 7 0
32 52 68 45 23 14 33 1186 63 11 36 0 12 14.5 NA 14.5 NA 7 63 0 9 5 0 0 0 0 0 0 9 5 0 0 0 0 0 1 151 26 1493 4964 29 7 0
33 59 69 47 22 15 28 1200 45 8 36 0 13 16 NA 16 NA 5 45 0 9 6 0 0 0 0 0 0 9 6 0 0 0 0 0 2 138 29 1554 4964 29 7 0
34 54 69 47 22 15 24 1206 63 5 36 0 13 16 NA 16 NA 1 63 0 10 5 0 0 0 0 0 0 10 5 0 0 0 0 0 1 144 31 1620 4964 30 6 0
35 64 69 49 20 15 28 1218 58 3 35 0 12 16 NA 16 NA 10 58 0 10 5 0 0 0 0 0 0 10 5 0 0 0 0 0 2 144 33 1684 4965 28 7 0
36 68 68 48 20 15 30 1231 65 3 37 0 13.5 16 NA 16 NA 8 65 0 10 5 0 0 0 0 0 0 10 5 0 0 0 0 0 0 159 34 1745 4963 29 8 0
37 166 66 46 20 18 24 1210 59 12 37 0 13.5 12.5 NA 12.5 NA 6 59 2 10 6 0 0 0 0 0 2 10 6 0 0 0 0 0 0 151 34 1810 4963 26 11 0
38 70 70 50 20 20 24 1200 57 5 40 0 13.5 13.5 NA 13.5 NA 8 57 1 11 8 0 0 0 0 0 1 11 8 0 0 0 0 0 0 145 38 1885 4960 27 13 0
39 77 70 50 20 20 29 1156 75 5 45 0 14 13.5 NA 13.5 NA 11 75 1 10 7 2 0 0 0 0 1 10 7 2 0 0 0 0 1 124 39 1953 4955 30 13 2
40 64 70 50 20 20 27 1147 58 7 45 0 15 13.5 NA 13.5 NA 3 58 1 9 8 2 0 0 0 0 1 9 8 2 0 0 0 0 1 130 39 2017 4955 28 15 2
41 62 70 51 19 22 25 1167 54 6 48 0 15.5 14 NA 14 NA 7 54 0 9 11 2 0 0 0 0 0 9 11 2 0 0 0 0 0 157 41 2087 4952 28 17 3
42 60 70 52 18 22 26 1167 53 3 50 0 16.5 14 NA 14 NA 5 53 0 8 12 2 0 0 0 0 0 8 12 2 0 0 0 0 0 137 43 2157 4950 26 21 3
43 63 74 56 18 25 24 1165 62 6 55 0 17 16 NA 16 NA 5 62 0 10 11 4 0 0 0 0 0 10 11 4 0 0 0 0 3 138 43 2225 4945 29 21 5
44 64 75 58 17 25 27 1191 48 3 55 0 17 16 NA 16 NA 6 48 0 9 12 4 0 0 0 0 0 9 12 4 0 0 0 0 0 155 43 2293 4945 28 22 5
45 65 73 58 15 23 27 1204 58 3 53 0 18 14 NA 14 NA 5 58 0 8 12 3 0 0 0 0 0 8 12 3 0 0 0 0 1 157 44 2366 4947 27 22 4
46 60 76 60 16 24 29 1189 67 5 54 0 19 15 NA 15 NA 7 67 0 9 12 3 0 0 0 0 0 9 12 3 0 0 0 0 2 131 45 2426 4946 27 23 4
47 63 80 63 17 26 31 1202 54 5 55 0 19 16.5 NA 16.5 NA 6 54 0 9 13 4 0 0 0 0 0 9 13 4 0 0 0 0 3 157 45 2502 4945 27 23 5
48 67 80 63 17 26 35 1212 54 5 55 0 19 16.5 NA 16.5 NA 7 54 0 8 14 4 0 0 0 0 0 8 14 4 0 0 0 0 2 150 46 2572 4945 26 24 5
49 138 79 63 16 28 31 1210 51 9 55 0 20 17 NA 17 NA 6 51 0 8 14 6 0 0 0 0 0 8 14 6 0 0 0 0 1 156 46 2645 4945 25 22 8
50 78 78 63 15 27 34 1199 67 4 57 0 21 17 NA 17 NA 10 67 0 6 13 8 0 0 0 0 0 6 13 8 0 0 0 0 1 139 49 2706 4943 25 22 10
51 85 76 62 14 25 33 1208 66 6 54 0 20.5 17 NA 17 NA 7 66 0 4 15 6 0 0 0 0 0 4 15 6 0 0 0 0 1 156 51 2769 4946 21 25 8
52 66 76 62 14 27 35 1187 61 3 54 0 21.5 17 NA 17 NA 6 61 1 4 15 7 0 0 0 0 1 4 15 7 0 0 0 0 0 122 52 2832 4946 21 23 10
53 77 74 61 13 27 40 1174 62 4 54 0 22.5 17 NA 17 NA 10 62 1 3 15 8 0 0 0 0 1 3 15 8 0 0 0 0 0 142 53 2899 4946 19 24 11
54 77 73 60 13 25 39 1174 53 3 53 0 23 18 NA 18 NA 5 53 1 2 14 8 0 0 0 0 1 2 14 8 0 0 0 0 0 145 55 2972 4947 18 21 14
55 69 75 61 14 24 43 1191 70 8 55 0 24 18 NA 18 NA 13 70 0 2 13 9 0 0 0 0 0 2 13 9 0 0 0 0 3 168 56 3039 4945 17 23 15
56 73 72 59 13 23 45 1175 64 4 54 0 24.5 18 NA 18 NA 5 64 0 2 11 10 0 0 0 0 0 2 11 10 0 0 0 0 1 140 56 3113 4946 17 21 16
57 59 72 59 13 24 44 1168 48 3 53 0 25.5 18 NA 18 NA 3 48 0 3 11 10 0 0 0 0 0 3 11 10 0 0 0 0 1 130 58 3189 4947 15 22 16
58 71 75 59 16 26 46 1196 48 6 55 0 25 18 NA 18 NA 7 48 0 4 12 10 0 0 0 0 0 4 12 10 0 0 0 0 1 147 59 3247 4945 17 21 17
59 61 77 61 16 29 42 1176 60 7 58 0 24 17 NA 17 NA 6 60 2 5 12 10 0 0 0 0 2 5 12 10 0 0 0 0 0 136 62 3330 4942 19 21 18
60 60 80 63 17 32 41 1177 63 8 59 0 22 17 NA 17 NA 10 63 2 8 11 11 0 0 0 0 2 8 11 11 0 0 0 0 1 149 66 3400 4941 21 19 19
61 122 79 61 18 32 40 1178 69 6 57 0 23 17 NA 17 NA 6 69 2 7 9 14 0 0 0 0 2 7 9 14 0 0 0 0 1 153 67 3459 4943 19 18 20
62 84 79 62 17 35 44 1171 53 7 58 0 24 17 NA 17 NA 9 53 2 7 10 16 0 0 0 0 2 7 10 16 0 0 0 0 1 126 67 3521 4942 16 20 22
63 69 78 61 17 34 41 1149 77 9 57 0 24.5 17 NA 17 NA 9 77 1 7 8 18 0 0 0 0 1 7 8 18 0 0 0 0 0 150 69 3598 4943 17 16 24
64 69 79 62 17 35 40 1191 39 6 57 0 24 17 NA 17 NA 5 39 1 8 9 17 0 0 0 0 1 8 9 17 0 0 0 0 1 151 70 3646 4943 17 17 23
65 47 78 63 15 36 37 1202 43 8 55 0 24 17 NA 17 NA 6 43 2 8 8 18 0 0 0 0 2 8 8 18 0 0 0 0 1 130 72 3709 4945 16 15 24
66 71 77 63 14 37 45 1166 67 5 53 0 24 17 NA 17 NA 13 67 2 8 10 17 0 0 0 0 2 8 10 17 0 0 0 0 1 123 74 3774 4947 14 15 24
67 52 79 65 14 37 37 1154 49 10 54 0 23 18 NA 18 NA 2 49 2 6 8 21 0 0 0 0 2 6 8 21 0 0 0 0 2 136 74 3858 4946 15 12 27
68 70 79 65 14 37 32 1172 54 3 55 0 24 18 NA 18 NA 6 54 1 5 10 21 0 0 0 0 1 5 10 21 0 0 0 0 0 151 81 3920 4945 14 13 28
69 61 82 68 14 36 29 1198 47 3 55 0 22.5 18 NA 18 NA 1 47 0 5 9 22 0 0 0 0 0 5 9 22 0 0 0 0 4 148 82 3980 4945 15 12 28
70 58 81 67 14 35 30 1199 55 1 57 0 23 18 NA 18 NA 4 55 0 4 10 21 0 0 0 0 0 4 10 21 0 0 0 0 0 142 84 4052 4943 17 13 27
71 86 82 68 14 35 34 1172 61 2 57 0 24 18 NA 18 NA 10 61 0 3 11 21 0 0 0 0 0 3 11 21 0 0 0 0 1 123 86 4118 4943 15 15 27
72 67 82 68 14 35 31 1173 65 9 60 0 25 18 NA 18 NA 8 65 0 2 12 21 0 0 0 0 0 2 12 21 0 0 0 0 0 148 88 4186 4940 17 16 27
73 101 81 67 14 35 34 1177 57 4 61 0 26 18 NA 18 NA 8 57 0 2 12 21 0 0 0 0 0 2 12 21 0 0 0 0 0 153 89 4258 4939 19 14 28
74 70 82 68 14 35 30 1157 59 9 59 0 23 18 NA 18 NA 5 59 0 3 10 22 0 0 0 0 0 3 10 22 0 0 0 0 1 132 90 4332 4941 19 12 28
75 63 79 66 13 36 28 1164 49 5 59 0 24 18 NA 18 NA 4 49 0 3 11 22 0 0 0 0 0 3 11 22 0 0 0 0 0 140 93 4401 4941 19 13 27
76 73 83 68 15 36 33 1165 60 5 60 0 21 18 NA 18 NA 12 60 0 3 10 23 0 0 0 0 0 3 10 23 0 0 0 0 4 145 95 4470 4940 20 12 28
77 68 83 68 15 36 25 1183 47 9 61 0 22 18 NA 18 NA 4 47 0 3 10 23 0 0 0 0 0 3 10 23 0 0 0 0 0 145 98 4531 4939 21 12 28
78 63 82 68 14 38 32 1178 68 6 61 0 23 18.5 NA 18.5 NA 12 68 0 4 9 25 0 0 0 0 0 4 9 25 0 0 0 0 1 139 99 4592 4939 21 11 29
79 74 86 72 14 40 33 1187 49 7 65 0 23.5 18 NA 18 NA 7 49 0 6 7 27 0 0 0 0 0 6 7 27 0 0 0 0 4 160 101 4662 4935 22 12 31
80 79 87 72 15 42 34 1191 54 11 63 0 22 18.5 NA 18.5 NA 10 54 1 6 8 27 0 0 0 0 1 6 8 27 0 0 0 0 2 135 102 4724 4937 21 11 31
81 72 88 73 15 44 33 1159 56 5 65 0 22.5 18 NA 18 NA 6 56 1 9 8 26 0 0 0 0 1 9 8 26 0 0 0 0 1 118 104 4804 4935 23 12 30
82 54 91 76 15 45 34 1185 49 9 64 0 22 18 NA 18 NA 10 49 1 10 8 26 0 0 0 0 1 10 8 26 0 0 0 0 3 152 104 4868 4936 21 13 30
83 63 91 76 15 46 30 1207 47 10 67 0 23 18 NA 18 NA 6 47 2 9 7 28 0 0 0 0 2 9 7 28 0 0 0 0 2 144 104 4928 4933 23 11 33
84 80 93 79 14 45 32 1191 61 1 67 0 24 18 NA 18 NA 5 61 2 8 8 27 0 0 0 0 2 8 8 27 0 0 0 0 2 145 107 5006 4933 20 15 32
85 108 93 79 14 43 33 1166 63 4 65 0 24 18 NA 18 NA 8 63 2 6 10 25 0 0 0 0 2 6 10 25 0 0 0 0 0 143 109 5079 4935 18 17 30
86 79 90 76 14 43 35 1155 59 4 65 0 23 18 NA 18 NA 6 59 3 7 9 24 0 0 0 0 3 7 9 24 0 0 0 0 1 135 109 5148 4935 21 17 27
87 81 91 75 16 40 35 1157 68 7 63 0 22 18 NA 18 NA 8 68 2 5 9 24 0 0 0 0 2 5 9 24 0 0 0 0 2 155 110 5211 4937 19 17 27
88 60 90 73 17 40 36 1170 58 4 63 0 21.5 18 NA 18 NA 4 58 2 7 9 22 0 0 0 0 2 7 9 22 0 0 0 0 2 162 110 5288 4937 20 18 25
89 76 92 75 17 41 38 1179 52 5 63 0 22 18 NA 18 NA 11 52 2 6 10 23 0 0 0 0 2 6 10 23 0 0 0 0 2 152 113 5359 4937 19 19 25
90 75 95 78 17 42 40 1202 58 6 62 0 23 18 NA 18 NA 9 58 3 5 11 23 0 0 0 0 3 5 11 23 0 0 0 0 3 162 114 5423 4938 18 19 25
91 64 94 78 16 41 37 1205 61 9 64 0 23 18 NA 18 NA 6 61 1 5 13 22 0 0 0 0 1 5 13 22 0 0 0 0 1 151 115 5492 4936 17 21 26
92 65 93 77 16 41 39 1225 58 8 65 0 23 18 NA 18 NA 12 58 1 7 12 21 0 0 0 0 1 7 12 21 0 0 0 0 0 156 117 5552 4935 20 20 25
93 58 96 81 15 41 39 1250 66 7 64 0 20 18 NA 18 NA 11 66 1 7 13 20 0 0 0 0 1 7 13 20 0 0 0 0 4 163 121 5611 4936 20 21 23
94 76 98 82 16 42 33 1232 63 11 64 0 18 18 NA 18 NA 3 63 1 9 13 19 0 0 0 0 1 9 13 19 0 0 0 0 5 148 121 5689 4936 24 18 22
95 73 96 81 15 40 34 1223 58 6 64 0 19 18 NA 18 NA 7 58 0 10 12 18 0 0 0 0 0 10 12 18 0 0 0 0 0 141 121 5763 4936 23 20 21
96 84 98 83 15 41 42 1222 67 3 65 0 17 18 NA 18 NA 10 67 0 9 12 20 0 0 0 0 0 9 12 20 0 0 0 0 3 150 122 5822 4935 25 18 22
97 90 99 84 15 42 39 1220 55 8 65 0 17 18 NA 18 NA 7 55 0 10 10 22 0 0 0 0 0 10 10 22 0 0 0 0 1 148 123 5888 4935 27 15 23
98 71 100 85 15 41 37 1220 55 7 64 0 17.5 19 NA 19 NA 7 55 0 6 13 22 0 0 0 0 0 6 13 22 0 0 0 0 3 140 126 5952 4936 23 18 23
99 77 101 86 15 41 41 1235 73 3 67 0 18 19 NA 19 NA 9 73 0 7 11 23 0 0 0 0 0 7 11 23 0 0 0 0 0 173 127 6018 4933 27 16 24
100 72 103 88 15 41 41 1224 64 5 68 0 18 18 NA 18 NA 7 64 0 7 12 22 0 0 0 0 0 7 12 22 0 0 0 0 1 140 129 6089 4932 27 17 24
101 67 103 88 15 43 41 1234 55 8 68 0 19 19 NA 19 NA 8 55 0 8 12 23 0 0 0 0 0 8 12 23 0 0 0 0 1 155 130 6156 4932 28 16 24
102 68 105 90 15 45 48 1237 68 7 71 0 19 18 NA 18 NA 16 68 2 8 11 24 0 0 0 0 2 8 11 24 0 0 0 0 2 157 132 6229 4929 31 15 25
103 66 106 91 15 45 58 1218 65 5 71 0 19.5 19 NA 19 NA 16 65 2 5 11 27 0 0 0 0 2 5 11 27 0 0 0 0 0 142 133 6304 4929 28 15 28
104 59 108 92 16 43 55 1218 55 8 69 0 19 18 NA 18 NA 8 55 2 5 12 24 0 0 0 0 2 5 12 24 0 0 0 0 4 147 135 6380 4931 26 18 25
105 53 109 93 16 44 49 1206 60 6 75 0 20 18 NA 18 NA 4 60 2 6 10 26 0 0 0 0 2 6 10 26 0 0 0 0 1 139 139 6457 4925 31 17 27
106 73 108 93 15 44 42 1191 53 8 75 0 19 18.5 NA 18.5 NA 4 53 3 7 9 25 0 0 0 0 3 7 9 25 0 0 0 0 1 123 143 6525 4925 30 19 26
107 70 106 92 14 46 44 1187 62 6 72 0 20 18 NA 18 NA 6 62 3 8 11 24 0 0 0 0 3 8 11 24 0 0 0 0 2 146 144 6592 4928 28 18 26
108 74 103 90 13 44 41 1178 64 8 72 0 21 18.5 NA 18.5 NA 8 64 2 8 12 22 0 0 0 0 2 8 12 22 0 0 0 0 1 139 146 6660 4928 27 21 24
109 94 107 93 14 46 39 1166 49 8 76 0 21 18.5 NA 18.5 NA 4 49 2 9 13 22 0 0 0 0 2 9 13 22 0 0 0 0 2 127 146 6728 4924 29 23 24
110 70 105 91 14 46 38 1165 48 3 77 0 22 18.5 NA 18.5 NA 4 48 1 10 10 25 0 0 0 0 1 10 10 25 0 0 0 0 0 134 149 6801 4923 29 21 27
111 68 104 89 15 45 39 1161 60 4 77 0 23 18 NA 18 NA 5 60 1 8 12 24 0 0 0 0 1 8 12 24 0 0 0 0 1 147 150 6872 4923 26 25 26
112 66 103 88 15 45 38 1193 55 7 79 0 23 18 NA 18 NA 8 55 0 8 14 23 0 0 0 0 0 8 14 23 0 0 0 0 0 161 152 6933 4921 28 25 26
113 78 102 87 15 47 37 1202 50 9 80 0 23.5 17 NA 17 NA 7 50 0 10 15 22 0 0 0 0 0 10 15 22 0 0 0 0 0 147 154 7003 4920 29 26 25
114 88 98 86 12 44 39 1188 61 6 78 0 23.5 18.5 NA 18.5 NA 10 61 0 9 16 19 0 0 0 0 0 9 16 19 0 0 0 0 0 144 154 7082 4922 29 28 21
115 70 101 89 12 45 38 1177 57 6 77 0 22 19 NA 19 NA 6 57 0 11 13 21 0 0 0 0 0 11 13 21 0 0 0 0 1 139 156 7160 4923 28 25 24
116 66 102 88 14 46 35 1162 56 7 81 0 23 19 NA 19 NA 8 56 0 13 12 21 0 0 0 0 0 13 12 21 0 0 0 0 2 137 161 7234 4919 33 23 25
117 71 103 89 14 50 36 1176 49 8 82 0 24 19 NA 19 NA 6 49 0 14 14 22 0 0 0 0 0 14 14 22 0 0 0 0 0 146 162 7295 4918 30 26 26
118 76 103 89 14 48 39 1154 64 4 81 0 24 19.5 NA 19.5 NA 9 64 0 12 13 23 0 0 0 0 0 12 13 23 0 0 0 0 0 128 163 7359 4919 29 24 28
119 82 101 90 11 47 38 1119 50 6 80 0 23 20 NA 20 NA 5 50 0 13 14 20 0 0 0 0 0 13 14 20 0 0 0 0 1 117 163 7433 4920 31 23 26
120 62 99 88 11 47 43 1141 58 5 80 0 24 20 NA 20 NA 10 58 0 11 17 19 0 0 0 0 0 11 17 19 0 0 0 0 0 153 164 7489 4920 28 25 27
121 102 101 90 11 47 44 1120 58 4 82 0 25 20 NA 20 NA 7 58 1 8 18 20 0 0 0 0 1 8 18 20 0 0 0 0 3 124 166 7553 4918 26 27 29
122 68 97 86 11 47 43 1128 52 8 78 0 25 20 NA 20 NA 9 52 2 8 19 18 0 0 0 0 2 8 19 18 0 0 0 0 0 144 168 7617 4922 25 27 26
123 59 100 89 11 49 35 1157 48 14 77 0 26 19 NA 19 NA 7 48 3 9 16 21 0 0 0 0 3 9 16 21 0 0 0 0 3 156 170 7685 4923 23 24 30
124 71 97 86 11 50 35 1139 61 6 76 0 27 19 NA 19 NA 6 61 3 8 17 22 0 0 0 0 3 8 17 22 0 0 0 0 1 148 172 7767 4924 20 26 30
125 79 101 89 12 51 35 1163 60 5 75 0 27 19 NA 19 NA 7 60 3 6 19 23 0 0 0 0 3 6 19 23 0 0 0 0 5 162 173 7833 4925 17 27 31
126 76 99 88 11 50 32 1145 60 6 73 0 26 19.5 NA 19.5 NA 4 60 3 5 19 23 0 0 0 0 3 5 19 23 0 0 0 0 1 130 173 7900 4927 16 26 31
127 77 100 87 13 51 38 1192 59 3 75 0 26.5 20 NA 20 NA 10 59 1 8 20 22 0 0 0 0 1 8 20 22 0 0 0 0 2 177 176 7953 4925 20 26 29
128 74 100 86 14 51 43 1189 77 4 77 0 27 20 NA 20 NA 11 77 0 5 24 22 0 0 0 0 0 5 24 22 0 0 0 0 1 161 177 8023 4923 18 30 29
129 64 102 87 15 52 34 1205 47 12 76 0 27 19.5 NA 19.5 NA 5 47 0 7 20 25 0 0 0 0 0 7 20 25 0 0 0 0 1 144 180 8087 4924 18 26 32
130 74 101 86 15 52 35 1224 40 3 77 0 28 19.5 NA 19.5 NA 6 40 0 6 19 27 0 0 0 0 0 6 19 27 0 0 0 0 0 136 182 8148 4923 17 26 34
131 66 102 87 15 52 42 1236 79 6 76 0 27.5 19.5 NA 19.5 NA 14 79 0 6 20 26 0 0 0 0 0 6 20 26 0 0 0 0 2 158 183 8203 4924 17 27 32
132 61 103 87 16 52 35 1249 61 9 74 0 28 19 NA 19 NA 2 61 0 7 16 29 0 0 0 0 0 7 16 29 0 0 0 0 3 164 184 8275 4926 16 24 34
133 74 101 88 13 52 35 1251 62 7 75 0 29 20 NA 20 NA 6 62 0 4 16 32 0 0 0 0 0 4 16 32 0 0 0 0 1 149 185 8337 4925 15 23 37
134 70 100 86 14 51 36 1259 66 5 70 0 27.5 20 NA 20 NA 7 66 0 4 15 32 0 0 0 0 0 4 15 32 0 0 0 0 3 166 186 8412 4930 15 21 34
135 65 100 86 14 50 42 1229 62 3 70 0 26.5 19.5 NA 19.5 NA 9 62 0 5 15 30 0 0 0 0 0 5 15 30 0 0 0 0 2 132 187 8492 4930 17 20 33
136 83 102 88 14 50 41 1213 68 5 70 0 27 20 NA 20 NA 8 68 0 5 13 32 0 0 0 0 0 5 13 32 0 0 0 0 3 140 190 8558 4930 18 17 35
137 67 102 88 14 48 42 1196 56 7 72 0 23 20 NA 20 NA 11 56 0 5 11 32 0 0 0 0 0 5 11 32 0 0 0 0 1 127 191 8630 4928 22 15 35
138 79 103 89 14 48 32 1221 40 9 72 0 23 20 NA 20 NA 0 40 0 6 10 32 0 0 0 0 0 6 10 32 0 0 0 0 2 154 193 8689 4928 21 15 36
139 62 107 89 18 45 39 1206 62 2 73 0 23 20 NA 20 NA 11 62 0 3 12 30 0 0 0 0 0 3 12 30 0 0 0 0 5 138 196 8763 4927 21 18 34
140 88 109 91 18 46 41 1205 57 5 71 0 21 19 NA 19 NA 8 57 1 6 7 32 0 0 0 0 1 6 7 32 0 0 0 0 4 149 198 8836 4929 20 15 36
141 66 108 90 18 45 45 1186 59 5 71 0 20 19 NA 19 NA 9 59 1 7 7 30 0 0 0 0 1 7 7 30 0 0 0 0 2 122 199 8903 4929 22 15 34
142 66 110 91 19 45 45 1206 53 6 71 0 20 19 NA 19 NA 5 53 1 7 6 31 0 0 0 0 1 7 6 31 0 0 0 0 1 159 199 8972 4929 20 16 35
143 60 112 92 20 45 48 1200 68 4 74 0 20 19 NA 19 NA 8 68 1 7 6 31 0 0 0 0 1 7 6 31 0 0 0 0 1 156 200 9051 4926 22 16 36
144 90 109 89 20 44 50 1173 67 3 72 0 21 18.5 NA 18.5 NA 11 67 1 7 6 30 0 0 0 0 1 7 6 30 0 0 0 0 0 132 205 9125 4928 22 14 36
145 91 108 88 20 43 48 1193 55 7 72 0 20.5 18 NA 18 NA 7 55 1 5 7 30 0 0 0 0 1 5 7 30 0 0 0 0 1 156 207 9183 4928 21 15 36
146 90 108 88 20 44 40 1205 59 8 76 0 21.5 18.5 NA 18.5 NA 1 59 1 6 7 30 0 0 0 0 1 6 7 30 0 0 0 0 0 156 209 9245 4924 25 15 36
147 72 111 89 22 46 42 1216 42 5 77 0 22 19 NA 19 NA 7 42 0 6 9 31 0 0 0 0 0 6 9 31 0 0 0 0 2 143 212 9314 4923 25 16 36
148 66 112 89 23 48 37 1209 67 10 79 0 21.5 19 NA 19 NA 6 67 0 7 10 31 0 0 0 0 0 7 10 31 0 0 0 0 2 156 213 9389 4921 26 17 36
149 76 112 89 23 47 39 1206 65 3 79 0 22 19 NA 19 NA 7 65 0 7 10 30 0 0 0 0 0 7 10 30 0 0 0 0 2 152 215 9456 4921 25 19 35
150 98 112 89 23 48 36 1206 45 8 80 0 23 19 NA 19 NA 8 45 0 6 12 30 0 0 0 0 0 6 12 30 0 0 0 0 0 145 219 9530 4920 26 18 36
151 76 110 87 23 50 33 1237 45 11 85 0 23.5 18 NA 18 NA 6 45 1 8 9 32 0 0 0 0 1 8 9 32 0 0 0 0 0 157 219 9591 4915 30 16 39
152 85 108 85 23 52 33 1217 66 7 86 0 23 18.5 NA 18.5 NA 8 66 1 11 9 31 0 0 0 0 1 11 9 31 0 0 0 0 0 136 222 9660 4914 33 15 38
153 70 110 87 23 53 30 1210 70 10 86 0 23.5 19 NA 19 NA 10 70 1 11 10 31 0 0 0 0 1 11 10 31 0 0 0 0 3 140 224 9717 4914 31 17 38
154 69 111 88 23 55 34 1163 72 6 88 0 23 19 NA 19 NA 8 72 1 11 10 33 0 0 0 0 1 11 10 33 0 0 0 0 1 128 226 9799 4912 33 15 40
155 76 109 87 22 54 38 1160 54 5 87 0 24 19 NA 19 NA 13 54 1 9 11 33 0 0 0 0 1 9 11 33 0 0 0 0 3 139 228 9869 4913 31 16 40
156 81 112 89 23 55 37 1166 63 9 87 0 24 19 NA 19 NA 9 63 1 9 12 33 0 0 0 0 1 9 12 33 0 0 0 0 2 150 229 9931 4913 30 18 39
157 75 113 89 24 56 40 1154 59 6 86 0 23 19 NA 19 NA 10 59 0 11 11 34 0 0 0 0 0 11 11 34 0 0 0 0 2 136 231 10004 4914 30 16 40
158 99 115 91 24 56 40 1146 47 5 84 0 24 19 NA 19 NA 4 47 0 9 13 34 0 0 0 0 0 9 13 34 0 0 0 0 2 148 231 10083 4916 25 19 40
159 61 122 95 27 58 30 1159 52 15 87 0 22.5 19 NA 19 NA 5 52 0 8 15 35 0 0 0 0 0 8 15 35 0 0 0 0 4 155 232 10151 4913 27 19 41
160 74 126 99 27 59 30 1169 39 3 90 0 22 19 NA 19 NA 2 39 0 8 14 37 0 0 0 0 0 8 14 37 0 0 0 0 2 133 232 10223 4910 29 19 42
161 80 123 97 26 57 29 1153 60 7 87 0 22 20 NA 20 NA 6 60 0 8 13 36 0 0 0 0 0 8 13 36 0 0 0 0 1 129 233 10290 4913 29 18 40
162 69 123 97 26 58 29 1156 55 6 89 0 23 20 NA 20 NA 7 55 0 6 14 38 0 0 0 0 0 6 14 38 0 0 0 0 0 133 234 10351 4911 28 20 41
163 71 120 95 25 55 31 1160 59 4 85 0 24 21 NA 21 NA 7 59 0 2 15 38 0 0 0 0 0 2 15 38 0 0 0 0 1 146 234 10422 4915 22 21 42
164 72 120 96 24 52 34 1187 45 2 82 0 24.5 21 NA 21 NA 6 45 0 2 14 36 0 0 0 0 0 2 14 36 0 0 0 0 3 158 235 10488 4918 19 22 41
165 73 117 93 24 53 36 1190 50 9 83 0 25 21 NA 21 NA 9 50 0 4 14 35 0 0 0 0 0 4 14 35 0 0 0 0 1 131 235 10548 4917 21 23 39
166 75 115 90 25 51 34 1198 53 4 78 0 25 21 NA 21 NA 5 53 1 2 14 34 0 0 0 0 1 2 14 34 0 0 0 0 2 139 238 10612 4922 17 23 38
167 55 117 92 25 53 33 1200 61 7 81 0 26 20 NA 20 NA 10 61 1 4 13 35 0 0 0 0 1 4 13 35 0 0 0 0 2 148 241 10682 4919 18 24 39
168 65 115 90 25 56 30 1182 65 12 80 0 26 20 NA 20 NA 8 65 1 6 14 35 0 0 0 0 1 6 14 35 0 0 0 0 1 139 243 10755 4920 18 23 39
169 80 116 92 24 57 34 1194 59 6 83 0 27 20 NA 20 NA 9 59 0 8 13 36 0 0 0 0 0 8 13 36 0 0 0 0 1 166 244 10825 4917 21 22 40
170 76 115 91 24 57 37 1197 61 4 84 0 27 20 NA 20 NA 6 61 0 9 12 36 0 0 0 0 0 9 12 36 0 0 0 0 1 154 246 10899 4916 23 21 40
171 87 114 90 24 60 40 1169 66 7 89 0 26 20 NA 20 NA 9 66 2 10 12 36 0 0 0 0 2 10 12 36 0 0 0 0 1 147 246 10983 4911 28 22 39
172 75 113 89 24 62 38 1166 59 10 90 0 26 20 NA 20 NA 8 59 2 9 16 35 0 0 0 0 2 9 16 35 0 0 0 0 1 138 248 11046 4910 27 24 39
173 69 113 88 25 64 33 1184 53 8 91 0 27 20 NA 20 NA 4 53 3 10 15 36 0 0 0 0 3 10 15 36 0 0 0 0 1 145 248 11105 4909 27 24 40
174 97 117 90 27 66 33 1161 53 5 91 0 27 20 NA 20 NA 5 53 3 11 15 37 0 0 0 0 3 11 15 37 0 0 0 0 4 121 249 11167 4909 25 24 42
175 86 112 85 27 62 34 1139 52 2 86 0 27 20 NA 20 NA 6 52 4 11 11 36 0 0 0 0 4 11 11 36 0 0 0 0 1 129 251 11241 4914 26 19 41
176 66 110 83 27 61 35 1121 62 2 84 0 27.5 19 NA 19 NA 4 62 4 13 8 36 0 0 0 0 4 13 8 36 0 0 0 0 2 135 252 11317 4916 27 15 42
177 69 110 84 26 61 34 1148 40 4 83 0 25.5 19 NA 19 NA 3 40 4 12 11 34 0 0 0 0 4 12 11 34 0 0 0 0 2 147 253 11375 4917 26 15 42
178 65 106 83 23 60 38 1163 58 3 81 0 24 18.5 NA 18.5 NA 8 58 3 14 9 34 0 0 0 0 3 14 9 34 0 0 0 0 0 152 255 11438 4919 28 13 40
179 78 107 85 22 58 40 1156 58 4 81 0 23 19 NA 19 NA 7 58 2 13 11 32 0 0 0 0 2 13 11 32 0 0 0 0 1 137 255 11508 4919 28 14 39
180 81 108 87 21 60 37 1149 56 10 81 0 22.5 18.5 NA 18.5 NA 10 56 2 15 11 32 0 0 0 0 2 15 11 32 0 0 0 0 2 132 259 11567 4919 29 14 38
181 85 106 85 21 60 37 1146 59 8 82 0 23.5 18 NA 18 NA 10 59 1 16 12 31 0 0 0 0 1 16 12 31 0 0 0 0 0 140 261 11633 4918 29 16 37
182 80 107 86 21 62 39 1152 59 8 84 0 24 18 NA 18 NA 10 59 2 15 12 33 0 0 0 0 2 15 12 33 0 0 0 0 0 162 263 11708 4916 28 18 38
183 79 102 81 21 61 34 1172 51 11 81 0 25 18 NA 18 NA 7 51 2 14 14 31 0 0 0 0 2 14 14 31 0 0 0 0 0 149 265 11763 4919 22 21 38
184 73 103 81 22 62 36 1186 53 4 82 0 26 18 NA 18 NA 9 53 2 14 12 34 0 0 0 0 2 14 12 34 0 0 0 0 2 149 268 11827 4918 21 20 41
185 89 106 81 25 62 36 1198 61 5 82 0 26 18 NA 18 NA 7 61 2 12 15 33 0 0 0 0 2 12 15 33 0 0 0 0 1 160 270 11899 4918 20 21 41
186 71 103 78 25 60 37 1199 55 5 78 0 27 18 NA 18 NA 7 55 2 12 15 31 0 0 0 0 2 12 15 31 0 0 0 0 1 135 271 11961 4922 20 20 38
187 81 102 76 26 58 37 1192 57 5 77 0 28 18 NA 18 NA 6 57 2 11 15 30 0 0 0 0 2 11 15 30 0 0 0 0 0 137 273 12026 4923 20 20 37
188 82 103 78 25 57 36 1186 58 6 79 0 28 18 NA 18 NA 7 58 1 10 17 29 0 0 0 0 1 10 17 29 0 0 0 0 2 146 276 12101 4921 20 23 36
189 56 103 78 25 59 33 1198 65 7 81 0 28 18 NA 18 NA 5 65 0 12 16 31 0 0 0 0 0 12 16 31 0 0 0 0 1 162 277 12175 4919 22 22 37
190 63 103 78 25 59 38 1210 52 3 80 0 29 18 NA 18 NA 8 52 0 11 18 30 0 0 0 0 0 11 18 30 0 0 0 0 0 136 278 12234 4920 20 24 36
191 88 106 78 28 62 38 1206 68 11 82 0 27 18 NA 18 NA 10 68 1 12 20 29 0 0 0 0 1 12 20 29 0 0 0 0 2 160 278 12303 4918 21 26 35
192 77 106 79 27 60 36 1220 51 4 84 0 28 17.5 NA 17.5 NA 3 51 0 12 20 28 0 0 0 0 0 12 20 28 0 0 0 0 1 150 280 12369 4916 24 26 34
193 83 105 77 28 58 35 1203 60 5 82 0 29 18 NA 18 NA 8 60 0 9 20 29 0 0 0 0 0 9 20 29 0 0 0 0 2 123 282 12429 4918 21 25 36
194 85 107 79 28 60 36 1192 61 6 82 0 28 18 NA 18 NA 8 61 0 9 20 31 0 0 0 0 0 9 20 31 0 0 0 0 2 158 284 12513 4918 20 25 37
195 82 107 80 27 60 40 1215 58 3 80 0 28 18 NA 18 NA 8 58 0 7 17 36 0 0 0 0 0 7 17 36 0 0 0 0 1 168 286 12576 4920 18 20 42
196 76 105 80 25 56 44 1226 59 4 80 0 27 18 NA 18 NA 8 59 0 6 15 35 0 0 0 0 0 6 15 35 0 0 0 0 2 161 286 12645 4920 20 19 41
197 76 103 78 25 53 40 1222 53 7 80 0 28 18 NA 18 NA 6 53 0 5 13 35 0 0 0 0 0 5 13 35 0 0 0 0 1 135 288 12716 4920 22 18 40
198 67 104 79 25 52 39 1203 58 7 79 0 27.5 18 NA 18 NA 7 58 0 5 13 34 0 0 0 0 0 5 13 34 0 0 0 0 1 133 289 12791 4921 23 18 38
199 84 105 80 25 52 40 1195 66 5 78 0 28 18 NA 18 NA 7 66 0 6 12 34 0 0 0 0 0 6 12 34 0 0 0 0 1 149 290 12858 4922 22 18 38
200 62 105 81 24 51 43 1175 56 4 79 0 27 18 NA 18 NA 7 56 0 5 11 35 0 0 0 0 0 5 11 35 0 0 0 0 2 119 291 12924 4921 21 18 40
201 76 108 84 24 51 46 1168 64 5 80 0 25.5 18 NA 18 NA 9 64 0 3 12 36 0 0 0 0 0 3 12 36 0 0 0 0 1 154 293 13001 4920 19 20 41
202 73 109 85 24 53 41 1189 56 9 79 0 26 18 NA 18 NA 6 56 1 4 12 36 0 0 0 0 1 4 12 36 0 0 0 0 1 160 295 13065 4921 19 19 41
203 66 109 86 23 54 45 1208 54 2 81 0 27 18 NA 18 NA 7 54 1 4 13 36 0 0 0 0 1 4 13 36 0 0 0 0 0 157 297 13131 4919 21 19 41
204 84 107 85 22 53 42 1181 64 6 80 0 28 18 NA 18 NA 8 64 1 4 13 35 0 0 0 0 1 4 13 35 0 0 0 0 0 137 301 13201 4920 18 22 40
205 94 101 82 19 51 44 1170 69 5 74 0 28 18 NA 18 NA 6 69 2 4 11 34 0 0 0 0 2 4 11 34 0 0 0 0 1 133 301 13256 4926 18 19 37
206 73 101 82 19 52 38 1173 51 7 75 0 26 17 NA 17 NA 3 51 2 6 9 35 0 0 0 0 2 6 9 35 0 0 0 0 2 151 304 13337 4925 20 17 38
207 100 103 81 22 52 35 1133 57 3 77 0 27 17 NA 17 NA 3 57 1 7 9 35 0 0 0 0 1 7 9 35 0 0 0 0 0 138 308 13424 4923 23 16 38
208 75 103 82 21 54 33 1130 50 8 80 0 28 18 NA 18 NA 6 50 0 8 12 34 0 0 0 0 0 8 12 34 0 0 0 0 1 144 311 13499 4920 23 19 38
209 90 104 84 20 54 33 1118 52 4 80 0 26 18 NA 18 NA 7 52 0 7 13 34 0 0 0 0 0 7 13 34 0 0 0 0 1 132 314 13568 4920 20 21 39
210 72 105 85 20 54 31 1126 63 2 83 0 26 18 NA 18 NA 3 63 0 6 14 34 0 0 0 0 0 6 14 34 0 0 0 0 0 149 317 13629 4917 22 22 39
211 78 107 85 22 56 30 1128 62 5 85 0 27 18 NA 18 NA 6 62 0 8 13 35 0 0 0 0 0 8 13 35 0 0 0 0 1 147 319 13693 4915 24 21 40
212 93 106 84 22 53 36 1140 62 3 83 0 27 17 NA 17 NA 11 62 0 8 12 33 0 0 0 0 0 8 12 33 0 0 0 0 3 148 321 13749 4917 23 21 39
213 49 104 83 21 54 35 1165 55 8 83 0 28 18 NA 18 NA 4 55 0 9 12 33 0 0 0 0 0 9 12 33 0 0 0 0 0 163 322 13819 4917 25 19 39
214 70 101 80 21 54 32 1186 53 8 82 0 28 17.5 NA 17.5 NA 3 53 0 11 11 32 0 0 0 0 0 11 11 32 0 0 0 0 0 151 322 13882 4918 27 17 38
215 76 100 78 22 53 33 1180 53 4 82 0 28 18 NA 18 NA 4 53 0 8 12 33 0 0 0 0 0 8 12 33 0 0 0 0 0 139 322 13955 4918 25 19 38
216 87 99 78 21 52 33 1183 67 4 80 0 28 17 NA 17 NA 7 67 0 9 10 33 0 0 0 0 0 9 10 33 0 0 0 0 0 156 326 14021 4920 24 17 39
217 77 96 76 20 54 29 1195 56 6 78 0 29 17.5 NA 17.5 NA 3 56 1 10 11 32 0 0 0 0 1 10 11 32 0 0 0 0 1 140 328 14070 4922 24 17 37
218 80 93 73 20 50 29 1168 77 7 75 0 29 18 NA 18 NA 8 77 1 8 11 30 0 0 0 0 1 8 11 30 0 0 0 0 1 153 329 14149 4925 22 18 35
219 88 93 71 22 47 31 1159 62 3 74 0 28 18 NA 18 NA 6 62 1 7 11 28 0 0 0 0 1 7 11 28 0 0 0 0 2 134 329 14215 4926 22 19 33
220 85 94 70 24 48 34 1172 64 6 73 0 28.5 18.5 NA 18.5 NA 9 64 1 5 13 29 0 0 0 0 1 5 13 29 0 0 0 0 2 166 329 14285 4927 18 20 35
221 77 95 71 24 49 30 1188 66 6 73 0 27 19 NA 19 NA 4 66 0 6 12 31 0 0 0 0 0 6 12 31 0 0 0 0 3 157 331 14342 4927 19 16 38
222 64 96 73 23 49 30 1185 57 7 71 0 26.5 18 NA 18 NA 9 57 0 7 12 30 0 0 0 0 0 7 12 30 0 0 0 0 3 135 334 14409 4929 18 17 36
223 67 97 73 24 48 26 1206 61 10 70 0 27 18.5 NA 18.5 NA 8 61 0 7 13 28 0 0 0 0 0 7 13 28 0 0 0 0 2 154 336 14468 4930 17 19 34
224 90 98 73 25 48 30 1204 48 2 73 0 27 18.5 NA 18.5 NA 7 48 0 6 12 30 0 0 0 0 0 6 12 30 0 0 0 0 2 150 337 14543 4927 18 18 37
225 78 99 74 25 47 31 1177 60 4 72 0 27 18 NA 18 NA 8 60 0 3 13 31 0 0 0 0 0 3 13 31 0 0 0 0 1 135 340 14619 4928 15 19 38
226 83 96 71 25 45 28 1174 60 7 69 0 27 18 NA 18 NA 4 60 0 4 12 29 0 0 0 0 0 4 12 29 0 0 0 0 2 139 341 14684 4931 15 19 35
227 73 95 70 25 46 34 1183 57 5 69 0 28 18 NA 18 NA 11 57 0 4 10 32 0 0 0 0 0 4 10 32 0 0 0 0 0 154 341 14757 4931 13 18 38
228 73 94 71 23 48 34 1189 64 11 68 0 28.5 18 NA 18 NA 10 64 0 5 12 31 0 0 0 0 0 5 12 31 0 0 0 0 0 156 341 14826 4932 14 18 36
229 99 93 71 22 46 37 1191 52 2 66 0 28 18 NA 18 NA 7 52 0 5 13 28 0 0 0 0 0 5 13 28 0 0 0 0 0 138 342 14883 4934 14 19 33
230 89 94 71 23 47 37 1156 69 11 66 0 27.5 18 NA 18 NA 11 69 0 6 12 29 0 0 0 0 0 6 12 29 0 0 0 0 2 135 344 14959 4934 15 18 33
231 78 97 73 24 47 37 1149 71 6 66 0 28 18 NA 18 NA 7 71 0 5 11 31 0 0 0 0 0 5 11 31 0 0 0 0 2 154 346 15024 4934 14 17 35
232 71 94 70 24 45 35 1141 67 6 66 0 28 18 NA 18 NA 5 67 0 4 10 31 0 0 0 0 0 4 10 31 0 0 0 0 0 156 347 15101 4934 15 15 36
233 84 96 71 25 46 37 1155 55 8 67 0 26 17.5 NA 17.5 NA 9 55 0 6 10 30 0 0 0 0 0 6 10 30 0 0 0 0 3 155 348 15166 4933 16 16 35
234 86 95 70 25 44 42 1150 71 6 70 0 26 17.5 NA 17.5 NA 12 71 0 6 9 29 0 0 0 0 0 6 9 29 0 0 0 0 0 143 349 15226 4930 21 14 35
235 89 94 69 25 46 33 1168 55 13 72 0 26.5 17.5 NA 17.5 NA 4 55 0 8 8 30 0 0 0 0 0 8 8 30 0 0 0 0 0 154 350 15291 4928 23 13 36
236 88 94 68 26 45 29 1173 63 6 71 0 26 18 NA 18 NA 5 63 0 6 9 30 0 0 0 0 0 6 9 30 0 0 0 0 1 156 353 15361 4929 20 15 36
237 75 96 70 26 46 30 1181 66 6 72 0 25.5 18 NA 18 NA 7 66 0 7 6 33 0 0 0 0 0 7 6 33 0 0 0 0 1 158 354 15418 4928 22 11 39
238 75 99 72 27 44 28 1182 61 7 71 0 21 18 NA 18 NA 5 61 0 7 5 32 0 0 0 0 0 7 5 32 0 0 0 0 2 138 354 15476 4929 23 10 38
239 66 100 75 25 43 28 1175 66 3 68 0 20.5 18 NA 18 NA 3 66 0 7 3 33 0 0 0 0 0 7 3 33 0 0 0 0 4 150 354 15550 4932 22 7 39
240 82 97 72 25 41 35 1156 53 3 66 0 20 18 NA 18 NA 10 53 0 7 4 30 0 0 0 0 0 7 4 30 0 0 0 0 0 126 356 15620 4934 22 8 36
241 93 96 73 23 38 34 1160 56 6 65 0 20.5 18 NA 18 NA 7 56 0 7 3 28 0 0 0 0 0 7 3 28 0 0 0 0 1 144 357 15685 4935 23 7 35
242 74 97 75 22 39 35 1193 56 9 64 0 20 18 NA 18 NA 10 56 0 7 4 28 0 0 0 0 0 7 4 28 0 0 0 0 1 162 357 15736 4936 22 9 33
243 66 96 74 22 39 27 1226 54 10 68 0 21 18 NA 18 NA 4 54 0 6 5 28 0 0 0 0 0 6 5 28 0 0 0 0 0 166 360 15794 4932 26 8 34
244 73 95 73 22 37 32 1203 74 2 65 0 22 19 NA 19 NA 9 74 0 4 5 28 0 0 0 0 0 4 5 28 0 0 0 0 0 132 362 15858 4935 23 8 34
245 85 96 74 22 40 36 1195 62 12 66 0 21.5 19 NA 19 NA 14 62 0 6 5 29 0 0 0 0 0 6 5 29 0 0 0 0 2 142 363 15925 4934 23 8 35
246 82 96 75 21 41 32 1179 58 9 67 0 22.5 19 NA 19 NA 5 58 1 5 6 29 0 0 0 0 1 5 6 29 0 0 0 0 0 131 363 15990 4933 20 12 35
247 88 96 73 23 39 33 1165 61 3 65 0 22 19 NA 19 NA 4 61 1 5 5 28 0 0 0 0 1 5 5 28 0 0 0 0 2 138 364 16054 4935 20 11 34
248 73 95 72 23 39 33 1161 77 6 66 0 22 19 NA 19 NA 5 77 1 6 5 27 0 0 0 0 1 6 5 27 0 0 0 0 1 163 366 16125 4934 22 11 33
249 62 94 73 21 41 30 1154 47 7 68 0 22 19 NA 19 NA 3 47 1 6 7 27 0 0 0 0 1 6 7 27 0 0 0 0 0 134 367 16206 4932 22 14 32
250 84 94 74 20 40 34 1137 52 3 71 0 20.5 18 NA 18 NA 7 52 1 7 8 24 0 0 0 0 1 7 8 24 0 0 0 0 1 131 369 16277 4929 27 15 29
251 75 94 75 19 39 34 1124 50 7 72 0 21 18 NA 18 NA 8 50 1 7 8 23 0 0 0 0 1 7 8 23 0 0 0 0 1 132 370 16350 4928 29 15 28
252 66 95 76 19 42 27 1133 49 8 71 0 21 18 NA 18 NA 2 49 1 9 10 22 0 0 0 0 1 9 10 22 0 0 0 0 1 137 371 16406 4929 28 16 27
253 83 96 77 19 43 25 1134 52 3 72 0 22 18 NA 18 NA 4 52 0 11 11 21 0 0 0 0 0 11 11 21 0 0 0 0 2 130 375 16467 4928 28 17 27
254 83 94 75 19 42 23 1129 49 5 73 0 23 18 NA 18 NA 3 49 0 11 11 20 0 0 0 0 0 11 11 20 0 0 0 0 0 137 376 16541 4927 30 18 25
255 74 94 75 19 42 24 1118 43 2 71 0 23 18 NA 18 NA 4 43 0 8 13 21 0 0 0 0 0 8 13 21 0 0 0 0 2 134 377 16625 4929 24 22 25
256 73 96 77 19 46 22 1151 42 7 71 0 22.5 18 NA 18 NA 2 42 1 11 12 22 0 0 0 0 1 11 12 22 0 0 0 0 4 147 378 16680 4929 25 20 26
257 87 100 79 21 45 25 1157 65 5 67 0 20 18 NA 18 NA 6 65 1 10 14 20 0 0 0 0 1 10 14 20 0 0 0 0 4 150 378 16738 4933 22 21 24
258 79 101 79 22 44 30 1140 59 5 68 0 21 17.5 NA 17.5 NA 11 59 1 10 13 20 0 0 0 0 1 10 13 20 0 0 0 0 2 127 380 16812 4932 23 18 27
259 86 101 78 23 44 32 1163 57 6 69 0 21 18 NA 18 NA 9 57 1 10 14 19 0 0 0 0 1 10 14 19 0 0 0 0 1 157 381 16870 4931 25 18 26
260 81 102 78 24 45 28 1146 58 9 69 0 22 18 NA 18 NA 6 58 1 9 15 20 0 0 0 0 1 9 15 20 0 0 0 0 3 140 382 16949 4931 24 17 28
261 85 95 71 24 43 31 1119 73 7 63 0 23 18 NA 18 NA 9 73 1 8 13 21 0 0 0 0 1 8 13 21 0 0 0 0 0 136 383 17022 4937 20 14 29
262 58 96 71 25 47 38 1121 64 5 65 0 24 18 NA 18 NA 10 64 1 9 15 22 0 0 0 0 1 9 15 22 0 0 0 0 0 140 383 17085 4935 16 19 30
263 76 99 73 26 48 39 1135 57 7 67 0 24 18 NA 18 NA 7 57 0 10 16 22 0 0 0 0 0 10 16 22 0 0 0 0 1 158 383 17143 4933 17 20 30
264 73 96 70 26 47 32 1121 65 7 63 0 22.5 17 NA 17 NA 5 65 1 10 14 22 0 0 0 0 1 10 14 22 0 0 0 0 2 134 384 17207 4937 17 17 29
265 73 98 72 26 50 33 1124 63 8 65 0 23 17 NA 17 NA 7 63 1 10 16 23 0 0 0 0 1 10 16 23 0 0 0 0 2 148 385 17265 4935 17 18 30
266 84 99 75 24 51 28 1130 49 6 64 0 22 17 NA 17 NA 4 49 1 8 18 24 0 0 0 0 1 8 18 24 0 0 0 0 1 151 387 17338 4936 16 19 29
267 87 100 76 24 50 31 1154 53 1 64 0 20.5 17.5 NA 17.5 NA 5 53 1 8 14 27 0 0 0 0 1 8 14 27 0 0 0 0 1 160 387 17399 4936 17 15 32
268 69 98 75 23 49 33 1160 48 6 67 0 21 17 NA 17 NA 8 48 0 9 14 26 0 0 0 0 0 9 14 26 0 0 0 0 0 131 388 17463 4933 20 16 31
269 71 101 77 24 50 30 1148 56 9 72 0 19 17 NA 17 NA 8 56 0 11 12 27 0 0 0 0 0 11 12 27 0 0 0 0 4 149 389 17545 4928 26 14 32
270 65 103 80 23 50 35 1160 59 5 71 0 19 17 NA 17 NA 10 59 0 13 11 26 0 0 0 0 0 13 11 26 0 0 0 0 2 142 389 17596 4929 26 14 31
271 81 104 83 21 49 31 1173 47 5 71 0 18 17 NA 17 NA 4 47 0 11 13 25 0 0 0 0 0 11 13 25 0 0 0 0 2 145 392 17658 4929 26 16 29
272 75 109 88 21 52 33 1170 50 6 73 0 17 16 NA 16 NA 8 50 0 14 12 26 0 0 0 0 0 14 12 26 0 0 0 0 0 123 393 17723 4927 28 15 30
273 86 107 86 21 50 39 1203 51 4 71 0 17 16 NA 16 NA 9 51 0 14 11 25 0 0 0 0 0 14 11 25 0 0 0 0 1 166 393 17785 4929 28 14 29
274 79 105 85 20 52 31 1230 50 13 69 0 18 16 NA 16 NA 8 50 1 15 9 27 0 0 0 0 1 15 9 27 0 0 0 0 1 160 398 17849 4931 27 11 31
275 88 102 83 19 48 32 1238 57 6 67 0 18.5 16 NA 16 NA 7 57 1 13 10 24 0 0 0 0 1 13 10 24 0 0 0 0 0 162 398 17919 4933 27 12 28
276 84 104 85 19 48 32 1237 75 10 67 0 19 16 NA 16 NA 9 75 1 14 11 22 0 0 0 0 1 14 11 22 0 0 0 0 4 164 398 17980 4933 28 13 26
277 88 101 82 19 46 33 1214 58 7 66 0 19 16 NA 16 NA 6 58 1 11 11 23 0 0 0 0 1 11 11 23 0 0 0 0 1 128 398 18050 4934 27 13 26
278 95 97 77 20 46 27 1209 52 6 66 0 20 16 NA 16 NA 1 52 1 12 11 22 0 0 0 0 1 12 11 22 0 0 0 0 0 139 400 18122 4934 28 13 25
279 90 98 79 19 47 31 1197 64 3 66 0 19 16 NA 16 NA 7 64 1 13 12 21 0 0 0 0 1 13 12 21 0 0 0 0 2 143 401 18192 4934 28 14 24
280 75 99 80 19 48 36 1195 62 4 65 0 20 16 NA 16 NA 9 62 1 10 15 22 0 0 0 0 1 10 15 22 0 0 0 0 1 139 402 18255 4935 22 17 26
281 68 100 80 20 49 29 1203 52 13 67 0 19.5 16 NA 16 NA 5 52 2 8 18 21 0 0 0 0 2 8 18 21 0 0 0 0 2 143 402 18316 4933 22 20 25
282 83 100 80 20 46 33 1190 63 1 69 0 18.5 16 NA 16 NA 7 63 1 8 18 19 0 0 0 0 1 8 18 19 0 0 0 0 3 132 404 18379 4931 26 20 23
283 69 103 81 22 48 34 1206 63 9 71 0 18 16 NA 16 NA 12 63 2 10 16 20 0 0 0 0 2 10 16 20 0 0 0 0 2 154 407 18444 4929 29 18 24
284 68 107 83 24 51 32 1197 57 11 77 0 19 16 NA 16 NA 9 57 2 9 20 20 0 0 0 0 2 9 20 20 0 0 0 0 2 133 409 18515 4923 32 21 24
285 76 107 82 25 53 29 1171 61 10 76 0 19 16 NA 16 NA 5 61 2 11 20 20 0 0 0 0 2 11 20 20 0 0 0 0 1 138 410 18593 4924 31 22 23
286 67 108 83 25 56 29 1165 49 6 77 0 20 16 NA 16 NA 9 49 2 13 20 21 0 0 0 0 2 13 20 21 0 0 0 0 1 139 412 18672 4923 31 22 24
287 84 107 82 25 57 27 1141 53 5 76 0 21 16 NA 16 NA 4 53 3 13 18 23 0 0 0 0 3 13 18 23 0 0 0 0 1 130 413 18752 4924 30 21 25
288 75 109 84 25 58 29 1139 54 4 80 0 21 16 NA 16 NA 6 54 4 12 18 24 0 0 0 0 4 12 18 24 0 0 0 0 2 147 413 18827 4920 32 22 26
289 98 114 87 27 59 29 1145 60 4 77 0 20 16 NA 16 NA 6 60 4 11 17 27 0 0 0 0 4 11 17 27 0 0 0 0 3 169 416 18897 4923 28 21 28
290 106 114 88 26 58 31 1157 56 6 76 0 20 16 NA 16 NA 9 56 3 10 19 26 0 0 0 0 3 10 19 26 0 0 0 0 0 150 418 18965 4924 26 23 27
291 76 117 90 27 59 28 1161 56 8 80 0 21 16 NA 16 NA 5 56 2 11 19 27 0 0 0 0 2 11 19 27 0 0 0 0 2 134 418 19028 4920 28 24 28
292 95 117 92 25 55 22 1173 62 8 77 0 21 16 NA 16 NA 4 62 2 11 15 27 0 0 0 0 2 11 15 27 0 0 0 0 3 165 420 19096 4923 29 19 29
293 76 121 96 25 55 25 1169 55 5 80 0 21 16 NA 16 NA 7 55 2 9 15 29 0 0 0 0 2 9 15 29 0 0 0 0 4 136 420 19162 4920 29 20 31
294 76 118 95 23 54 25 1159 70 5 81 0 22 16 NA 16 NA 5 70 2 6 17 29 0 0 0 0 2 6 17 29 0 0 0 0 0 140 421 19224 4919 28 23 30
295 73 116 92 24 53 27 1163 57 4 82 0 22.5 16 NA 16 NA 6 57 2 7 16 28 0 0 0 0 2 7 16 28 0 0 0 0 0 149 422 19294 4918 29 24 29
296 81 113 89 24 55 30 1174 64 9 83 0 23 16 NA 16 NA 13 64 2 4 21 28 0 0 0 0 2 4 21 28 0 0 0 0 0 150 423 19349 4917 27 28 28
297 74 115 91 24 57 29 1190 62 6 84 0 23 16 NA 16 NA 7 62 2 6 20 29 0 0 0 0 2 6 20 29 0 0 0 0 2 161 425 19414 4916 27 28 29
298 70 110 86 24 56 30 1179 59 6 81 0 24.5 16 NA 16 NA 8 59 2 7 20 27 0 0 0 0 2 7 20 27 0 0 0 0 0 131 427 19476 4919 25 28 28
299 73 109 86 23 61 29 1167 64 12 80 0 25 17 NA 17 NA 7 64 1 11 21 28 0 0 0 0 1 11 21 28 0 0 0 0 0 135 427 19534 4920 25 27 28
300 67 107 84 23 59 33 1159 55 7 79 0 24 17 NA 17 NA 10 55 1 10 19 29 0 0 0 0 1 10 19 29 0 0 0 0 1 131 427 19605 4921 24 26 29
301 77 107 84 23 59 30 1138 58 8 85 0 25 17 NA 17 NA 4 58 1 11 17 30 0 0 0 0 1 11 17 30 0 0 0 0 1 134 427 19683 4915 31 24 30
302 78 109 86 23 60 33 1150 60 7 86 0 24 16.5 NA 16.5 NA 10 60 1 11 16 32 0 0 0 0 1 11 16 32 0 0 0 0 1 163 428 19749 4914 31 22 33
303 67 108 85 23 61 34 1156 56 8 85 0 24 17 NA 17 NA 7 56 1 13 14 33 0 0 0 0 1 13 14 33 0 0 0 0 1 136 428 19806 4915 30 21 34
304 84 105 82 23 58 31 1163 50 5 85 0 24 17 NA 17 NA 3 50 0 14 14 30 0 0 0 0 0 14 14 30 0 0 0 0 0 166 429 19888 4915 32 22 31
305 59 106 81 25 61 32 1170 58 6 90 0 24 17 NA 17 NA 5 58 0 13 14 34 0 0 0 0 0 13 14 34 0 0 0 0 0 151 429 19959 4910 34 21 35
306 90 104 80 24 59 33 1165 54 5 85 0 24 17 NA 17 NA 7 54 0 13 11 35 0 0 0 0 0 13 11 35 0 0 0 0 0 132 431 20022 4915 31 18 36
307 72 102 79 23 57 28 1190 57 7 83 0 24.5 17 NA 17 NA 4 57 0 12 12 33 0 0 0 0 0 12 12 33 0 0 0 0 1 151 432 20078 4917 29 19 35
308 69 104 79 25 56 28 1198 55 2 81 0 25 17 NA 17 NA 3 55 0 11 9 36 0 0 0 0 0 11 9 36 0 0 0 0 2 138 433 20133 4919 25 18 38
309 74 102 78 24 53 27 1176 60 3 82 0 25 17 NA 17 NA 6 60 0 9 11 33 0 0 0 0 0 9 11 33 0 0 0 0 0 133 438 20208 4918 27 19 36
310 74 104 80 24 51 28 1191 59 5 80 0 25 17 NA 17 NA 7 59 0 9 10 32 0 0 0 0 0 9 10 32 0 0 0 0 1 148 439 20264 4920 26 18 36
311 75 103 79 24 51 31 1185 68 3 79 0 25 17 NA 17 NA 5 68 0 8 12 31 0 0 0 0 0 8 12 31 0 0 0 0 1 154 439 20333 4921 26 18 35
312 77 105 81 24 52 31 1153 64 9 78 0 24 17 NA 17 NA 9 64 0 7 12 33 0 0 0 0 0 7 12 33 0 0 0 0 2 124 440 20403 4922 24 18 36
313 83 106 80 26 52 33 1154 55 5 79 0 24.5 17 NA 17 NA 8 55 0 4 16 32 0 0 0 0 0 4 16 32 0 0 0 0 1 146 440 20462 4921 20 24 35
314 68 105 79 26 53 27 1133 74 9 80 0 25 17 NA 17 NA 5 74 0 4 17 32 0 0 0 0 0 4 17 32 0 0 0 0 0 135 443 20533 4920 21 24 35
315 88 103 77 26 53 30 1134 63 2 80 0 26 17 NA 17 NA 7 63 0 4 17 32 0 0 0 0 0 4 17 32 0 0 0 0 0 142 445 20594 4920 20 25 35
316 75 105 78 27 53 30 1124 67 4 80 0 27 17 NA 17 NA 6 67 0 4 18 31 0 0 0 0 0 4 18 31 0 0 0 0 2 149 448 20670 4920 17 28 35
317 74 102 78 24 51 37 1095 79 6 76 0 27.5 18 NA 18 NA 13 79 0 4 15 32 0 0 0 0 0 4 15 32 0 0 0 0 2 136 448 20741 4924 14 27 35
318 71 101 77 24 51 32 1123 51 10 77 0 27 18 NA 18 NA 6 51 0 4 16 31 0 0 0 0 0 4 16 31 0 0 0 0 0 154 449 20799 4923 17 24 36
319 84 97 74 23 49 32 1138 61 8 74 0 27 18 NA 18 NA 8 61 0 3 17 29 0 0 0 0 0 3 17 29 0 0 0 0 1 150 450 20859 4926 17 23 34
320 85 100 77 23 49 36 1143 63 2 76 0 28 18 NA 18 NA 7 63 1 3 17 28 0 0 0 0 1 3 17 28 0 0 0 0 2 158 451 20924 4924 20 22 34
321 84 106 81 25 52 37 1155 61 6 77 0 28 18 NA 18 NA 6 61 1 3 18 30 0 0 0 0 1 3 18 30 0 0 0 0 3 152 451 20986 4923 18 23 36
322 73 105 80 25 50 35 1182 55 9 78 0 27 18.5 NA 18.5 NA 8 55 0 5 17 28 0 0 0 0 0 5 17 28 0 0 0 0 1 153 453 21042 4922 22 22 34
323 56 102 77 25 49 37 1183 52 5 76 0 26 19 NA 19 NA 8 52 0 5 17 27 0 0 0 0 0 5 17 27 0 0 0 0 0 132 455 21110 4924 22 22 32
324 80 106 81 25 51 37 1201 58 10 78 0 24 18 NA 18 NA 9 58 0 8 16 27 0 0 0 0 0 8 16 27 0 0 0 0 3 147 456 21165 4922 25 21 32
325 75 110 80 30 51 34 1170 71 8 79 0 22.5 18 NA 18 NA 7 71 0 9 11 31 0 0 0 0 0 9 11 31 0 0 0 0 3 128 458 21236 4921 25 18 36
326 64 113 82 31 52 33 1176 58 9 79 0 23 17.5 NA 17.5 NA 9 58 0 10 10 32 0 0 0 0 0 10 10 32 0 0 0 0 2 136 460 21295 4921 24 18 37
327 88 110 80 30 53 33 1203 53 6 78 0 24 18 NA 18 NA 8 53 0 9 10 34 0 0 0 0 0 9 10 34 0 0 0 0 0 170 461 21360 4922 21 19 38
328 78 110 80 30 50 35 1195 53 3 78 0 23.5 17 NA 17 NA 8 53 0 8 8 34 0 0 0 0 0 8 8 34 0 0 0 0 1 140 462 21436 4922 23 15 40
329 81 112 83 29 50 42 1195 50 7 75 0 22.5 17 NA 17 NA 13 50 0 8 8 34 0 0 0 0 0 8 8 34 0 0 0 0 5 133 462 21498 4925 22 14 39
330 76 113 83 30 53 36 1197 58 9 76 0 23 17 NA 17 NA 6 58 2 7 10 34 0 0 0 0 2 7 10 34 0 0 0 0 1 154 465 21569 4924 20 17 39
331 67 112 84 28 52 31 1178 57 10 75 0 23.5 16.5 NA 16.5 NA 6 57 2 7 9 34 0 0 0 0 2 7 9 34 0 0 0 0 2 125 466 21639 4925 19 17 39
332 78 113 85 28 51 37 1162 55 2 78 0 24 17 NA 17 NA 9 55 2 5 11 33 0 0 0 0 2 5 11 33 0 0 0 0 1 140 467 21714 4922 20 20 38
333 74 113 85 28 53 37 1161 59 10 81 0 24 17 NA 17 NA 10 59 2 7 10 34 0 0 0 0 2 7 10 34 0 0 0 0 2 146 468 21788 4919 24 18 39
334 88 115 85 30 54 38 1150 54 10 81 0 24 16.5 NA 16.5 NA 11 54 1 9 11 33 0 0 0 0 1 9 11 33 0 0 0 0 3 142 469 21866 4919 23 20 38
335 70 115 85 30 58 36 1146 56 12 80 0 24 16 NA 16 NA 8 56 1 12 12 33 0 0 0 0 1 12 12 33 0 0 0 0 0 132 469 21929 4920 22 20 38
336 86 114 85 29 60 33 1144 53 7 82 0 24 16.5 NA 16.5 NA 4 53 1 13 14 32 0 0 0 0 1 13 14 32 0 0 0 0 0 142 470 21999 4918 24 22 36
337 95 110 82 28 57 33 1144 50 2 81 0 24.5 16 NA 16 NA 3 50 1 11 13 32 0 0 0 0 1 11 13 32 0 0 0 0 2 135 473 22069 4919 25 20 36
338 84 109 82 27 56 29 1168 44 9 79 0 22 17 NA 17 NA 5 44 0 13 13 30 0 0 0 0 0 13 13 30 0 0 0 0 2 153 473 22141 4921 26 19 34
339 78 111 84 27 54 26 1155 47 4 78 0 23 17 NA 17 NA 6 47 0 11 12 31 0 0 0 0 0 11 12 31 0 0 0 0 3 134 477 22219 4922 25 17 36
340 81 110 84 26 53 24 1155 55 7 77 0 23 17 NA 17 NA 6 55 0 9 13 31 0 0 0 0 0 9 13 31 0 0 0 0 1 150 479 22289 4923 23 19 35
341 68 112 86 26 53 29 1182 59 3 83 0 21.5 17 NA 17 NA 10 59 0 9 12 32 0 0 0 0 0 9 12 32 0 0 0 0 2 159 481 22347 4917 28 19 36
342 81 110 84 26 54 28 1179 58 8 83 0 22 16 NA 16 NA 7 58 0 11 10 33 0 0 0 0 0 11 10 33 0 0 0 0 1 145 481 22416 4917 31 15 37
343 74 110 85 25 55 25 1187 59 7 82 0 22 16 NA 16 NA 4 59 0 12 11 32 0 0 0 0 0 12 11 32 0 0 0 0 1 146 482 22479 4918 31 15 36
344 82 109 85 24 53 26 1171 55 4 80 0 23 16 NA 16 NA 5 55 0 11 10 32 0 0 0 0 0 11 10 32 0 0 0 0 1 129 483 22548 4920 29 15 36
345 71 108 85 23 53 27 1147 76 1 81 0 24 16 NA 16 NA 4 76 0 7 14 32 0 0 0 0 0 7 14 32 0 0 0 0 0 139 486 22614 4919 26 19 36
346 64 108 85 23 56 25 1150 53 9 84 0 24.5 17 NA 17 NA 4 53 0 8 16 32 0 0 0 0 0 8 16 32 0 0 0 0 1 143 486 22678 4916 29 19 36
347 81 104 83 21 55 30 1167 55 3 81 0 25.5 17 NA 17 NA 9 55 0 8 16 31 0 0 0 0 0 8 16 31 0 0 0 0 1 160 487 22743 4919 28 18 35
348 56 105 83 22 54 31 1190 52 2 82 0 24 17 NA 17 NA 5 52 0 6 16 32 0 0 0 0 0 6 16 32 0 0 0 0 2 154 489 22811 4918 26 20 36
349 85 105 83 22 55 32 1203 58 7 82 0 25 17 NA 17 NA 8 58 0 7 17 31 0 0 0 0 0 7 17 31 0 0 0 0 1 154 491 22866 4918 25 23 34
350 81 103 82 21 54 36 1186 63 7 83 0 26 17.5 NA 17.5 NA 10 63 0 8 16 30 0 0 0 0 0 8 16 30 0 0 0 0 1 142 491 22944 4917 27 23 33
351 77 102 80 22 52 33 1191 65 8 84 0 26 18 NA 18 NA 5 65 0 8 15 29 0 0 0 0 0 8 15 29 0 0 0 0 2 151 491 23009 4916 30 22 32
352 69 103 80 23 56 34 1212 58 9 84 0 26 18.5 NA 18.5 NA 8 58 0 8 17 31 0 0 0 0 0 8 17 31 0 0 0 0 3 154 493 23073 4916 29 21 34
353 86 104 81 23 59 34 1193 53 6 85 0 26.5 17 NA 17 NA 7 53 0 8 18 33 0 0 0 0 0 8 18 33 0 0 0 0 2 139 495 23155 4915 24 25 36
354 78 108 85 23 58 35 1209 56 3 83 0 25 17.5 NA 17.5 NA 6 56 0 8 18 32 0 0 0 0 0 8 18 32 0 0 0 0 5 145 496 23212 4917 22 27 34
355 71 107 85 22 58 35 1184 75 6 82 0 26 18.5 NA 18.5 NA 9 75 0 9 18 31 0 0 0 0 0 9 18 31 0 0 0 0 0 128 498 23273 4918 22 27 33
356 85 107 84 23 56 32 1171 52 6 81 0 27 17.5 NA 17.5 NA 4 52 0 9 16 31 0 0 0 0 0 9 16 31 0 0 0 0 3 130 499 23334 4919 23 25 33
357 97 109 84 25 54 37 1164 54 2 79 0 26 17.5 NA 17.5 NA 7 54 0 9 11 34 0 0 0 0 0 9 11 34 0 0 0 0 2 128 499 23397 4921 22 20 37
358 65 111 86 25 51 37 1178 50 6 77 0 24 17 NA 17 NA 8 50 0 8 12 31 0 0 0 0 0 8 12 31 0 0 0 0 4 152 501 23471 4923 20 23 34
359 66 108 83 25 49 37 1168 50 4 73 0 23.5 17 NA 17 NA 4 50 1 8 11 29 0 0 0 0 1 8 11 29 0 0 0 0 0 126 502 23544 4927 19 22 32
360 79 108 84 24 51 37 1173 56 5 74 0 24 17 NA 17 NA 4 56 1 7 12 31 0 0 0 0 1 7 12 31 0 0 0 0 1 156 504 23622 4926 19 21 34
